# Koester WD models
# teff = 5000 K (value for the effective temperature for the model. Temperatures are given in K)
# logg = 7.5 log(cm/s2) (value for Log(G) for the model.)
#
# column 1: WAVELENGTH (ANGSTROM), Wavelength in Angstrom
# column 2: FLUX (ERG/CM2/S/A), Flux in erg/cm2/s/A
         899.23     0.000143718 
        909.241     0.000207216 
        919.251     0.000296223 
        929.261      0.00041933 
        939.271     0.000583039 
         949.28     0.000824376 
        959.289      0.00114542 
        969.297      0.00159855 
        979.305       0.0021966 
        989.312       0.0029869 
        999.319      0.00402875 
        1009.33      0.00539726 
        1019.33      0.00718262 
        1029.34      0.00949405 
        1039.34       0.0124872 
        1049.35       0.0163144 
        1059.36       0.0211999 
        1069.36       0.0273905 
        1079.36       0.0352213 
        1089.37        0.045042 
        1099.37       0.0573451 
        1109.38       0.0726368 
        1119.38       0.0916453 
        1129.38        0.115069 
        1139.39        0.143786 
        1149.39        0.178732 
        1159.39        0.220354 
        1169.39        0.268177 
         1179.4        0.326016 
         1189.4        0.401169 
         1199.4        0.490981 
         1209.4        0.600738 
        1219.41        0.728683 
        1229.41        0.870966 
        1239.41         1.04692 
        1249.41         1.25613 
        1259.41         1.50266 
        1269.41         1.79498 
        1279.42         2.14434 
        1289.42         2.55118 
        1299.42          3.0194 
        1309.42         3.56561 
        1319.42         4.19352 
        1329.42         4.92146 
        1339.42         5.75493 
        1349.42         6.71283 
        1359.42         7.81565 
        1369.42         9.06353 
        1379.42         10.4913 
        1389.42         12.1204 
        1399.42         13.9588 
        1409.42         16.0336 
        1419.42         18.3996 
        1429.42         21.0649 
        1439.42         24.0315 
        1454.42         29.1802 
        1464.42         33.1809 
        1474.42         37.6529 
        1489.42         45.2044 
        1504.42         54.0272 
        1514.42         60.8162 
        1529.42         72.5617 
        1544.42         86.0319 
        1559.42         101.231 
        1570.19          113.39 
        1584.41         131.668 
        1599.41         153.784 
        1614.41         179.537 
        1629.41         210.057 
        1644.41         245.856 
        1659.41         285.664 
        1670.17         317.028 
         1684.4         363.231 
         1699.4         419.038 
         1714.4         482.168 
         1729.4         553.049 
         1744.4         631.523 
        1759.39          717.42 
         1771.7         794.883 
        1784.39         883.234 
        1799.39         998.348 
        1814.38         1124.94 
        1829.38         1264.49 
        1840.15         1373.08 
        1850.92         1489.49 
        1861.69          1615.2 
        1876.29         1798.33 
        1888.59         1966.67 
        1900.88         2148.08 
        1913.17         2343.43 
        1925.56         2554.05 
        1937.95         2783.65 
        1950.34         3029.75 
        1962.56         3285.63 
        1974.62         3555.28 
        1986.68         3842.89 
        2004.77         4310.39 
        2015.84         4618.99 
        2031.63         5095.85 
        2047.42          5602.5 
        2059.38         6013.23 
        2074.69         6576.33 
        2089.99         7183.69 
         2105.3         7836.36 
        2116.25         8332.51 
         2127.2         8855.43 
        2138.15          9412.9 
         2149.1         9988.63 
        2165.47           10901 
        2181.85         11876.8 
        2198.22         12922.6 
         2214.5         14036.5 
        2226.91           14931 
        2239.33           15870 
        2251.74         16855.6 
        2263.91           17878 
        2276.09         19001.8 
        2288.26         20165.4 
        2300.43         21390.2 
        2312.08         22624.7 
        2328.94         24439.3 
        2345.79         26383.1 
        2362.35         28426.6 
        2378.92           30613 
        2395.48         32951.5 
        2409.27         35047.3 
        2423.07           37307 
        2436.86           39733 
        2450.66         42267.6 
        2460.79         44329.1 
        2474.59         47331.2 
        2492.99         51659.7 
        2510.01         56096.6 
        2527.04         60787.3 
        2544.07         65814.2 
        2555.44         69362.3 
        2566.81         73405.5 
        2578.19           77816 
        2593.35         84090.4 
        2608.52         90936.5 
        2623.68         98162.8 
        2638.85          105962 
        2650.36          112237 
        2664.98          120011 
         2686.9          131409 
        2701.52          139407 
        2716.13          147704 
        2730.75          156303 
        2743.43          164013 
        2756.11          171962 
        2768.79          180530 
        2781.47          189388 
        2794.15          198540 
        2806.83          208005 
        2819.51          217883 
        2832.19          228058 
        2843.37          237275 
        2854.55          246714 
        2865.72          257109 
         2876.9          267809 
        2899.26          290179 
        2921.61          313982 
        2934.95          328859 
        2952.98          349700 
        2971.01          370416 
        2989.04          391926 
        3007.07          414235 
         3025.1          437376 
        3043.13          461343 
        3059.71          485489 
        3084.58          525623 
        3101.16          553734 
        3117.74          582784 
         3133.8          611797 
        3149.81          641589 
         3162.6          668462 
         3175.4          696092 
        3200.99          753624 
        3226.59          814458 
        3237.44          841253 
        3248.29          868572 
        3259.15          889649 
        3269.24          909491 
        3286.28          943471 
        3307.99          987648 
        3346.73      1.06894e+6 
        3385.47      1.15511e+6 
        3403.27       1.1957e+6 
        3424.22      1.24427e+6 
        3445.17      1.29367e+6 
        3487.07      1.39412e+6 
         3543.6      1.53398e+6 
        3591.28      1.65542e+6 
        3635.88      1.77149e+6 
        3647.12      1.80141e+6 
        3658.96      1.83312e+6 
        3671.11      1.86569e+6 
        3682.58      1.89642e+6 
         3693.5      1.92565e+6 
        3703.57       1.9526e+6 
        3713.83      1.98003e+6 
        3724.38      2.00665e+6 
        3734.43      2.02953e+6 
        3744.62      2.05278e+6 
        3754.84      2.07601e+6 
        3765.07      2.09924e+6 
         3775.5      2.12287e+6 
        3786.22      2.14714e+6 
        3796.45      2.17021e+6 
        3807.84      2.19588e+6 
        3818.92      2.22091e+6 
        3830.45      2.24782e+6 
        3840.76      2.27194e+6 
        3851.98      2.29817e+6 
        3862.01      2.32148e+6 
        3872.59      2.34593e+6 
         3884.4      2.37277e+6 
        3894.46      2.39589e+6 
        3908.89      2.42913e+6 
        3923.89      2.46482e+6 
        3935.81      2.49375e+6 
        3946.58      2.51962e+6 
        3957.31      2.54491e+6 
        3967.38      2.56635e+6 
        3977.86      2.59293e+6 
        3988.87       2.6197e+6 
        4003.87      2.65471e+6 
        4018.86      2.68967e+6 
        4032.38      2.72131e+6 
        4043.86      2.74785e+6 
        4058.85      2.78204e+6 
        4073.85      2.81552e+6 
           4084      2.83734e+6 
        4096.52      2.85855e+6 
        4106.79       2.8806e+6 
        4117.77      2.91162e+6 
        4128.84      2.93755e+6 
        4143.83      2.97107e+6 
        4158.83      3.00371e+6 
        4173.82      3.03566e+6 
        4188.82      3.06695e+6 
        4203.81       3.0976e+6 
        4216.52      3.12351e+6 
        4228.81      3.14819e+6 
        4243.81      3.17769e+6 
         4258.8       3.2065e+6 
         4273.8      3.23458e+6 
        4288.79      3.26188e+6 
        4303.79      3.28809e+6 
        4314.07      3.30436e+6 
        4326.14      3.31938e+6 
        4336.17      3.30913e+6 
        4346.17      3.33282e+6 
        4357.43      3.37197e+6 
        4367.98      3.39207e+6 
        4378.77      3.40992e+6 
        4393.77      3.43326e+6 
        4408.76      3.45343e+6 
        4423.76      3.47143e+6 
        4438.75      3.48905e+6 
        4453.75      3.50633e+6 
        4468.74      3.52333e+6 
        4483.74      3.54001e+6 
        4498.74      3.55713e+6 
        4513.73      3.57915e+6 
        4527.19      3.59829e+6 
        4538.73      3.61421e+6 
        4553.72      3.63432e+6 
        4568.72      3.65374e+6 
        4583.72      3.67246e+6 
        4596.53      3.68766e+6 
        4608.71      3.70051e+6 
         4623.7      3.71591e+6 
         4638.7      3.73089e+6 
         4653.7      3.74547e+6 
        4668.69      3.75964e+6 
        4683.69      3.77343e+6 
        4698.68      3.78653e+6 
        4713.68      3.79903e+6 
        4724.83      3.80808e+6 
        4738.67      3.81905e+6 
        4753.67      3.83058e+6 
        4768.67      3.84173e+6 
        4783.66      3.85238e+6 
        4798.66      3.86234e+6 
        4813.65      3.87113e+6 
        4828.65      3.87729e+6 
        4839.16      3.87622e+6 
        4851.78      3.84157e+6 
        4861.84      3.68471e+6 
        4872.13      3.86344e+6 
        4882.71      3.90249e+6 
        4893.63      3.91766e+6 
        4903.92      3.92674e+6 
        4915.55      3.93497e+6 
        4928.62      3.94314e+6 
        4943.62      3.95172e+6 
        4958.61      3.95979e+6 
        4973.61      3.96749e+6 
        4988.61      3.97484e+6 
         5003.6      3.98178e+6 
         5018.6       3.9885e+6 
         5033.6      3.99497e+6 
        5048.59       4.0012e+6 
        5063.59       4.0072e+6 
        5078.58      4.01301e+6 
        5093.58      4.01829e+6 
        5108.57      4.02334e+6 
        5123.57      4.02821e+6 
        5138.57      4.03289e+6 
        5153.56      4.03739e+6 
        5168.56      4.04169e+6 
        5183.56      4.04568e+6 
        5198.55      4.04926e+6 
        5213.55      4.05272e+6 
        5228.54      4.05598e+6 
        5243.54      4.05909e+6 
        5258.53      4.06205e+6 
        5273.53      4.06481e+6 
        5288.53      4.06861e+6 
        5303.52      4.07223e+6 
        5318.52      4.07559e+6 
        5333.52      4.07873e+6 
        5348.51      4.08165e+6 
        5363.51      4.08438e+6 
         5378.5      4.08633e+6 
         5393.5      4.08756e+6 
        5408.49      4.08859e+6 
        5423.49      4.08951e+6 
        5438.49      4.09026e+6 
        5453.48      4.09089e+6 
        5468.48      4.09139e+6 
        5483.48      4.09249e+6 
        5498.47       4.0934e+6 
        5513.47      4.09419e+6 
        5528.46      4.09481e+6 
        5543.46      4.09529e+6 
        5558.45      4.09563e+6 
        5573.45      4.09579e+6 
        5588.45      4.09579e+6 
        5603.44      4.09566e+6 
        5618.44      4.09538e+6 
        5633.43      4.09497e+6 
        5648.43      4.09441e+6 
        5663.43      4.09372e+6 
        5673.98      4.09318e+6 
         5686.2      4.09243e+6 
        5698.42      4.09161e+6 
        5708.88      4.09082e+6 
        5723.41      4.08963e+6 
        5738.41      4.08831e+6 
         5753.4      4.08684e+6 
         5768.4      4.08508e+6 
        5783.39      4.08338e+6 
        5798.39      4.08153e+6 
        5813.39      4.07958e+6 
        5828.38       4.0775e+6 
        5843.38      4.07534e+6 
        5858.37      4.07304e+6 
        5873.37      4.07066e+6 
        5888.37      4.06817e+6 
        5903.36      4.06557e+6 
        5918.36      4.06283e+6 
        5933.35      4.06004e+6 
        5948.35      4.05712e+6 
        5963.35      4.05407e+6 
        5978.34      4.05093e+6 
        5993.34      4.04766e+6 
        6008.33      4.04433e+6 
        6023.33      4.04087e+6 
        6038.32      4.03735e+6 
        6053.32      4.03371e+6 
        6068.32         4.03e+6 
        6083.31      4.02617e+6 
        6098.31      4.02228e+6 
        6113.31      4.01829e+6 
         6128.3       4.0142e+6 
         6143.3      4.01005e+6 
        6158.29      4.00578e+6 
        6173.29      4.00145e+6 
        6188.28      3.99702e+6 
        6203.28      3.99252e+6 
        6218.28      3.98794e+6 
        6233.27      3.98326e+6 
        6244.38      3.97974e+6 
        6256.04        3.976e+6 
        6266.59      3.97258e+6 
        6278.26      3.96874e+6 
        6290.52      3.96466e+6 
        6302.31      3.96067e+6 
        6312.59      3.95715e+6 
        6323.25      3.95344e+6 
        6338.24      3.94817e+6 
        6353.24      3.94276e+6 
        6368.24      3.93726e+6 
        6383.23      3.93164e+6 
        6398.23      3.92583e+6 
        6413.22      3.91986e+6 
        6428.22      3.91361e+6 
        6443.22      3.90704e+6 
        6458.21      3.89991e+6 
        6473.21      3.89199e+6 
         6488.2      3.88257e+6 
         6503.2      3.87025e+6 
         6518.2      3.85122e+6 
        6532.67      3.81496e+6 
        6543.19      3.75455e+6 
        6554.43      3.57579e+6 
        6564.44      3.31322e+6 
        6574.47       3.6439e+6 
        6586.28      3.76564e+6 
        6598.17      3.80456e+6 
        6613.66      3.82065e+6 
        6623.98      3.82357e+6 
         6634.3      3.82379e+6 
        6654.94      3.82018e+6 
        6680.98       3.8122e+6 
        6696.23       3.8067e+6 
        6711.48      3.80086e+6 
        6741.98      3.78857e+6 
        6781.19      3.77198e+6 
        6802.98       3.7625e+6 
        6824.78      3.75285e+6 
        6868.37      3.73337e+6 
        6955.56      3.69322e+6 
        6976.35      3.68345e+6 
        7042.75      3.65176e+6 
        7109.15      3.61943e+6 
        7175.54      3.58691e+6 
        7241.94       3.5539e+6 
        7308.33      3.52041e+6 
        7355.95      3.49615e+6 
        7374.73       3.4866e+6 
        7393.51      3.47696e+6 
        7431.08      3.45779e+6 
        7506.22      3.41915e+6 
        7581.35      3.38017e+6 
         7635.1      3.35208e+6 
        7656.49      3.34086e+6 
        7677.88      3.32962e+6 
        7720.67      3.30737e+6 
        7806.23      3.26267e+6 
        7821.36      3.25475e+6 
         7891.8      3.21774e+6 
        7962.25      3.18067e+6 
        7982.84      3.16993e+6 
        8032.69      3.14385e+6 
        8082.55      3.11776e+6 
        8161.68      3.07654e+6 
        8182.26      3.06582e+6 
        8200.85      3.05614e+6 
        8216.85      3.04785e+6 
        8232.84      3.03957e+6 
        8264.83      3.02302e+6 
        8289.72      3.01015e+6 
        8328.82      2.98995e+6 
        8343.44       2.9824e+6 
        8367.92      2.96978e+6 
        8388.68      2.95914e+6 
        8408.65      2.94892e+6 
        8432.02      2.93696e+6 
        8467.25      2.91896e+6 
        8502.48        2.901e+6 
        8516.58      2.89382e+6 
        8530.98      2.88649e+6 
        8545.38      2.87922e+6 
        8574.18      2.86471e+6 
        8598.39      2.85253e+6 
         8628.6      2.83736e+6 
        8646.81      2.82823e+6 
        8665.01      2.81911e+6 
        8685.59      2.80881e+6 
        8701.43       2.8009e+6 
        8750.47      2.77645e+6 
        8767.92      2.76777e+6 
        8815.35      2.74425e+6 
        8862.78      2.72105e+6 
        8900.38      2.70272e+6 
        8957.65      2.67493e+6 
        9014.91      2.64727e+6 
        9044.62      2.63299e+6 
        9072.17      2.61978e+6 
        9099.72      2.60661e+6 
        9154.81      2.58064e+6 
         9190.8      2.56376e+6 
         9209.9      2.55482e+6 
        9229.01      2.54589e+6 
        9267.22      2.52812e+6 
         9303.2      2.51145e+6 
        9343.64      2.49278e+6 
        9384.08      2.47421e+6 
        9464.96      2.43771e+6 
        9545.72      2.40157e+6 
        9561.21      2.39472e+6 
        9576.69      2.38786e+6 
        9607.66      2.37418e+6 
        9668.45      2.34746e+6 
        9729.24      2.32123e+6 
        9790.04      2.29521e+6 
        9850.83      2.26946e+6 
        9870.42      2.26118e+6 
        9911.62      2.24386e+6 
        9952.82      2.22664e+6 
        10021.1      2.19858e+6 
        10035.2      2.19278e+6 
        10049.4      2.18695e+6 
        10077.7      2.17556e+6 
        10134.2      2.15277e+6 
        10144.5      2.14866e+6 
        10190.8      2.13013e+6 
        10237.2      2.11173e+6 
        10329.9      2.07623e+6 
        10422.6      2.04121e+6 
        10515.3      2.00666e+6 
          10608       1.9726e+6 
        10700.7      1.93903e+6 
        10793.4      1.90594e+6 
        10834.1      1.89156e+6 
        10886.1       1.8733e+6 
        10938.1      1.85486e+6 
        10990.1      1.83735e+6 
          11042      1.81968e+6 
          11094      1.80211e+6 
          11146      1.78469e+6 
          11198      1.76743e+6 
          11239      1.75391e+6 
          11250      1.75032e+6 
        11260.9      1.74674e+6 
        11282.8       1.7399e+6 
        11326.6      1.72628e+6 
        11414.2      1.69934e+6 
        11501.8      1.67277e+6 
        11589.4      1.64659e+6 
          11677      1.62078e+6 
        11764.6      1.59535e+6 
        11852.2       1.5703e+6 
        11939.8      1.54562e+6 
        12027.4      1.52132e+6 
          12115      1.49739e+6 
        12202.6      1.47383e+6 
        12284.6      1.45211e+6 
        12366.6      1.43181e+6 
        12448.7      1.41178e+6 
        12530.7      1.39201e+6 
        12612.7      1.37248e+6 
        12694.7      1.35318e+6 
        12735.4      1.34364e+6 
        12776.7      1.33376e+6 
        12818.1      1.32306e+6 
        12900.8      1.30589e+6 
        12983.5      1.28755e+6 
        13066.2      1.26937e+6 
        13148.9      1.25142e+6 
        13231.6      1.23372e+6 
        13308.4      1.21751e+6 
        13385.1       1.2026e+6 
        13461.9      1.18786e+6 
        13538.7      1.17329e+6 
        13615.5      1.15889e+6 
        13692.3      1.14465e+6 
        13769.1      1.13059e+6 
        13845.9      1.11668e+6 
        13922.7      1.10294e+6 
        13999.5      1.08937e+6 
        14076.2      1.07597e+6 
          14153      1.06272e+6 
        14229.8      1.04964e+6 
        14281.2      1.04099e+6 
        14306.6      1.03672e+6 
        14332.1      1.03248e+6 
          14383      1.02442e+6 
        14410.1      1.02014e+6 
        14427.1      1.01748e+6 
        14457.6       1.0127e+6 
        14505.2       1.0054e+6 
        14581.2          993805 
        14597.2          991468 
        14613.2          989165 
        14645.2          984569 
        14709.2          975430 
        14773.2          966360 
        14837.1          957360 
        14901.1          948428 
        14965.1          939569 
        15029.1          930779 
        15093.1          922064 
        15157.1          913418 
          15221          904845 
          15285          896340 
          15349          887911 
          15413          879555 
        15471.6          871968 
        15482.4          870576 
        15493.1          869169 
        15514.7          866360 
        15557.9          860765 
        15644.2          849666 
        15730.5          838698 
        15816.8          827866 
        15903.1          817160 
        15989.4          806582 
        16075.8          796130 
        16162.1          785810 
        16248.4          775622 
        16289.9          770768 
        16334.7          765559 
        16379.5          760385 
        16469.1          747718 
        16558.8          735309 
        16648.4          723144 
          16738          711225 
        16827.7          699545 
        16917.3          688094 
        17006.9          676869 
        17096.6          665867 
        17186.2          655079 
        17275.8          644504 
        17327.7          638482 
        17365.5          634137 
        17403.2          629826 
        17478.8          621303 
        17554.3          612922 
        17629.9          604678 
        17705.4          596566 
          17781          588590 
        17856.5          580739 
        17932.1          573017 
        18007.6          565320 
        18083.2          557827 
        18158.7          550442 
        18234.3          543166 
        18309.8          535981 
        18343.7          532783 
        18385.3          528875 
          18427          524979 
        18510.2          517160 
        18593.4          509026 
        18639.3          504031 
        18676.6          499227 
        18713.8          493007 
        18732.5          489294 
        18751.1          486073 
        18769.7          486212 
        18788.4          486805 
          18807          486991 
        18825.6          486705 
        18844.3          486052 
        18881.5          484069 
        18956.1          478908 
        19030.6          473250 
        19105.1          467482 
        19179.6          461726 
        19254.2          456021 
        19328.7          450385 
        19355.8          448352 
        19403.2          444818 
        19450.7          441318 
        19545.6          434410 
        19640.5          427671 
        19735.4          421008 
        19830.3          414473 
        19925.2          408061 
          20020          401769 
        20114.9          395599 
        20209.8          389542 
        20304.7          383598 
        20324.9          382351 
        20399.6          377764 
        20474.4          373246 
        20549.2          368795 
        20623.9          364409 
        20698.7          360086 
        20773.4          355826 
        20848.2          351629 
          20923          347492 
        20997.7          343411 
        21072.5          339393 
        21147.2          335431 
          21222          331526 
        21296.7          327678 
        21371.5          323882 
        21446.3          320141 
          21521          316453 
          21561          314505 
        21595.8          312817 
        21630.6          311141 
        21700.3          307822 
        21769.9          304546 
        21839.6          301313 
        21909.3          298122 
        21978.9          294973 
        22048.6          291865 
        22118.3          288796 
        22187.9          285768 
        22257.6          282778 
        22327.2          279827 
        22396.9          276913 
        22466.6          274037 
        22536.2          271197 
        22605.9          268394 
        22675.6          265626 
        22703.6          264522 
        22745.2          262893 
        22784.8          261354 
        22800.8          260736 
        22816.8          260120 
        22848.8          258893 
        22912.8          256461 
        22976.8          254057 
        23040.8          251681 
        23104.8          249331 
        23168.7          247009 
        23232.7          244713 
        23296.7          242444 
        23360.7          240200 
        23424.7          237982 
        23488.6          235789 
        23552.6          233621 
        23616.6          231478 
        23680.6          229359 
        23744.6          227263 
        23808.6          225192 
        23872.5          223143 
        23936.5          221117 
        24000.5          219114 
        24064.5          217133 
        24128.5          215175 
        24192.5          213238 
        24256.4          211322 
        24320.4          209428 
        24384.4          207554 
        24448.4          205702 
        24512.4          203869 
        24576.3          202057 
        24640.3          200264 
        24704.3          198491 
        24768.3          196738 
        24832.3          195003 
        24896.3          193288 
        24960.2          191591 
        25004.4          190429 
        25024.2          189912 
          25044          189396 
        25083.6          188371 
        25162.8          186340 
        25241.9          184337 
        25321.1          182360 
        25400.2          180409 
        25479.4          178484 
        25558.5          176585 
        25637.7          174710 
        25716.9          172860 
          25796          171033 
        25875.2          169231 
        25954.3          167452 
        26033.5          165696 
        26112.7          163963 
        26191.8          162252 
          26271          160563 
        26350.1          158896 
        26429.3          157250 
        26508.4          155625 
        26587.6          154021 
        26666.8          152437 
        26745.9          150874 
        26825.1          149330 
        26904.2          147806 
        26983.4          146301 
        27062.6          144814 
        27141.7          143346 
        27220.9          141897 
        27299.2          140481 
        27377.5          139083 
        27455.8          137702 
        27534.2          136338 
        27612.5          134990 
        27690.8          133659 
        27769.1          132345 
        27847.5          131046 
        27925.8          129763 
        28004.1          128495 
        28082.4          127243 
        28160.8          126006 
        28239.1          124783 
        28317.4          123576 
        28395.7          122382 
          28474          121204 
        28552.4          120038 
        28630.7          118887 
          28709          117750 
        28787.3          116626 
        28865.7          115515 
          28944          114417 
        29022.3          113332 
        29100.6          112260 
          29179          111200 
        29257.3          110153 
        29335.6          109118 
        29413.9          108095 
        29492.3          107084 
        29570.6          106085 
        29648.9          105097 
        29727.2          104120 
        29805.5          103155 
        29883.9          102200 
        29932.6          101612 
        29962.2          101257 
        29991.8          100903 
