# Koester WD models
# teff = 5250 K (value for the effective temperature for the model. Temperatures are given in K)
# logg = 8.5 log(cm/s2) (value for Log(G) for the model.)
#
# column 1: WAVELENGTH (ANGSTROM), Wavelength in Angstrom
# column 2: FLUX (ERG/CM2/S/A), Flux in erg/cm2/s/A
         899.23     0.000729201 
        909.241      0.00103278 
        919.251      0.00145085 
        929.261      0.00202041 
        939.271      0.00273996 
         949.28      0.00384006 
        959.289      0.00528064 
        969.297      0.00728824 
        979.305      0.00985939 
        989.312       0.0131926 
        999.319       0.0175308 
        1009.33       0.0231318 
        1019.33       0.0303369 
        1029.34       0.0395435 
        1039.34       0.0512975 
        1049.35        0.066145 
        1059.36       0.0848472 
        1069.36         0.10826 
        1079.36        0.137468 
        1089.37        0.173638 
        1099.37        0.218371 
        1109.38        0.273318 
        1119.38        0.340784 
        1129.38        0.422975 
        1139.39        0.522623 
        1149.39        0.642547 
        1159.39        0.782989 
        1169.39        0.937288 
         1179.4         1.11847 
         1189.4         1.36322 
         1199.4         1.65321 
         1209.4         2.00897 
        1219.41         2.41398 
        1229.41         2.84381 
        1239.41         3.38497 
        1249.41         4.02394 
        1259.41         4.77007 
        1269.41         5.65782 
        1279.42         6.71946 
        1289.42          7.9388 
        1299.42         9.32299 
        1309.42         10.9267 
        1319.42         12.7462 
        1329.42         14.8444 
        1339.42         17.2188 
        1349.42         19.9248 
        1359.42         23.0219 
        1369.42         26.4861 
        1379.42         30.4207 
        1389.42         34.8839 
        1399.42         39.8765 
        1409.42         45.4579 
        1419.42         51.7879 
        1429.42         58.8646 
        1439.42         66.6596 
        1454.42         80.0936 
        1464.42         90.4631 
        1474.42         101.961 
        1489.42         121.098 
        1504.42          143.22 
        1514.42         160.242 
        1529.42         189.522 
        1544.42         222.593 
        1559.42         259.101 
        1570.19         287.836 
        1584.41         330.986 
        1599.41         382.844 
        1614.41         443.605 
        1629.41         516.575 
        1644.41         601.502 
        1659.41         692.734 
        1670.17         762.744 
         1684.4         864.152 
         1699.4         984.054 
         1714.4          1119.5 
         1729.4         1271.41 
         1744.4         1439.51 
        1759.39         1623.15 
         1771.7         1787.89 
        1784.39         1973.85 
        1799.39         2214.79 
        1819.38         2571.57 
        1834.77         2876.71 
        1845.54         3106.92 
         1856.3         3354.06 
        1867.07         3616.19 
        1882.44         4020.74 
        1894.73         4371.49 
        1906.98         4745.88 
        1919.37         5151.36 
        1931.76         5582.04 
        1944.14         6048.67 
        1956.53         6546.17 
        1968.59         7054.23 
        1980.65         7593.39 
        1992.71         8165.34 
        2004.77         8771.83 
        2015.84         9360.41 
        2031.63           10264 
        2047.42         11220.3 
        2059.38         11991.2 
        2074.69           13042 
        2089.99         14168.4 
         2105.3         15370.8 
        2116.25         16279.4 
         2127.2         17231.4 
        2138.15         18239.8 
         2149.1         19279.2 
        2165.47         20916.6 
        2181.85         22658.9 
        2198.22         24512.7 
         2214.5         26471.3 
        2226.91         28028.4 
        2239.33         29650.9 
        2251.62         31320.7 
        2263.91         33066.8 
        2276.21         34941.7 
         2288.5         36869.1 
        2300.79         38870.9 
        2312.95         40948.1 
        2324.96         43033.9 
        2336.98         45218.5 
           2349         47510.3 
        2359.67         49619.9 
         2370.4         51855.1 
        2381.12           54179 
        2391.85           56587 
        2402.58         59167.2 
        2415.97         62548.5 
        2429.36         66196.2 
        2442.71         70105.6 
        2456.19         74329.8 
        2474.59         81076.3 
        2492.99         88705.7 
        2510.01         96899.6 
        2527.04          105560 
        2543.14          114641 
        2555.21          121898 
        2567.28          129998 
        2579.35          138961 
        2595.45          151640 
        2611.55          165243 
        2627.64          179966 
         2645.9          197753 
        2657.67          209897 
        2669.44          220774 
        2681.21          231858 
        2704.75          254664 
        2728.28          278362 
        2747.54          298383 
        2764.68          317210 
        2781.82          337137 
        2798.96          358000 
         2816.1          379627 
        2833.24          401995 
        2846.21          419428 
        2862.88          443414 
         2887.9          482523 
        2904.57          510019 
        2921.25          538576 
        2937.12          566684 
        2952.93          595621 
        2965.73          618576 
        2978.53          642063 
        3004.12          690597 
        3029.71          741199 
        3040.57          763313 
        3051.42          785825 
        3062.27          811643 
        3073.13          838183 
        3083.98          865355 
        3105.69          921338 
        3127.39          979492 
        3148.34      1.03766e+6 
        3160.45      1.07533e+6 
        3172.56      1.11424e+6 
        3196.78      1.19462e+6 
           3221      1.27889e+6 
        3242.14       1.3555e+6 
        3254.45      1.39551e+6 
        3272.93      1.44769e+6 
        3297.56      1.51856e+6 
        3322.14       1.5907e+6 
        3346.73      1.66419e+6 
        3371.32       1.7408e+6 
         3395.8      1.81841e+6 
        3420.48      1.89789e+6 
        3445.17      1.97854e+6 
        3494.53      2.14217e+6 
         3543.6      2.30836e+6 
        3591.28      2.47292e+6 
        3635.88      2.62911e+6 
        3647.12      2.66922e+6 
        3658.96      2.71166e+6 
        3671.11      2.75517e+6 
        3682.58      2.79615e+6 
         3693.5      2.83505e+6 
        3703.57      2.87085e+6 
        3713.83       2.9072e+6 
        3724.38      2.94223e+6 
        3734.43      2.97212e+6 
        3744.62      3.00241e+6 
        3754.84      3.03267e+6 
        3765.07      3.06287e+6 
         3775.5      3.09357e+6 
        3786.22      3.12504e+6 
        3796.45      3.15491e+6 
        3807.84      3.18806e+6 
        3818.92      3.22035e+6 
        3830.45      3.25522e+6 
        3840.76      3.28626e+6 
        3851.98      3.31991e+6 
        3862.01      3.34985e+6 
        3872.59       3.3812e+6 
         3884.4      3.41598e+6 
        3894.46      3.44548e+6 
        3908.89      3.48751e+6 
        3923.89      3.53313e+6 
        3935.81      3.57023e+6 
        3946.58      3.60344e+6 
        3957.31      3.63614e+6 
        3967.38      3.66633e+6 
        3977.86      3.69813e+6 
        3988.87      3.73121e+6 
        4003.87       3.7755e+6 
        4018.86      3.81986e+6 
        4032.38      3.86001e+6 
        4043.86      3.89363e+6 
        4058.85      3.93682e+6 
        4073.85      3.97905e+6 
           4084      4.00679e+6 
        4096.52      4.03937e+6 
        4106.79      4.06733e+6 
        4117.77      4.10038e+6 
        4128.84      4.13258e+6 
        4143.83      4.17474e+6 
        4158.83      4.21573e+6 
        4173.82      4.25573e+6 
        4188.82      4.29478e+6 
        4203.81      4.33288e+6 
        4216.52      4.36512e+6 
        4228.81      4.39572e+6 
        4243.81      4.43219e+6 
         4258.8      4.46763e+6 
         4273.8      4.50193e+6 
        4288.79      4.53498e+6 
        4303.79      4.56627e+6 
        4314.07      4.58531e+6 
        4326.14      4.60419e+6 
        4336.17      4.61491e+6 
        4346.17       4.6358e+6 
        4357.43      4.66658e+6 
        4367.98      4.69049e+6 
        4378.77      4.71245e+6 
        4393.77      4.74076e+6 
        4408.76      4.76413e+6 
        4423.76      4.78414e+6 
        4438.75      4.80356e+6 
        4453.75      4.82247e+6 
        4468.74      4.84094e+6 
        4483.74      4.85898e+6 
        4498.74      4.87751e+6 
        4513.73      4.90399e+6 
        4527.19       4.9268e+6 
        4538.73      4.94565e+6 
        4553.72      4.96928e+6 
        4568.72      4.99187e+6 
        4583.72      5.01351e+6 
        4596.53      5.03076e+6 
        4608.71      5.04483e+6 
         4623.7      5.06155e+6 
         4638.7      5.07763e+6 
         4653.7      5.09312e+6 
        4668.69      5.10801e+6 
        4683.69      5.12234e+6 
        4698.68      5.13566e+6 
        4713.68      5.14797e+6 
        4724.83      5.15677e+6 
        4738.67      5.16729e+6 
        4753.67      5.17807e+6 
        4768.67      5.18815e+6 
        4783.66      5.19729e+6 
        4798.66       5.2049e+6 
        4813.65      5.20999e+6 
        4828.65      5.20977e+6 
        4839.16      5.20241e+6 
        4851.78      5.17615e+6 
        4861.84      5.14408e+6 
        4872.13      5.19202e+6 
        4882.71       5.2251e+6 
        4893.63      5.24514e+6 
        4903.92      5.25742e+6 
        4915.55      5.26748e+6 
        4928.62       5.2763e+6 
        4943.62      5.28472e+6 
        4958.61      5.29198e+6 
        4973.61      5.29852e+6 
        4988.61      5.30439e+6 
         5003.6      5.30967e+6 
         5018.6      5.31457e+6 
         5033.6      5.31909e+6 
        5048.59       5.3233e+6 
        5063.59       5.3272e+6 
        5078.58      5.33078e+6 
        5093.58      5.33364e+6 
        5108.57      5.33618e+6 
        5123.57      5.33848e+6 
        5138.57      5.34055e+6 
        5153.56       5.3424e+6 
        5168.56      5.34401e+6 
        5183.56       5.3452e+6 
        5198.55      5.34592e+6 
        5213.55      5.34646e+6 
        5228.54       5.3468e+6 
        5243.54      5.34693e+6 
        5258.53      5.34687e+6 
        5273.53      5.34661e+6 
        5288.53      5.34781e+6 
        5303.52      5.34878e+6 
        5318.52      5.34944e+6 
        5333.52      5.34982e+6 
        5348.51      5.34991e+6 
        5363.51      5.34985e+6 
         5378.5      5.34866e+6 
         5393.5      5.34639e+6 
        5408.49      5.34397e+6 
        5423.49       5.3414e+6 
        5438.49      5.33863e+6 
        5453.48      5.33571e+6 
        5468.48      5.33263e+6 
        5483.48      5.33047e+6 
        5498.47      5.32811e+6 
        5513.47      5.32557e+6 
        5528.46      5.32283e+6 
        5543.46      5.31991e+6 
        5558.45      5.31683e+6 
        5573.45      5.31356e+6 
        5588.45      5.31011e+6 
        5603.44      5.30646e+6 
        5618.44      5.30269e+6 
        5633.43      5.29874e+6 
        5648.43      5.29465e+6 
        5663.43      5.29038e+6 
        5673.98      5.28736e+6 
         5686.2      5.28369e+6 
        5698.42      5.27992e+6 
        5708.88      5.27659e+6 
        5723.41      5.27188e+6 
        5738.41      5.26688e+6 
         5753.4      5.26173e+6 
         5768.4      5.25585e+6 
        5783.39      5.25042e+6 
        5798.39      5.24486e+6 
        5813.39      5.23914e+6 
        5828.38      5.23333e+6 
        5843.38      5.22739e+6 
        5858.37      5.22133e+6 
        5873.37      5.21517e+6 
        5888.37      5.20885e+6 
        5903.36      5.20245e+6 
        5918.36      5.19594e+6 
        5933.35      5.18928e+6 
        5948.35      5.18253e+6 
        5963.35      5.17565e+6 
        5978.34      5.16864e+6 
        5993.34      5.16151e+6 
        6008.33      5.15429e+6 
        6023.33      5.14697e+6 
        6038.32      5.13952e+6 
        6053.32      5.13198e+6 
        6068.32      5.12435e+6 
        6083.31      5.11662e+6 
        6098.31       5.1088e+6 
        6113.31      5.10088e+6 
         6128.3      5.09284e+6 
         6143.3      5.08473e+6 
        6158.29       5.0765e+6 
        6173.29      5.06817e+6 
        6188.28      5.05979e+6 
        6203.28      5.05127e+6 
        6218.28      5.04266e+6 
        6233.27      5.03393e+6 
        6244.38      5.02743e+6 
        6256.04      5.02052e+6 
        6266.59       5.0142e+6 
        6278.26      5.00716e+6 
        6290.52      4.99969e+6 
        6302.31       4.9924e+6 
        6312.59      4.98599e+6 
        6323.25      4.97924e+6 
        6338.24      4.96962e+6 
        6353.24      4.95979e+6 
        6368.24      4.94974e+6 
        6383.23       4.9394e+6 
        6398.23      4.92866e+6 
        6413.22      4.91744e+6 
        6428.22      4.90553e+6 
        6443.22      4.89268e+6 
        6458.21      4.87842e+6 
        6473.21      4.86199e+6 
         6488.2      4.84198e+6 
         6503.2      4.81581e+6 
         6518.2      4.77836e+6 
        6532.67      4.72181e+6 
        6543.19      4.65876e+6 
        6554.43      4.56357e+6 
        6564.48      4.48767e+6 
        6575.56      4.58955e+6 
        6587.91      4.66473e+6 
        6598.17       4.7023e+6 
        6613.66      4.73218e+6 
        6623.98      4.74164e+6 
         6634.3      4.74619e+6 
        6654.94       4.7467e+6 
        6675.58      4.74091e+6 
        6696.23      4.73196e+6 
        6711.48      4.72411e+6 
        6741.98      4.70667e+6 
        6781.19      4.68223e+6 
        6802.98      4.66806e+6 
        6824.78      4.65358e+6 
        6868.37      4.62427e+6 
        6955.56      4.56398e+6 
        6976.35      4.54937e+6 
        7042.75      4.50225e+6 
        7109.15      4.45459e+6 
        7175.54      4.40696e+6 
        7241.94      4.35899e+6 
        7308.33       4.3107e+6 
        7355.95      4.27596e+6 
        7374.73      4.26251e+6 
        7393.51      4.24875e+6 
        7431.08      4.22145e+6 
        7506.22      4.16676e+6 
        7581.35      4.11203e+6 
         7635.1      4.07282e+6 
        7656.49      4.05724e+6 
        7677.88      4.04163e+6 
        7720.67      4.01075e+6 
        7806.23      3.94904e+6 
        7821.36      3.93814e+6 
         7891.8       3.8875e+6 
        7962.25      3.83702e+6 
        7982.84      3.82238e+6 
        8032.69      3.78703e+6 
        8082.55      3.75178e+6 
        8161.68       3.6963e+6 
        8182.26      3.68192e+6 
        8200.85      3.66894e+6 
        8216.85      3.65785e+6 
        8232.84      3.64676e+6 
        8264.83      3.62468e+6 
        8289.72      3.60752e+6 
        8328.82      3.58063e+6 
        8343.44      3.57058e+6 
        8367.92      3.55383e+6 
        8388.68      3.53973e+6 
        8408.65      3.52619e+6 
        8432.02      3.51035e+6 
        8467.25      3.48657e+6 
        8502.48      3.46288e+6 
        8516.58      3.45343e+6 
        8530.98      3.44378e+6 
        8545.38      3.43423e+6 
        8574.18      3.41516e+6 
        8598.39      3.39917e+6 
         8628.6      3.37929e+6 
        8646.81      3.36732e+6 
        8665.01      3.35541e+6 
        8685.59      3.34196e+6 
        8701.43      3.33163e+6 
        8750.47      3.29974e+6 
        8767.92      3.28846e+6 
        8815.35      3.25789e+6 
        8862.78       3.2278e+6 
        8900.38      3.20405e+6 
        8957.65      3.16811e+6 
        9014.91      3.13247e+6 
        9044.62      3.11409e+6 
        9072.17      3.09711e+6 
        9099.72       3.0802e+6 
        9154.81      3.04689e+6 
         9190.8      3.02527e+6 
         9209.9      3.01384e+6 
        9229.01      3.00244e+6 
        9267.22      2.97974e+6 
         9303.2      2.95848e+6 
        9343.64      2.93473e+6 
        9384.08      2.91113e+6 
        9464.96      2.86479e+6 
        9545.72       2.8191e+6 
        9561.21      2.81042e+6 
        9576.69      2.80174e+6 
        9607.66      2.78447e+6 
        9668.45      2.75082e+6 
        9729.24       2.7178e+6 
        9790.04      2.68512e+6 
        9850.83      2.65277e+6 
        9870.42      2.64242e+6 
        9911.62      2.62076e+6 
        9952.82      2.59925e+6 
        10021.1      2.56428e+6 
        10035.2      2.55708e+6 
        10049.4      2.54988e+6 
        10077.7       2.5356e+6 
        10134.2      2.50721e+6 
        10144.5      2.50211e+6 
        10190.8       2.4791e+6 
        10237.2      2.45629e+6 
        10329.9      2.41226e+6 
        10422.6      2.36892e+6 
        10515.3      2.32629e+6 
          10608      2.28436e+6 
        10700.7      2.24313e+6 
        10793.4      2.20259e+6 
        10834.1      2.18499e+6 
        10886.1      2.16271e+6 
        10938.1       2.1406e+6 
        10990.1      2.11888e+6 
          11042      2.09731e+6 
          11094      2.07595e+6 
          11146      2.05479e+6 
          11198      2.03384e+6 
          11239      2.01746e+6 
          11250      2.01311e+6 
        11260.9      2.00877e+6 
        11282.8      2.00044e+6 
        11326.6       1.9839e+6 
        11414.2      1.95121e+6 
        11501.8      1.91904e+6 
        11589.4      1.88738e+6 
          11677      1.85624e+6 
        11764.6       1.8256e+6 
        11852.2      1.79548e+6 
        11939.8      1.76585e+6 
        12027.4      1.73672e+6 
          12115      1.70808e+6 
        12202.6      1.67993e+6 
        12284.6        1.654e+6 
        12366.6      1.62967e+6 
        12448.7      1.60569e+6 
        12530.7      1.58205e+6 
        12612.7      1.55874e+6 
        12694.7      1.53572e+6 
        12735.4      1.52438e+6 
        12776.7      1.51288e+6 
        12818.1       1.5014e+6 
        12900.8      1.47952e+6 
        12983.5      1.45777e+6 
        13066.2      1.43625e+6 
        13148.9      1.41504e+6 
        13231.6      1.39414e+6 
        13308.4      1.37502e+6 
        13385.1      1.35727e+6 
        13461.9      1.33976e+6 
        13538.7      1.32247e+6 
        13615.5      1.30539e+6 
        13692.3      1.28854e+6 
        13769.1      1.27191e+6 
        13845.9      1.25549e+6 
        13922.7      1.23928e+6 
        13999.5      1.22329e+6 
        14076.2      1.20752e+6 
          14153      1.19195e+6 
        14229.8      1.17659e+6 
        14281.2      1.16644e+6 
        14306.6      1.16143e+6 
        14332.1      1.15646e+6 
          14383      1.14694e+6 
        14410.1       1.1419e+6 
        14427.1      1.13876e+6 
        14457.6      1.13312e+6 
        14505.2      1.12449e+6 
        14581.2      1.11081e+6 
        14597.2      1.10803e+6 
        14613.2      1.10528e+6 
        14645.2       1.0998e+6 
        14709.2      1.08891e+6 
        14773.2      1.07813e+6 
        14837.1      1.06743e+6 
        14901.1      1.05683e+6 
        14965.1      1.04634e+6 
        15029.1      1.03594e+6 
        15093.1      1.02564e+6 
        15157.1      1.01544e+6 
          15221      1.00533e+6 
          15285          995319 
          15349          985408 
          15413          975593 
        15471.6          966690 
        15482.4          965060 
        15493.1          963395 
        15514.7          960074 
        15557.9          953464 
        15644.2          940376 
        15730.5          927467 
        15816.8          914738 
        15903.1          902190 
        15989.4          889815 
        16075.8          877610 
        16162.1          865581 
        16248.4          853728 
        16289.9          848089 
        16334.7          842044 
        16379.5          836044 
        16469.1          821872 
        16558.8          807996 
        16648.4          794399 
          16738          781082 
        16827.7          768035 
        16917.3          755251 
        17006.9          742729 
        17096.6          730455 
        17186.2          718429 
        17275.8          706642 
        17327.7          699931 
        17365.5          695090 
        17403.2          690293 
        17478.8          680805 
        17554.3          671478 
        17629.9          662304 
        17705.4          653285 
          17781          644416 
        17856.5          635692 
        17932.1          627112 
        18007.6          618388 
        18083.2          610038 
        18158.7          601803 
        18234.3          593676 
        18309.8          585643 
        18343.7          582055 
        18385.3          577676 
          18427          573303 
        18510.2          564544 
        18593.4          555653 
        18676.6          546521 
        18751.1          538500 
        18825.6          532588 
        18900.2          526770 
        18974.7          520694 
        19049.2          514458 
        19123.7          508171 
        19198.3          501898 
        19272.8          495665 
        19347.3          489495 
          19393          485747 
        19421.9          483400 
        19450.7          481063 
        19508.3          476429 
        19565.9          471993 
        19623.6          467438 
        19681.2          462939 
        19738.8          458490 
        19796.5          454095 
        19854.1          449754 
        19911.7          445459 
        19969.4          441218 
          20027          437024 
        20084.6          432880 
        20142.3          428787 
        20199.9          424737 
        20257.5          420735 
        20315.2          416779 
        20372.8          412871 
        20386.4          411951 
        20430.4          409007 
        20474.4          406089 
        20562.3          400327 
        20650.3          394669 
        20738.2          389108 
        20826.2          383642 
        20914.1          378270 
        21002.1          372992 
          21090          367802 
        21177.9          362703 
        21265.9          357689 
        21353.8          352760 
        21441.8          347913 
        21529.7          343150 
        21604.7          339151 
        21617.7          338466 
        21630.6          337784 
        21656.5          336421 
        21708.4          333719 
        21760.2          331045 
          21812          328394 
        21863.8          325771 
        21915.7          323176 
        21967.5          320603 
        22019.3          318055 
        22071.1          315535 
          22123          313037 
        22174.8          310564 
        22226.6          308115 
        22278.4          305690 
        22330.3          303288 
        22382.1          300909 
        22433.9          298554 
        22485.8          296221 
        22537.6          293910 
        22589.4          291622 
        22641.2          289355 
        22693.1          287111 
        22744.9          284888 
        22784.8          283188 
        22800.8          282511 
        22816.8          281837 
        22848.8          280493 
        22912.8          277830 
        22976.8          275198 
        23040.8          272597 
        23104.8          270026 
        23168.7          267485 
        23232.7          264973 
        23296.7          262491 
        23360.7          260037 
        23424.7          257611 
        23488.6          255213 
        23552.6          252842 
        23616.6          250499 
        23680.6          248182 
        23744.6          245892 
        23808.6          243628 
        23872.5          241389 
        23936.5          239176 
        24000.5          236988 
        24064.5          234825 
        24128.5          232685 
        24192.5          230570 
        24256.4          228479 
        24320.4          226410 
        24384.4          224366 
        24448.4          222343 
        24512.4          220344 
        24576.3          218366 
        24640.3          216410 
        24704.3          214477 
        24768.3          212564 
        24832.3          210672 
        24896.3          208801 
        24960.2          206951 
        25004.4          205684 
        25024.2          205120 
          25044          204558 
        25083.6          203440 
        25162.8          201227 
        25241.9          199044 
        25321.1          196889 
        25400.2          194764 
        25479.4          192667 
        25558.5          190597 
        25637.7          188556 
        25716.9          186541 
          25796          184552 
        25875.2          182590 
        25954.3          180653 
        26033.5          178742 
        26112.7          176856 
        26191.8          174994 
          26271          173157 
        26350.1          171343 
        26429.3          169553 
        26508.4          167786 
        26587.6          166041 
        26666.8          164319 
        26745.9          162619 
        26825.1          160941 
        26904.2          159284 
        26983.4          157648 
        27062.6          156033 
        27141.7          154438 
        27220.9          152864 
        27299.2          151325 
        27377.5          149807 
        27455.8          148307 
        27534.2          146825 
        27612.5          145363 
        27690.8          143918 
        27769.1          142490 
        27847.5          141081 
        27925.8          139688 
        28004.1          138313 
        28082.4          136954 
        28160.8          135612 
        28239.1          134286 
        28317.4          132976 
        28395.7          131681 
          28474          130403 
        28552.4          129140 
        28630.7          127891 
          28709          126658 
        28787.3          125440 
        28865.7          124236 
          28944          123046 
        29022.3          121870 
        29100.6          120708 
          29179          119560 
        29257.3          118426 
        29335.6          117304 
        29413.9          116196 
        29492.3          115101 
        29570.6          114018 
        29648.9          112949 
        29727.2          111891 
        29805.5          110846 
        29883.9          109813 
        29932.6          109176 
        29962.2          108792 
        29991.8          108409 
