# Koester WD models
# teff = 5250 K (value for the effective temperature for the model. Temperatures are given in K)
# logg = 8.25 log(cm/s2) (value for Log(G) for the model.)
#
# column 1: WAVELENGTH (ANGSTROM), Wavelength in Angstrom
# column 2: FLUX (ERG/CM2/S/A), Flux in erg/cm2/s/A
         899.23     0.000747954 
        909.241      0.00105904 
        919.251      0.00148733 
        929.261      0.00206636 
        939.271      0.00281028 
         949.28      0.00393356 
        959.289      0.00542852 
        969.297      0.00751051 
        979.305       0.0101902 
        989.312        0.013659 
        999.319       0.0181581 
        1009.33       0.0239656 
        1019.33       0.0314206 
        1029.34       0.0409315 
        1039.34       0.0531099 
        1049.35       0.0684352 
        1059.36       0.0877368 
        1069.36        0.111869 
        1079.36        0.141987 
        1089.37         0.17924 
        1099.37        0.225314 
        1109.38        0.281752 
        1119.38        0.351233 
        1129.38        0.435711 
        1139.39        0.537991 
        1149.39         0.66069 
        1159.39        0.803151 
        1169.39        0.958883 
         1179.4         1.14112 
         1189.4         1.38916 
         1199.4         1.68379 
         1209.4         2.04586 
        1219.41         2.45857 
        1229.41         2.89701 
        1239.41         3.44941 
        1249.41         4.10104 
        1259.41         4.86237 
        1269.41          5.7712 
        1279.42         6.85681 
        1289.42         8.10405 
        1299.42         9.51833 
        1309.42         11.1565 
        1319.42         13.0134 
        1329.42         15.1542 
        1339.42         17.5753 
        1349.42         20.3379 
        1359.42         23.5054 
        1369.42         27.0359 
        1379.42         31.0491 
        1389.42          35.604 
        1399.42          40.693 
        1409.42         46.3762 
        1419.42         52.8331 
        1429.42         60.0475 
        1439.42         67.9797 
        1454.42         81.6462 
        1464.42         92.2262 
        1474.42         103.945 
        1489.42          123.35 
        1504.42         145.833 
        1514.42         163.151 
        1529.42         193.024 
        1544.42          226.67 
        1559.42         263.615 
        1570.19         292.648 
        1584.41         336.389 
        1599.41         389.036 
        1614.41         450.727 
        1629.41         525.152 
        1644.41         612.739 
        1659.41         707.773 
        1670.17         781.732 
         1684.4         889.372 
         1699.4         1018.15 
         1714.4         1161.21 
         1729.4         1320.85 
         1744.4         1496.42 
        1759.39         1687.55 
         1771.7         1859.05 
        1784.39         2053.12 
        1799.39         2304.24 
        1819.38         2675.76 
        1834.77         2993.49 
        1845.54         3233.01 
         1856.3         3490.47 
        1867.07         3763.25 
        1882.44         4184.19 
        1894.73         4549.34 
        1906.98         4939.24 
        1919.37         5361.85 
        1931.76         5811.04 
        1944.14         6298.23 
        1956.53         6816.63 
        1968.59         7345.51 
        1980.65          7906.7 
        1992.71         8502.31 
        2004.77         9134.02 
        2015.84         9747.29 
        2031.63           10691 
        2047.42         11688.6 
        2059.38         12492.9 
        2074.69         13589.1 
        2089.99         14764.7 
         2105.3         16020.6 
        2116.25         16970.2 
         2127.2         17966.1 
        2138.15         19023.5 
         2149.1         20110.7 
        2165.47         21824.2 
        2181.85         23648.4 
        2198.13           25580 
         2214.7         27672.9 
        2231.26         29873.8 
        2247.83         32201.6 
        2263.91         34596.5 
           2280         37227.2 
        2296.08         39972.7 
        2311.19         42703.7 
        2326.75         45591.4 
        2342.32         48661.4 
        2353.41         50961.3 
         2371.3         54901.2 
        2389.19         59141.7 
        2404.88         63220.2 
        2422.47           68176 
        2440.06         73751.4 
        2451.59         77651.4 
        2465.39         82963.2 
        2475.96         87382.8 
        2492.99         95186.8 
        2510.01          104015 
        2527.04          113424 
        2544.07          123681 
        2555.44          130890 
        2566.81          138971 
        2578.19          147759 
        2593.35          160316 
        2608.52          173821 
        2623.68          188137 
        2638.85          203402 
        2650.36          215590 
        2664.98          230512 
         2686.9          251727 
        2701.52          266322 
        2716.13          281303 
        2730.75          296715 
        2745.36          312610 
        2756.11          324574 
        2766.85          337379 
         2777.6          350473 
        2799.09          377635 
        2820.58          406051 
        2842.07          435761 
        2854.55          453646 
        2867.02          473466 
         2879.5          493852 
        2904.45          536430 
         2929.4          581383 
        2952.98          625950 
        2976.57          670315 
        2996.07          708420 
        3023.74          764940 
        3037.58          794245 
        3051.42          824228 
        3065.26          858776 
         3079.1          894352 
        3099.85          949389 
        3127.53      1.02578e+6 
        3138.69      1.05758e+6 
        3149.86      1.08996e+6 
        3161.02       1.1263e+6 
        3172.18      1.16349e+6 
        3194.51       1.2402e+6 
        3216.84      1.32002e+6 
        3230.04      1.36864e+6 
        3243.73      1.42013e+6 
        3257.42      1.46367e+6 
        3275.68      1.51656e+6 
        3293.94      1.57025e+6 
        3314.17      1.63065e+6 
        3330.45       1.6799e+6 
        3346.73      1.72972e+6 
        3378.52      1.83069e+6 
        3411.84      1.93876e+6 
        3445.17      2.04891e+6 
        3480.03      2.16511e+6 
        3495.92      2.21866e+6 
        3511.82      2.27257e+6 
         3543.6      2.38133e+6 
        3591.28      2.54624e+6 
        3635.88      2.70212e+6 
        3647.12      2.74206e+6 
        3658.96      2.78424e+6 
        3671.11      2.82742e+6 
        3682.58      2.86806e+6 
         3693.5      2.90662e+6 
        3703.57      2.94211e+6 
        3713.83      2.97815e+6 
        3724.38      3.01295e+6 
        3734.43      3.04268e+6 
        3744.62      3.07287e+6 
        3754.84      3.10299e+6 
        3765.07      3.13303e+6 
         3775.5      3.16352e+6 
        3786.22      3.19475e+6 
        3796.45      3.22441e+6 
        3807.84      3.25727e+6 
        3818.92      3.28925e+6 
        3830.45      3.32359e+6 
        3840.76      3.35409e+6 
        3851.98      3.38714e+6 
        3862.01      3.41658e+6 
        3872.59       3.4474e+6 
         3884.4      3.48145e+6 
        3894.46      3.51038e+6 
        3908.89      3.55166e+6 
        3923.89      3.59628e+6 
        3935.81      3.63244e+6 
        3946.58       3.6647e+6 
        3957.31       3.6963e+6 
        3967.38      3.72483e+6 
        3977.86      3.75628e+6 
        3988.87      3.78882e+6 
        4003.87      3.83193e+6 
        4018.86      3.87497e+6 
        4032.38       3.9138e+6 
        4043.86      3.94625e+6 
        4058.85      3.98787e+6 
        4073.85      4.02837e+6 
           4084      4.05454e+6 
        4096.52      4.08266e+6 
        4106.79      4.10945e+6 
        4117.77      4.14429e+6 
        4128.84       4.1759e+6 
        4143.83      4.21658e+6 
        4158.83      4.25592e+6 
        4173.82      4.29418e+6 
        4188.82       4.3315e+6 
        4203.81      4.36788e+6 
        4216.52      4.39861e+6 
        4228.81      4.42776e+6 
        4243.81      4.46248e+6 
         4258.8      4.49615e+6 
         4273.8      4.52876e+6 
        4288.79      4.56008e+6 
        4303.79      4.58952e+6 
        4314.07      4.60693e+6 
        4326.14      4.62125e+6 
        4336.17       4.6182e+6 
        4346.17      4.64089e+6 
        4357.43      4.68185e+6 
        4367.98      4.70699e+6 
        4378.77      4.72844e+6 
        4393.77      4.75555e+6 
        4408.76      4.77799e+6 
        4423.76      4.79727e+6 
        4438.75        4.816e+6 
        4453.75      4.83425e+6 
        4468.74      4.85203e+6 
        4483.74      4.86941e+6 
        4498.74      4.88725e+6 
        4513.73      4.91204e+6 
        4527.19      4.93343e+6 
        4538.73      4.95112e+6 
        4553.72      4.97327e+6 
        4568.72      4.99444e+6 
        4583.72       5.0147e+6 
        4596.53      5.03095e+6 
        4608.71      5.04427e+6 
         4623.7      5.06007e+6 
         4638.7      5.07531e+6 
         4653.7      5.09001e+6 
        4668.69      5.10415e+6 
        4683.69      5.11772e+6 
        4698.68      5.13038e+6 
        4713.68      5.14216e+6 
        4724.83      5.15058e+6 
        4738.67      5.16063e+6 
        4753.67      5.17097e+6 
        4768.67      5.18064e+6 
        4783.66      5.18947e+6 
        4798.66      5.19685e+6 
        4813.65      5.20172e+6 
        4828.65      5.20059e+6 
        4839.16      5.18963e+6 
        4851.78      5.13886e+6 
        4861.84      5.05033e+6 
        4872.13      5.15915e+6 
        4882.71      5.21071e+6 
        4893.63      5.23427e+6 
        4903.92      5.24681e+6 
        4915.55      5.25648e+6 
        4928.62      5.26481e+6 
        4943.62      5.27263e+6 
        4958.61      5.27942e+6 
        4973.61      5.28554e+6 
        4988.61      5.29104e+6 
         5003.6        5.296e+6 
         5018.6      5.30059e+6 
         5033.6      5.30483e+6 
        5048.59      5.30879e+6 
        5063.59      5.31246e+6 
        5078.58      5.31583e+6 
        5093.58      5.31853e+6 
        5108.57      5.32092e+6 
        5123.57      5.32308e+6 
        5138.57      5.32503e+6 
        5153.56      5.32673e+6 
        5168.56       5.3282e+6 
        5183.56       5.3293e+6 
        5198.55      5.32999e+6 
        5213.55      5.33047e+6 
        5228.54      5.33075e+6 
        5243.54      5.33081e+6 
        5258.53      5.33069e+6 
        5273.53      5.33037e+6 
        5288.53      5.33131e+6 
        5303.52      5.33204e+6 
        5318.52      5.33248e+6 
        5333.52      5.33263e+6 
        5348.51      5.33251e+6 
        5363.51      5.33223e+6 
         5378.5      5.33094e+6 
         5393.5      5.32871e+6 
        5408.49      5.32632e+6 
        5423.49      5.32377e+6 
        5438.49      5.32104e+6 
        5453.48      5.31818e+6 
        5468.48      5.31513e+6 
        5483.48      5.31287e+6 
        5498.47      5.31039e+6 
        5513.47      5.30775e+6 
        5528.46      5.30496e+6 
        5543.46      5.30197e+6 
        5558.45       5.2988e+6 
        5573.45      5.29544e+6 
        5588.45      5.29192e+6 
        5603.44      5.28824e+6 
        5618.44      5.28441e+6 
        5633.43      5.28039e+6 
        5648.43      5.27624e+6 
        5663.43      5.27194e+6 
        5673.98      5.26892e+6 
         5686.2      5.26518e+6 
        5698.42      5.26138e+6 
        5708.88      5.25805e+6 
        5723.41      5.25331e+6 
        5738.41      5.24828e+6 
         5753.4       5.2431e+6 
         5768.4      5.23735e+6 
        5783.39      5.23188e+6 
        5798.39      5.22632e+6 
        5813.39       5.2206e+6 
        5828.38      5.21479e+6 
        5843.38      5.20882e+6 
        5858.37      5.20276e+6 
        5873.37       5.1966e+6 
        5888.37      5.19029e+6 
        5903.36      5.18388e+6 
        5918.36      5.17738e+6 
        5933.35      5.17075e+6 
        5948.35      5.16399e+6 
        5963.35      5.15711e+6 
        5978.34      5.15014e+6 
        5993.34      5.14304e+6 
        6008.33      5.13581e+6 
        6023.33      5.12852e+6 
        6038.32      5.12111e+6 
        6053.32      5.11363e+6 
        6068.32      5.10603e+6 
        6083.31      5.09833e+6 
        6098.31      5.09054e+6 
        6113.31      5.08266e+6 
         6128.3      5.07468e+6 
         6143.3       5.0666e+6 
        6158.29      5.05844e+6 
        6173.29      5.05017e+6 
        6188.28      5.04182e+6 
        6203.28      5.03337e+6 
        6218.28      5.02485e+6 
        6233.27      5.01621e+6 
        6244.38      5.00974e+6 
        6256.04      5.00292e+6 
        6266.59       4.9967e+6 
        6278.26      4.98973e+6 
        6290.52      4.98235e+6 
        6302.31      4.97515e+6 
        6312.59      4.96884e+6 
        6323.25      4.96221e+6 
        6338.24      4.95278e+6 
        6353.24      4.94317e+6 
        6368.24      4.93334e+6 
        6383.23      4.92328e+6 
        6398.23      4.91289e+6 
        6413.22      4.90208e+6 
        6428.22      4.89071e+6 
        6443.22      4.87848e+6 
        6458.21      4.86501e+6 
        6473.21      4.84955e+6 
         6488.2      4.83061e+6 
         6503.2      4.80522e+6 
         6518.2      4.76661e+6 
        6532.67       4.7007e+6 
        6543.19      4.61305e+6 
        6554.43      4.44312e+6 
        6564.48      4.29208e+6 
        6575.56      4.50797e+6 
        6587.91      4.63555e+6 
        6598.17      4.68663e+6 
        6613.66       4.7215e+6 
        6623.98      4.73108e+6 
         6634.3       4.7351e+6 
        6654.94      4.73425e+6 
        6675.58      4.72737e+6 
        6696.23       4.7176e+6 
        6711.48      4.70934e+6 
        6741.98      4.69134e+6 
        6781.19      4.66649e+6 
        6802.98       4.6522e+6 
        6824.78      4.63765e+6 
        6868.37      4.60825e+6 
        6955.56      4.54802e+6 
        6976.35      4.53344e+6 
        7042.75      4.48645e+6 
        7109.15      4.43898e+6 
        7175.54      4.39154e+6 
        7241.94      4.34379e+6 
        7308.33      4.29572e+6 
        7355.95       4.2611e+6 
        7374.73      4.24765e+6 
        7393.51      4.23396e+6 
        7431.08      4.20681e+6 
        7506.22       4.1524e+6 
        7581.35      4.09786e+6 
         7635.1      4.05884e+6 
        7656.49      4.04332e+6 
        7677.88       4.0278e+6 
        7720.67      3.99708e+6 
        7806.23      3.93569e+6 
        7821.36      3.92485e+6 
         7891.8      3.87449e+6 
        7962.25      3.82426e+6 
        7982.84      3.80968e+6 
        8032.69      3.77453e+6 
        8082.55      3.73944e+6 
        8161.68      3.68424e+6 
        8182.26      3.66991e+6 
        8200.85        3.657e+6 
        8216.85      3.64594e+6 
        8232.84      3.63495e+6 
        8264.83      3.61293e+6 
        8289.72      3.59587e+6 
        8328.82       3.5691e+6 
        8343.44      3.55911e+6 
        8367.92      3.54243e+6 
        8388.68      3.52839e+6 
        8408.65      3.51491e+6 
        8432.02      3.49917e+6 
        8467.25      3.47551e+6 
        8502.48      3.45192e+6 
        8516.58      3.44253e+6 
        8530.98      3.43291e+6 
        8545.38      3.42339e+6 
        8574.18      3.40442e+6 
        8598.39      3.38852e+6 
         8628.6       3.3687e+6 
        8646.81      3.35682e+6 
        8665.01      3.34495e+6 
        8685.59      3.33156e+6 
        8701.43      3.32126e+6 
        8750.47      3.28956e+6 
        8767.92      3.27831e+6 
        8815.35      3.24787e+6 
        8862.78       3.2179e+6 
        8900.38      3.19428e+6 
        8957.65      3.15853e+6 
        9014.91      3.12304e+6 
        9044.62      3.10475e+6 
        9072.17      3.08785e+6 
        9099.72      3.07101e+6 
        9154.81      3.03786e+6 
         9190.8      3.01634e+6 
         9209.9      3.00496e+6 
        9229.01       2.9936e+6 
        9267.22      2.97101e+6 
         9303.2      2.94985e+6 
        9343.64      2.92621e+6 
        9384.08      2.90271e+6 
        9464.96      2.85658e+6 
        9545.72      2.81108e+6 
        9561.21      2.80245e+6 
        9576.69      2.79382e+6 
        9607.66      2.77662e+6 
        9668.45      2.74312e+6 
        9729.24      2.71025e+6 
        9790.04      2.67771e+6 
        9850.83      2.64551e+6 
        9870.42       2.6352e+6 
        9911.62      2.61363e+6 
        9952.82      2.59221e+6 
        10021.1      2.55738e+6 
        10035.2      2.55021e+6 
        10049.4      2.54302e+6 
        10077.7      2.52883e+6 
        10134.2      2.50058e+6 
        10144.5       2.4955e+6 
        10190.8       2.4726e+6 
        10237.2      2.44988e+6 
        10329.9      2.40605e+6 
        10422.6      2.36292e+6 
        10515.3      2.32047e+6 
          10608      2.27873e+6 
        10700.7      2.23767e+6 
        10793.4       2.1973e+6 
        10834.1      2.17977e+6 
        10886.1      2.15755e+6 
        10938.1       2.1354e+6 
        10990.1      2.11389e+6 
          11042      2.09245e+6 
          11094      2.07117e+6 
          11146       2.0501e+6 
          11198      2.02924e+6 
          11239      2.01292e+6 
          11250      2.00859e+6 
        11260.9      2.00426e+6 
        11282.8      1.99598e+6 
        11326.6      1.97951e+6 
        11414.2      1.94697e+6 
        11501.8      1.91494e+6 
        11589.4      1.88342e+6 
          11677      1.85241e+6 
        11764.6      1.82191e+6 
        11852.2      1.79191e+6 
        11939.8       1.7624e+6 
        12027.4      1.73338e+6 
          12115      1.70486e+6 
        12202.6      1.67682e+6 
        12284.6      1.65099e+6 
        12366.6      1.62678e+6 
        12448.7      1.60291e+6 
        12530.7      1.57938e+6 
        12612.7      1.55616e+6 
        12694.7      1.53321e+6 
        12735.4      1.52186e+6 
        12776.7      1.51022e+6 
        12818.1      1.49841e+6 
        12900.8      1.47719e+6 
        12983.5      1.45561e+6 
        13066.2      1.43419e+6 
        13148.9      1.41306e+6 
        13231.6      1.39224e+6 
        13308.4       1.3732e+6 
        13385.1      1.35554e+6 
        13461.9      1.33811e+6 
        13538.7       1.3209e+6 
        13615.5      1.30391e+6 
        13692.3      1.28715e+6 
        13769.1      1.27059e+6 
        13845.9      1.25424e+6 
        13922.7      1.23811e+6 
        13999.5      1.22219e+6 
        14076.2      1.20648e+6 
          14153      1.19098e+6 
        14229.8      1.17569e+6 
        14281.2      1.16558e+6 
        14306.6       1.1606e+6 
        14332.1      1.15564e+6 
          14383      1.14618e+6 
        14410.1      1.14116e+6 
        14427.1      1.13803e+6 
        14457.6      1.13242e+6 
        14505.2      1.12384e+6 
        14581.2      1.11023e+6 
        14597.2      1.10746e+6 
        14613.2      1.10473e+6 
        14645.2      1.09928e+6 
        14709.2      1.08846e+6 
        14773.2      1.07773e+6 
        14837.1       1.0671e+6 
        14901.1      1.05656e+6 
        14965.1      1.04612e+6 
        15029.1      1.03577e+6 
        15093.1      1.02553e+6 
        15157.1      1.01538e+6 
          15221      1.00532e+6 
          15285          995357 
          15349          985496 
          15413          975725 
        15471.6          966866 
        15482.4          965242 
        15493.1          963583 
        15514.7          960275 
        15557.9          953690 
        15644.2          940653 
        15730.5          927791 
        15816.8          915105 
        15903.1          902598 
        15989.4          890265 
        16075.8          878100 
        16162.1          866106 
        16248.4          854284 
        16289.9          848660 
        16334.7          842632 
        16379.5          836647 
        16469.1          822456 
        16558.8          808558 
        16648.4          794945 
          16738          781609 
        16827.7          768544 
        16917.3          755742 
        17006.9          743200 
        17096.6          730910 
        17186.2          718869 
        17275.8          707069 
        17327.7          700346 
        17365.5          695501 
        17403.2          690695 
        17478.8          681198 
        17554.3          671858 
        17629.9          662672 
        17705.4          653643 
          17781          644762 
        17856.5          636028 
        17932.1          627436 
        18007.6          618746 
        18083.2          610389 
        18158.7          602149 
        18234.3          594019 
        18309.8          585976 
        18343.7          582382 
        18385.3          577987 
          18427          573592 
        18510.2          564717 
        18593.4          555462 
        18676.6          545148 
        18713.8          540068 
        18751.1          535280 
        18788.4          533160 
        18825.6          531272 
        18900.2          526522 
        18974.7          520798 
        19049.2          514668 
        19123.7          508407 
        19198.3          502127 
        19272.8          495885 
        19347.3          489705 
          19393          485951 
        19421.9          483598 
        19450.7          481257 
        19508.3          476617 
        19565.9          472147 
        19623.6          467588 
        19681.2          463086 
        19738.8          458635 
        19796.5          454237 
        19854.1          449889 
        19911.7          445591 
        19969.4          441347 
          20027          437149 
        20084.6          433003 
        20142.3          428903 
        20199.9          424850 
        20257.5          420845 
        20315.2          416886 
        20372.8          412975 
        20386.4          412054 
        20430.4          409108 
        20474.4          406186 
        20562.3          400421 
        20650.3          394757 
        20738.2          389190 
        20826.2          383720 
        20914.1          378345 
        21002.1          373061 
          21090          367868 
        21177.9          362766 
        21265.9          357749 
        21353.8          352817 
        21441.8          347966 
        21529.7          343200 
        21604.7          339198 
        21617.7          338513 
        21630.6          337828 
        21656.5          336468 
        21708.4          333763 
        21760.2          331086 
          21812          328435 
        21863.8          325808 
        21915.7          323210 
        21967.5          320637 
        22019.3          318089 
        22071.1          315564 
          22123          313066 
        22174.8          310591 
        22226.6          308141 
        22278.4          305714 
        22330.3          303311 
        22382.1          300931 
        22433.9          298574 
        22485.8          296240 
        22537.6          293928 
        22589.4          291638 
        22641.2          289371 
        22693.1          287125 
        22744.9          284900 
        22784.8          283199 
        22800.8          282522 
        22816.8          281847 
        22848.8          280503 
        22912.8          277839 
        22976.8          275206 
        23040.8          272603 
        23104.8          270031 
        23168.7          267488 
        23232.7          264975 
        23296.7          262491 
        23360.7          260036 
        23424.7          257609 
        23488.6          255210 
        23552.6          252838 
        23616.6          250494 
        23680.6          248176 
        23744.6          245885 
        23808.6          243620 
        23872.5          241380 
        23936.5          239166 
        24000.5          236977 
        24064.5          234812 
        24128.5          232672 
        24192.5          230556 
        24256.4          228464 
        24320.4          226395 
        24384.4          224349 
        24448.4          222326 
        24512.4          220326 
        24576.3          218348 
        24640.3          216391 
        24704.3          214456 
        24768.3          212543 
        24832.3          210650 
        24896.3          208779 
        24960.2          206928 
        25004.4          205661 
        25024.2          205097 
          25044          204535 
        25083.6          203416 
        25162.8          201202 
        25241.9          199018 
        25321.1          196864 
        25400.2          194737 
        25479.4          192639 
        25558.5          190569 
        25637.7          188527 
        25716.9          186511 
          25796          184522 
        25875.2          182560 
        25954.3          180623 
        26033.5          178711 
        26112.7          176824 
        26191.8          174962 
          26271          173124 
        26350.1          171310 
        26429.3          169520 
        26508.4          167752 
        26587.6          166007 
        26666.8          164285 
        26745.9          162584 
        26825.1          160906 
        26904.2          159249 
        26983.4          157612 
        27062.6          155997 
        27141.7          154402 
        27220.9          152827 
        27299.2          151289 
        27377.5          149770 
        27455.8          148270 
        27534.2          146788 
        27612.5          145325 
        27690.8          143880 
        27769.1          142452 
        27847.5          141042 
        27925.8          139650 
        28004.1          138274 
        28082.4          136915 
        28160.8          135573 
        28239.1          134247 
        28317.4          132936 
        28395.7          131642 
          28474          130364 
        28552.4          129100 
        28630.7          127852 
          28709          126618 
        28787.3          125400 
        28865.7          124196 
          28944          123006 
        29022.3          121830 
        29100.6          120668 
          29179          119520 
        29257.3          118386 
        29335.6          117264 
        29413.9          116156 
        29492.3          115061 
        29570.6          113979 
        29648.9          112909 
        29727.2          111851 
        29805.5          110806 
        29883.9          109773 
        29932.6          109136 
        29962.2          108752 
        29991.8          108369 
