# Koester WD models
# teff = 5750 K (value for the effective temperature for the model. Temperatures are given in K)
# logg = 7 log(cm/s2) (value for Log(G) for the model.)
#
# column 1: WAVELENGTH (ANGSTROM), Wavelength in Angstrom
# column 2: FLUX (ERG/CM2/S/A), Flux in erg/cm2/s/A
         899.23      0.00829556 
        909.241       0.0114394 
        919.251       0.0159074 
        929.261       0.0217756 
        939.271       0.0317606 
         949.28       0.0384383 
        959.289       0.0655911 
        969.297       0.0914527 
        979.305        0.126603 
        989.312        0.169825 
        999.319        0.223855 
        1009.33        0.291316 
        1019.33        0.370906 
        1029.34        0.463024 
        1039.34        0.613072 
        1049.35        0.772031 
        1059.36        0.966967 
        1069.36         1.20203 
        1079.36         1.49107 
        1089.37         1.83506 
        1099.37         2.25441 
        1109.38         2.74967 
        1119.38         3.36122 
        1129.38          4.0803 
        1139.39         4.91587 
        1149.39         5.86347 
        1159.39          6.8411 
        1169.39         7.75427 
         1179.4         8.56555 
         1189.4         9.89033 
         1199.4         11.5933 
         1209.4         13.1294 
        1219.41         15.3046 
        1229.41         19.6274 
        1239.41         23.4558 
        1249.41         27.6588 
        1259.41         32.4853 
        1269.41         38.6438 
        1279.42         45.9558 
        1289.42         53.9547 
        1299.42         62.7015 
        1309.42         72.7266 
        1319.42         83.7376 
        1329.42          96.461 
        1339.42         110.412 
        1349.42         126.121 
        1359.42         144.145 
        1369.42         163.591 
        1379.42         185.427 
        1389.42         210.122 
        1399.42         237.306 
        1409.42         266.917 
        1419.42         300.338 
        1429.42         337.222 
        1439.42         376.859 
        1454.42         444.925 
        1464.42         497.251 
        1474.42         553.743 
        1489.42         643.455 
        1504.42         746.223 
        1514.42         827.662 
        1529.42         967.623 
        1544.42         1117.79 
        1559.42         1268.26 
        1570.19         1383.65 
        1584.41         1558.65 
        1599.41         1768.96 
        1614.41         2029.32 
        1629.41         2366.91 
        1644.41         2789.59 
        1659.41         3288.05 
        1670.17         3696.52 
         1684.4         4308.44 
         1699.4         5089.19 
         1714.4         5945.43 
         1729.4         6879.62 
         1744.4         7855.43 
        1759.39         8812.17 
         1771.7         9643.56 
        1784.39         10649.7 
        1799.39         11962.6 
        1814.38         13363.1 
        1829.38         14888.6 
        1840.15         16060.7 
        1850.92           17336 
           1864         19108.1 
        1876.29         20812.7 
        1888.59         22706.6 
        1900.88         24771.8 
        1913.17         27035.5 
        1925.19         29382.4 
        1935.72         31726.6 
        1946.25         34457.6 
        1961.28           38596 
        1975.89         42575.8 
        1990.51         46950.2 
        2005.12         51776.6 
        2017.81         56405.7 
        2030.51         62305.6 
         2043.2         67478.3 
        2055.89         73054.9 
        2067.03         78330.6 
        2078.17         84226.1 
        2094.88         93854.1 
        2106.02          100826 
        2116.25          107666 
        2126.49          115039 
        2136.72          124022 
        2146.95          132560 
        2157.18          141107 
        2173.77          155979 
        2190.35          172116 
        2206.94          189786 
        2222.45          207443 
        2237.96          226184 
        2253.47          246568 
        2263.91          262900 
        2274.69          285221 
        2290.85          317477 
        2301.62          340756 
        2311.66          363759 
        2323.48          387581 
         2335.3          411973 
        2347.12          437825 
        2358.93          465094 
        2369.19          489049 
        2382.87          522145 
        2396.55          557052 
        2409.27          591276 
           2422          629142 
        2434.73          669797 
        2445.46          701147 
        2456.19          733615 
        2469.99          783048 
        2485.16          837655 
        2497.59          884525 
        2510.01          933568 
        2522.44          979382 
        2534.87      1.02689e+6 
        2547.05      1.07508e+6 
        2559.23      1.12477e+6 
        2571.41      1.18607e+6 
         2583.6       1.2497e+6 
        2595.78      1.31584e+6 
        2607.96      1.39455e+6 
        2620.14      1.46343e+6 
        2632.32      1.53264e+6 
         2655.7       1.6713e+6 
        2671.46       1.7498e+6 
        2687.21      1.82778e+6 
        2718.72      1.98941e+6 
        2744.37      2.12664e+6 
        2756.11      2.19103e+6 
        2767.85      2.25752e+6 
        2791.33      2.39346e+6 
        2814.81      2.53346e+6 
         2838.3      2.67878e+6 
        2854.55      2.77951e+6 
        2887.05      2.97808e+6 
        2951.11      3.38406e+6 
         2966.1       3.4746e+6 
        2981.09      3.56495e+6 
        3011.06      3.74713e+6 
        3051.42      3.99541e+6 
        3091.78      4.25582e+6 
        3114.42      4.40341e+6 
        3132.14      4.51896e+6 
        3149.86      4.62794e+6 
         3185.3      4.84506e+6 
         3216.8      5.03745e+6 
        3232.55      5.13336e+6 
        3248.29      5.22893e+6 
        3264.04      5.30461e+6 
        3279.79      5.37976e+6 
        3295.54      5.45456e+6 
        3311.29      5.52876e+6 
        3338.85      5.65744e+6 
        3354.61       5.7297e+6 
        3370.38      5.80054e+6 
        3401.92      5.94059e+6 
        3445.17      6.12874e+6 
        3488.42      6.30376e+6 
        3519.73      6.42214e+6 
        3531.66       6.4665e+6 
         3543.6      6.51048e+6 
        3567.48      6.59496e+6 
        3591.28      6.67749e+6 
        3638.83      6.83513e+6 
        3648.96      6.86768e+6 
         3663.4      6.91351e+6 
        3673.95      6.94644e+6 
         3684.5      6.97889e+6 
         3695.3      7.01159e+6 
        3705.37      7.04163e+6 
        3715.64      7.07188e+6 
        3725.75      7.10031e+6 
        3735.82      7.12717e+6 
        3746.45      7.15579e+6 
        3757.47      7.18627e+6 
        3768.55      7.20955e+6 
        3778.93      7.24596e+6 
        3790.45      7.27593e+6 
        3800.56      7.28463e+6 
        3811.59       7.3387e+6 
        3822.57      7.36747e+6 
        3832.73      7.32978e+6 
        3842.75       7.4146e+6 
        3853.31      7.45283e+6 
        3863.68      7.47998e+6 
        3873.85      7.50187e+6 
         3884.4      7.47325e+6 
        3894.75      7.51679e+6 
        3905.97      7.58051e+6 
        3918.89      7.61337e+6 
        3929.56      7.63771e+6 
        3940.04      7.65977e+6 
        3950.65      7.67808e+6 
        3962.28      7.66659e+6 
        3972.48      7.42742e+6 
        3984.18        7.739e+6 
        3996.36      7.77167e+6 
        4008.87      7.79671e+6 
        4023.86      7.82436e+6 
         4035.9      7.84544e+6 
        4048.86      7.86705e+6 
        4063.85       7.8903e+6 
        4075.42      7.90538e+6 
         4085.7      7.91028e+6 
        4096.52      7.79709e+6 
        4107.18      7.82404e+6 
        4117.77      7.95844e+6 
        4128.84       7.9859e+6 
        4143.83      8.01053e+6 
        4158.83      8.03189e+6 
        4173.82      8.05181e+6 
        4188.82      8.07069e+6 
        4203.81      8.08872e+6 
        4216.52      8.10349e+6 
        4228.81      8.11725e+6 
        4243.81      8.13327e+6 
         4258.8      8.14844e+6 
         4273.8      8.16267e+6 
        4288.79      8.17559e+6 
        4303.79      8.18589e+6 
        4314.07      8.18875e+6 
        4326.14      8.17012e+6 
        4336.17       7.8657e+6 
        4346.56      8.02975e+6 
        4357.43        8.206e+6 
        4367.98      8.23129e+6 
        4378.77      8.24404e+6 
        4393.77      8.25661e+6 
        4408.76      8.26641e+6 
        4423.76      8.27474e+6 
        4438.75      8.28231e+6 
        4453.75      8.28931e+6 
        4468.74      8.29575e+6 
        4483.74      8.30172e+6 
        4498.74       8.3223e+6 
        4513.73      8.32792e+6 
        4527.19      8.33248e+6 
        4538.73      8.33603e+6 
        4553.72      8.34014e+6 
        4568.72      8.34372e+6 
        4583.72       8.3468e+6 
        4596.53      8.34897e+6 
        4608.71      8.35045e+6 
         4623.7      8.35186e+6 
         4638.7      8.35284e+6 
         4653.7      8.35337e+6 
        4668.69      8.35349e+6 
        4683.69      8.35318e+6 
        4698.68       8.3524e+6 
        4713.68      8.35111e+6 
        4724.83      8.34988e+6 
        4738.67        8.348e+6 
        4753.67      8.34548e+6 
        4768.67      8.34241e+6 
        4783.66      8.33857e+6 
        4798.66      8.33351e+6 
        4813.65      8.32613e+6 
        4828.65      8.31199e+6 
        4839.16      8.28699e+6 
        4850.22      8.17364e+6 
        4860.28      5.78672e+6 
        4870.86      8.12231e+6 
        4882.91      8.27228e+6 
        4893.63      8.29205e+6 
        4908.63      8.29688e+6 
         4921.7      8.29538e+6 
        4933.62      8.29227e+6 
        4948.62      8.28718e+6 
        4963.61      8.28133e+6 
        4978.61      8.27492e+6 
        4993.61      8.26807e+6 
         5008.6      8.26079e+6 
         5023.6      8.25315e+6 
        5038.59      8.24517e+6 
        5053.59      8.23694e+6 
        5068.59      8.22846e+6 
        5083.58      8.21966e+6 
        5098.58      8.21058e+6 
        5113.57      8.20122e+6 
        5128.57      8.19164e+6 
        5143.57      8.18184e+6 
        5158.56      8.17182e+6 
        5173.56      8.16154e+6 
        5188.55      8.15102e+6 
        5203.55      8.14027e+6 
        5218.55      8.12934e+6 
        5233.54      8.11819e+6 
        5248.54      8.10682e+6 
        5263.53      8.09529e+6 
        5278.53       8.0836e+6 
        5293.52      8.07188e+6 
        5308.52      8.05994e+6 
        5323.52      8.04782e+6 
        5338.51      8.03553e+6 
        5353.51      8.02303e+6 
        5368.51       8.0104e+6 
         5383.5      7.99736e+6 
         5398.5      7.98414e+6 
        5413.49      7.97075e+6 
        5428.49      7.95718e+6 
        5443.48      7.94349e+6 
        5458.48      7.92963e+6 
        5473.48      7.91568e+6 
        5488.47      7.90167e+6 
        5503.47       7.8875e+6 
        5518.47      7.87318e+6 
        5533.46      7.85873e+6 
        5548.46      7.84412e+6 
        5563.45      7.82938e+6 
        5578.45      7.81452e+6 
        5593.44      7.79954e+6 
        5608.44       7.7844e+6 
        5623.44      7.76916e+6 
        5638.43       7.7538e+6 
        5653.43      7.73831e+6 
        5668.43      7.72276e+6 
        5682.86      7.70765e+6 
        5693.42      7.69653e+6 
        5704.77      7.68449e+6 
        5715.23      7.67334e+6 
        5728.41      7.65927e+6 
         5743.4      7.64312e+6 
         5758.4      7.62688e+6 
         5773.4      7.61029e+6 
        5788.39      7.59386e+6 
        5803.39       7.5773e+6 
        5818.39      7.56068e+6 
        5833.38        7.544e+6 
        5848.38      7.52719e+6 
        5863.37      7.51032e+6 
        5878.37      7.49336e+6 
        5893.36      7.47633e+6 
        5908.36      7.45924e+6 
        5923.36      7.44206e+6 
        5938.35      7.42478e+6 
        5953.35      7.40747e+6 
        5968.34      7.39006e+6 
        5983.34       7.3726e+6 
        5998.34      7.35507e+6 
        6013.33      7.33741e+6 
        6028.33      7.31969e+6 
        6043.32      7.30194e+6 
        6058.32       7.2841e+6 
        6073.32      7.26622e+6 
        6088.31      7.24831e+6 
        6103.31      7.23031e+6 
         6118.3      7.21228e+6 
         6133.3      7.19418e+6 
         6148.3      7.17606e+6 
        6163.29      7.15787e+6 
        6178.29      7.13965e+6 
        6193.28      7.12136e+6 
        6208.28      7.10302e+6 
        6223.28      7.08467e+6 
        6238.27      7.06626e+6 
        6252.16      7.04914e+6 
        6262.16      7.03682e+6 
        6273.26      7.02309e+6 
        6284.63      7.00902e+6 
        6295.99      6.99491e+6 
        6306.09      6.98235e+6 
        6316.22      6.96972e+6 
        6328.25      6.95467e+6 
        6343.24      6.93585e+6 
        6358.24      6.91697e+6 
        6373.23      6.89796e+6 
        6388.23       6.8788e+6 
        6403.23      6.85948e+6 
        6418.22      6.83991e+6 
        6433.22      6.81999e+6 
        6448.22      6.79951e+6 
        6463.21      6.77817e+6 
        6478.21      6.75534e+6 
         6493.2      6.72961e+6 
         6508.2      6.69766e+6 
        6523.19      6.64943e+6 
         6536.1      6.56593e+6 
        6546.46      6.38912e+6 
        6556.84      5.64764e+6 
        6566.99      5.28224e+6 
         6577.3      6.29767e+6 
        6587.91      6.48984e+6 
        6598.17      6.54343e+6 
        6613.66      6.56282e+6 
        6623.98      6.56172e+6 
        6644.62      6.54783e+6 
        6660.33      6.53272e+6 
         6685.9      6.50476e+6 
        6711.48      6.47489e+6 
        6762.62      6.41322e+6 
        6802.75      6.36396e+6 
        6813.77      6.35035e+6 
        6824.78      6.33675e+6 
        6846.81      6.30973e+6 
        6890.86      6.25554e+6 
        6978.98        6.147e+6 
        7025.03      6.09029e+6 
        7067.09      6.03855e+6 
        7109.15       5.9869e+6 
        7193.26      5.88508e+6 
        7277.38      5.78373e+6 
        7329.48      5.72128e+6 
         7361.5      5.68302e+6 
        7393.51      5.64497e+6 
        7457.55      5.56986e+6 
        7521.58      5.49518e+6 
        7585.61      5.42101e+6 
        7621.41      5.37982e+6 
        7649.65       5.3474e+6 
        7677.88       5.3151e+6 
        7734.35      5.25152e+6 
        7790.83       5.1884e+6 
         7847.3       5.1257e+6 
        7903.77      5.06349e+6 
        7958.24      5.00393e+6 
        7974.27      4.98662e+6 
         7990.3      4.96934e+6 
        8022.35      4.93491e+6 
        8082.55      4.87073e+6 
        8142.75      4.80739e+6 
        8200.85      4.74682e+6 
        8216.85      4.73033e+6 
        8232.84      4.71387e+6 
        8264.83       4.6811e+6 
        8289.72      4.65571e+6 
        8328.82      4.61604e+6 
        8343.44      4.60127e+6 
        8367.92      4.57664e+6 
        8388.68      4.55594e+6 
        8408.65      4.53608e+6 
        8432.02      4.51296e+6 
        8467.25      4.47825e+6 
        8502.48      4.44375e+6 
        8516.58      4.43002e+6 
        8530.98      4.41601e+6 
        8545.38      4.40213e+6 
        8574.18      4.37457e+6 
        8598.39      4.35139e+6 
         8628.6       4.3228e+6 
        8646.81      4.30558e+6 
        8665.01      4.28827e+6 
        8685.59      4.26911e+6 
        8701.43      4.25428e+6 
        8750.47      4.20832e+6 
        8767.92      4.19252e+6 
        8815.35      4.14894e+6 
        8862.78      4.10531e+6 
        8900.38      4.07257e+6 
        8957.65      4.02184e+6 
        9014.91      3.96918e+6 
        9044.62      3.94575e+6 
        9072.17      3.92196e+6 
        9099.72      3.89831e+6 
        9154.81      3.85178e+6 
         9190.8      3.82156e+6 
         9209.9      3.80535e+6 
        9229.01       3.7837e+6 
        9267.22      3.75829e+6 
        9305.43      3.72712e+6 
        9379.63      3.66709e+6 
        9397.45      3.65289e+6 
        9415.28      3.63878e+6 
        9450.94      3.61073e+6 
        9498.52      3.57347e+6 
        9522.24      3.55465e+6 
         9534.1      3.54412e+6 
        9545.97      3.52254e+6 
        9557.83      3.52587e+6 
        9569.68      3.51818e+6 
        9587.48      3.50498e+6 
         9611.2      3.48707e+6 
        9648.83      3.45867e+6 
        9668.45      3.44394e+6 
        9688.08      3.42939e+6 
        9727.33      3.40049e+6 
        9805.83      3.34341e+6 
        9815.86      3.33618e+6 
        9884.34      3.28721e+6 
        9952.82      3.23886e+6 
        9993.24      3.21083e+6 
        10007.3      3.20106e+6 
        10021.3      3.19098e+6 
        10035.3      3.17932e+6 
        10045.9      3.15906e+6 
        10056.4      3.15981e+6 
        10068.7      3.15796e+6 
        10082.7      3.14957e+6 
        10110.8      3.13113e+6 
        10166.9      3.09386e+6 
        10208.8      3.06621e+6 
          10223      3.05692e+6 
        10237.2      3.04766e+6 
        10265.5       3.0297e+6 
        10322.3      2.99409e+6 
          10379      2.95887e+6 
        10435.7      2.92406e+6 
        10492.4      2.88964e+6 
        10549.1      2.85562e+6 
        10605.8        2.822e+6 
        10662.5      2.78877e+6 
        10719.2      2.75592e+6 
        10775.9      2.72346e+6 
        10832.7      2.69132e+6 
          10865      2.67306e+6 
        10877.2      2.66615e+6 
        10889.4      2.65916e+6 
        10901.5      2.65193e+6 
        10913.7      2.64392e+6 
        10925.9       2.6316e+6 
        10936.6      2.58124e+6 
        10949.5       2.6178e+6 
        10961.7      2.61744e+6 
        10973.9      2.61217e+6 
        10998.2      2.59965e+6 
        11046.9      2.57366e+6 
        11144.4      2.52201e+6 
        11222.8       2.4812e+6 
        11241.8      2.47137e+6 
        11260.9      2.46159e+6 
          11299      2.44301e+6 
        11375.3      2.40627e+6 
        11451.6      2.37008e+6 
        11527.9      2.33445e+6 
        11604.2      2.29936e+6 
        11680.4      2.26482e+6 
        11756.7      2.23081e+6 
          11833      2.19733e+6 
        11909.3      2.16438e+6 
        11985.5      2.13194e+6 
        12061.8      2.10001e+6 
        12138.1      2.06859e+6 
        12214.4      2.03768e+6 
        12284.6      2.00965e+6 
        12354.9      1.98347e+6 
        12425.1      1.95764e+6 
        12495.4      1.93214e+6 
        12565.6      1.90698e+6 
        12635.9       1.8821e+6 
        12706.2      1.85736e+6 
        12734.8      1.84715e+6 
        12755.6      1.83941e+6 
          12766      1.83526e+6 
        12776.4      1.83065e+6 
        12786.8      1.82495e+6 
        12797.2      1.81596e+6 
        12807.7       1.7925e+6 
        12817.7      1.66769e+6 
        12828.3      1.78484e+6 
        12841.3      1.80285e+6 
        12851.7      1.80361e+6 
        12862.2      1.80191e+6 
          12883      1.79637e+6 
        12924.6      1.78332e+6 
        13007.9      1.75627e+6 
        13091.2      1.72941e+6 
        13174.5      1.70294e+6 
        13207.4      1.69262e+6 
        13257.9      1.67687e+6 
        13308.4      1.66128e+6 
        13358.8       1.6468e+6 
        13409.3      1.63245e+6 
        13459.8      1.61823e+6 
        13510.3      1.60414e+6 
        13560.8      1.59018e+6 
        13611.3      1.57635e+6 
        13661.8      1.56267e+6 
        13712.3      1.54919e+6 
        13762.8      1.53583e+6 
        13813.3       1.5226e+6 
        13863.8      1.50949e+6 
        13914.3      1.49649e+6 
        13964.8      1.48361e+6 
        14015.3      1.47084e+6 
        14065.8      1.45819e+6 
        14116.3      1.44566e+6 
        14166.8      1.43325e+6 
        14217.3      1.42096e+6 
        14267.8      1.40878e+6 
        14304.5      1.39999e+6 
        14318.3      1.39671e+6 
        14332.1      1.39344e+6 
        14359.6      1.38718e+6 
        14371.7      1.38444e+6 
        14414.7      1.37475e+6 
        14457.6      1.36511e+6 
        14503.9      1.35489e+6 
        14543.6       1.3462e+6 
        14581.2        1.338e+6 
        14597.2      1.33461e+6 
        14613.2      1.33124e+6 
        14645.2      1.32454e+6 
        14709.2      1.31121e+6 
        14773.2      1.29801e+6 
        14837.1      1.28493e+6 
        14901.1      1.27196e+6 
        14965.1      1.25911e+6 
        15029.1      1.24639e+6 
        15093.1      1.23378e+6 
        15157.1      1.22129e+6 
          15221      1.20893e+6 
          15285      1.19668e+6 
          15349      1.18454e+6 
          15413      1.17253e+6 
        15471.6      1.16163e+6 
        15482.4      1.15964e+6 
        15493.1      1.15755e+6 
        15514.7      1.15339e+6 
        15557.9      1.14513e+6 
        15644.2      1.12877e+6 
        15730.5      1.11265e+6 
        15816.8      1.09678e+6 
        15903.1      1.08114e+6 
        15989.4      1.06573e+6 
        16075.8      1.05055e+6 
        16162.1       1.0356e+6 
        16248.4      1.02088e+6 
        16289.9      1.01388e+6 
        16334.7      1.00638e+6 
        16379.5          998938 
        16469.1          981327 
        16558.8          964092 
        16648.4          947228 
          16738          930722 
        16827.7          914571 
        16917.3          898759 
        17006.9          883284 
        17096.6          868132 
        17186.2          853297 
        17275.8          838774 
        17327.7          830508 
        17365.5          824552 
        17403.2          818646 
        17478.8          806981 
        17554.3          795520 
        17629.9          784255 
        17705.4          773187 
          17781          762311 
        17856.5          751623 
        17932.1          741117 
        18007.6          730650 
        18083.2          720471 
        18158.7          710452 
        18234.3          700588 
        18309.8          690855 
        18343.7          686520 
        18385.3          681229 
          18427          675948 
        18510.2          665317 
        18551.8          659841 
        18593.4          654032 
          18635          647344 
        18657.9          642704 
        18676.6          637803 
        18695.2          630716 
        18709.2          622356 
        18720.8          611071 
        18731.3          593604 
        18741.8          558569 
          18752          485982 
        18764.2          572078 
        18775.9          597936 
        18789.8          611388 
        18808.5          618677 
        18836.4          621596 
          18855          621486 
        18873.7          620640 
        18910.9          617892 
        18948.2          614502 
        18985.5          610842 
          19060          603220 
        19134.5          595505 
          19209          587823 
        19283.6          580224 
        19358.1          572722 
        19414.6          567108 
        19432.6          565330 
        19450.7          563555 
        19486.8          560023 
        19558.9          553115 
        19631.1          546226 
        19703.3          539440 
        19775.5          532761 
        19847.7          526179 
        19919.8          519701 
          19992          513317 
        20064.2          507034 
        20136.4          500842 
        20208.5          494744 
        20280.7          488738 
        20352.9          482822 
        20375.8          480965 
        20425.1          476994 
        20474.4          473061 
          20573          465314 
        20671.7          457724 
        20770.3          450284 
        20868.9          442996 
        20967.5          435852 
        21066.2          428846 
        21164.8          421982 
        21263.4          415253 
          21362          408655 
        21460.7          402187 
          21488          400418 
        21559.3          395844 
        21630.6          391336 
        21701.9          386890 
        21773.2          382508 
        21844.6          378185 
        21915.9          373922 
        21987.2          369721 
        22058.5          365578 
        22129.8          361490 
        22201.1          357460 
        22272.4          353483 
        22343.8          349562 
        22415.1          345695 
        22486.4          341881 
        22557.7          338117 
          22629          334407 
        22700.3          330747 
        22756.4          327901 
        22771.6          327134 
        22784.8          326471 
        22800.8          325670 
        22816.8          324869 
        22848.8          323279 
        22912.8          320128 
        22976.8          317015 
        23040.8          313937 
        23104.8          310897 
        23168.7          307893 
        23232.7          304925 
        23296.7          301993 
        23360.7          299095 
        23424.7          296232 
        23488.6          293402 
        23552.6          290606 
        23616.6          287843 
        23680.6          285112 
        23744.6          282413 
        23808.6          279746 
        23872.5          277110 
        23936.5          274504 
        24000.5          271929 
        24064.5          269383 
        24128.5          266867 
        24192.5          264380 
        24256.4          261922 
        24320.4          259491 
        24384.4          257089 
        24448.4          254714 
        24512.4          252366 
        24576.3          250045 
        24640.3          247750 
        24704.3          245482 
        24768.3          243239 
        24832.3          241021 
        24896.3          238828 
        24960.2          236660 
        25004.4          235177 
        25024.2          234517 
          25044          233859 
        25083.6          232549 
        25162.8          229959 
        25241.9          227403 
        25321.1          224883 
        25400.2          222397 
        25479.4          219946 
        25558.5          217528 
        25637.7          215142 
        25716.9          212789 
          25796          210468 
        25875.2          208178 
        25954.3          205919 
        26033.5          203690 
        26112.7          201491 
        26191.8          199321 
          26271          197180 
        26350.1          195068 
        26429.3          192983 
        26508.4          190926 
        26587.6          188896 
        26666.8          186893 
        26745.9          184917 
        26825.1          182965 
        26904.2          181040 
        26983.4          179140 
        27062.6          177264 
        27141.7          175412 
        27220.9          173585 
        27299.2          171799 
        27377.5          170037 
        27455.8          168297 
        27534.2          166580 
        27612.5          164884 
        27690.8          163209 
        27769.1          161555 
        27847.5          159923 
        27925.8          158310 
        28004.1          156718 
        28082.4          155145 
        28160.8          153592 
        28239.1          152058 
        28317.4          150544 
        28395.7          149047 
          28474          147569 
        28552.4          146110 
        28630.7          144668 
          28709          143244 
        28787.3          141837 
        28865.7          140447 
          28944          139075 
        29022.3          137718 
        29100.6          136378 
          29179          135055 
        29257.3          133747 
        29335.6          132455 
        29413.9          131178 
        29492.3          129916 
        29570.6          128670 
        29648.9          127438 
        29727.2          126221 
        29805.5          125019 
        29883.9          123830 
        29932.6          123098 
        29962.2          122656 
        29991.8          122215 
