# Koester WD models
# teff = 5000 K (value for the effective temperature for the model. Temperatures are given in K)
# logg = 7.25 log(cm/s2) (value for Log(G) for the model.)
#
# column 1: WAVELENGTH (ANGSTROM), Wavelength in Angstrom
# column 2: FLUX (ERG/CM2/S/A), Flux in erg/cm2/s/A
         899.23     0.000145602 
        909.241     0.000209902 
        919.251     0.000300021 
        929.261     0.000424448 
        939.271     0.000589404 
         949.28     0.000834611 
        959.289      0.00115421 
        969.297      0.00161253 
        979.305       0.0022198 
        989.312      0.00302206 
        999.319       0.0040792 
        1009.33      0.00546643 
        1019.33      0.00727536 
        1029.34      0.00961422 
        1039.34        0.012648 
        1049.35       0.0165179 
        1059.36       0.0214592 
        1069.36       0.0277154 
        1079.36       0.0356307 
        1089.37       0.0455449 
        1099.37       0.0579693 
        1109.38       0.0733879 
        1119.38       0.0925887 
        1129.38        0.116223 
        1139.39        0.145168 
        1149.39        0.180328 
        1159.39        0.222024 
        1169.39        0.270003 
         1179.4        0.328626 
         1189.4        0.404376 
         1199.4        0.494967 
         1209.4        0.606239 
        1219.41        0.735513 
        1229.41        0.877645 
        1239.41         1.05473 
        1249.41         1.26525 
        1259.41         1.51343 
        1269.41          1.8074 
        1279.42         2.15784 
        1289.42         2.56618 
        1299.42         3.03696 
        1309.42         3.58616 
        1319.42          4.2174 
        1329.42         4.94933 
        1339.42         5.78728 
        1349.42         6.75028 
        1359.42         7.85898 
        1369.42         9.11348 
        1379.42         10.5488 
        1389.42         12.1871 
        1399.42         14.0346 
        1409.42         16.1198 
        1419.42         18.4987 
        1429.42         21.1801 
        1439.42         24.1589 
        1454.42         29.3336 
        1464.42         33.3543 
        1474.42          37.853 
        1489.42         45.4378 
        1504.42         54.3049 
        1514.42         61.1263 
        1529.42         72.9274 
        1544.42         86.4617 
        1559.42          101.74 
        1570.19         113.965 
        1584.41         132.377 
        1599.41         154.627 
        1614.41         180.504 
        1629.41         211.072 
        1644.41         247.188 
        1659.41         287.878 
        1670.17         320.257 
         1684.4         367.852 
         1699.4         425.563 
         1714.4         490.428 
         1729.4         563.071 
         1744.4         643.486 
        1759.39         731.149 
         1771.7          810.11 
        1784.39          900.45 
        1799.39         1018.21 
        1814.38         1147.62 
        1829.38         1290.27 
        1840.15         1401.27 
        1850.92         1520.23 
           1864         1677.24 
        1876.29         1836.08 
        1888.59         2008.34 
        1900.88         2194.09 
        1913.17         2394.22 
        1925.56         2609.87 
        1937.95         2845.47 
        1950.34         3097.97 
        1962.56         3359.93 
        1974.62          3636.3 
        1986.68         3931.23 
        2004.77         4410.98 
        2015.84            4728 
        2031.63         5218.66 
        2047.42         5739.19 
        2059.38         6161.39 
        2074.69         6741.07 
        2089.99         7367.51 
         2105.3         8041.66 
        2116.25         8554.81 
         2127.2         9096.58 
        2138.15         9676.92 
         2149.1         10274.9 
        2165.47         11222.7 
        2181.85         12237.8 
        2198.22         13328.9 
         2214.5         14495.6 
        2226.91           15432 
        2239.33         16417.1 
        2251.74         17453.1 
        2263.91         18539.2 
        2276.09         19756.1 
        2288.26         21017.9 
        2300.43         22350.3 
        2312.08         23701.9 
        2328.94         25673.6 
        2345.79         27785.3 
        2362.35         30008.9 
        2378.92         32405.5 
        2395.48         34972.5 
        2409.27         37264.3 
        2423.07         39724.5 
        2436.86         42345.2 
        2450.66         45088.8 
        2460.79         47322.4 
        2474.59         50545.7 
        2492.99         55177.4 
        2510.01         59933.1 
        2527.04         64843.1 
        2543.14         69783.9 
        2555.21         73687.9 
        2567.28         78119.2 
        2579.35         82995.9 
        2591.43           88302 
        2607.52         95981.9 
        2623.62          104002 
        2637.85          111618 
        2652.72          120187 
        2667.58          128320 
         2687.4          139088 
        2707.21          150446 
        2727.03          162434 
        2737.59          169082 
        2756.11          181225 
        2774.63          194728 
        2793.15          208900 
        2811.67          223754 
        2830.19          239299 
        2842.89          250356 
        2854.55          260780 
        2866.21          272307 
        2877.87          284261 
        2889.53          296582 
        2901.19          309264 
        2924.51          335723 
        2942.69          357388 
        2952.98          370076 
        2963.28          382476 
        2983.87          408055 
        2998.68          427131 
        3025.05          462571 
        3038.24          481160 
        3051.42          500248 
        3064.61          522086 
        3077.79          544520 
        3090.97          567576 
        3117.34          615532 
        3137.57          653941 
        3149.86          677946 
        3162.14          704838 
        3174.43          732443 
        3199.01          790208 
        3223.58          850772 
        3248.01          913679 
        3266.18          950439 
        3284.35          987726 
        3294.66      1.00918e+6 
         3320.7      1.06434e+6 
        3346.73      1.12089e+6 
        3372.76       1.1798e+6 
         3398.8      1.24003e+6 
        3439.46       1.3366e+6 
        3491.53      1.46311e+6 
         3543.6       1.5933e+6 
        3591.28      1.71508e+6 
        3635.88      1.83092e+6 
        3647.12      1.86072e+6 
        3658.96      1.89223e+6 
        3671.11      1.92455e+6 
        3682.58      1.95499e+6 
         3693.5      1.98391e+6 
        3703.57      2.01054e+6 
        3713.83      2.03762e+6 
        3724.38      2.06393e+6 
        3734.43      2.08657e+6 
        3744.62      2.10961e+6 
        3754.84      2.13261e+6 
        3765.07      2.15563e+6 
         3775.5      2.17917e+6 
        3786.22       2.2033e+6 
        3796.45      2.22617e+6 
        3807.84      2.25168e+6 
        3818.92      2.27648e+6 
        3830.45      2.30299e+6 
        3840.76       2.3267e+6 
        3851.98      2.35252e+6 
        3862.01      2.37538e+6 
        3872.59      2.39931e+6 
         3884.4      2.42515e+6 
        3894.46      2.44788e+6 
        3908.89      2.48078e+6 
        3923.89      2.51558e+6 
        3935.81       2.5437e+6 
        3946.58       2.5688e+6 
        3957.31      2.59316e+6 
        3967.38      2.61103e+6 
        3977.86      2.63925e+6 
        3988.87      2.66574e+6 
        4003.87      2.69968e+6 
        4018.86      2.73347e+6 
        4032.38      2.76399e+6 
        4043.86      2.78956e+6 
        4058.85      2.82247e+6 
        4073.85      2.85465e+6 
           4084      2.87552e+6 
        4096.52      2.89268e+6 
        4106.79      2.91359e+6 
        4117.77      2.94669e+6 
        4128.84       2.9716e+6 
        4143.83      3.00364e+6 
        4158.83       3.0348e+6 
        4173.82      3.06527e+6 
        4188.82      3.09511e+6 
        4203.81      3.12432e+6 
        4216.52      3.14898e+6 
        4228.81      3.17244e+6 
        4243.81       3.2005e+6 
         4258.8      3.22789e+6 
         4273.8       3.2546e+6 
        4288.79      3.28055e+6 
        4303.79      3.30552e+6 
        4314.07       3.3211e+6 
        4326.14      3.33527e+6 
        4336.17      3.31341e+6 
        4346.17      3.34165e+6 
        4357.43      3.38554e+6 
        4367.98      3.40464e+6 
        4378.77      3.42157e+6 
        4393.77      3.44375e+6 
        4408.76      3.46313e+6 
        4423.76      3.48057e+6 
        4438.75      3.49766e+6 
        4453.75      3.51444e+6 
        4468.74      3.53093e+6 
        4483.74      3.54711e+6 
        4498.74      3.56376e+6 
        4513.73      3.58453e+6 
        4527.19      3.60253e+6 
        4538.73      3.61758e+6 
        4553.72      3.63655e+6 
        4568.72      3.65487e+6 
        4583.72      3.67258e+6 
        4596.53        3.687e+6 
        4608.71      3.69929e+6 
         4623.7      3.71405e+6 
         4638.7      3.72838e+6 
         4653.7      3.74236e+6 
        4668.69      3.75596e+6 
        4683.69      3.76919e+6 
        4698.68      3.78182e+6 
        4713.68      3.79388e+6 
        4724.83      3.80265e+6 
        4738.67      3.81327e+6 
        4753.67      3.82442e+6 
        4768.67      3.83522e+6 
        4783.66      3.84562e+6 
        4798.66      3.85536e+6 
        4813.65      3.86416e+6 
        4828.65      3.87072e+6 
        4839.16      3.87063e+6 
        4850.22       3.8465e+6 
        4860.36      3.56916e+6 
        4870.86      3.84719e+6 
        4882.91      3.89655e+6 
        4893.63       3.9099e+6 
        4908.63      3.92149e+6 
         4921.7      3.92969e+6 
        4933.62      3.93648e+6 
        4948.62      3.94455e+6 
        4963.61      3.95222e+6 
        4978.61      3.95957e+6 
        4993.61      3.96657e+6 
         5008.6      3.97324e+6 
         5023.6      3.97968e+6 
        5038.59       3.9859e+6 
        5053.59       3.9919e+6 
        5068.59      3.99768e+6 
        5083.58      4.00317e+6 
        5098.58      4.00826e+6 
        5113.57       4.0132e+6 
        5128.57      4.01791e+6 
        5143.57      4.02243e+6 
        5158.56       4.0268e+6 
        5173.56      4.03095e+6 
        5188.55      4.03472e+6 
        5203.55      4.03823e+6 
        5218.55       4.0416e+6 
        5233.54       4.0448e+6 
        5248.54      4.04782e+6 
        5263.53      4.05071e+6 
        5278.53      4.05372e+6 
        5293.52      4.05727e+6 
        5308.52      4.06063e+6 
        5323.52      4.06378e+6 
        5338.51      4.06667e+6 
        5353.51      4.06937e+6 
        5368.51      4.07188e+6 
         5383.5      4.07342e+6 
         5398.5      4.07461e+6 
        5413.49      4.07565e+6 
        5428.49      4.07653e+6 
        5443.48      4.07732e+6 
        5458.48      4.07791e+6 
        5473.48       4.0786e+6 
        5488.47      4.07958e+6 
        5503.47      4.08039e+6 
        5518.47      4.08109e+6 
        5533.46      4.08159e+6 
        5548.46      4.08197e+6 
        5563.45      4.08219e+6 
        5578.45      4.08225e+6 
        5593.44      4.08219e+6 
        5608.44      4.08197e+6 
        5623.44      4.08159e+6 
        5638.43      4.08109e+6 
        5653.43      4.08046e+6 
        5668.43      4.07974e+6 
        5682.86      4.07886e+6 
        5693.42      4.07816e+6 
        5704.77      4.07732e+6 
        5715.23       4.0765e+6 
        5728.41      4.07537e+6 
         5743.4      4.07395e+6 
         5758.4      4.07245e+6 
         5773.4      4.07069e+6 
        5788.39      4.06893e+6 
        5803.39      4.06704e+6 
        5818.39      4.06503e+6 
        5833.38      4.06293e+6 
        5848.38      4.06073e+6 
        5863.37       4.0584e+6 
        5878.37      4.05595e+6 
        5893.36      4.05344e+6 
        5908.36       4.0508e+6 
        5923.36      4.04804e+6 
        5938.35      4.04521e+6 
        5953.35      4.04226e+6 
        5968.34      4.03918e+6 
        5983.34        4.036e+6 
        5998.34      4.03274e+6 
        6013.33      4.02938e+6 
        6028.33      4.02592e+6 
        6043.32      4.02237e+6 
        6058.32      4.01873e+6 
        6073.32      4.01499e+6 
        6088.31      4.01115e+6 
        6103.31      4.00726e+6 
         6118.3      4.00327e+6 
         6133.3      3.99918e+6 
         6148.3      3.99501e+6 
        6163.29      3.99077e+6 
        6178.29      3.98643e+6 
        6193.28        3.982e+6 
        6208.28      3.97751e+6 
        6223.28      3.97292e+6 
        6238.27      3.96824e+6 
        6252.16      3.96387e+6 
        6262.16      3.96067e+6 
        6273.26      3.95706e+6 
        6284.63      3.95335e+6 
        6295.99      3.94955e+6 
        6306.09      3.94615e+6 
        6316.22      3.94273e+6 
        6328.25      3.93858e+6 
        6343.24      3.93334e+6 
        6358.24        3.928e+6 
        6373.23      3.92253e+6 
        6388.23      3.91697e+6 
        6403.23      3.91125e+6 
        6418.22      3.90535e+6 
        6433.22      3.89925e+6 
        6448.22      3.89281e+6 
        6463.21       3.8859e+6 
        6478.21      3.87817e+6 
         6493.2        3.869e+6 
         6508.2      3.85674e+6 
        6523.19      3.83664e+6 
         6536.1      3.79985e+6 
        6546.46      3.72316e+6 
        6556.48      3.46986e+6 
        6566.54      3.31482e+6 
        6577.95      3.69731e+6 
        6588.18      3.77481e+6 
        6603.34      3.80692e+6 
        6613.66      3.81301e+6 
        6623.98      3.81455e+6 
         6634.3      3.81386e+6 
        6654.94      3.80921e+6 
        6680.98       3.8006e+6 
        6696.23      3.79489e+6 
        6711.48      3.78892e+6 
        6741.98      3.77648e+6 
        6781.19      3.75983e+6 
        6802.98      3.75031e+6 
        6824.78      3.74069e+6 
        6868.37      3.72128e+6 
        6955.56      3.68126e+6 
        6976.35      3.67152e+6 
        7042.75      3.63997e+6 
        7109.15      3.60777e+6 
        7175.54      3.57545e+6 
        7241.94      3.54259e+6 
        7308.33      3.50925e+6 
        7355.95      3.48513e+6 
        7374.73      3.47561e+6 
        7393.51      3.46599e+6 
        7431.08      3.44692e+6 
        7506.22      3.40847e+6 
        7581.35      3.36967e+6 
         7635.1      3.34174e+6 
        7656.49      3.33059e+6 
        7677.88      3.31941e+6 
        7720.67      3.29726e+6 
        7806.23      3.25277e+6 
        7821.36      3.24489e+6 
         7891.8      3.20807e+6 
        7962.25      3.17119e+6 
        7982.84      3.16047e+6 
        8032.69      3.13451e+6 
        8082.55      3.10855e+6 
        8161.68      3.06752e+6 
        8182.26      3.05685e+6 
        8200.85      3.04721e+6 
        8216.85      3.03896e+6 
        8232.84      3.03072e+6 
        8264.83      3.01424e+6 
        8289.72      3.00143e+6 
        8328.82      2.98133e+6 
        8343.44      2.97381e+6 
        8367.92      2.96124e+6 
        8388.68      2.95065e+6 
        8408.65      2.94048e+6 
        8432.02      2.92857e+6 
        8467.25      2.91066e+6 
        8502.48      2.89277e+6 
        8516.58      2.88562e+6 
        8530.98      2.87832e+6 
        8545.38       2.8711e+6 
        8574.18      2.85665e+6 
        8598.39      2.84452e+6 
         8628.6      2.82942e+6 
        8646.81      2.82033e+6 
        8665.01      2.81124e+6 
        8685.59        2.801e+6 
        8701.43      2.79312e+6 
        8750.47      2.76877e+6 
        8767.92      2.76014e+6 
        8815.35      2.73671e+6 
        8862.78      2.71361e+6 
        8900.38      2.69537e+6 
        8957.65       2.6677e+6 
        9014.91      2.64015e+6 
        9044.62      2.62593e+6 
        9072.17      2.61278e+6 
        9099.72      2.59967e+6 
        9154.81      2.57381e+6 
         9190.8        2.557e+6 
         9209.9       2.5481e+6 
        9229.01      2.53919e+6 
        9267.22      2.52151e+6 
         9303.2       2.5049e+6 
        9343.64      2.48632e+6 
        9384.08      2.46783e+6 
        9464.96      2.43148e+6 
        9545.72      2.39544e+6 
        9561.21      2.38865e+6 
        9576.69      2.38183e+6 
        9607.66       2.3682e+6 
        9668.45       2.3416e+6 
        9729.24      2.31548e+6 
        9790.04      2.28956e+6 
        9850.83      2.26386e+6 
        9870.42      2.25562e+6 
        9911.62      2.23837e+6 
        9952.82      2.22121e+6 
        10021.1      2.19325e+6 
        10035.2      2.18743e+6 
        10049.4      2.18152e+6 
        10077.7      2.17032e+6 
        10134.2      2.14764e+6 
        10144.5      2.14355e+6 
        10190.8       2.1251e+6 
        10237.2      2.10677e+6 
        10329.9      2.07142e+6 
        10422.6      2.03658e+6 
        10515.3      2.00217e+6 
          10608      1.96824e+6 
        10700.7      1.93479e+6 
        10793.4      1.90183e+6 
        10834.1       1.8875e+6 
        10886.1       1.8693e+6 
        10938.1      1.85048e+6 
        10990.1      1.83349e+6 
          11042      1.81588e+6 
          11094      1.79837e+6 
          11146      1.78102e+6 
          11198      1.76382e+6 
          11239      1.75034e+6 
          11250      1.74677e+6 
        11260.9      1.74319e+6 
        11282.8      1.73638e+6 
        11326.6      1.72282e+6 
        11414.2      1.69598e+6 
        11501.8      1.66951e+6 
        11589.4      1.64342e+6 
          11677      1.61771e+6 
        11764.6      1.59238e+6 
        11852.2      1.56741e+6 
        11939.8      1.54282e+6 
        12027.4      1.51861e+6 
          12115      1.49476e+6 
        12202.6      1.47128e+6 
        12284.6      1.44962e+6 
        12366.6      1.42941e+6 
        12448.7      1.40945e+6 
        12530.7      1.38975e+6 
        12612.7      1.37031e+6 
        12694.7      1.35109e+6 
        12735.4      1.34158e+6 
        12776.7      1.33168e+6 
        12818.1      1.31953e+6 
        12900.8      1.30397e+6 
        12983.5      1.28568e+6 
        13066.2      1.26755e+6 
        13148.9      1.24966e+6 
        13231.6      1.23202e+6 
        13308.4      1.21586e+6 
        13385.1      1.20102e+6 
        13461.9      1.18633e+6 
        13538.7      1.17182e+6 
        13615.5      1.15747e+6 
        13692.3      1.14329e+6 
        13769.1      1.12927e+6 
        13845.9      1.11542e+6 
        13922.7      1.10174e+6 
        13999.5      1.08821e+6 
        14076.2      1.07486e+6 
          14153      1.06166e+6 
        14229.8      1.04862e+6 
        14281.2         1.04e+6 
        14306.6      1.03575e+6 
        14332.1      1.03151e+6 
          14383      1.02348e+6 
        14410.1      1.01923e+6 
        14427.1      1.01657e+6 
        14457.6      1.01182e+6 
        14505.2      1.00454e+6 
        14581.2          992991 
        14597.2          990664 
        14613.2          988370 
        14645.2          983793 
        14709.2          974692 
        14773.2          965656 
        14837.1          956694 
        14901.1          947797 
        14965.1          938969 
        15029.1          930213 
        15093.1          921533 
        15157.1          912919 
          15221          904373 
          15285          895901 
          15349          887497 
          15413          879168 
        15471.6          871607 
        15482.4          870218 
        15493.1          868817 
        15514.7          866015 
        15557.9          860435 
        15644.2          849367 
        15730.5          838428 
        15816.8          827618 
        15903.1          816940 
        15989.4          806387 
        16075.8          795960 
        16162.1          785662 
        16248.4          775496 
        16289.9          770652 
        16334.7          765452 
        16379.5          760291 
        16469.1          747624 
        16558.8          735214 
        16648.4          723053 
          16738          711134 
        16827.7          699454 
        16917.3          688003 
        17006.9          676778 
        17096.6          665776 
        17186.2          654991 
        17275.8          644416 
        17327.7          638390 
        17365.5          634049 
        17403.2          629739 
        17478.8          621219 
        17554.3          612837 
        17629.9          604590 
        17705.4          596482 
          17781          588502 
        17856.5          580654 
        17932.1          572932 
        18007.6          565257 
        18083.2          557768 
        18158.7          550391 
        18234.3          543122 
        18309.8          535953 
        18343.7          532758 
        18385.3          528862 
          18427          524982 
        18510.2          517213 
        18593.4          509148 
        18639.3          504144 
        18657.9          501791 
        18676.6          499064 
        18695.2          495690 
        18713.8          491210 
        18732.5          485081 
        18746.5          480186 
        18760.4          480139 
        18774.4          482954 
        18788.4          485046 
        18816.3          486557 
          18835          486375 
        18872.2          484738 
        18909.5          482351 
          18984          476853 
        19058.5          471085 
        19133.1          465292 
        19207.6          459536 
        19282.1          453847 
        19356.6          448230 
        19411.7          444133 
        19431.2          442691 
        19450.7          441252 
        19489.7          438397 
        19567.7          432792 
        19645.7          427225 
        19723.7          421743 
        19801.7          416349 
        19879.7          411040 
        19957.7          405815 
        20035.7          400669 
        20113.7          395602 
        20191.7          390613 
        20269.7          385703 
        20347.7          380868 
          20377          379071 
        20425.7          376105 
        20474.4          373171 
        20571.8          367381 
        20669.2          361704 
        20766.7          356134 
        20864.1          350668 
        20961.5          345305 
        21058.9          340043 
        21156.4          334878 
        21253.8          329808 
        21351.2          324834 
        21448.6          319949 
        21461.5          319315 
          21546          315158 
        21630.6          311068 
        21715.2          307044 
        21799.8          303084 
        21884.3          299187 
        21968.9          295351 
        22053.5          291576 
        22138.1          287860 
        22222.6          284202 
        22307.2          280601 
        22391.8          277056 
        22476.3          273566 
        22560.9          270130 
        22645.5          266747 
        22673.3          265646 
        22730.1          263416 
        22784.8          261285 
        22800.8          260667 
        22816.8          260051 
        22848.8          258825 
        22912.8          256393 
        22976.8          253989 
        23040.8          251612 
        23104.8          249263 
        23168.7          246941 
        23232.7          244646 
        23296.7          242377 
        23360.7          240133 
        23424.7          237916 
        23488.6          235723 
        23552.6          233555 
        23616.6          231412 
        23680.6          229293 
        23744.6          227198 
        23808.6          225126 
        23872.5          223078 
        23936.5          221052 
        24000.5          219049 
        24064.5          217069 
        24128.5          215111 
        24192.5          213174 
        24256.4          211259 
        24320.4          209365 
        24384.4          207491 
        24448.4          205639 
        24512.4          203806 
        24576.3          201994 
        24640.3          200202 
        24704.3          198429 
        24768.3          196676 
        24832.3          194942 
        24896.3          193226 
        24960.2          191530 
        25004.4          190368 
        25024.2          189851 
          25044          189336 
        25083.6          188311 
        25162.8          186280 
        25241.9          184277 
        25321.1          182301 
        25400.2          180350 
        25479.4          178425 
        25558.5          176526 
        25637.7          174652 
        25716.9          172801 
          25796          170976 
        25875.2          169174 
        25954.3          167395 
        26033.5          165639 
        26112.7          163906 
        26191.8          162196 
          26271          160507 
        26350.1          158840 
        26429.3          157195 
        26508.4          155570 
        26587.6          153967 
        26666.8          152383 
        26745.9          150820 
        26825.1          149276 
        26904.2          147752 
        26983.4          146247 
        27062.6          144761 
        27141.7          143294 
        27220.9          141845 
        27299.2          140429 
        27377.5          139031 
        27455.8          137650 
        27534.2          136287 
        27612.5          134940 
        27690.8          133609 
        27769.1          132294 
        27847.5          130996 
        27925.8          129713 
        28004.1          128446 
        28082.4          127194 
        28160.8          125957 
        28239.1          124735 
        28317.4          123527 
        28395.7          122334 
          28474          121156 
        28552.4          119991 
        28630.7          118840 
          28709          117703 
        28787.3          116579 
        28865.7          115468 
          28944          114371 
        29022.3          113286 
        29100.6          112215 
          29179          111155 
        29257.3          110108 
        29335.6          109073 
        29413.9          108050 
        29492.3          107040 
        29570.6          106040 
        29648.9          105053 
        29727.2          104076 
        29805.5          103111 
        29883.9          102157 
        29932.6          101569 
        29962.2          101214 
        29991.8          100861 
