# Koester WD models
# teff = 5000 K (value for the effective temperature for the model. Temperatures are given in K)
# logg = 9 log(cm/s2) (value for Log(G) for the model.)
#
# column 1: WAVELENGTH (ANGSTROM), Wavelength in Angstrom
# column 2: FLUX (ERG/CM2/S/A), Flux in erg/cm2/s/A
         899.23      9.87619e-5 
        909.241     0.000142985 
        919.251     0.000205229 
        929.261     0.000292118 
        939.271     0.000412381 
         949.28     0.000577799 
        959.289     0.000803491 
        969.297      0.00109766 
        979.305      0.00147821 
        989.312      0.00198409 
        999.319      0.00266759 
        1009.33      0.00357309 
        1019.33      0.00477164 
        1029.34      0.00633527 
        1039.34      0.00835824 
        1049.35       0.0109985 
        1059.36       0.0143747 
        1069.36        0.018718 
        1079.36        0.024194 
        1089.37       0.0311772 
        1099.37       0.0399064 
        1109.38       0.0509123 
        1119.38       0.0644187 
        1129.38       0.0812655 
        1139.39        0.102207 
        1149.39         0.12831 
        1159.39        0.161183 
        1169.39        0.200953 
         1179.4        0.247771 
         1189.4        0.304685 
         1199.4        0.372976 
         1209.4        0.454855 
        1219.41        0.552675 
        1229.41        0.668826 
        1239.41        0.806654 
        1249.41        0.969964 
        1259.41         1.16265 
        1269.41         1.38926 
        1279.42         1.65573 
        1289.42          1.9669 
        1299.42         2.32921 
        1309.42         2.74999 
        1319.42         3.23801 
        1329.42         3.80126 
        1339.42          4.4511 
        1349.42         5.19858 
        1359.42         6.05284 
        1369.42         7.03707 
        1379.42         8.15777 
        1389.42         9.43109 
        1399.42         10.8838 
        1409.42         12.5337 
        1419.42         14.3915 
        1429.42         16.4903 
        1439.42         18.8708 
        1454.42         23.0041 
        1464.42          26.164 
        1474.42          29.697 
        1489.42         35.8462 
        1504.42         43.0678 
        1514.42         48.5404 
        1529.42         57.8433 
        1544.42         68.7091 
        1559.42         81.3955 
        1570.19          91.667 
        1584.41         106.905 
        1599.41         125.299 
        1614.41         146.401 
        1629.41         170.497 
        1644.41          196.54 
        1659.41         222.496 
        1670.17         241.449 
         1684.4         268.777 
         1699.4         301.116 
         1714.4         339.864 
         1729.4         385.015 
         1744.4         436.948 
        1759.39         496.227 
         1771.7         549.986 
        1784.39         610.323 
        1799.39         688.559 
        1814.38         775.722 
        1829.38         872.263 
        1840.15         947.727 
        1850.92         1028.61 
        1861.69         1114.74 
        1876.29         1241.88 
        1888.59         1358.43 
        1900.88         1484.17 
        1913.17         1619.61 
        1925.56         1766.39 
        1937.95         1925.06 
        1950.34         2095.93 
        1962.56         2274.08 
        1974.62         2462.23 
        1986.68         2663.06 
        2004.77         2989.64 
        2015.84          3205.3 
        2031.63         3536.08 
        2047.42         3892.37 
        2059.38         4181.43 
        2074.69         4576.86 
        2089.99         5001.79 
         2105.3         5456.92 
        2116.25          5802.9 
         2127.2         6166.51 
        2138.15         6550.06 
         2149.1         6950.71 
        2160.05          7370.4 
        2176.33         8032.39 
        2187.18         8499.64 
        2198.03          8988.1 
         2214.7         9781.54 
        2231.36         10618.3 
        2248.03         11504.8 
        2263.91         12391.7 
         2279.8         13337.7 
        2295.69         14331.9 
        2310.03         15284.8 
        2322.46         16152.2 
         2334.9           17063 
        2347.34         18033.8 
        2359.77         19047.4 
        2377.84         20651.7 
        2388.16         21620.4 
        2398.48         22653.6 
        2409.27         23798.6 
        2420.07         24996.5 
        2430.86         26292.5 
        2441.65         27664.3 
        2452.45         29100.9 
        2469.99         31706.2 
        2488.39         34702.3 
        2503.55         37418.6 
        2516.47         39822.8 
        2529.39         42195.4 
        2542.32         44798.8 
        2555.24         47510.9 
        2567.22         50167.5 
        2583.21         53913.2 
        2599.19         57874.7 
        2615.18         62077.6 
        2631.16         66558.4 
        2647.14           71372 
        2657.67         74752.6 
        2668.19         78156.2 
        2678.72         81719.4 
        2689.24         85465.5 
        2699.77         89376.4 
        2710.29         93482.5 
        2720.82         97802.2 
        2731.34          102268 
        2741.87          106946 
        2752.39          111805 
        2763.55          117214 
        2778.42          124778 
        2793.29          132788 
        2808.16          141219 
        2823.03          149979 
        2837.91          159101 
        2851.01          167446 
        2865.15          177092 
        2879.29          187251 
        2893.43          197833 
        2907.57          208798 
        2918.73          217761 
        2935.85          232161 
        2952.98          247192 
        2970.11          262314 
        2987.24          277995 
        3004.37          294342 
         3021.5          311301 
        3038.63          328771 
        3051.42          342198 
        3064.21          357551 
        3077.01          373425 
         3089.8          389831 
         3102.6          406736 
        3115.39          424197 
        3128.18          442280 
        3140.98          460847 
        3158.74          488907 
        3185.38          535645 
        3203.14          568578 
        3220.89          602900 
        3234.59          630200 
        3248.29          658198 
        3261.99          680252 
        3275.69          702708 
        3296.24          737140 
        3323.64          784562 
        3346.73          825802 
        3369.82          869728 
         3392.9          915102 
        3415.99          961557 
        3432.99          996457 
        3445.17       1.0218e+6 
        3457.34      1.04765e+6 
         3481.7      1.10024e+6 
        3517.23      1.17916e+6 
        3530.41      1.20914e+6 
         3543.6      1.23946e+6 
        3569.98      1.30203e+6 
        3591.28      1.35378e+6 
        3628.83      1.44776e+6 
        3638.96       1.4735e+6 
        3651.32      1.50588e+6 
         3663.4       1.5377e+6 
        3673.95      1.56567e+6 
         3684.5      1.59373e+6 
         3695.3      1.62256e+6 
        3705.37      1.64956e+6 
        3715.64      1.67716e+6 
        3725.75      1.70212e+6 
        3735.82      1.72499e+6 
        3746.45      1.74917e+6 
        3757.47      1.77431e+6 
        3768.55       1.7996e+6 
        3778.93      1.82333e+6 
        3790.45       1.8497e+6 
        3800.56      1.87288e+6 
        3811.59      1.89816e+6 
        3822.57      1.92391e+6 
        3832.73      1.94837e+6 
        3842.75      1.97251e+6 
        3853.31      1.99792e+6 
        3863.68       2.0229e+6 
        3873.85      2.04734e+6 
         3884.4       2.0727e+6 
        3894.46      2.09686e+6 
        3908.89      2.13148e+6 
        3923.89      2.16945e+6 
        3935.81      2.20057e+6 
        3946.58       2.2286e+6 
        3957.31      2.25647e+6 
        3967.38      2.28255e+6 
        3977.86      2.30963e+6 
        3988.87      2.33798e+6 
        4003.87      2.37643e+6 
        4018.86      2.41536e+6 
        4032.38      2.45094e+6 
        4043.86      2.48097e+6 
        4058.85      2.51993e+6 
        4073.85      2.55861e+6 
           4084      2.58462e+6 
        4096.52      2.61647e+6 
        4106.79      2.64247e+6 
        4117.77      2.67164e+6 
        4128.84      2.70128e+6 
        4143.83      2.74108e+6 
        4158.83      2.78044e+6 
        4173.82      2.81933e+6 
        4188.82       2.8578e+6 
        4203.81      2.89595e+6 
        4216.52      2.92851e+6 
        4228.81      2.95971e+6 
        4243.81      2.99718e+6 
         4258.8      3.03398e+6 
         4273.8      3.07008e+6 
        4288.79      3.10547e+6 
        4303.79      3.14009e+6 
        4314.07      3.16252e+6 
        4326.14      3.18843e+6 
        4336.17      3.20964e+6 
        4346.17      3.23063e+6 
        4357.43      3.25397e+6 
        4367.98      3.27542e+6 
        4378.77       3.2971e+6 
        4393.77      3.32666e+6 
        4408.76      3.35151e+6 
        4423.76      3.37288e+6 
        4438.75      3.39389e+6 
        4453.75       3.4146e+6 
        4468.74      3.43495e+6 
        4483.74        3.455e+6 
        4498.74       3.4758e+6 
        4513.73      3.50627e+6 
        4527.19      3.53275e+6 
        4538.73      3.55481e+6 
        4553.72      3.58264e+6 
        4568.72       3.6095e+6 
        4583.72      3.63542e+6 
        4596.53      3.65622e+6 
        4608.71      3.67306e+6 
         4623.7      3.69319e+6 
         4638.7      3.71277e+6 
         4653.7       3.7318e+6 
        4668.69      3.75028e+6 
        4683.69      3.76818e+6 
        4698.68      3.78505e+6 
        4713.68      3.80086e+6 
        4724.83      3.81229e+6 
        4738.67      3.82618e+6 
        4753.67      3.84079e+6 
        4768.67      3.85489e+6 
        4783.66      3.86856e+6 
        4798.66      3.88156e+6 
        4813.65      3.89397e+6 
        4828.65      3.90594e+6 
        4839.16      3.91408e+6 
        4851.78      3.92366e+6 
        4861.84      3.93089e+6 
        4872.13      3.93949e+6 
        4882.71      3.94791e+6 
        4893.63      3.95636e+6 
        4903.92      3.96409e+6 
        4915.55      3.97261e+6 
        4928.62      3.98191e+6 
        4943.62      3.99218e+6 
        4958.61      4.00207e+6 
        4973.61      4.01159e+6 
        4988.61      4.02064e+6 
         5003.6      4.02916e+6 
         5018.6      4.03735e+6 
         5033.6       4.0453e+6 
        5048.59      4.05294e+6 
        5063.59      4.06029e+6 
        5078.58      4.06742e+6 
        5093.58      4.07361e+6 
        5108.57      4.07952e+6 
        5123.57       4.0852e+6 
        5138.57       4.0907e+6 
        5153.56      4.09598e+6 
        5168.56      4.10104e+6 
        5183.56      4.10559e+6 
        5198.55      4.10955e+6 
        5213.55      4.11329e+6 
        5228.54       4.1169e+6 
        5243.54      4.12029e+6 
        5258.53      4.12356e+6 
        5273.53      4.12664e+6 
        5288.53      4.13207e+6 
        5303.52      4.13732e+6 
        5318.52      4.14222e+6 
        5333.52      4.14684e+6 
        5348.51      4.15111e+6 
        5363.51      4.15523e+6 
         5378.5      4.15771e+6 
         5393.5      4.15871e+6 
        5408.49      4.15959e+6 
        5423.49      4.16029e+6 
        5438.49      4.16085e+6 
        5453.48      4.16129e+6 
        5468.48      4.16154e+6 
        5483.48      4.16333e+6 
        5498.47      4.16494e+6 
        5513.47      4.16635e+6 
        5528.46      4.16757e+6 
        5543.46      4.16864e+6 
        5558.45      4.16949e+6 
        5573.45      4.17018e+6 
        5588.45      4.17065e+6 
        5603.44      4.17097e+6 
        5618.44      4.17112e+6 
        5633.43      4.17112e+6 
        5648.43      4.17097e+6 
        5663.43      4.17065e+6 
        5673.98      4.17037e+6 
         5686.2      4.16987e+6 
        5698.42       4.1693e+6 
        5708.88       4.1687e+6 
        5723.41      4.16779e+6 
        5738.41      4.16673e+6 
         5753.4       4.1655e+6 
         5768.4       4.1633e+6 
        5783.39      4.16179e+6 
        5798.39      4.16013e+6 
        5813.39      4.15834e+6 
        5828.38      4.15642e+6 
        5843.38      4.15438e+6 
        5858.37      4.15221e+6 
        5873.37      4.14995e+6 
        5888.37      4.14756e+6 
        5903.36      4.14505e+6 
        5918.36      4.14241e+6 
        5933.35      4.13968e+6 
        5948.35      4.13679e+6 
        5963.35      4.13377e+6 
        5978.34      4.13063e+6 
        5993.34      4.12736e+6 
        6008.33      4.12397e+6 
        6023.33      4.12051e+6 
        6038.32       4.1169e+6 
        6053.32      4.11322e+6 
        6068.32      4.10942e+6 
        6083.31      4.10553e+6 
        6098.31      4.10151e+6 
        6113.31      4.09739e+6 
         6128.3      4.09321e+6 
         6143.3      4.08888e+6 
        6158.29      4.08448e+6 
        6173.29      4.07995e+6 
        6188.28      4.07531e+6 
        6203.28      4.07059e+6 
        6218.28      4.06575e+6 
        6233.27      4.06085e+6 
        6244.38      4.05712e+6 
        6256.04      4.05316e+6 
        6266.59      4.04951e+6 
        6278.26      4.04543e+6 
        6290.52      4.04106e+6 
        6302.31      4.03679e+6 
        6312.59      4.03299e+6 
        6323.25        4.029e+6 
        6338.24      4.02328e+6 
        6353.24      4.01741e+6 
        6368.24      4.01141e+6 
        6383.23      4.00525e+6 
        6398.23       3.9989e+6 
        6413.22       3.9924e+6 
        6428.22      3.98568e+6 
        6443.22      3.97873e+6 
        6458.21      3.97154e+6 
        6473.21      3.96409e+6 
         6488.2       3.9564e+6 
         6503.2      3.94848e+6 
         6518.2      3.94034e+6 
        6532.67      3.93239e+6 
        6543.19      3.92658e+6 
        6554.43      3.92033e+6 
        6564.44      3.91458e+6 
        6574.47      3.91276e+6 
        6586.28      3.90974e+6 
        6598.17      3.90663e+6 
        6613.66      3.90252e+6 
         6634.3      3.89674e+6 
        6675.58      3.88367e+6 
        6711.48      3.87076e+6 
        6741.75      3.85907e+6 
        6783.26      3.84204e+6 
        6824.78      3.82414e+6 
        6907.81      3.78666e+6 
        6990.84      3.74735e+6 
         7038.6      3.72411e+6 
        7073.87       3.7067e+6 
        7109.15      3.68908e+6 
        7179.69      3.65367e+6 
        7250.24      3.61761e+6 
        7320.78      3.58101e+6 
        7389.14      3.54554e+6 
        7406.65      3.53633e+6 
        7424.15      3.52713e+6 
        7459.17      3.50862e+6 
         7529.2      3.47143e+6 
        7599.23      3.43392e+6 
        7660.63      3.40084e+6 
        7677.88      3.39151e+6 
        7695.14      3.38227e+6 
        7729.65      3.36377e+6 
        7798.67      3.32666e+6 
        7867.69       3.2894e+6 
        7911.17      3.26591e+6 
        7936.71      3.25208e+6 
        7962.25      3.23826e+6 
        8013.32      3.21086e+6 
        8046.24      3.19315e+6 
         8064.4      3.18338e+6 
        8082.55      3.17361e+6 
        8118.86      3.15416e+6 
        8180.09      3.12138e+6 
        8191.47      3.11528e+6 
        8202.85       3.1092e+6 
        8216.85      3.10174e+6 
        8232.84      3.09323e+6 
        8264.83      3.07622e+6 
        8289.72        3.063e+6 
        8328.82      3.04225e+6 
        8343.44      3.03449e+6 
        8367.92      3.02152e+6 
        8388.68      3.01059e+6 
        8408.65      3.00009e+6 
        8432.02      2.98781e+6 
        8467.25      2.96932e+6 
        8502.48      2.95087e+6 
        8516.58      2.94349e+6 
        8530.98      2.93597e+6 
        8545.38       2.9285e+6 
        8574.18       2.9136e+6 
        8598.39      2.90109e+6 
         8628.6      2.88551e+6 
        8646.81      2.87613e+6 
        8665.01      2.86676e+6 
        8685.59      2.85619e+6 
        8701.43      2.84807e+6 
        8750.47      2.82298e+6 
        8767.92      2.81407e+6 
        8815.35      2.78993e+6 
        8862.78      2.76611e+6 
        8900.38       2.7473e+6 
        8957.65      2.71878e+6 
        9014.91      2.69042e+6 
        9044.62      2.67576e+6 
        9072.17      2.66221e+6 
        9099.72      2.64871e+6 
        9154.81      2.62207e+6 
         9190.8      2.60476e+6 
         9209.9      2.59559e+6 
        9229.01      2.58644e+6 
        9267.22      2.56821e+6 
         9303.2      2.55112e+6 
        9343.64        2.532e+6 
        9384.08      2.51297e+6 
        9464.96      2.47554e+6 
        9545.72      2.43855e+6 
        9561.21       2.4315e+6 
        9576.69      2.42447e+6 
        9607.66      2.41044e+6 
        9668.45      2.38308e+6 
        9729.24      2.35619e+6 
        9790.04      2.32953e+6 
        9850.83       2.3031e+6 
        9870.42      2.29463e+6 
        9911.62       2.2769e+6 
        9952.82      2.25927e+6 
        10021.1      2.23058e+6 
        10035.2      2.22467e+6 
        10049.4      2.21877e+6 
        10077.7        2.207e+6 
        10134.2      2.18363e+6 
        10144.5      2.17942e+6 
        10190.8      2.16046e+6 
        10237.2      2.14163e+6 
        10329.9      2.10524e+6 
        10422.6      2.06935e+6 
        10515.3      2.03397e+6 
          10608       1.9991e+6 
        10700.7      1.96475e+6 
        10793.4      1.93091e+6 
        10834.1      1.91621e+6 
        10886.1      1.89759e+6 
        10938.1      1.87914e+6 
        10990.1      1.86085e+6 
          11042      1.84273e+6 
          11094      1.82477e+6 
          11146      1.80697e+6 
          11198      1.78933e+6 
          11239      1.77553e+6 
          11250      1.77186e+6 
        11260.9       1.7682e+6 
        11282.8      1.76119e+6 
        11326.6      1.74724e+6 
        11414.2      1.71964e+6 
        11501.8      1.69245e+6 
        11589.4      1.66564e+6 
          11677      1.63924e+6 
        11764.6      1.61323e+6 
        11852.2      1.58762e+6 
        11939.8       1.5624e+6 
        12027.4      1.53757e+6 
          12115      1.51313e+6 
        12202.6      1.48907e+6 
        12284.6      1.46689e+6 
        12366.6      1.44608e+6 
        12448.7      1.42555e+6 
        12530.7      1.40529e+6 
        12612.7      1.38531e+6 
        12694.7      1.36561e+6 
        12735.4      1.35594e+6 
        12776.7      1.34618e+6 
        12818.1      1.33648e+6 
        12900.8      1.31731e+6 
        12983.5      1.29841e+6 
        13066.2      1.27979e+6 
        13148.9      1.26143e+6 
        13231.6      1.24334e+6 
        13308.4      1.22678e+6 
        13385.1      1.21144e+6 
        13461.9      1.19628e+6 
        13538.7       1.1813e+6 
        13615.5       1.1665e+6 
        13692.3      1.15187e+6 
        13769.1      1.13742e+6 
        13845.9      1.12315e+6 
        13922.7      1.10905e+6 
        13999.5      1.09513e+6 
        14076.2      1.08138e+6 
          14153       1.0678e+6 
        14229.8      1.05439e+6 
        14281.2      1.04553e+6 
        14306.6      1.04116e+6 
        14332.1      1.03681e+6 
          14383      1.02851e+6 
        14410.1       1.0241e+6 
        14427.1      1.02136e+6 
        14457.6      1.01644e+6 
        14505.2      1.00891e+6 
        14581.2          996969 
        14597.2          994550 
        14613.2          992159 
        14645.2          987396 
        14709.2          977928 
        14773.2          968531 
        14837.1          959213 
        14901.1          949974 
        14965.1          940813 
        15029.1          931727 
        15093.1          922720 
        15157.1          913789 
          15221          904939 
          15285          896168 
          15349          887472 
          15413          878857 
        15471.6          871032 
        15482.4          869599 
        15493.1          868151 
        15514.7          865261 
        15557.9          859508 
        15644.2          848111 
        15730.5          836851 
        15816.8          825736 
        15903.1          814753 
        15989.4          803915 
        16075.8          793221 
        16162.1          782665 
        16248.4          772244 
        16289.9          767284 
        16334.7          761962 
        16379.5          756675 
        16469.1          744136 
        16558.8          731847 
        16648.4          719802 
          16738          707996 
        16827.7          696422 
        16917.3          685078 
        17006.9          673956 
        17096.6          663052 
        17186.2          652361 
        17275.8          641878 
        17327.7          635909 
        17365.5          631598 
        17403.2          627329 
        17478.8          618881 
        17554.3          610569 
        17629.9          602394 
        17705.4          594352 
          17781          586438 
        17856.5          578653 
        17932.1          570994 
        18007.6          563338 
        18083.2          555914 
        18158.7          548607 
        18234.3          541416 
        18309.8          534338 
        18343.7          531196 
        18385.3          527373 
          18427          523584 
        18510.2          516107 
        18593.4          508762 
        18676.6          501546 
        18751.1          495190 
        18825.6          488948 
        18900.2          482803 
        18974.7          476756 
        19049.2          470799 
        19123.7          464934 
        19198.3          459156 
        19272.8          453467 
        19347.3          447859 
          19393          444463 
        19421.9          442339 
        19450.7          440225 
        19508.3          436037 
        19565.9          431969 
        19623.6          427872 
        19681.2          423820 
        19738.8          419817 
        19796.5          415859 
        19854.1          411948 
        19911.7          408080 
        19969.4          404257 
          20027          400478 
        20084.6          396742 
        20142.3          393048 
        20199.9          389397 
        20257.5          385788 
        20315.2          382219 
        20372.8          378691 
        20386.4          377858 
        20430.4          375200 
        20474.4          372565 
        20562.3          367365 
        20650.3          362251 
        20738.2          357227 
        20826.2          352286 
        20914.1          347429 
        21002.1          342654 
          21090          337957 
        21177.9          333342 
        21265.9          328802 
        21353.8          324338 
        21441.8          319949 
        21529.7          315633 
        21604.7          312009 
        21617.7          311388 
        21630.6          310768 
        21656.5          309534 
        21708.4          307084 
        21760.2          304657 
          21812          302254 
        21863.8          299874 
        21915.7          297518 
        21967.5          295184 
        22019.3          292872 
        22071.1          290583 
          22123          288315 
        22174.8          286069 
        22226.6          283845 
        22278.4          281642 
        22330.3          279459 
        22382.1          277298 
        22433.9          275157 
        22485.8          273036 
        22537.6          270936 
        22589.4          268855 
        22641.2          266794 
        22693.1          264752 
        22744.9          262730 
        22784.8          261184 
        22800.8          260568 
        22816.8          259954 
        22848.8          258732 
        22912.8          256308 
        22976.8          253912 
        23040.8          251544 
        23104.8          249203 
        23168.7          246889 
        23232.7          244601 
        23296.7          242339 
        23360.7          240103 
        23424.7          237892 
        23488.6          235706 
        23552.6          233545 
        23616.6          231408 
        23680.6          229295 
        23744.6          227207 
        23808.6          225141 
        23872.5          223098 
        23936.5          221079 
        24000.5          219081 
        24064.5          217106 
        24128.5          215153 
        24192.5          213222 
        24256.4          211312 
        24320.4          209422 
        24384.4          207554 
        24448.4          205706 
        24512.4          203879 
        24576.3          202071 
        24640.3          200283 
        24704.3          198515 
        24768.3          196765 
        24832.3          195035 
        24896.3          193324 
        24960.2          191631 
        25004.4          190472 
        25024.2          189955 
          25044          189441 
        25083.6          188418 
        25162.8          186392 
        25241.9          184393 
        25321.1          182421 
        25400.2          180474 
        25479.4          178553 
        25558.5          176657 
        25637.7          174786 
        25716.9          172939 
          25796          171117 
        25875.2          169317 
        25954.3          167542 
        26033.5          165789 
        26112.7          164059 
        26191.8          162351 
          26271          160665 
        26350.1          159001 
        26429.3          157358 
        26508.4          155735 
        26587.6          154134 
        26666.8          152553 
        26745.9          150991 
        26825.1          149450 
        26904.2          147928 
        26983.4          146425 
        27062.6          144940 
        27141.7          143475 
        27220.9          142027 
        27299.2          140613 
        27377.5          139217 
        27455.8          137837 
        27534.2          136475 
        27612.5          135129 
        27690.8          133799 
        27769.1          132486 
        27847.5          131189 
        27925.8          129907 
        28004.1          128641 
        28082.4          127390 
        28160.8          126154 
        28239.1          124933 
        28317.4          123726 
        28395.7          122534 
          28474          121356 
        28552.4          120192 
        28630.7          119041 
          28709          117905 
        28787.3          116781 
        28865.7          115671 
          28944          114574 
        29022.3          113490 
        29100.6          112418 
          29179          111359 
        29257.3          110313 
        29335.6          109278 
        29413.9          108256 
        29492.3          107245 
        29570.6          106246 
        29648.9          105258 
        29727.2          104282 
        29805.5          103317 
        29883.9          102363 
        29932.6          101775 
        29962.2          101420 
        29991.8          101067 
