# Koester WD models
# teff = 5750 K (value for the effective temperature for the model. Temperatures are given in K)
# logg = 8 log(cm/s2) (value for Log(G) for the model.)
#
# column 1: WAVELENGTH (ANGSTROM), Wavelength in Angstrom
# column 2: FLUX (ERG/CM2/S/A), Flux in erg/cm2/s/A
         899.23       0.0117532 
        909.241       0.0161454 
        919.251       0.0220198 
        929.261       0.0299565 
        939.271       0.0409472 
         949.28       0.0534696 
        959.289       0.0791465 
        969.297          0.1098 
        979.305         0.15085 
        989.312        0.201045 
        999.319        0.263378 
        1009.33        0.341007 
        1019.33        0.433025 
        1029.34        0.542669 
        1039.34        0.706463 
        1049.35        0.886972 
        1059.36         1.10863 
        1069.36         1.37563 
        1079.36         1.70365 
        1089.37          2.0937 
        1099.37         2.56866 
        1109.38         3.12964 
        1119.38         3.82046 
        1129.38          4.6325 
        1139.39         5.57548 
        1149.39         6.64415 
        1159.39         7.74443 
        1169.39         8.77192 
         1179.4          9.8592 
         1189.4         11.5831 
         1199.4         13.6986 
         1209.4         16.0585 
        1219.41         18.9063 
        1229.41         22.6959 
        1239.41         26.8407 
        1249.41         31.5158 
        1259.41         36.8914 
        1269.41          43.561 
        1279.42         51.5485 
        1289.42         60.4021 
        1299.42         70.1166 
        1309.42          81.241 
        1319.42         93.4636 
        1329.42         107.582 
        1339.42         123.044 
        1349.42         140.439 
        1359.42         160.382 
        1369.42         181.877 
        1379.42         205.981 
        1389.42         233.231 
        1399.42         263.232 
        1409.42         295.871 
        1419.42         332.641 
        1429.42          373.18 
        1439.42         416.751 
        1454.42         491.559 
        1464.42         548.952 
        1474.42         610.807 
        1489.42         709.007 
        1504.42         821.489 
        1514.42         910.644 
        1529.42         1063.59 
        1544.42          1227.4 
        1559.42          1391.3 
        1570.19         1518.01 
        1584.41         1710.47 
        1599.41         1941.81 
        1614.41         2223.48 
        1629.41         2586.16 
        1644.41          3045.6 
        1659.41         3579.12 
        1670.17         4003.33 
         1684.4          4617.8 
         1699.4         5363.61 
         1714.4         6160.95 
         1729.4         7016.65 
         1744.4         7917.57 
        1759.39         8840.03 
         1771.7         9651.48 
        1784.39         10589.2 
        1799.39           11796 
        1819.38           13540 
        1834.77         15011.3 
        1845.54         16106.2 
         1856.3         17306.3 
        1867.07         18555.7 
        1882.44         20481.2 
        1894.73         22156.6 
        1906.98         23944.1 
        1919.37         25881.9 
        1931.76         27918.3 
        1944.14         30209.6 
        1956.53         32624.2 
        1968.59         35012.4 
        1980.65         37538.6 
        1992.71         40230.3 
        2004.77         43087.3 
        2015.84         45864.4 
         2027.8         49229.4 
        2047.42         54810.4 
        2067.03         60845.7 
        2086.65         67585.1 
        2106.26         74978.8 
        2121.25         81122.2 
        2136.23         88014.9 
        2155.85         97411.4 
         2175.1          107260 
        2194.36          117999 
        2212.52          129006 
        2229.89          139944 
        2247.27          151534 
        2259.75          160328 
        2272.24          171463 
        2288.88          186836 
        2305.53          203467 
        2320.74          218842 
        2335.95          234145 
        2355.17          255325 
        2369.54          272410 
        2383.92          290502 
         2398.3          309934 
        2409.27          325808 
        2420.25          342729 
        2431.23          361616 
         2447.7          389623 
        2460.79          414788 
        2474.59          443697 
        2492.99          485216 
        2510.01          526748 
        2527.04          567890 
        2543.14          609029 
        2555.21          641230 
        2567.28          678892 
        2579.35          720659 
        2591.43          764566 
        2605.66          820436 
        2618.66          872895 
        2631.66          926698 
        2644.67          982882 
        2657.67      1.04155e+6 
        2670.67      1.08976e+6 
        2683.68      1.13913e+6 
        2703.18      1.21526e+6 
        2729.18      1.32089e+6 
        2754.27      1.42664e+6 
           2769      1.49288e+6 
        2783.72      1.56096e+6 
        2813.18      1.70148e+6 
        2830.73      1.78773e+6 
        2842.64      1.84734e+6 
        2854.55      1.90735e+6 
        2866.45      1.97219e+6 
        2878.36       2.0381e+6 
        2902.18      2.17301e+6 
           2926       2.3124e+6 
        2946.65      2.43638e+6 
        2959.32      2.51077e+6 
        2971.99      2.58292e+6 
        2997.34      2.72961e+6 
        3044.64      3.01043e+6 
         3058.2      3.09682e+6 
        3071.77      3.18837e+6 
         3098.9      3.37398e+6 
        3124.38      3.55122e+6 
        3149.86      3.73039e+6 
        3175.34      3.92149e+6 
        3200.82      4.11492e+6 
        3224.56      4.29698e+6 
        3236.43      4.38852e+6 
        3248.29      4.48041e+6 
        3260.16      4.54548e+6 
        3272.03      4.61048e+6 
         3283.9      4.67541e+6 
        3295.77      4.74025e+6 
        3307.64        4.805e+6 
        3319.51      4.86966e+6 
        3331.38      4.93415e+6 
        3343.25      4.99856e+6 
        3353.69      5.05463e+6 
        3367.62      5.12896e+6 
        3395.48      5.27687e+6 
        3445.17      5.53806e+6 
        3494.39      5.78179e+6 
         3543.6      6.02008e+6 
        3591.28      6.23952e+6 
        3635.88      6.43646e+6 
        3647.12      6.48538e+6 
        3658.96       6.5364e+6 
        3671.11      6.58811e+6 
        3682.58      6.63624e+6 
         3693.5      6.68138e+6 
        3703.57      6.72241e+6 
        3713.83      6.76366e+6 
        3724.38       6.8034e+6 
        3734.43      6.83673e+6 
        3744.62      6.87189e+6 
        3754.84      6.90585e+6 
        3765.07       6.9394e+6 
         3775.5       6.9732e+6 
        3786.22      7.00754e+6 
        3796.45       7.0388e+6 
        3807.84      7.07546e+6 
        3818.92      7.10974e+6 
        3830.45      7.14408e+6 
        3840.76      7.17637e+6 
        3851.98      7.21266e+6 
        3862.01      7.24304e+6 
        3872.59      7.27367e+6 
         3884.4      7.29563e+6 
        3894.46      7.32754e+6 
        3908.89      7.38007e+6 
        3923.89      7.42468e+6 
        3935.81      7.45918e+6 
        3946.58       7.4883e+6 
        3957.31      7.51029e+6 
        3967.38      7.45534e+6 
        3977.86      7.55098e+6 
        3988.87      7.60265e+6 
        4003.87      7.64579e+6 
        4018.86      7.68506e+6 
        4032.38      7.71927e+6 
        4043.86       7.7472e+6 
        4058.85      7.78179e+6 
        4073.85      7.81232e+6 
           4084       7.8247e+6 
        4095.68      7.75779e+6 
        4105.79      7.70865e+6 
        4116.23      7.88681e+6 
        4128.84      7.93255e+6 
        4143.83      7.96859e+6 
        4158.83      8.00035e+6 
        4173.82       8.0301e+6 
        4188.82      8.05837e+6 
        4203.81      8.08539e+6 
        4216.52      8.10776e+6 
        4228.81      8.12862e+6 
        4243.81      8.15297e+6 
         4258.8      8.17603e+6 
         4273.8      8.19758e+6 
        4288.79      8.21699e+6 
        4303.79      8.23217e+6 
        4314.07      8.23537e+6 
        4326.14      8.20474e+6 
        4336.17       7.8771e+6 
        4346.86      8.04967e+6 
        4357.43      8.25934e+6 
        4367.98      8.29993e+6 
        4378.77      8.32048e+6 
        4393.77      8.34033e+6 
        4408.76      8.35472e+6 
        4423.76      8.36609e+6 
        4438.75      8.37649e+6 
        4453.75      8.38614e+6 
        4468.74      8.39512e+6 
        4483.74      8.40351e+6 
        4498.74      8.41249e+6 
        4513.73      8.42481e+6 
        4527.19      8.43502e+6 
        4538.73      8.44319e+6 
        4553.72      8.45302e+6 
        4568.72      8.46197e+6 
        4583.72      8.47008e+6 
        4596.53      8.47617e+6 
        4608.71       8.4806e+6 
         4623.7      8.48547e+6 
         4638.7      8.48975e+6 
         4653.7      8.49342e+6 
        4668.69       8.4965e+6 
        4683.69      8.49901e+6 
        4698.68      8.50071e+6 
        4713.68      8.50159e+6 
        4724.83      8.50184e+6 
        4738.67      8.50168e+6 
        4753.67      8.50084e+6 
        4768.67      8.49904e+6 
        4783.66        8.496e+6 
        4798.66      8.49072e+6 
        4813.65      8.48079e+6 
        4828.65      8.45748e+6 
        4839.16      8.41193e+6 
        4850.22       8.2179e+6 
        4860.36      6.55883e+6 
        4870.86       8.1448e+6 
        4882.91      8.40037e+6 
        4893.63      8.44419e+6 
        4908.63      8.46138e+6 
         4921.7      8.46483e+6 
        4933.62      8.46461e+6 
        4948.62      8.46213e+6 
        4963.61      8.45824e+6 
        4978.61      8.45346e+6 
        4993.61      8.44796e+6 
         5008.6       8.4419e+6 
         5023.6      8.43536e+6 
        5038.59      8.42845e+6 
        5053.59       8.4212e+6 
        5068.59      8.41359e+6 
        5083.58      8.40565e+6 
        5098.58      8.39719e+6 
        5113.57      8.38843e+6 
        5128.57      8.37944e+6 
        5143.57      8.37018e+6 
        5158.56      8.36066e+6 
        5173.56      8.35089e+6 
        5188.55      8.34077e+6 
        5203.55      8.33037e+6 
        5218.55      8.31972e+6 
        5233.54      8.30888e+6 
        5248.54      8.29783e+6 
        5263.53      8.28655e+6 
        5278.53      8.27527e+6 
        5293.52      8.26427e+6 
        5308.52      8.25306e+6 
        5323.52      8.24156e+6 
        5338.51      8.22984e+6 
        5353.51      8.21787e+6 
        5368.51      8.20584e+6 
         5383.5      8.19287e+6 
         5398.5      8.17958e+6 
        5413.49       8.1661e+6 
        5428.49       8.1525e+6 
        5443.48      8.13867e+6 
        5458.48      8.12472e+6 
        5473.48      8.11074e+6 
        5488.47      8.09692e+6 
        5503.47      8.08291e+6 
        5518.47      8.06874e+6 
        5533.46      8.05438e+6 
        5548.46      8.03993e+6 
        5563.45      8.02532e+6 
        5578.45      8.01053e+6 
        5593.44       7.9956e+6 
        5608.44      7.98052e+6 
        5623.44      7.96529e+6 
        5638.43      7.94996e+6 
        5653.43      7.93447e+6 
        5668.43      7.91917e+6 
        5682.86        7.904e+6 
        5693.42      7.89284e+6 
        5704.77      7.88075e+6 
        5715.23      7.86956e+6 
        5728.41       7.8554e+6 
         5743.4      7.83915e+6 
         5758.4      7.82282e+6 
         5773.4       7.8057e+6 
        5788.39      7.78911e+6 
        5803.39      7.77243e+6 
        5818.39      7.75562e+6 
        5833.38      7.73875e+6 
        5848.38      7.72175e+6 
        5863.37      7.70466e+6 
        5878.37      7.68748e+6 
        5893.36      7.67023e+6 
        5908.36      7.65289e+6 
        5923.36      7.63542e+6 
        5938.35      7.61792e+6 
        5953.35       7.6003e+6 
        5968.34      7.58261e+6 
        5983.34       7.5648e+6 
        5998.34      7.54695e+6 
        6013.33      7.52898e+6 
        6028.33      7.51095e+6 
        6043.32      7.49286e+6 
        6058.32      7.47467e+6 
        6073.32      7.45641e+6 
        6088.31       7.4381e+6 
        6103.31      7.41975e+6 
         6118.3      7.40131e+6 
         6133.3      7.38281e+6 
         6148.3      7.36424e+6 
        6163.29      7.34561e+6 
        6178.29      7.32692e+6 
        6193.28      7.30816e+6 
        6208.28      7.28934e+6 
        6223.28      7.27043e+6 
        6238.27      7.25149e+6 
        6252.16      7.23386e+6 
        6262.16      7.22114e+6 
        6273.26      7.20697e+6 
        6284.63      7.19239e+6 
        6295.99      7.17779e+6 
        6306.09      7.16475e+6 
        6316.22      7.15162e+6 
        6328.25      7.13594e+6 
        6343.24      7.11627e+6 
        6358.24      7.09642e+6 
        6373.23      7.07631e+6 
        6388.23      7.05589e+6 
        6403.23      7.03509e+6 
        6418.22      7.01367e+6 
        6433.22      6.99143e+6 
        6448.22       6.9679e+6 
        6463.21      6.94229e+6 
        6478.21       6.9132e+6 
         6493.2      6.87751e+6 
         6508.2      6.82822e+6 
        6523.19      6.74569e+6 
         6536.1      6.59932e+6 
        6546.46      6.32475e+6 
        6556.84      5.51739e+6 
        6567.32      5.28149e+6 
        6578.18      6.25208e+6 
        6588.44      6.52182e+6 
        6603.34      6.65389e+6 
        6613.66      6.68613e+6 
        6623.98      6.69935e+6 
         6634.3      6.70281e+6 
        6644.62      6.70064e+6 
        6665.26      6.68741e+6 
        6701.62      6.65157e+6 
        6721.34      6.62933e+6 
         6736.2      6.61195e+6 
        6780.49      6.55826e+6 
        6824.78       6.5031e+6 
        6913.35      6.39192e+6 
        7001.93      6.28001e+6 
        7071.86      6.19164e+6 
         7090.5      6.16811e+6 
        7109.15      6.14458e+6 
        7146.44      6.09805e+6 
        7221.02      6.00519e+6 
         7295.6      5.91282e+6 
        7346.84      5.84968e+6 
        7370.18      5.82131e+6 
        7393.51      5.79266e+6 
        7440.19      5.73611e+6 
        7533.55       5.6238e+6 
        7575.92      5.57315e+6 
         7626.9      5.51258e+6 
        7677.88      5.45236e+6 
        7728.86      5.39305e+6 
        7779.84      5.33414e+6 
        7830.82      5.27561e+6 
         7881.8      5.21746e+6 
        7903.32      5.19305e+6 
        7932.78      5.15975e+6 
        7962.25      5.12658e+6 
        8021.18      5.06111e+6 
        8077.68      4.99884e+6 
        8097.18      4.97754e+6 
        8108.49      4.96522e+6 
        8155.67      4.91408e+6 
        8200.85      4.86548e+6 
        8216.85      4.84842e+6 
        8232.84      4.83139e+6 
        8264.83      4.79753e+6 
        8289.72      4.77129e+6 
        8328.82      4.73033e+6 
        8343.44      4.71506e+6 
        8367.92      4.68958e+6 
        8388.68      4.66819e+6 
        8408.65      4.64767e+6 
        8432.02      4.62373e+6 
        8467.25      4.58786e+6 
        8502.48      4.55223e+6 
        8516.58        4.538e+6 
        8530.98      4.52355e+6 
        8545.38      4.50919e+6 
        8574.18      4.48063e+6 
        8598.39      4.45676e+6 
         8628.6      4.42707e+6 
        8646.81      4.40929e+6 
        8665.01      4.39151e+6 
        8685.59      4.37156e+6 
        8701.43      4.35623e+6 
        8750.47      4.30901e+6 
        8767.92      4.29236e+6 
        8815.35      4.24728e+6 
        8862.78      4.20295e+6 
        8900.38       4.1682e+6 
        8957.65      4.11567e+6 
        9014.91      4.06359e+6 
        9044.62      4.03698e+6 
        9072.17      4.01235e+6 
        9099.72      3.98784e+6 
        9154.81      3.93965e+6 
         9190.8      3.90846e+6 
         9209.9      3.89193e+6 
        9229.01      3.87525e+6 
        9267.22      3.84295e+6 
         9303.2      3.81248e+6 
        9343.64      3.77849e+6 
        9384.08      3.74478e+6 
        9464.96      3.67877e+6 
        9545.72      3.61286e+6 
        9561.21       3.6013e+6 
        9576.69      3.58927e+6 
        9607.66      3.56499e+6 
        9668.45      3.51761e+6 
        9729.24      3.47124e+6 
        9790.04      3.42544e+6 
        9850.83      3.38023e+6 
        9870.42      3.36578e+6 
        9911.62      3.33555e+6 
        9952.82      3.30562e+6 
        10021.1      3.25648e+6 
        10035.2      3.24574e+6 
        10049.4      3.23342e+6 
        10077.7      3.21677e+6 
          10106      3.19754e+6 
        10162.5      3.15871e+6 
        10201.1      3.13244e+6 
        10219.1      3.12021e+6 
        10237.2      3.10802e+6 
        10273.3      3.08434e+6 
        10345.5      3.03751e+6 
        10417.8      2.99137e+6 
          10490      2.94592e+6 
        10562.2      2.90118e+6 
        10634.4      2.85711e+6 
        10706.7      2.81372e+6 
        10778.9      2.77097e+6 
        10851.1      2.72874e+6 
        10908.6      2.69417e+6 
        10923.4      2.68344e+6 
        10938.1      2.66861e+6 
        10952.8      2.66677e+6 
        10967.5      2.66081e+6 
          10997      2.64556e+6 
        11055.9      2.61327e+6 
        11114.8      2.58106e+6 
        11173.7      2.54921e+6 
        11204.4      2.53279e+6 
        11232.7      2.51776e+6 
        11260.9      2.50283e+6 
        11317.4      2.47441e+6 
        11373.9      2.44634e+6 
        11430.4      2.41858e+6 
        11486.9      2.39116e+6 
        11543.3      2.36405e+6 
        11599.8      2.33727e+6 
        11656.3       2.3108e+6 
        11712.8      2.28464e+6 
        11769.3      2.25879e+6 
        11825.8      2.23325e+6 
        11882.3      2.20802e+6 
        11938.8      2.18309e+6 
        11995.3      2.15847e+6 
        12051.7      2.13412e+6 
        12108.2      2.11008e+6 
        12164.7      2.08633e+6 
        12221.2      2.06287e+6 
        12270.8      2.04252e+6 
        12284.6      2.03685e+6 
        12298.5      2.03147e+6 
        12326.3      2.02076e+6 
        12381.8      1.99949e+6 
        12437.3      1.97846e+6 
        12492.8      1.95765e+6 
        12548.3      1.93704e+6 
        12603.8      1.91664e+6 
        12659.3      1.89636e+6 
        12714.8      1.87598e+6 
        12746.5      1.86387e+6 
        12770.3      1.85365e+6 
        12782.3      1.84742e+6 
        12794.2       1.8392e+6 
        12806.1       1.8265e+6 
          12818      1.80648e+6 
        12830.8      1.81869e+6 
        12843.6      1.82271e+6 
        12856.4       1.8221e+6 
        12869.2      1.81954e+6 
        12894.8      1.81235e+6 
          12946      1.79582e+6 
        12997.2      1.77879e+6 
        13048.4      1.76178e+6 
        13099.5      1.74489e+6 
        13150.7      1.72815e+6 
        13201.9      1.71157e+6 
        13253.1      1.69516e+6 
        13300.2       1.6802e+6 
        13316.5      1.67521e+6 
        13332.8      1.67038e+6 
        13365.3      1.66076e+6 
        13430.4      1.64168e+6 
        13495.4      1.62283e+6 
        13560.5       1.6042e+6 
        13625.6       1.5858e+6 
        13690.6       1.5676e+6 
        13755.7      1.54962e+6 
        13820.8      1.53186e+6 
        13885.8      1.51431e+6 
        13950.9      1.49698e+6 
          14016      1.47986e+6 
        14081.1      1.46295e+6 
        14146.1      1.44624e+6 
        14211.2      1.42974e+6 
        14276.3      1.41343e+6 
        14332.1      1.39961e+6 
        14387.9      1.38638e+6 
        14429.7      1.37654e+6 
        14443.7      1.37327e+6 
        14457.6      1.37001e+6 
        14485.6      1.36355e+6 
        14499.7      1.36031e+6 
        14541.5      1.35075e+6 
        14581.2      1.34171e+6 
        14597.2      1.33816e+6 
        14613.2      1.33463e+6 
        14645.2      1.32761e+6 
        14709.2      1.31367e+6 
        14773.2      1.29987e+6 
        14837.1      1.28621e+6 
        14901.1       1.2727e+6 
        14965.1      1.25933e+6 
        15029.1      1.24611e+6 
        15093.1      1.23302e+6 
        15157.1      1.22008e+6 
          15221      1.20726e+6 
          15285      1.19459e+6 
          15349      1.18206e+6 
          15413      1.16966e+6 
        15471.6      1.15843e+6 
        15482.4      1.15637e+6 
        15493.1      1.15424e+6 
        15514.7      1.14999e+6 
        15557.9      1.14154e+6 
        15644.2      1.12483e+6 
        15730.5      1.10838e+6 
        15816.8       1.0922e+6 
        15903.1      1.07628e+6 
        15989.4       1.0606e+6 
        16075.8      1.04518e+6 
        16162.1      1.03001e+6 
        16248.4      1.01507e+6 
        16289.9      1.00798e+6 
        16334.7      1.00038e+6 
        16379.5          992844 
        16469.1          975436 
        16558.8          958399 
        16648.4          941727 
          16738          925410 
        16827.7          909435 
        16917.3          893796 
        17006.9          878487 
        17096.6          863498 
        17186.2          848821 
        17275.8          834448 
        17327.7          826270 
        17365.5          820374 
        17403.2          814527 
        17478.8          802982 
        17554.3          791634 
        17629.9          780482 
        17705.4          769524 
          17781          758754 
        17856.5          748167 
        17932.1          737762 
        18007.6          727244 
        18083.2          717128 
        18158.7          707163 
        18234.3          697324 
        18309.8          687588 
        18343.7          683234 
        18385.3          677896 
          18427          672536 
        18510.2          661557 
        18551.8          655713 
        18593.4          649267 
        18614.2          645607 
          18635          641422 
        18655.8          636377 
        18676.6          629842 
          18687          625661 
        18697.4          620559 
        18707.8          614156 
        18718.2          605913 
        18728.6          595099 
          18739          581188 
        18749.4          564664 
        18766.2          582363 
        18779.9          595985 
        18793.7          604559 
        18807.4          609752 
        18821.2          612821 
        18834.9          614533 
        18848.7          615344 
        18876.2          615347 
        18903.7          614131 
        18958.7          610034 
        19013.8          605014 
        19068.8          599648 
        19123.8          594151 
        19178.8          588615 
        19233.9          583086 
        19288.9          577582 
        19343.9          572122 
        19398.9          566709 
        19450.7          561667 
        19502.4          556671 
        19554.1          551880 
        19605.9          546967 
        19657.6          542107 
        19709.3          537297 
        19761.1          532544 
        19812.8          527841 
        19864.5          523188 
        19916.3          518586 
          19968          514037 
        20019.7          509532 
        20071.5          505077 
        20123.2          500672 
        20174.9          496312 
        20226.7          492002 
        20278.4          487735 
        20330.1          483513 
        20381.9          479338 
        20392.8          478461 
        20433.6          475207 
        20474.4          471980 
          20556          465603 
        20637.6          459335 
        20719.2          453168 
        20800.9          447105 
        20882.5          441142 
        20964.1          435277 
        21045.7          429509 
        21127.3          423832 
          21209          418250 
        21290.6          412755 
        21372.2          407351 
        21453.8          402036 
        21535.4          396802 
        21603.5          392507 
          21617          391656 
        21630.6          390808 
        21657.8          389118 
        21712.1          385769 
        21766.3          382451 
        21820.6          379171 
        21874.9          375926 
        21929.2          372715 
        21983.5          369536 
        22037.8          366391 
        22092.1          363281 
        22146.4          360202 
        22200.7          357155 
          22255          354142 
        22309.3          351158 
        22363.6          348205 
        22417.9          345283 
        22472.2          342393 
        22526.5          339531 
        22580.8          336700 
          22635          333898 
        22689.3          331121 
        22700.4          330558 
        22743.6          328375 
        22784.8          326311 
        22800.8          325513 
        22816.8          324718 
        22848.8          323138 
        22912.8          320003 
        22976.8          316902 
        23040.8          313841 
        23104.8          310816 
        23168.7          307827 
        23232.7          304873 
        23296.7          301955 
        23360.7          299071 
        23424.7          296220 
        23488.6          293404 
        23552.6          290620 
        23616.6          287869 
        23680.6          285150 
        23744.6          282463 
        23808.6          279807 
        23872.5          277182 
        23936.5          274587 
        24000.5          272023 
        24064.5          269488 
        24128.5          266982 
        24192.5          264505 
        24256.4          262056 
        24320.4          259635 
        24384.4          257242 
        24448.4          254876 
        24512.4          252537 
        24576.3          250225 
        24640.3          247939 
        24704.3          245678 
        24768.3          243443 
        24832.3          241233 
        24896.3          239048 
        24960.2          236887 
        25004.4          235409 
        25024.2          234751 
          25044          234095 
        25083.6          232790 
        25162.8          230208 
        25241.9          227661 
        25321.1          225149 
        25400.2          222671 
        25479.4          220228 
        25558.5          217816 
        25637.7          215438 
        25716.9          213092 
          25796          210777 
        25875.2          208494 
        25954.3          206241 
        26033.5          204018 
        26112.7          201824 
        26191.8          199660 
          26271          197524 
        26350.1          195417 
        26429.3          193338 
        26508.4          191286 
        26587.6          189261 
        26666.8          187262 
        26745.9          185289 
        26825.1          183342 
        26904.2          181421 
        26983.4          179524 
        27062.6          177652 
        27141.7          175804 
        27220.9          173980 
        27299.2          172197 
        27377.5          170438 
        27455.8          168701 
        27534.2          166986 
        27612.5          165293 
        27690.8          163620 
        27769.1          161969 
        27847.5          160339 
        27925.8          158728 
        28004.1          157138 
        28082.4          155567 
        28160.8          154016 
        28239.1          152484 
        28317.4          150971 
        28395.7          149476 
          28474          148000 
        28552.4          146542 
        28630.7          145101 
          28709          143679 
        28787.3          142273 
        28865.7          140884 
          28944          139512 
        29022.3          138157 
        29100.6          136818 
          29179          135495 
        29257.3          134188 
        29335.6          132897 
        29413.9          131621 
        29492.3          130360 
        29570.6          129114 
        29648.9          127883 
        29727.2          126666 
        29805.5          125464 
        29883.9          124275 
        29932.6          123543 
        29962.2          123101 
        29991.8          122661 
