# Koester WD models
# teff = 5250 K (value for the effective temperature for the model. Temperatures are given in K)
# logg = 7.25 log(cm/s2) (value for Log(G) for the model.)
#
# column 1: WAVELENGTH (ANGSTROM), Wavelength in Angstrom
# column 2: FLUX (ERG/CM2/S/A), Flux in erg/cm2/s/A
         899.23     0.000725648 
        909.241       0.0010278 
        919.251      0.00144393 
        929.261      0.00201044 
        939.271      0.00276923 
         949.28      0.00382234 
        959.289      0.00537215 
        969.297      0.00747866 
        979.305       0.0102449 
        989.312       0.0138204 
        999.319        0.018443 
        1009.33        0.024403 
        1019.33       0.0320179 
        1029.34        0.041628 
        1039.34       0.0542324 
        1049.35       0.0698021 
        1059.36       0.0894179 
        1069.36        0.113816 
        1079.36        0.144353 
        1089.37        0.181913 
        1099.37        0.228475 
        1109.38        0.285282 
        1119.38        0.355644 
        1129.38        0.440888 
        1139.39        0.543524 
        1149.39        0.665474 
        1159.39        0.804446 
        1169.39        0.956229 
         1179.4         1.13265 
         1189.4         1.37075 
         1199.4         1.65727 
         1209.4         2.00178 
        1219.41         2.40462 
        1229.41         2.86572 
        1239.41         3.42314 
        1249.41         4.07471 
        1259.41         4.83497 
        1269.41         5.74849 
        1279.42         6.83438 
        1289.42         8.08021 
        1299.42         9.49078 
        1309.42         11.1269 
        1319.42         12.9801 
        1329.42         15.1209 
        1339.42         17.5385 
        1349.42         20.2957 
        1359.42         23.4604 
        1369.42         26.9834 
        1379.42         30.9906 
        1389.42          35.543 
        1399.42          40.622 
        1409.42         46.2892 
        1419.42         52.7423 
        1429.42          59.956 
        1439.42         67.8603 
        1454.42         81.4973 
        1464.42         92.0735 
        1474.42         103.797 
        1489.42         123.132 
        1504.42         145.503 
        1514.42           162.8 
        1529.42         192.711 
        1544.42         226.313 
        1559.42         263.014 
        1570.19         291.928 
        1584.41           335.5 
        1599.41         387.958 
        1614.41          449.53 
        1629.41         524.043 
        1644.41         613.851 
        1659.41         716.723 
        1670.17         798.982 
         1684.4         920.031 
         1699.4         1067.21 
         1714.4          1229.8 
         1729.4         1409.42 
         1744.4         1604.47 
        1759.39         1811.77 
         1771.7         1996.71 
        1784.39         2209.66 
        1799.39         2485.78 
        1819.38         2892.75 
        1834.77         3240.33 
        1845.54         3502.34 
         1856.3         3786.84 
        1867.07         4087.27 
        1882.44         4552.07 
        1894.73         4956.65 
        1906.98         5389.78 
        1919.37         5860.74 
        1931.76         6359.78 
        1944.14         6910.91 
        1956.53          7498.6 
        1968.59         8094.03 
        1980.65         8726.84 
        1992.71         9401.09 
        2004.77           10119 
        2015.84         10818.8 
         2027.8         11645.7 
        2047.42         13060.1 
        2067.03         14607.9 
        2086.65         16339.7 
        2106.26         18247.3 
        2126.24         20387.9 
        2136.59         21617.4 
        2155.85         24007.5 
        2166.22         25379.7 
        2178.22         27038.8 
        2191.02         28912.7 
        2203.82         30900.9 
         2214.7           32703 
        2225.57           34555 
        2236.45         36488.3 
        2247.33         38512.8 
        2259.77         40947.5 
         2272.2         43862.3 
        2288.79         48037.2 
        2305.11           52545 
        2316.28         55754.5 
        2338.68           62158 
        2351.48         66147.8 
        2362.35           69717 
        2373.23         73388.9 
        2384.11         77225.1 
        2394.99         81246.3 
        2409.27         86846.5 
        2423.56         92946.8 
        2437.84         99425.1 
        2448.06          104205 
        2460.79          110797 
        2474.59          118455 
        2492.99          129425 
        2510.01          140463 
        2527.04          151666 
        2543.14          162928 
        2555.21          171818 
        2567.28          182180 
        2579.35          193641 
        2591.43          205788 
        2607.52          223544 
        2623.62          242046 
        2637.85          259398 
        2652.72          278629 
        2667.58          296451 
         2687.4          319720 
        2707.21          344256 
        2727.03          370284 
        2737.59          384675 
        2756.11          410823 
        2774.63          439411 
        2793.15          469310 
        2811.67          500544 
        2830.19          533075 
        2842.89          556103 
        2854.55          577629 
        2866.21          601134 
        2877.87          625281 
        2901.19          675766 
        2924.51          729082 
        2942.69          772405 
        2952.98          797650 
        2963.28          821900 
        2983.87          871691 
        2998.68          908536 
        3025.05          976266 
        3038.24      1.01114e+6 
        3051.42      1.04672e+6 
        3064.61      1.08702e+6 
        3077.79      1.12836e+6 
        3104.16      1.21397e+6 
        3130.53      1.30286e+6 
        3149.86      1.36968e+6 
        3169.18      1.44345e+6 
        3188.51      1.51922e+6 
        3207.84      1.59691e+6 
         3244.7      1.75023e+6 
        3255.48      1.78818e+6 
        3277.04      1.85669e+6 
        3305.78      1.94926e+6 
        3346.73      2.08339e+6 
        3412.08      2.30251e+6 
        3428.62      2.35874e+6 
        3445.17      2.41523e+6 
        3478.25       2.5256e+6 
        3495.92       2.5847e+6 
         3543.6      2.74473e+6 
        3591.28      2.90248e+6 
        3635.88       3.0484e+6 
        3647.12      3.08535e+6 
        3658.96      3.12417e+6 
        3671.11      3.16371e+6 
        3682.58      3.20097e+6 
         3693.5      3.23619e+6 
        3703.57      3.26842e+6 
        3713.83        3.301e+6 
        3724.38       3.3326e+6 
        3734.43      3.35959e+6 
        3744.62      3.38752e+6 
        3754.84      3.41497e+6 
        3765.07      3.44231e+6 
         3775.5      3.46995e+6 
        3786.22      3.49823e+6 
        3796.45       3.5243e+6 
        3807.84      3.55462e+6 
        3818.92      3.58333e+6 
        3830.45      3.61293e+6 
        3840.76      3.64016e+6 
        3851.98      3.67026e+6 
        3862.01      3.69621e+6 
        3872.59      3.72301e+6 
         3884.4      3.74845e+6 
        3894.46      3.77475e+6 
        3908.89      3.81433e+6 
        3923.89      3.85282e+6 
        3935.81      3.88345e+6 
        3946.58      3.91047e+6 
        3957.31      3.93554e+6 
        3967.38      3.93305e+6 
        3977.86      3.98222e+6 
        3988.87      4.01426e+6 
        4003.87      4.05086e+6 
        4018.86      4.08652e+6 
        4032.38      4.11838e+6 
        4043.86      4.14492e+6 
        4058.85      4.17879e+6 
        4073.85       4.2114e+6 
           4084      4.23154e+6 
        4095.68      4.23449e+6 
        4105.79      4.23421e+6 
        4116.23      4.29899e+6 
        4128.84      4.32993e+6 
        4143.83      4.36245e+6 
        4158.83      4.39358e+6 
        4173.82      4.42377e+6 
        4188.82      4.45311e+6 
        4203.81      4.48173e+6 
        4216.52       4.5057e+6 
        4228.81      4.52845e+6 
        4243.81       4.5555e+6 
         4258.8      4.58173e+6 
         4273.8      4.60721e+6 
        4288.79      4.63171e+6 
        4303.79      4.65483e+6 
        4314.07      4.66863e+6 
        4326.14      4.67689e+6 
        4336.17      4.59376e+6 
         4346.3      4.64997e+6 
        4357.43      4.72637e+6 
        4367.98      4.74745e+6 
        4378.77      4.76419e+6 
        4393.77      4.78531e+6 
        4408.76      4.80362e+6 
        4423.76      4.82011e+6 
        4438.75      4.83617e+6 
        4453.75      4.85178e+6 
        4468.74      4.86705e+6 
        4483.74      4.88194e+6 
        4498.74      4.89755e+6 
        4513.73      4.91593e+6 
        4527.19       4.9318e+6 
        4538.73      4.94496e+6 
        4553.72      4.96149e+6 
        4568.72      4.97735e+6 
        4583.72      4.99262e+6 
        4596.53      5.00497e+6 
        4608.71      5.01552e+6 
         4623.7      5.02812e+6 
         4638.7      5.04028e+6 
         4653.7      5.05203e+6 
        4668.69      5.06334e+6 
        4683.69      5.07427e+6 
        4698.68      5.08457e+6 
        4713.68      5.09434e+6 
        4724.83      5.10135e+6 
        4738.67      5.10974e+6 
        4753.67      5.11847e+6 
        4768.67      5.12677e+6 
        4783.66      5.13452e+6 
        4798.66       5.1415e+6 
        4813.65      5.14715e+6 
        4828.65      5.14945e+6 
        4839.16      5.14373e+6 
        4850.22      5.09651e+6 
        4860.35      4.27464e+6 
        4870.86      5.08423e+6 
        4882.91      5.16183e+6 
        4893.63      5.17738e+6 
        4908.63      5.18803e+6 
         4921.7      5.19443e+6 
        4933.62      5.19934e+6 
        4948.62      5.20483e+6 
        4963.61      5.20983e+6 
        4978.61      5.21445e+6 
        4993.61      5.21863e+6 
         5008.6      5.22249e+6 
         5023.6      5.22604e+6 
        5038.59      5.22934e+6 
        5053.59      5.23239e+6 
        5068.59      5.23518e+6 
        5083.58      5.23769e+6 
        5098.58       5.2398e+6 
        5113.57      5.24172e+6 
        5128.57      5.24338e+6 
        5143.57      5.24483e+6 
        5158.56      5.24608e+6 
        5173.56      5.24715e+6 
        5188.55      5.24781e+6 
        5203.55      5.24828e+6 
        5218.55      5.24853e+6 
        5233.54       5.2486e+6 
        5248.54      5.24847e+6 
        5263.53      5.24816e+6 
        5278.53      5.24787e+6 
        5293.52       5.2479e+6 
        5308.52      5.24775e+6 
        5323.52      5.24734e+6 
        5338.51      5.24671e+6 
        5353.51      5.24586e+6 
        5368.51      5.24483e+6 
         5383.5      5.24304e+6 
         5398.5       5.2409e+6 
        5413.49      5.23864e+6 
        5428.49      5.23619e+6 
        5443.48      5.23358e+6 
        5458.48      5.23085e+6 
        5473.48      5.22808e+6 
        5488.47      5.22547e+6 
        5503.47      5.22268e+6 
        5518.47      5.21976e+6 
        5533.46      5.21665e+6 
        5548.46      5.21338e+6 
        5563.45      5.20999e+6 
        5578.45       5.2064e+6 
        5593.44      5.20267e+6 
        5608.44       5.1988e+6 
        5623.44      5.19478e+6 
        5638.43      5.19063e+6 
        5653.43      5.18633e+6 
        5668.43      5.18193e+6 
        5682.86      5.17753e+6 
        5693.42      5.17423e+6 
        5704.77      5.17059e+6 
        5715.23       5.1672e+6 
        5728.41       5.1628e+6 
         5743.4      5.15771e+6 
         5758.4      5.15246e+6 
         5773.4      5.14697e+6 
        5788.39      5.14147e+6 
        5803.39      5.13588e+6 
        5818.39      5.13016e+6 
        5833.38      5.12431e+6 
        5848.38      5.11838e+6 
        5863.37      5.11231e+6 
        5878.37      5.10616e+6 
        5893.36       5.0999e+6 
        5908.36      5.09353e+6 
        5923.36      5.08702e+6 
        5938.35      5.08046e+6 
        5953.35      5.07377e+6 
        5968.34      5.06695e+6 
        5983.34      5.06007e+6 
        5998.34      5.05306e+6 
        6013.33      5.04593e+6 
        6028.33      5.03874e+6 
        6043.32      5.03145e+6 
        6058.32      5.02407e+6 
        6073.32      5.01659e+6 
        6088.31      5.00902e+6 
        6103.31      5.00138e+6 
         6118.3      4.99366e+6 
         6133.3      4.98583e+6 
         6148.3      4.97795e+6 
        6163.29      4.96997e+6 
        6178.29      4.96189e+6 
        6193.28      4.95376e+6 
        6208.28      4.94553e+6 
        6223.28      4.93723e+6 
        6238.27      4.92884e+6 
        6252.16      4.92102e+6 
        6262.16      4.91534e+6 
        6273.26      4.90899e+6 
        6284.63      4.90246e+6 
        6295.99      4.89586e+6 
        6306.09      4.88998e+6 
        6316.22      4.88405e+6 
        6328.25      4.87691e+6 
        6343.24      4.86796e+6 
        6358.24      4.85888e+6 
        6373.23      4.84971e+6 
        6388.23      4.84041e+6 
        6403.23      4.83092e+6 
        6418.22      4.82125e+6 
        6433.22      4.81129e+6 
        6448.22      4.80092e+6 
        6463.21      4.78992e+6 
        6478.21      4.77789e+6 
         6493.2      4.76394e+6 
         6508.2      4.74582e+6 
        6523.19      4.71691e+6 
         6536.1      4.66473e+6 
        6546.46      4.55333e+6 
        6556.84      4.11344e+6 
        6566.99      3.91578e+6 
        6577.23      4.49873e+6 
        6587.48      4.62153e+6 
        6598.17       4.6609e+6 
        6613.66      4.67648e+6 
        6623.98      4.67764e+6 
         6634.3      4.67576e+6 
        6654.94      4.66762e+6 
        6680.98      4.65374e+6 
        6696.23      4.64472e+6 
        6711.48      4.63539e+6 
        6741.98      4.61616e+6 
        6781.19      4.59065e+6 
        6802.98      4.57623e+6 
        6824.78      4.56166e+6 
        6868.37       4.5325e+6 
        6955.56      4.47313e+6 
        6976.35       4.4588e+6 
        7042.75      4.41271e+6 
        7109.15      4.36615e+6 
        7175.54      4.31975e+6 
        7241.94      4.27304e+6 
        7308.33      4.22604e+6 
        7355.95      4.19217e+6 
        7374.73      4.17888e+6 
        7393.51       4.1655e+6 
        7431.08      4.13899e+6 
        7506.22       4.0858e+6 
        7581.35      4.03255e+6 
         7635.1      3.99441e+6 
        7656.49      3.97924e+6 
        7677.88      3.96406e+6 
        7720.67      3.93403e+6 
        7806.23      3.87405e+6 
        7821.36      3.86347e+6 
         7891.8      3.81421e+6 
        7962.25      3.76507e+6 
        7982.84      3.75084e+6 
        8032.69      3.71644e+6 
        8082.55      3.68217e+6 
        8161.68      3.62819e+6 
        8182.26      3.61418e+6 
        8200.85      3.60155e+6 
        8216.85      3.59078e+6 
        8232.84      3.57997e+6 
        8264.83      3.55848e+6 
        8289.72      3.54177e+6 
        8328.82       3.5156e+6 
        8343.44      3.50583e+6 
        8367.92      3.48952e+6 
        8388.68       3.4758e+6 
        8408.65      3.46263e+6 
        8432.02      3.44721e+6 
        8467.25      3.42408e+6 
        8502.48      3.40103e+6 
        8516.58      3.39179e+6 
        8530.98      3.38243e+6 
        8545.38       3.3731e+6 
        8574.18      3.35456e+6 
        8598.39      3.33898e+6 
         8628.6      3.31963e+6 
        8646.81        3.308e+6 
        8665.01      3.29638e+6 
        8685.59      3.28328e+6 
        8701.43      3.27323e+6 
        8750.47      3.24219e+6 
        8767.92      3.23119e+6 
        8815.35      3.20141e+6 
        8862.78      3.17207e+6 
        8900.38      3.14901e+6 
        8957.65      3.11401e+6 
        9014.91      3.07921e+6 
        9044.62      3.06137e+6 
        9072.17      3.04483e+6 
        9099.72      3.02835e+6 
        9154.81      2.99591e+6 
         9190.8      2.97485e+6 
         9209.9      2.96369e+6 
        9229.01       2.9524e+6 
        9267.22      2.93048e+6 
         9303.2      2.90977e+6 
        9343.64      2.88668e+6 
        9384.08      2.86367e+6 
        9464.96      2.81852e+6 
        9545.72      2.77339e+6 
        9561.21      2.76537e+6 
        9576.69      2.75702e+6 
        9607.66      2.74022e+6 
        9668.45      2.70741e+6 
        9729.24      2.67524e+6 
        9790.04      2.64339e+6 
        9850.83      2.61184e+6 
        9870.42      2.60174e+6 
        9911.62      2.58061e+6 
        9952.82      2.55963e+6 
        10021.1      2.52537e+6 
        10035.2      2.51803e+6 
        10049.4       2.5098e+6 
        10077.7       2.4974e+6 
        10134.2      2.46986e+6 
        10144.5      2.46488e+6 
        10190.8      2.44245e+6 
        10237.2      2.42019e+6 
        10329.9       2.3773e+6 
        10422.6      2.33507e+6 
        10515.3      2.29351e+6 
          10608      2.25262e+6 
        10700.7      2.21239e+6 
        10793.4      2.17281e+6 
        10834.1      2.15562e+6 
        10886.1      2.13377e+6 
        10938.1      2.10782e+6 
        10990.1      2.09094e+6 
          11042      2.06996e+6 
          11094      2.04908e+6 
          11146       2.0284e+6 
          11198      2.00791e+6 
          11239      1.99189e+6 
          11250      1.98763e+6 
        11260.9      1.98338e+6 
        11282.8      1.97528e+6 
        11326.6      1.95916e+6 
        11414.2      1.92729e+6 
        11501.8      1.89592e+6 
        11589.4      1.86503e+6 
          11677      1.83463e+6 
        11764.6      1.80472e+6 
        11852.2       1.7753e+6 
        11939.8      1.74635e+6 
        12027.4      1.71786e+6 
          12115      1.68986e+6 
        12202.6      1.66231e+6 
        12284.6      1.63694e+6 
        12366.6      1.61324e+6 
        12448.7      1.58988e+6 
        12530.7      1.56683e+6 
        12612.7      1.54411e+6 
        12694.7      1.52165e+6 
        12735.4      1.51051e+6 
          12756      1.50474e+6 
        12776.7      1.49864e+6 
        12787.1      1.49518e+6 
        12797.4       1.4909e+6 
        12807.7      1.48431e+6 
          12818       1.4739e+6 
        12830.8      1.47943e+6 
        12843.6      1.47953e+6 
        12856.4      1.47735e+6 
          12882       1.4714e+6 
        12933.2       1.4584e+6 
        12984.4      1.44526e+6 
        13035.6       1.4322e+6 
        13086.7      1.41925e+6 
        13137.9       1.4064e+6 
        13189.1      1.39368e+6 
        13240.3      1.38107e+6 
        13274.6      1.37268e+6 
        13291.5      1.36858e+6 
        13308.4      1.36449e+6 
        13342.1      1.35688e+6 
        13409.5      1.34178e+6 
          13477      1.32684e+6 
        13544.4      1.31206e+6 
        13611.9      1.29744e+6 
        13679.3      1.28299e+6 
        13746.8      1.26869e+6 
        13814.3      1.25454e+6 
        13881.7      1.24056e+6 
        13949.2      1.22673e+6 
        14016.6      1.21306e+6 
        14084.1      1.19954e+6 
        14151.5      1.18618e+6 
          14219      1.17296e+6 
        14240.8      1.16872e+6 
        14286.4       1.1599e+6 
        14332.1      1.15115e+6 
        14389.1      1.14076e+6 
        14423.4      1.13455e+6 
        14457.6      1.12838e+6 
        14469.2      1.12633e+6 
        14526.2      1.11626e+6 
        14581.2      1.10663e+6 
        14597.2      1.10392e+6 
        14613.2      1.10124e+6 
        14645.2      1.09591e+6 
        14709.2       1.0853e+6 
        14773.2      1.07479e+6 
        14837.1      1.06437e+6 
        14901.1      1.05404e+6 
        14965.1       1.0438e+6 
        15029.1      1.03365e+6 
        15093.1      1.02359e+6 
        15157.1      1.01362e+6 
          15221      1.00374e+6 
          15285          993956 
          15349          984258 
          15413          974651 
        15471.6          965930 
        15482.4          964331 
        15493.1          962694 
        15514.7          959427 
        15557.9          952927 
        15644.2          940056 
        15730.5          927354 
        15816.8          914816 
        15903.1          902448 
        15989.4          890249 
        16075.8          878213 
        16162.1          866344 
        16248.4          854636 
        16289.9          849066 
        16334.7          843094 
        16379.5          837162 
        16469.1          822946 
        16558.8          809023 
        16648.4          795385 
          16738          782027 
        16827.7          768939 
        16917.3          756119 
        17006.9          743555 
        17096.6          731247 
        17186.2          719186 
        17275.8          707364 
        17327.7          700635 
        17365.5          695781 
        17403.2          690968 
        17478.8          681455 
        17554.3          672100 
        17629.9          662901 
        17705.4          653853 
          17781          644960 
        17856.5          636210 
        17932.1          627609 
        18007.6          619051 
        18083.2          610710 
        18158.7          602495 
        18234.3          594402 
        18309.8          586422 
        18343.7          582866 
        18385.3          578531 
          18427          574205 
        18510.2          565534 
        18551.8          561098 
        18593.4          556448 
          18635          551230 
        18657.9          547749 
        18676.6          544221 
        18695.2          539408 
        18713.8          531862 
        18727.8          522397 
        18741.8          506943 
        18752.3          496761 
        18763.9          509227 
        18777.9          520449 
        18796.5          527363 
        18815.2          529889 
        18843.1          530376 
        18861.7          529729 
        18880.4          528708 
        18917.6          526104 
        18992.2          520037 
        19066.7          513660 
        19141.2          507254 
        19215.7          500886 
        19290.3          494593 
        19364.8          488383 
          19428          483186 
        19439.3          482260 
        19450.7          481336 
        19473.4          479492 
        19518.8          475832 
        19609.6          468650 
        19700.3          461547 
        19791.1          454579 
        19881.9          447737 
        19972.7          441023 
        20063.5          434432 
        20154.3          427960 
        20245.1          421608 
        20335.9          415369 
        20378.9          412450 
        20426.7          409246 
        20474.4          406070 
        20569.9          399812 
        20665.3          393670 
        20760.8          387644 
        20856.2          381732 
        20951.7          375929 
        21047.2          370234 
        21142.6          364645 
        21238.1          359163 
        21333.5          353778 
          21429          348494 
        21524.5          343304 
        21609.2          338777 
        21619.9          338211 
        21630.6          337649 
          21652          336521 
        21694.8          334284 
        21780.3          329867 
        21865.8          325519 
        21951.3          321244 
        22036.8          317037 
        22122.3          312896 
        22207.8          308823 
        22293.4          304814 
        22378.9          300870 
        22464.4          296988 
        22549.9          293168 
        22635.4          289408 
          22655          288555 
        22720.9          285708 
        22784.8          282980 
        22800.8          282303 
        22816.8          281627 
        22848.8          280283 
        22912.8          277617 
        22976.8          274982 
        23040.8          272378 
        23104.8          269804 
        23168.7          267260 
        23232.7          264746 
        23296.7          262261 
        23360.7          259804 
        23424.7          257376 
        23488.6          254976 
        23552.6          252604 
        23616.6          250258 
        23680.6          247940 
        23744.6          245647 
        23808.6          243381 
        23872.5          241141 
        23936.5          238926 
        24000.5          236737 
        24064.5          234571 
        24128.5          232431 
        24192.5          230314 
        24256.4          228222 
        24320.4          226152 
        24384.4          224106 
        24448.4          222083 
        24512.4          220082 
        24576.3          218103 
        24640.3          216146 
        24704.3          214211 
        24768.3          212298 
        24832.3          210405 
        24896.3          208533 
        24960.2          206682 
        25004.4          205416 
        25024.2          204851 
          25044          204289 
        25083.6          203171 
        25162.8          200957 
        25241.9          198772 
        25321.1          196617 
        25400.2          194491 
        25479.4          192393 
        25558.5          190323 
        25637.7          188281 
        25716.9          186265 
          25796          184276 
        25875.2          182314 
        25954.3          180377 
        26033.5          178465 
        26112.7          176579 
        26191.8          174717 
          26271          172880 
        26350.1          171066 
        26429.3          169276 
        26508.4          167508 
        26587.6          165764 
        26666.8          164042 
        26745.9          162342 
        26825.1          160664 
        26904.2          159008 
        26983.4          157372 
        27062.6          155757 
        27141.7          154163 
        27220.9          152588 
        27299.2          151051 
        27377.5          149532 
        27455.8          148032 
        27534.2          146552 
        27612.5          145089 
        27690.8          143644 
        27769.1          142217 
        27847.5          140808 
        27925.8          139416 
        28004.1          138041 
        28082.4          136683 
        28160.8          135341 
        28239.1          134015 
        28317.4          132706 
        28395.7          131412 
          28474          130134 
        28552.4          128872 
        28630.7          127624 
          28709          126392 
        28787.3          125174 
        28865.7          123970 
          28944          122781 
        29022.3          121606 
        29100.6          120445 
          29179          119298 
        29257.3          118164 
        29335.6          117043 
        29413.9          115936 
        29492.3          114842 
        29570.6          113760 
        29648.9          112691 
        29727.2          111634 
        29805.5          110590 
        29883.9          109558 
        29932.6          108922 
        29962.2          108538 
        29991.8          108155 
