# Koester WD models
# teff = 5750 K (value for the effective temperature for the model. Temperatures are given in K)
# logg = 9 log(cm/s2) (value for Log(G) for the model.)
#
# column 1: WAVELENGTH (ANGSTROM), Wavelength in Angstrom
# column 2: FLUX (ERG/CM2/S/A), Flux in erg/cm2/s/A
         899.23       0.0138128 
        909.241       0.0189411 
        919.251       0.0257794 
        929.261       0.0345685 
        939.271       0.0447212 
         949.28       0.0623069 
        959.289       0.0840191 
        969.297        0.116305 
        979.305        0.158351 
        989.312        0.209167 
        999.319        0.272035 
        1009.33        0.350589 
        1019.33         0.44632 
        1029.34        0.563404 
        1039.34        0.720653 
        1049.35        0.904939 
        1059.36         1.13138 
        1069.36         1.40575 
        1079.36         1.74152 
        1089.37         2.14367 
        1099.37         2.63153 
        1109.38         3.21074 
        1119.38          3.9176 
        1129.38          4.7521 
        1139.39         5.72772 
        1149.39         6.84569 
        1159.39         8.01502 
        1169.39         9.09237 
         1179.4         10.3361 
         1189.4         12.3292 
         1199.4         14.6961 
         1209.4         17.7053 
        1219.41         20.9736 
        1229.41         23.9474 
        1239.41          28.082 
        1249.41         32.8733 
        1259.41         38.3896 
        1269.41         45.1133 
        1279.42         53.2566 
        1289.42         62.3393 
        1299.42         72.3534 
        1309.42         83.8029 
        1319.42         96.3966 
        1329.42         110.906 
        1339.42         126.859 
        1349.42         144.758 
        1359.42         165.282 
        1369.42         187.409 
        1379.42          212.18 
        1389.42         240.227 
        1399.42         271.093 
        1409.42         304.699 
        1419.42         342.493 
        1429.42         384.138 
        1439.42         428.953 
        1454.42         505.831 
        1464.42         564.723 
        1474.42         628.215 
        1489.42         729.145 
        1504.42         844.743 
        1514.42         936.217 
        1529.42         1092.99 
        1544.42         1260.98 
        1559.42         1429.26 
        1570.19         1559.49 
        1584.41         1757.48 
        1599.41          1995.5 
        1614.41         2283.52 
        1629.41         2653.99 
        1644.41         3117.18 
        1659.41         3621.22 
        1670.17         3993.37 
         1684.4         4513.93 
         1699.4         5124.25 
         1714.4         5793.54 
         1729.4         6528.58 
         1744.4         7320.38 
        1759.39         8158.87 
         1771.7         8900.26 
        1784.39         9735.67 
        1799.39         10809.1 
        1819.38         12367.3 
        1834.77         13680.5 
        1845.54         14659.4 
         1856.3         15707.6 
        1867.07         16807.7 
        1882.44         18496.5 
        1900.88         20712.9 
        1913.17           22308 
        1925.56         23999.8 
        1937.95         25828.2 
        1956.53         28750.6 
        1968.59         30750.1 
        1980.65         32853.2 
        1992.71         35067.7 
        2004.77         37399.4 
        2015.84         39647.2 
         2027.8         42245.3 
        2047.42         46679.7 
        2067.03         51449.9 
        2086.65         56637.6 
        2106.26           62223 
        2126.24         68359.8 
        2146.22         75045.7 
        2165.47           81868 
           2184         88850.8 
        2202.53         96302.4 
         2214.7          101452 
        2226.86          106659 
        2239.01          112023 
        2251.18          117527 
        2262.76          122936 
        2281.25          132473 
        2299.74          142413 
        2313.13          150137 
        2326.53          157833 
        2339.92          166142 
        2353.31          174973 
         2371.4          187972 
        2387.79          200898 
        2398.53          210283 
        2409.27          220425 
        2420.02          231147 
        2430.76          243208 
         2441.5          256335 
        2451.59          269313 
        2465.39          289881 
        2475.96          307303 
        2492.99          337586 
        2510.01          371349 
        2527.04          405369 
        2543.14          440037 
        2555.21          467227 
        2567.28          497575 
        2579.35          530389 
         2603.5          600368 
        2619.59          650489 
        2635.69          703192 
         2645.9          737897 
        2657.67          779128 
        2669.44          814053 
        2681.21          849411 
        2704.75          921718 
        2728.28          995630 
        2747.54      1.05725e+6 
        2764.68      1.11451e+6 
        2781.82      1.17437e+6 
        2798.96      1.23554e+6 
         2816.1      1.29808e+6 
        2846.21       1.4114e+6 
        2862.88      1.47885e+6 
         2887.9      1.58805e+6 
        2921.25         1.74e+6 
        2952.98      1.89107e+6 
        2984.72      2.03863e+6 
        3016.45      2.19139e+6 
        3044.94      2.33299e+6 
         3057.9      2.40309e+6 
        3070.85      2.47902e+6 
        3096.76      2.63431e+6 
        3122.66      2.79394e+6 
        3147.28      2.94949e+6 
         3157.6      3.02069e+6 
        3167.93       3.0943e+6 
        3188.58      3.24385e+6 
        3211.46      3.41318e+6 
        3229.88      3.55207e+6 
        3243.69      3.65769e+6 
         3257.5      3.74387e+6 
        3271.31      3.82011e+6 
        3285.12      3.89664e+6 
        3312.75      4.05033e+6 
        3346.73      4.24058e+6 
        3384.22       4.4539e+6 
        3414.69      4.62782e+6 
        3445.17      4.80205e+6 
        3468.62      4.93309e+6 
        3495.92      5.08526e+6 
        3506.11      5.14197e+6 
         3543.6       5.3502e+6 
        3591.28      5.60988e+6 
        3635.88      5.84873e+6 
        3647.12      5.90908e+6 
        3658.96      5.97242e+6 
        3671.11      6.03682e+6 
        3682.58      6.09695e+6 
         3693.5      6.15378e+6 
        3703.57      6.20581e+6 
        3713.83      6.25827e+6 
        3724.38      6.30835e+6 
        3734.43      6.35048e+6 
        3744.62      6.39295e+6 
        3754.84      6.43508e+6 
        3765.07      6.47683e+6 
         3775.5      6.51896e+6 
        3786.22      6.56184e+6 
        3796.45      6.60228e+6 
        3807.84      6.64686e+6 
        3818.92       6.6899e+6 
        3830.45      6.73576e+6 
        3840.76       6.7762e+6 
        3851.98      6.81977e+6 
        3862.01      6.85819e+6 
        3872.59      6.89818e+6 
         3884.4      6.94201e+6 
        3894.46      6.97911e+6 
        3908.89      7.03176e+6 
        3923.89      7.08844e+6 
        3935.81      7.13415e+6 
        3946.58      7.17455e+6 
        3957.31      7.21366e+6 
        3967.38      7.24809e+6 
        3977.86      7.28755e+6 
        3988.87      7.32805e+6 
        4003.87      7.38073e+6 
        4018.86      7.43269e+6 
        4032.38      7.47916e+6 
        4043.86      7.51755e+6 
        4058.85      7.56609e+6 
        4073.85      7.61192e+6 
           4084      7.63994e+6 
        4096.52      7.66621e+6 
        4106.79      7.69668e+6 
        4117.77      7.74236e+6 
        4128.84      7.78132e+6 
        4143.83      7.82897e+6 
        4158.83      7.87365e+6 
        4173.82      7.91634e+6 
        4188.82      7.95728e+6 
        4203.81      7.99664e+6 
        4216.52      8.02963e+6 
        4228.81      8.06057e+6 
        4243.81       8.0968e+6 
         4258.8       8.1312e+6 
         4273.8      8.16352e+6 
        4288.79      8.19302e+6 
        4303.79       8.2175e+6 
        4314.07      8.22745e+6 
        4326.14      8.22302e+6 
        4336.17      8.19063e+6 
        4346.17      8.21709e+6 
        4357.43      8.28617e+6 
        4367.98      8.32343e+6 
        4378.77      8.35023e+6 
        4393.77      8.37944e+6 
        4408.76      8.40027e+6 
        4423.76      8.41598e+6 
        4438.75      8.43043e+6 
        4453.75      8.44394e+6 
        4468.74      8.45663e+6 
        4483.74      8.46863e+6 
        4498.74      8.48114e+6 
        4513.73      8.50316e+6 
        4527.19      8.52157e+6 
        4538.73      8.53646e+6 
        4553.72      8.55453e+6 
        4568.72      8.57124e+6 
        4583.72      8.58663e+6 
        4596.53      8.59829e+6 
        4608.71      8.60674e+6 
         4623.7      8.61626e+6 
         4638.7      8.62493e+6 
         4653.7      8.63275e+6 
        4668.69      8.63973e+6 
        4683.69      8.64585e+6 
        4698.68       8.6506e+6 
        4713.68      8.65389e+6 
        4724.83      8.65581e+6 
        4738.67      8.65738e+6 
        4753.67      8.65798e+6 
        4768.67      8.65697e+6 
        4783.66      8.65367e+6 
        4798.66      8.64623e+6 
        4813.65      8.63077e+6 
        4828.65       8.5964e+6 
        4839.16      8.54384e+6 
        4851.78      8.40021e+6 
        4861.84      8.20358e+6 
        4872.13      8.42063e+6 
        4882.71      8.53624e+6 
        4893.63      8.59084e+6 
        4903.92      8.61576e+6 
        4915.55      8.63002e+6 
        4928.62      8.63759e+6 
        4943.62      8.64076e+6 
        4958.61      8.64082e+6 
        4973.61        8.639e+6 
        4988.61      8.63586e+6 
         5003.6      8.63168e+6 
         5018.6      8.62678e+6 
         5033.6      8.62128e+6 
        5048.59      8.61532e+6 
        5063.59      8.60891e+6 
        5078.58      8.60206e+6 
        5093.58       8.5943e+6 
        5108.57      8.58613e+6 
        5123.57      8.57765e+6 
        5138.57      8.56888e+6 
        5153.56       8.5598e+6 
        5168.56      8.55047e+6 
        5183.56       8.5407e+6 
        5198.55      8.53052e+6 
        5213.55      8.52009e+6 
        5228.54      8.50941e+6 
        5243.54      8.49851e+6 
        5258.53      8.48736e+6 
        5273.53      8.47599e+6 
        5288.53      8.46593e+6 
        5303.52      8.45566e+6 
        5318.52      8.44504e+6 
        5333.52      8.43411e+6 
        5348.51      8.42286e+6 
        5363.51      8.41168e+6 
         5378.5      8.39911e+6 
         5393.5      8.38551e+6 
        5408.49      8.37168e+6 
        5423.49      8.35774e+6 
        5438.49      8.34357e+6 
        5453.48      8.32924e+6 
        5468.48      8.31476e+6 
        5483.48      8.30109e+6 
        5498.47      8.28724e+6 
        5513.47      8.27323e+6 
        5528.46        8.259e+6 
        5543.46      8.24458e+6 
        5558.45         8.23e+6 
        5573.45      8.21523e+6 
        5588.45      8.20025e+6 
        5603.44      8.18514e+6 
        5618.44      8.16987e+6 
        5633.43      8.15441e+6 
        5648.43      8.13883e+6 
        5663.43      8.12309e+6 
        5673.98      8.11241e+6 
         5686.2      8.09947e+6 
        5698.42      8.08633e+6 
        5708.88      8.07502e+6 
        5723.41      8.05919e+6 
        5738.41      8.04276e+6 
         5753.4      8.02617e+6 
         5768.4      8.00767e+6 
        5783.39       7.9908e+6 
        5798.39       7.9738e+6 
        5813.39      7.95668e+6 
        5828.38      7.93943e+6 
        5843.38      7.92209e+6 
        5858.37      7.90466e+6 
        5873.37      7.88713e+6 
        5888.37      7.86947e+6 
        5903.36      7.85175e+6 
        5918.36      7.83391e+6 
        5933.35      7.81597e+6 
        5948.35       7.7979e+6 
        5963.35      7.77975e+6 
        5978.34      7.76146e+6 
        5993.34      7.74308e+6 
        6008.33      7.72461e+6 
        6023.33      7.70604e+6 
        6038.32      7.68741e+6 
        6053.32      7.66869e+6 
        6068.32      7.64987e+6 
        6083.31      7.63096e+6 
        6098.31      7.61198e+6 
        6113.31      7.59292e+6 
         6128.3      7.57375e+6 
         6143.3      7.55449e+6 
        6158.29      7.53517e+6 
        6173.29      7.51573e+6 
        6188.28      7.49619e+6 
        6203.28      7.47655e+6 
        6218.28      7.45682e+6 
        6233.27      7.43697e+6 
        6244.38      7.42217e+6 
        6256.04      7.40652e+6 
        6266.59      7.39232e+6 
        6278.26      7.37652e+6 
        6290.52      7.35978e+6 
        6302.31      7.34354e+6 
        6312.59      7.32927e+6 
        6323.25      7.31432e+6 
        6338.24      7.29302e+6 
        6353.24      7.27128e+6 
        6368.24      7.24904e+6 
        6383.23       7.2261e+6 
        6398.23      7.20229e+6 
        6413.22      7.17725e+6 
        6428.22      7.15048e+6 
        6443.22      7.12124e+6 
        6458.21      7.08822e+6 
        6473.21      7.04929e+6 
         6488.2      7.00069e+6 
         6503.2      6.93519e+6 
         6518.2      6.83846e+6 
        6532.67      6.68653e+6 
        6543.19      6.50844e+6 
        6554.43      6.21382e+6 
        6564.44      5.97876e+6 
        6574.47      6.28897e+6 
        6586.28      6.52999e+6 
        6598.17      6.66687e+6 
         6608.5      6.73535e+6 
        6623.98      6.78977e+6 
         6634.3      6.80758e+6 
        6644.62      6.81656e+6 
        6654.94      6.81961e+6 
        6675.58      6.81462e+6 
        6711.48      6.78773e+6 
        6747.37      6.75072e+6 
        6813.53      6.67233e+6 
        6824.78      6.65839e+6 
        6836.02      6.64441e+6 
        6858.51      6.61623e+6 
        6903.49      6.55905e+6 
        6993.45      6.44325e+6 
        7057.68      6.36009e+6 
        7083.41      6.32673e+6 
        7109.15       6.2934e+6 
        7160.61      6.22736e+6 
        7212.08      6.16145e+6 
        7263.54       6.0957e+6 
        7315.01      6.03016e+6 
        7339.44      5.99915e+6 
        7366.48      5.96573e+6 
        7393.51      5.93148e+6 
        7447.59      5.86385e+6 
        7501.66      5.79658e+6 
        7555.74       5.7297e+6 
        7609.82      5.66322e+6 
         7649.9      5.61421e+6 
        7663.89      5.59719e+6 
        7677.88      5.58016e+6 
        7705.86      5.54651e+6 
        7761.82      5.47957e+6 
        7817.78      5.41312e+6 
        7873.74      5.34718e+6 
        7897.16      5.31975e+6 
         7929.7      5.28177e+6 
        7962.25      5.24398e+6 
        8027.33       5.1694e+6 
        8082.55      5.10672e+6 
        8137.77       5.0448e+6 
        8183.11      4.99435e+6 
        8200.85      4.97471e+6 
        8216.85      4.95712e+6 
        8232.84      4.93956e+6 
        8264.83      4.90465e+6 
        8289.72      4.87761e+6 
        8328.82      4.83535e+6 
        8343.44      4.81961e+6 
        8367.92      4.79338e+6 
        8388.68      4.77133e+6 
        8408.65      4.75018e+6 
        8432.02      4.72552e+6 
        8467.25      4.68854e+6 
        8502.48      4.65179e+6 
        8516.58      4.63715e+6 
        8530.98      4.62226e+6 
        8545.38      4.60746e+6 
        8574.18      4.57802e+6 
        8598.39      4.55342e+6 
         8628.6      4.52283e+6 
        8646.81      4.50448e+6 
        8665.01      4.48619e+6 
        8685.59      4.46562e+6 
        8701.43      4.44981e+6 
        8750.47      4.40125e+6 
        8767.92      4.38406e+6 
        8815.35      4.33766e+6 
        8862.78      4.29204e+6 
        8900.38      4.25617e+6 
        8957.65      4.20207e+6 
        9014.91      4.14857e+6 
        9044.62      4.12108e+6 
        9072.17      4.09569e+6 
        9099.72      4.07047e+6 
        9154.81      4.02086e+6 
         9190.8      3.98875e+6 
         9209.9      3.97182e+6 
        9229.01      3.95489e+6 
        9267.22      3.92134e+6 
         9303.2      3.88998e+6 
        9343.64      3.85499e+6 
        9384.08       3.8203e+6 
        9464.96      3.75238e+6 
        9545.72      3.68565e+6 
        9561.21      3.67302e+6 
        9576.69      3.66043e+6 
        9607.66      3.63533e+6 
        9668.45      3.58651e+6 
        9729.24      3.53875e+6 
        9790.04       3.4916e+6 
        9850.83      3.44507e+6 
        9870.42      3.43018e+6 
        9911.62      3.39914e+6 
        9952.82      3.36835e+6 
        10021.1      3.31834e+6 
        10035.2      3.30803e+6 
        10049.4       3.2977e+6 
        10077.7      3.27747e+6 
        10134.2      3.23713e+6 
        10144.5       3.2299e+6 
        10190.8      3.19729e+6 
        10237.2        3.165e+6 
        10329.9      3.10272e+6 
        10422.6      3.04166e+6 
        10515.3      2.98179e+6 
          10608      2.92313e+6 
        10700.7      2.86564e+6 
        10793.4      2.80928e+6 
        10834.1      2.78486e+6 
        10886.1      2.75392e+6 
        10938.1      2.72302e+6 
        10990.1      2.69342e+6 
          11042      2.66384e+6 
          11094      2.63452e+6 
          11146      2.60551e+6 
          11198      2.57683e+6 
          11239      2.55443e+6 
          11250      2.54848e+6 
        11260.9      2.54255e+6 
        11282.8      2.53114e+6 
        11326.6      2.50849e+6 
        11414.2      2.46381e+6 
        11501.8      2.41998e+6 
        11589.4      2.37695e+6 
          11677      2.33473e+6 
        11764.6      2.29331e+6 
        11852.2      2.25267e+6 
        11939.8      2.21281e+6 
        12027.4      2.17368e+6 
          12115      2.13532e+6 
        12202.6      2.09769e+6 
        12284.6      2.06311e+6 
        12366.6      2.03052e+6 
        12448.7      1.99847e+6 
        12530.7      1.96691e+6 
        12612.7      1.93581e+6 
        12694.7      1.90498e+6 
        12735.4      1.88965e+6 
        12776.7      1.87387e+6 
        12818.1       1.8577e+6 
        12900.8      1.83034e+6 
        12983.5      1.80213e+6 
        13066.2      1.77397e+6 
        13148.9      1.74617e+6 
        13231.6       1.7188e+6 
        13308.4      1.69379e+6 
        13385.1      1.67037e+6 
        13461.9      1.64728e+6 
        13538.7      1.62453e+6 
        13615.5      1.60211e+6 
        13692.3      1.58005e+6 
        13769.1      1.55827e+6 
        13845.9      1.53682e+6 
        13922.7      1.51568e+6 
        13999.5      1.49486e+6 
        14076.2      1.47435e+6 
          14153      1.45415e+6 
        14229.8      1.43425e+6 
        14281.2      1.42111e+6 
        14306.6      1.41465e+6 
        14332.1      1.40821e+6 
          14383      1.39581e+6 
        14410.1      1.38924e+6 
        14427.1      1.38515e+6 
        14457.6      1.37782e+6 
        14505.2      1.36657e+6 
        14581.2      1.34877e+6 
        14597.2      1.34511e+6 
        14613.2      1.34149e+6 
        14645.2      1.33427e+6 
        14709.2      1.31996e+6 
        14773.2      1.30579e+6 
        14837.1      1.29179e+6 
        14901.1      1.27793e+6 
        14965.1      1.26423e+6 
        15029.1      1.25068e+6 
        15093.1      1.23728e+6 
        15157.1      1.22404e+6 
          15221      1.21094e+6 
          15285        1.198e+6 
          15349      1.18519e+6 
          15413      1.17253e+6 
        15471.6      1.16106e+6 
        15482.4      1.15896e+6 
        15493.1       1.1568e+6 
        15514.7      1.15248e+6 
        15557.9      1.14389e+6 
        15644.2      1.12693e+6 
        15730.5      1.11025e+6 
        15816.8      1.09383e+6 
        15903.1      1.07768e+6 
        15989.4       1.0618e+6 
        16075.8      1.04617e+6 
        16162.1      1.03081e+6 
        16248.4      1.01569e+6 
        16289.9      1.00851e+6 
        16334.7      1.00082e+6 
        16379.5          993199 
        16469.1          975820 
        16558.8          958811 
        16648.4          942167 
          16738          925871 
        16827.7          909921 
        16917.3          894305 
        17006.9          879018 
        17096.6          864048 
        17186.2          849389 
        17275.8          835032 
        17327.7          826864 
        17365.5          820974 
        17403.2          815136 
        17478.8          803604 
        17554.3          792272 
        17629.9          781132 
        17705.4          770187 
          17781          759430 
        17856.5          748855 
        17932.1          738460 
        18007.6          727568 
        18083.2          717395 
        18158.7          707348 
        18234.3          697399 
        18309.8          687509 
        18343.7          683070 
        18385.3          677610 
          18427          672112 
        18510.2          660843 
        18593.4          648773 
        18676.6          635117 
        18713.8          628557 
        18732.5          625453 
        18751.1          622064 
        18769.7          621350 
        18788.4          620336 
          18807          619462 
        18825.6          618583 
        18862.9          616553 
        18937.4          611228 
          19012          604769 
        19086.5          597760 
          19161          590516 
        19235.5          583193 
        19310.1          575876 
        19384.6          568603 
        19450.7          562216 
        19516.8          555895 
        19582.8          549977 
        19648.9          543750 
          19715          537608 
        19781.1          531554 
        19847.2          525582 
        19913.2          519695 
        19979.3          513886 
        20045.4          508159 
        20111.5          502507 
        20177.6          496937 
        20243.6          491439 
        20309.7          486017 
        20375.8          480670 
        20409.4          477981 
        20441.9          475395 
        20474.4          472825 
        20539.4          467736 
        20604.5          462716 
        20669.5          457761 
        20734.6          452873 
        20799.6          448048 
        20864.6          443285 
        20929.7          438588 
        20994.7          433948 
        21059.8          429371 
        21124.8          424853 
        21189.9          420392 
        21254.9          415991 
        21319.9          411646 
          21385          407358 
          21450          403123 
        21515.1          398941 
        21529.6          398015 
        21580.1          394817 
        21630.6          391647 
        21681.1          388511 
        21731.6          385407 
        21782.1          382332 
        21832.6          379288 
        21883.2          376275 
        21933.7          373287 
        21984.2          370334 
        22034.7          367406 
        22085.2          364506 
        22135.7          361638 
        22186.2          358795 
        22236.7          355980 
        22287.2          353194 
        22337.7          350432 
        22388.2          347699 
        22438.7          344991 
        22489.3          342308 
        22539.8          339653 
        22590.3          337024 
        22640.8          334416 
        22691.3          331837 
        22741.8          329280 
        22784.8          327121 
        22800.8          326324 
        22816.8          325529 
        22848.8          323945 
        22912.8          320807 
        22976.8          317706 
        23040.8          314643 
        23104.8          311616 
        23168.7          308625 
        23232.7          305669 
        23296.7          302749 
        23360.7          299863 
        23424.7          297010 
        23488.6          294191 
        23552.6          291406 
        23616.6          288652 
        23680.6          285931 
        23744.6          283242 
        23808.6          280583 
        23872.5          277956 
        23936.5          275359 
        24000.5          272791 
        24064.5          270254 
        24128.5          267745 
        24192.5          265266 
        24256.4          262814 
        24320.4          260391 
        24384.4          257995 
        24448.4          255626 
        24512.4          253285 
        24576.3          250970 
        24640.3          248681 
        24704.3          246417 
        24768.3          244180 
        24832.3          241967 
        24896.3          239779 
        24960.2          237615 
        25004.4          236135 
        25024.2          235476 
          25044          234819 
        25083.6          233513 
        25162.8          230927 
        25241.9          228377 
        25321.1          225862 
        25400.2          223380 
        25479.4          220933 
        25558.5          218519 
        25637.7          216137 
        25716.9          213787 
          25796          211469 
        25875.2          209182 
        25954.3          206925 
        26033.5          204699 
        26112.7          202502 
        26191.8          200334 
          26271          198195 
        26350.1          196084 
        26429.3          194001 
        26508.4          191946 
        26587.6          189917 
        26666.8          187915 
        26745.9          185939 
        26825.1          183988 
        26904.2          182063 
        26983.4          180163 
        27062.6          178288 
        27141.7          176436 
        27220.9          174608 
        27299.2          172823 
        27377.5          171060 
        27455.8          169320 
        27534.2          167602 
        27612.5          165905 
        27690.8          164230 
        27769.1          162576 
        27847.5          160942 
        27925.8          159328 
        28004.1          157735 
        28082.4          156161 
        28160.8          154607 
        28239.1          153071 
        28317.4          151555 
        28395.7          150057 
          28474          148578 
        28552.4          147116 
        28630.7          145673 
          28709          144247 
        28787.3          142838 
        28865.7          141446 
          28944          140071 
        29022.3          138713 
        29100.6          137371 
          29179          136044 
        29257.3          134734 
        29335.6          133440 
        29413.9          132161 
        29492.3          130897 
        29570.6          129648 
        29648.9          128414 
        29727.2          127194 
        29805.5          125989 
        29883.9          124797 
        29932.6          124063 
        29962.2          123620 
        29991.8          123179 
