# Koester WD models
# teff = 5500 K (value for the effective temperature for the model. Temperatures are given in K)
# logg = 8.75 log(cm/s2) (value for Log(G) for the model.)
#
# column 1: WAVELENGTH (ANGSTROM), Wavelength in Angstrom
# column 2: FLUX (ERG/CM2/S/A), Flux in erg/cm2/s/A
         899.23      0.00338601 
        909.241      0.00471544 
        919.251      0.00651579 
        929.261      0.00890114 
        939.271       0.0117459 
         949.28       0.0164468 
        959.289       0.0224116 
        969.297       0.0311052 
        979.305       0.0421564 
        989.312       0.0560143 
        999.319       0.0736191 
        1009.33       0.0959816 
        1019.33        0.124043 
        1029.34        0.159158 
        1039.34        0.204552 
        1049.35        0.260028 
        1059.36        0.329035 
        1069.36        0.413899 
        1079.36        0.518743 
        1089.37        0.646207 
        1099.37         0.80235 
        1109.38        0.990839 
        1119.38         1.22154 
        1129.38         1.49791 
        1139.39         1.82661 
        1149.39         2.21177 
        1159.39         2.63686 
        1169.39         3.06409 
         1179.4         3.56269 
         1189.4         4.29896 
         1199.4         5.16915 
         1209.4         6.26298 
        1219.41         7.47058 
        1229.41         8.63561 
        1239.41         10.1931 
        1249.41         12.0208 
        1259.41         14.1398 
        1269.41         16.6846 
        1279.42         19.7564 
        1289.42         23.2385 
        1299.42         27.1232 
        1309.42         31.6016 
        1319.42          36.597 
        1329.42          42.354 
        1339.42          48.772 
        1349.42         56.0319 
        1359.42         64.3448 
        1369.42         73.4592 
        1379.42          83.752 
        1389.42         95.4205 
        1399.42          108.33 
        1409.42         122.558 
        1419.42         138.699 
        1429.42         156.604 
        1439.42         175.982 
        1454.42         209.307 
        1464.42          235.04 
        1474.42          263.24 
        1489.42         308.827 
        1504.42         361.217 
        1514.42         402.058 
        1529.42         472.442 
        1544.42         549.838 
        1559.42         631.212 
        1570.19         694.311 
        1584.41         789.862 
        1599.41         904.703 
        1614.41         1041.49 
        1629.41         1212.22 
        1644.41         1420.17 
        1659.41         1646.33 
        1670.17         1817.48 
         1684.4         2058.26 
         1699.4         2342.88 
         1714.4         2657.49 
         1729.4         3004.98 
         1744.4         3385.32 
        1759.39          3794.2 
         1771.7         4158.21 
        1784.39         4569.01 
        1799.39          5097.3 
        1819.38         5873.24 
        1834.77         6531.62 
        1845.54         7025.23 
         1856.3         7554.74 
        1867.07         8113.01 
        1882.44          8971.7 
        1894.73         9713.11 
        1906.98         10498.9 
        1919.37         11348.2 
        1931.76         12243.9 
        1944.14         13213.5 
        1956.53         14242.5 
        1968.59         15285.3 
        1980.65         16386.8 
        1992.71         17550.3 
        2004.77         18779.2 
        2015.84         19967.5 
        2031.63         21789.3 
        2047.42         23700.7 
        2059.38         25234.6 
        2074.69         27317.8 
        2089.99         29542.7 
         2105.3         31908.2 
        2116.25         33689.8 
         2127.2         35552.8 
        2138.15         37526.6 
         2149.1         39550.8 
        2165.47         42726.3 
        2181.85         46089.7 
        2198.22         49655.7 
         2214.5         53409.9 
        2226.91         56364.6 
        2239.33         59426.1 
        2251.62         62554.1 
        2263.91         65809.1 
        2276.21         69341.9 
         2288.5         72956.9 
        2300.79         76699.8 
        2312.95         80603.2 
        2324.96         84478.7 
        2336.98         88557.1 
           2349         92870.5 
        2359.67         96846.5 
         2370.4          101123 
        2381.12          105591 
        2391.85          110235 
        2402.58          115340 
        2415.97          122118 
        2429.36          129609 
        2442.71          137873 
        2456.19          146815 
        2474.59          161657 
        2492.99          178368 
        2510.01          196150 
        2525.67          212852 
        2541.33          230953 
        2554.74          247350 
        2568.21          265723 
        2586.17          293010 
        2604.12          322459 
        2622.08          353812 
        2640.03          386937 
        2653.34          412890 
        2666.33          436452 
        2679.32          459037 
         2705.3          505419 
        2722.61          537285 
        2739.93          569901 
        2756.11          601185 
        2772.29          634828 
        2788.47          669379 
        2804.64          704860 
        2820.82          741362 
           2837          778810 
        2851.81          813936 
        2862.75          842013 
        2873.68          871161 
        2895.55          931269 
        2917.41          993802 
        2939.28      1.05911e+6 
        2952.98      1.10134e+6 
        2980.39      1.18393e+6 
         3007.8      1.27004e+6 
        3018.99      1.30613e+6 
         3035.2      1.35937e+6 
        3051.42      1.41365e+6 
        3067.64      1.47625e+6 
        3083.85      1.54042e+6 
        3100.07      1.60616e+6 
        3115.14       1.6689e+6 
         3132.5      1.74281e+6 
        3149.86      1.81845e+6 
        3167.21      1.90391e+6 
        3184.57      1.99151e+6 
        3201.93      2.08114e+6 
        3224.99      2.20329e+6 
        3236.64      2.26635e+6 
        3248.29      2.33026e+6 
        3259.95      2.37748e+6 
         3271.6        2.425e+6 
        3283.26      2.47283e+6 
        3306.56      2.56935e+6 
        3346.73      2.73814e+6 
         3386.9      2.91285e+6 
        3408.95      3.00989e+6 
        3419.16        3.055e+6 
        3445.17      3.17072e+6 
        3481.38      3.33075e+6 
        3495.92      3.39534e+6 
         3543.6      3.60809e+6 
        3591.28      3.82046e+6 
        3635.88      4.01854e+6 
        3647.12      4.06899e+6 
        3658.96      4.12215e+6 
        3671.11      4.17646e+6 
        3682.58      4.22748e+6 
         3693.5       4.2759e+6 
        3703.57      4.32029e+6 
        3713.83      4.36521e+6 
        3724.38      4.40838e+6 
        3734.43      4.44498e+6 
        3744.62      4.48198e+6 
        3754.84      4.51877e+6 
        3765.07       4.5554e+6 
         3775.5      4.59251e+6 
        3786.22      4.63039e+6 
        3796.45      4.66624e+6 
        3807.84      4.70592e+6 
        3818.92      4.74446e+6 
        3830.45      4.78571e+6 
        3840.76      4.82219e+6 
        3851.98      4.86165e+6 
        3862.01      4.89655e+6 
        3872.59      4.93305e+6 
         3884.4      4.97327e+6 
        3894.46      5.00732e+6 
        3908.89      5.05573e+6 
        3923.89      5.10804e+6 
        3935.81      5.15036e+6 
        3946.58      5.18803e+6 
        3957.31      5.22485e+6 
        3967.38      5.25824e+6 
        3977.86      5.29446e+6 
        3988.87      5.33191e+6 
        4003.87      5.38152e+6 
        4018.86      5.43084e+6 
        4032.38      5.47523e+6 
        4043.86      5.51221e+6 
        4058.85      5.55939e+6 
        4073.85      5.60488e+6 
           4084      5.63404e+6 
        4096.52      5.66596e+6 
        4106.79      5.69605e+6 
        4117.77      5.73485e+6 
        4128.84      5.77076e+6 
        4143.83      5.81656e+6 
        4158.83      5.86048e+6 
        4173.82      5.90296e+6 
        4188.82      5.94414e+6 
        4203.81      5.98407e+6 
        4216.52      6.01769e+6 
        4228.81      6.04945e+6 
        4243.81      6.08702e+6 
         4258.8      6.12322e+6 
         4273.8       6.1579e+6 
        4288.79      6.19067e+6 
        4303.79      6.22048e+6 
        4314.07      6.23691e+6 
        4326.14      6.24816e+6 
        4336.17      6.24407e+6 
        4346.17      6.26738e+6 
        4357.43      6.31228e+6 
        4367.98       6.3414e+6 
        4378.77      6.36553e+6 
        4393.77      6.39474e+6 
        4408.76      6.41765e+6 
        4423.76      6.43646e+6 
        4438.75       6.4544e+6 
        4453.75      6.47168e+6 
        4468.74      6.48836e+6 
        4483.74      6.50445e+6 
        4498.74      6.52107e+6 
        4513.73      6.54642e+6 
        4527.19      6.56803e+6 
        4538.73      6.58575e+6 
        4553.72      6.60768e+6 
        4568.72      6.62845e+6 
        4583.72      6.64805e+6 
        4596.53      6.66344e+6 
        4608.71       6.6756e+6 
         4623.7      6.68977e+6 
         4638.7      6.70325e+6 
         4653.7        6.716e+6 
        4668.69      6.72803e+6 
        4683.69      6.73938e+6 
        4698.68      6.74952e+6 
        4713.68      6.75848e+6 
        4724.83       6.7647e+6 
        4738.67      6.77183e+6 
        4753.67      6.77877e+6 
        4768.67      6.78465e+6 
        4783.66      6.78908e+6 
        4798.66      6.79096e+6 
        4813.65      6.78832e+6 
        4828.65      6.77525e+6 
        4839.16      6.75084e+6 
        4851.78      6.68019e+6 
        4861.84      6.58823e+6 
        4872.13      6.69747e+6 
        4882.71      6.76156e+6 
        4893.63      6.79442e+6 
        4903.92      6.81119e+6 
        4915.55       6.8226e+6 
        4928.62       6.8307e+6 
        4943.62      6.83683e+6 
        4958.61       6.8411e+6 
        4973.61      6.84421e+6 
        4988.61      6.84638e+6 
         5003.6      6.84779e+6 
         5018.6      6.84864e+6 
         5033.6      6.84908e+6 
        5048.59      6.84911e+6 
        5063.59      6.84877e+6 
        5078.58      6.84804e+6 
        5093.58       6.8465e+6 
        5108.57      6.84462e+6 
        5123.57      6.84245e+6 
        5138.57         6.84e+6 
        5153.56       6.8373e+6 
        5168.56      6.83435e+6 
        5183.56      6.83098e+6 
        5198.55      6.82715e+6 
        5213.55       6.8231e+6 
        5228.54      6.81883e+6 
        5243.54       6.8143e+6 
        5258.53      6.80959e+6 
        5273.53      6.80466e+6 
        5288.53      6.80111e+6 
        5303.52      6.79728e+6 
        5318.52      6.79316e+6 
        5333.52      6.78873e+6 
        5348.51      6.78402e+6 
        5363.51      6.77921e+6 
         5378.5      6.77315e+6 
         5393.5      6.76605e+6 
        5408.49      6.75879e+6 
        5423.49      6.75131e+6 
        5438.49      6.74368e+6 
        5453.48      6.73589e+6 
        5468.48      6.72791e+6 
        5483.48      6.72078e+6 
        5498.47      6.71349e+6 
        5513.47      6.70595e+6 
        5528.46      6.69825e+6 
        5543.46      6.69037e+6 
        5558.45      6.68232e+6 
        5573.45      6.67406e+6 
        5588.45      6.66558e+6 
        5603.44      6.65697e+6 
        5618.44      6.64818e+6 
        5633.43      6.63922e+6 
        5648.43      6.63011e+6 
        5663.43      6.62084e+6 
        5673.98      6.61443e+6 
         5686.2      6.60668e+6 
        5698.42      6.59879e+6 
        5708.88      6.59197e+6 
        5723.41      6.58239e+6 
        5738.41      6.57237e+6 
         5753.4      6.56222e+6 
         5768.4      6.55088e+6 
        5783.39      6.54039e+6 
        5798.39       6.5298e+6 
        5813.39      6.51909e+6 
        5828.38      6.50822e+6 
        5843.38      6.49725e+6 
        5858.37      6.48616e+6 
        5873.37      6.47498e+6 
        5888.37      6.46367e+6 
        5903.36      6.45223e+6 
        5918.36       6.4407e+6 
        5933.35      6.42905e+6 
        5948.35       6.4173e+6 
        5963.35      6.40539e+6 
        5978.34      6.39339e+6 
        5993.34      6.38127e+6 
        6008.33      6.36905e+6 
        6023.33      6.35673e+6 
        6038.32      6.34429e+6 
        6053.32      6.33179e+6 
        6068.32      6.31916e+6 
        6083.31      6.30643e+6 
        6098.31      6.29365e+6 
        6113.31      6.28073e+6 
         6128.3      6.26773e+6 
         6143.3      6.25466e+6 
        6158.29      6.24146e+6 
        6173.29      6.22818e+6 
        6188.28      6.21479e+6 
        6203.28      6.20128e+6 
        6218.28      6.18771e+6 
        6233.27      6.17401e+6 
        6244.38       6.1638e+6 
        6256.04        6.153e+6 
        6266.59      6.14316e+6 
        6278.26       6.1322e+6 
        6290.52      6.12058e+6 
        6302.31       6.1093e+6 
        6312.59      6.09937e+6 
        6323.25        6.089e+6 
        6338.24      6.07418e+6 
        6353.24      6.05906e+6 
        6368.24      6.04361e+6 
        6383.23      6.02774e+6 
        6398.23      6.01125e+6 
        6413.22        5.994e+6 
        6428.22      5.97569e+6 
        6443.22       5.9558e+6 
        6458.21      5.93359e+6 
        6473.21       5.9077e+6 
         6488.2      5.87585e+6 
         6503.2      5.83334e+6 
         6518.2      5.77111e+6 
        6532.67       5.6739e+6 
        6543.19      5.56084e+6 
        6554.43      5.37772e+6 
        6564.48      5.23374e+6 
        6575.56      5.43756e+6 
        6587.91      5.58321e+6 
        6598.17      5.65289e+6 
        6613.66      5.70809e+6 
        6623.98      5.72612e+6 
         6634.3      5.73564e+6 
        6654.94      5.73988e+6 
        6675.58      5.73353e+6 
        6711.48      5.71116e+6 
        6741.75      5.68726e+6 
        6783.26      5.65097e+6 
        6824.78      5.61268e+6 
        6907.81      5.53379e+6 
        6990.84      5.45311e+6 
         7038.6      5.40627e+6 
        7073.87      5.37153e+6 
        7109.15      5.33675e+6 
        7179.69      5.26763e+6 
        7250.24      5.19839e+6 
        7320.78      5.12915e+6 
        7389.14      5.06261e+6 
        7406.65      5.04555e+6 
        7424.15      5.02856e+6 
        7459.17      4.99457e+6 
         7529.2      4.92677e+6 
        7599.23      4.85926e+6 
        7660.63      4.80029e+6 
        7677.88      4.78377e+6 
        7695.14      4.76743e+6 
        7729.65      4.73479e+6 
        7798.67      4.66979e+6 
        7867.69      4.60517e+6 
        7911.17      4.56467e+6 
        7936.71      4.54098e+6 
        7962.25      4.51736e+6 
        8013.32      4.47058e+6 
        8046.24      4.44055e+6 
         8064.4      4.42405e+6 
        8082.55      4.40759e+6 
        8118.86      4.37489e+6 
        8180.09      4.32004e+6 
        8191.47      4.30989e+6 
        8202.85      4.29974e+6 
        8216.85      4.28736e+6 
        8232.84      4.27323e+6 
        8264.83      4.24505e+6 
        8289.72      4.22321e+6 
        8328.82      4.18906e+6 
        8343.44      4.17634e+6 
        8367.92      4.15507e+6 
        8388.68      4.13719e+6 
        8408.65      4.12004e+6 
        8432.02      4.10003e+6 
        8467.25         4.07e+6 
        8502.48      4.04012e+6 
        8516.58      4.02821e+6 
        8530.98      4.01605e+6 
        8545.38      4.00402e+6 
        8574.18      3.98002e+6 
        8598.39      3.95995e+6 
         8628.6      3.93497e+6 
        8646.81      3.91995e+6 
        8665.01      3.90503e+6 
        8685.59      3.88816e+6 
        8701.43      3.87525e+6 
        8750.47      3.83541e+6 
        8767.92      3.82131e+6 
        8815.35       3.7832e+6 
        8862.78      3.74569e+6 
        8900.38      3.71619e+6 
        8957.65      3.67158e+6 
        9014.91      3.62741e+6 
        9044.62      3.60466e+6 
        9072.17      3.58368e+6 
        9099.72      3.56279e+6 
        9154.81      3.52169e+6 
         9190.8      3.49505e+6 
         9209.9      3.48098e+6 
        9229.01      3.46694e+6 
        9267.22      3.43904e+6 
         9303.2      3.41293e+6 
        9343.64      3.38381e+6 
        9384.08      3.35488e+6 
        9464.96       3.2982e+6 
        9545.72      3.24241e+6 
        9561.21      3.23182e+6 
        9576.69      3.22126e+6 
        9607.66      3.20021e+6 
        9668.45      3.15928e+6 
        9729.24      3.11918e+6 
        9790.04      3.07953e+6 
        9850.83      3.04035e+6 
        9870.42      3.02782e+6 
        9911.62      3.00163e+6 
        9952.82      2.97565e+6 
        10021.1      2.93343e+6 
        10035.2      2.92475e+6 
        10049.4      2.91605e+6 
        10077.7      2.89887e+6 
        10134.2      2.86472e+6 
        10144.5      2.85858e+6 
        10190.8      2.83094e+6 
        10237.2      2.80355e+6 
        10329.9      2.75069e+6 
        10422.6      2.69879e+6 
        10515.3      2.64782e+6 
          10608      2.59778e+6 
        10700.7      2.54867e+6 
        10793.4      2.50047e+6 
        10834.1      2.47957e+6 
        10886.1       2.4531e+6 
        10938.1      2.42678e+6 
        10990.1      2.40117e+6 
          11042       2.3757e+6 
          11094      2.35047e+6 
          11146      2.32549e+6 
          11198      2.30079e+6 
          11239      2.28147e+6 
          11250      2.27635e+6 
        11260.9      2.27124e+6 
        11282.8      2.26142e+6 
        11326.6       2.2419e+6 
        11414.2      2.20337e+6 
        11501.8      2.16552e+6 
        11589.4      2.12832e+6 
          11677      2.09178e+6 
        11764.6      2.05589e+6 
        11852.2      2.02064e+6 
        11939.8      1.98602e+6 
        12027.4      1.95201e+6 
          12115      1.91862e+6 
        12202.6      1.88584e+6 
        12284.6      1.85569e+6 
        12366.6      1.82733e+6 
        12448.7      1.79941e+6 
        12530.7       1.7719e+6 
        12612.7      1.74479e+6 
        12694.7      1.71799e+6 
        12735.4      1.70474e+6 
        12776.7      1.69122e+6 
        12818.1       1.6776e+6 
        12900.8      1.65281e+6 
        12983.5      1.62783e+6 
        13066.2      1.60304e+6 
        13148.9      1.57859e+6 
        13231.6      1.55451e+6 
        13308.4       1.5325e+6 
        13385.1      1.51198e+6 
        13461.9      1.49172e+6 
        13538.7      1.47175e+6 
        13615.5      1.45205e+6 
        13692.3      1.43264e+6 
        13769.1      1.41348e+6 
        13845.9      1.39459e+6 
        13922.7      1.37596e+6 
        13999.5       1.3576e+6 
        14076.2      1.33949e+6 
          14153      1.32165e+6 
        14229.8      1.30406e+6 
        14281.2      1.29244e+6 
        14306.6      1.28672e+6 
        14332.1      1.28103e+6 
          14383       1.2701e+6 
        14410.1       1.2643e+6 
        14427.1      1.26069e+6 
        14457.6      1.25423e+6 
        14505.2      1.24431e+6 
        14581.2      1.22861e+6 
        14597.2       1.2254e+6 
        14613.2      1.22223e+6 
        14645.2      1.21589e+6 
        14709.2      1.20332e+6 
        14773.2      1.19088e+6 
        14837.1      1.17856e+6 
        14901.1      1.16636e+6 
        14965.1       1.1543e+6 
        15029.1      1.14236e+6 
        15093.1      1.13054e+6 
        15157.1      1.11884e+6 
          15221      1.10727e+6 
          15285      1.09582e+6 
          15349      1.08449e+6 
          15413      1.07328e+6 
        15471.6      1.06312e+6 
        15482.4      1.06126e+6 
        15493.1      1.05935e+6 
        15514.7      1.05554e+6 
        15557.9      1.04795e+6 
        15644.2      1.03296e+6 
        15730.5      1.01819e+6 
        15816.8      1.00364e+6 
        15903.1          989316 
        15989.4          975210 
        16075.8          961324 
        16162.1          947649 
        16248.4          934184 
        16289.9          927785 
        16334.7          920926 
        16379.5          914125 
        16469.1          898370 
        16558.8          882945 
        16648.4          867840 
          16738          853049 
        16827.7          838563 
        16917.3          824379 
        17006.9          810487 
        17096.6          796878 
        17186.2          783548 
        17275.8          770491 
        17327.7          763058 
        17365.5          757699 
        17403.2          752383 
        17478.8          741884 
        17554.3          731564 
        17629.9          721416 
        17705.4          711442 
          17781          701637 
        17856.5          691995 
        17932.1          682514 
        18007.6          672753 
        18083.2          663504 
        18158.7          654381 
        18234.3          645362 
        18309.8          636424 
        18343.7          632425 
        18385.3          627524 
          18427          622613 
        18510.2          612667 
        18593.4          602316 
        18676.6          591169 
        18713.8          586017 
        18751.1          581060 
        18788.4          578421 
        18825.6          575926 
        18900.2          570541 
        18974.7          564397 
        19049.2          557827 
        19123.7          551076 
        19198.3          544268 
        19272.8          537479 
        19347.3          530738 
          19393          526638 
        19421.9          524068 
        19450.7          521511 
        19508.3          516434 
        19565.9          511637 
        19623.6          506635 
        19681.2          501693 
        19738.8          496811 
        19796.5          491986 
        19854.1          487220 
        19911.7          482511 
        19969.4          477855 
          20027          473256 
        20084.6          468713 
        20142.3          464221 
        20199.9          459782 
        20257.5          455396 
        20315.2          451060 
        20372.8          446778 
        20386.4          445770 
        20430.4          442544 
        20474.4          439345 
        20562.3          433037 
        20650.3          426842 
        20738.2          420754 
        20826.2          414772 
        20914.1          408894 
        21002.1          403120 
          21090          397443 
        21177.9          391867 
        21265.9          386388 
        21353.8          381000 
        21441.8          375706 
        21529.7          370504 
        21604.7          366137 
        21617.7          365386 
        21630.6          364642 
        21656.5          363156 
        21708.4          360206 
        21760.2          357284 
          21812          354391 
        21863.8          351529 
        21915.7          348695 
        21967.5          345889 
        22019.3          343109 
        22071.1          340360 
          22123          337633 
        22174.8          334938 
        22226.6          332267 
        22278.4          329622 
        22330.3          327005 
        22382.1          324410 
        22433.9          321844 
        22485.8          319302 
        22537.6          316786 
        22589.4          314291 
        22641.2          311822 
        22693.1          309377 
        22744.9          306955 
        22784.8          305104 
        22800.8          304368 
        22816.8          303633 
        22848.8          302170 
        22912.8          299271 
        22976.8          296405 
        23040.8          293574 
        23104.8          290776 
        23168.7          288011 
        23232.7          285279 
        23296.7          282578 
        23360.7          279909 
        23424.7          277270 
        23488.6          274663 
        23552.6          272086 
        23616.6          269538 
        23680.6          267020 
        23744.6          264531 
        23808.6          262071 
        23872.5          259638 
        23936.5          257234 
        24000.5          254857 
        24064.5          252508 
        24128.5          250185 
        24192.5          247888 
        24256.4          245617 
        24320.4          243372 
        24384.4          241152 
        24448.4          238958 
        24512.4          236788 
        24576.3          234642 
        24640.3          232520 
        24704.3          230422 
        24768.3          228348 
        24832.3          226296 
        24896.3          224267 
        24960.2          222261 
        25004.4          220888 
        25024.2          220277 
          25044          219667 
        25083.6          218456 
        25162.8          216057 
        25241.9          213691 
        25321.1          211356 
        25400.2          209054 
        25479.4          206782 
        25558.5          204540 
        25637.7          202329 
        25716.9          200147 
          25796          197994 
        25875.2          195870 
        25954.3          193774 
        26033.5          191706 
        26112.7          189665 
        26191.8          187650 
          26271          185663 
        26350.1          183701 
        26429.3          181765 
        26508.4          179854 
        26587.6          177968 
        26666.8          176106 
        26745.9          174269 
        26825.1          172455 
        26904.2          170664 
        26983.4          168896 
        27062.6          167151 
        27141.7          165429 
        27220.9          163728 
        27299.2          162066 
        27377.5          160426 
        27455.8          158807 
        27534.2          157207 
        27612.5          155628 
        27690.8          154068 
        27769.1          152527 
        27847.5          151006 
        27925.8          149503 
        28004.1          148019 
        28082.4          146553 
        28160.8          145105 
        28239.1          143675 
        28317.4          142262 
        28395.7          140866 
          28474          139487 
        28552.4          138125 
        28630.7          136780 
          28709          135450 
        28787.3          134137 
        28865.7          132839 
          28944          131557 
        29022.3          130290 
        29100.6          129038 
          29179          127802 
        29257.3          126579 
        29335.6          125372 
        29413.9          124178 
        29492.3          122999 
        29570.6          121833 
        29648.9          120681 
        29727.2          119543 
        29805.5          118418 
        29883.9          117306 
        29932.6          116621 
        29962.2          116207 
        29991.8          115795 
