# Koester WD models
# teff = 5000 K (value for the effective temperature for the model. Temperatures are given in K)
# logg = 8.75 log(cm/s2) (value for Log(G) for the model.)
#
# column 1: WAVELENGTH (ANGSTROM), Wavelength in Angstrom
# column 2: FLUX (ERG/CM2/S/A), Flux in erg/cm2/s/A
         899.23     0.000110669 
        909.241     0.000160024 
        919.251     0.000229404 
        929.261     0.000326138 
        939.271      0.00045953 
         949.28     0.000643596 
        959.289     0.000891678 
        969.297      0.00121932 
        979.305      0.00164902 
        989.312      0.00222478 
        999.319      0.00299317 
        1009.33      0.00400917 
        1019.33      0.00534737 
        1029.34      0.00709158 
        1039.34      0.00934511 
        1049.35       0.0122715 
        1059.36       0.0160124 
        1069.36       0.0208075 
        1079.36       0.0268579 
        1089.37       0.0345399 
        1099.37       0.0441466 
        1109.38       0.0562182 
        1119.38       0.0710748 
        1129.38       0.0895505 
        1139.39        0.112436 
        1149.39        0.140781 
        1159.39        0.176252 
        1169.39        0.218871 
         1179.4         0.26969 
         1189.4        0.331831 
         1199.4        0.406079 
         1209.4        0.495046 
        1219.41         0.60109 
        1229.41        0.726025 
        1239.41        0.874459 
        1249.41         1.05044 
        1259.41         1.25813 
        1269.41         1.50171 
        1279.42         1.78904 
        1289.42         2.12457 
        1299.42         2.51491 
        1309.42         2.96757 
        1319.42         3.49245 
        1329.42         4.09893 
        1339.42         4.79737 
        1349.42          5.6003 
        1359.42         6.52025 
        1369.42         7.57425 
        1379.42         8.77651 
        1389.42         10.1439 
        1399.42         11.6997 
        1409.42          13.464 
        1419.42         15.4559 
        1429.42          17.703 
        1439.42         20.2445 
        1454.42         24.6529 
        1464.42         28.0347 
        1474.42         31.8127 
        1489.42         38.3566 
        1504.42         46.0294 
        1514.42         51.8583 
        1529.42         61.7932 
        1544.42          73.359 
        1559.42         86.7868 
        1570.19          97.663 
        1584.41         113.806 
        1599.41         133.295 
        1614.41         155.665 
        1629.41         181.291 
        1644.41         209.446 
        1659.41         238.523 
        1670.17         260.328 
         1684.4         291.995 
         1699.4         329.493 
         1714.4         373.771 
         1729.4         424.963 
         1744.4         483.029 
        1759.39          548.55 
         1771.7         607.816 
        1784.39         674.349 
        1799.39         761.189 
        1814.38         857.378 
        1829.38         963.662 
        1840.15         1046.64 
        1850.92         1135.51 
        1861.69         1230.73 
        1876.29         1370.64 
        1888.59         1498.78 
        1900.88         1636.96 
        1913.17         1785.72 
        1925.56         1946.87 
        1937.95         2121.31 
        1950.34         2308.94 
        1962.56         2505.18 
        1974.62         2712.07 
        1992.71         3048.33 
        2004.77         3290.98 
        2015.84         3527.57 
        2031.63         3890.89 
        2047.42         4281.05 
        2059.38         4597.41 
        2074.69         5030.26 
        2089.99         5496.12 
         2105.3         5995.42 
        2116.25         6374.32 
         2127.2         6772.33 
        2138.15         7192.99 
         2149.1          7630.9 
        2160.05         8089.16 
        2176.33         8811.54 
        2187.18         9321.26 
        2198.03         9854.11 
         2214.7         10719.4 
        2231.36         11633.6 
        2248.03         12603.5 
        2263.91         13578.3 
         2279.8         14622.2 
        2295.69         15717.1 
        2310.03         16764.1 
        2322.46         17713.9 
         2334.9         18708.9 
        2347.34         19764.8 
        2359.77         20866.8 
        2377.84         22597.9 
        2388.16         23640.6 
        2398.48         24746.3 
        2409.27         25965.2 
        2420.07         27237.2 
        2430.86         28603.6 
        2441.65         30041.4 
        2456.19         32081.3 
        2469.99         34245.2 
        2488.39         37335.6 
        2503.55         40124.7 
        2516.47         42615.7 
        2529.39         45137.5 
        2542.32           47849 
        2555.24         50686.1 
        2567.22         53498.2 
        2583.21         57524.4 
        2599.19         61870.2 
        2615.18         66604.3 
        2631.16         71766.9 
        2647.14         77403.2 
        2657.67           81454 
        2668.19         85409.9 
        2678.72         89554.2 
        2689.24           93873 
        2699.77           98346 
        2710.29          102955 
        2720.82          107718 
        2731.34          112683 
        2741.87          117808 
        2752.39          123056 
        2763.55          128868 
        2778.42          136979 
        2793.29          145421 
        2808.16          154142 
        2821.27          162091 
        2837.91          172560 
        2854.55          183414 
        2871.19          195465 
        2887.83          208157 
        2904.47          221429 
        2921.11          235278 
        2937.75          249717 
        2952.98          263567 
        2968.22          277372 
        2983.46          291593 
         2998.7          306278 
        3013.93          321438 
        3029.17          337131 
        3040.29          348930 
        3051.42          361004 
        3062.55          374827 
        3073.67          389074 
        3095.92          418884 
        3118.18          450219 
           3131          469033 
        3149.86          497688 
        3168.72          530904 
        3187.58          565681 
        3202.31          593796 
         3225.3          639339 
         3236.8          662948 
        3248.29          687170 
        3259.79          706205 
        3271.29          725541 
        3288.53          755104 
        3311.52          795608 
        3329.13          827552 
        3346.73          860127 
        3364.33          894433 
        3381.94          929406 
        3417.14      1.00122e+6 
        3445.17      1.06027e+6 
        3458.82       1.0899e+6 
        3473.19      1.12154e+6 
        3501.21      1.18446e+6 
         3543.6      1.28298e+6 
         3580.7        1.373e+6 
        3591.28      1.39909e+6 
        3601.86       1.4256e+6 
        3623.02      1.47915e+6 
        3635.88      1.51205e+6 
        3647.12      1.54148e+6 
        3658.96      1.57285e+6 
        3671.11      1.60521e+6 
        3682.58      1.63588e+6 
         3693.5      1.66516e+6 
        3703.57      1.69227e+6 
        3713.83      1.71997e+6 
        3724.38       1.7468e+6 
        3734.43      1.76972e+6 
        3744.62      1.79303e+6 
        3754.84      1.81642e+6 
        3765.07      1.83985e+6 
         3775.5      1.86378e+6 
        3786.22      1.88841e+6 
        3796.45       1.9119e+6 
        3807.84      1.93805e+6 
        3818.92      1.96366e+6 
        3830.45      1.99144e+6 
        3840.76      2.01623e+6 
        3851.98      2.04322e+6 
        3862.01      2.06733e+6 
        3872.59      2.09274e+6 
         3884.4      2.12107e+6 
        3894.46      2.14515e+6 
        3908.89      2.17964e+6 
        3923.89      2.21741e+6 
        3935.81      2.24832e+6 
        3946.58      2.27617e+6 
        3957.31      2.30383e+6 
        3967.38      2.32968e+6 
        3977.86      2.35651e+6 
        3988.87      2.38457e+6 
        4003.87      2.42256e+6 
        4018.86      2.46103e+6 
        4032.38      2.49617e+6 
        4043.86      2.52583e+6 
        4058.85       2.5643e+6 
        4073.85      2.60257e+6 
           4084       2.6283e+6 
        4096.52      2.65979e+6 
        4106.79      2.68551e+6 
        4117.77      2.71432e+6 
        4128.84      2.74347e+6 
        4143.83      2.78264e+6 
        4158.83      2.82145e+6 
        4173.82      2.85971e+6 
        4188.82      2.89739e+6 
        4203.81      2.93447e+6 
        4216.52      2.96606e+6 
        4228.81      2.99626e+6 
        4243.81       3.0325e+6 
         4258.8      3.06804e+6 
         4273.8      3.10287e+6 
        4288.79      3.13696e+6 
        4303.79      3.17021e+6 
        4314.07       3.1917e+6 
        4326.14      3.21649e+6 
        4336.17      3.23675e+6 
        4346.17      3.25695e+6 
        4357.43       3.2796e+6 
        4367.98      3.30043e+6 
        4378.77      3.32139e+6 
        4393.77      3.34994e+6 
        4408.76      3.37401e+6 
        4423.76      3.39477e+6 
        4438.75      3.41523e+6 
        4453.75      3.43533e+6 
        4468.74      3.45509e+6 
        4483.74      3.47454e+6 
        4498.74      3.49468e+6 
        4513.73      3.52364e+6 
        4527.19      3.54881e+6 
        4538.73      3.56979e+6 
        4553.72      3.59618e+6 
        4568.72      3.62169e+6 
        4583.72      3.64626e+6 
        4596.53      3.66599e+6 
        4608.71       3.6821e+6 
         4623.7      3.70133e+6 
         4638.7      3.71999e+6 
         4653.7      3.73815e+6 
        4668.69      3.75577e+6 
        4683.69      3.77286e+6 
        4698.68      3.78895e+6 
        4713.68      3.80406e+6 
        4724.83      3.81499e+6 
        4738.67      3.82822e+6 
        4753.67       3.8421e+6 
        4768.67      3.85546e+6 
        4783.66      3.86831e+6 
        4798.66      3.88037e+6 
        4813.65      3.89165e+6 
        4828.65       3.9022e+6 
        4839.16      3.90912e+6 
        4851.78      3.91709e+6 
        4861.84      3.92306e+6 
        4872.13      3.93239e+6 
        4882.71      3.94147e+6 
        4893.63      3.95052e+6 
        4903.92      3.95863e+6 
        4915.55      3.96739e+6 
        4928.62      3.97672e+6 
        4943.62      3.98693e+6 
        4958.61      3.99664e+6 
        4973.61      4.00591e+6 
        4988.61      4.01467e+6 
         5003.6       4.0229e+6 
         5018.6      4.03082e+6 
         5033.6      4.03845e+6 
        5048.59      4.04584e+6 
        5063.59      4.05291e+6 
        5078.58      4.05972e+6 
        5093.58      4.06575e+6 
        5108.57      4.07147e+6 
        5123.57      4.07697e+6 
        5138.57      4.08228e+6 
        5153.56      4.08737e+6 
        5168.56      4.09227e+6 
        5183.56       4.0967e+6 
        5198.55      4.10056e+6 
        5213.55      4.10424e+6 
        5228.54      4.10773e+6 
        5243.54      4.11106e+6 
        5258.53      4.11423e+6 
        5273.53      4.11725e+6 
        5288.53      4.12234e+6 
        5303.52       4.1272e+6 
        5318.52      4.13179e+6 
        5333.52      4.13606e+6 
        5348.51      4.14002e+6 
        5363.51      4.14382e+6 
         5378.5      4.14621e+6 
         5393.5      4.14725e+6 
        5408.49      4.14813e+6 
        5423.49      4.14885e+6 
        5438.49      4.14945e+6 
        5453.48      4.14989e+6 
        5468.48      4.15017e+6 
        5483.48       4.1518e+6 
        5498.47      4.15325e+6 
        5513.47       4.1545e+6 
        5528.46       4.1556e+6 
        5543.46      4.15652e+6 
        5558.45      4.15724e+6 
        5573.45       4.1578e+6 
        5588.45      4.15815e+6 
        5603.44      4.15837e+6 
        5618.44       4.1584e+6 
        5633.43      4.15831e+6 
        5648.43      4.15805e+6 
        5663.43      4.15762e+6 
        5673.98      4.15727e+6 
         5686.2       4.1567e+6 
        5698.42      4.15608e+6 
        5708.88      4.15545e+6 
        5723.41      4.15444e+6 
        5738.41      4.15331e+6 
         5753.4      4.15202e+6 
         5768.4      4.14995e+6 
        5783.39      4.14838e+6 
        5798.39      4.14665e+6 
        5813.39      4.14483e+6 
        5828.38      4.14285e+6 
        5843.38      4.14078e+6 
        5858.37      4.13855e+6 
        5873.37      4.13625e+6 
        5888.37      4.13383e+6 
        5903.36      4.13129e+6 
        5918.36      4.12862e+6 
        5933.35      4.12582e+6 
        5948.35      4.12293e+6 
        5963.35      4.11988e+6 
        5978.34      4.11671e+6 
        5993.34      4.11344e+6 
        6008.33      4.11005e+6 
        6023.33      4.10656e+6 
        6038.32      4.10298e+6 
        6053.32      4.09931e+6 
        6068.32      4.09551e+6 
        6083.31      4.09158e+6 
        6098.31      4.08759e+6 
        6113.31       4.0835e+6 
         6128.3       4.0793e+6 
         6143.3      4.07499e+6 
        6158.29      4.07059e+6 
        6173.29       4.0661e+6 
        6188.28      4.06148e+6 
        6203.28      4.05677e+6 
        6218.28      4.05196e+6 
        6233.27      4.04706e+6 
        6244.38      4.04336e+6 
        6256.04      4.03943e+6 
        6266.59      4.03578e+6 
        6278.26       4.0317e+6 
        6290.52      4.02733e+6 
        6302.31      4.02306e+6 
        6312.59      4.01929e+6 
        6323.25       4.0153e+6 
        6338.24      4.00955e+6 
        6353.24      4.00361e+6 
        6368.24      3.99755e+6 
        6383.23      3.99124e+6 
        6398.23       3.9847e+6 
        6413.22      3.97788e+6 
        6428.22      3.97075e+6 
        6443.22      3.96321e+6 
        6458.21      3.95517e+6 
        6473.21       3.9465e+6 
         6488.2      3.93714e+6 
         6503.2       3.9269e+6 
         6518.2      3.91571e+6 
        6532.67      3.90415e+6 
        6543.19      3.89545e+6 
        6554.43      3.88615e+6 
        6564.44      3.87814e+6 
        6574.47      3.87965e+6 
        6586.28      3.87999e+6 
        6598.17      3.88018e+6 
        6613.66      3.87977e+6 
         6634.3      3.87754e+6 
        6675.58      3.86827e+6 
        6711.48      3.85674e+6 
        6741.75      3.84559e+6 
        6783.26      3.82885e+6 
        6824.78      3.81107e+6 
        6907.81      3.77371e+6 
        6990.84      3.73447e+6 
         7038.6      3.71129e+6 
        7073.87      3.69388e+6 
        7109.15      3.67632e+6 
        7179.69      3.64104e+6 
        7250.24      3.60513e+6 
        7320.78      3.56869e+6 
        7389.14      3.53329e+6 
        7406.65      3.52411e+6 
        7424.15      3.51494e+6 
        7459.17      3.49656e+6 
         7529.2      3.45952e+6 
        7599.23      3.42223e+6 
        7660.63      3.38931e+6 
        7677.88      3.38004e+6 
        7695.14      3.37083e+6 
        7729.65      3.35242e+6 
        7798.67      3.31551e+6 
        7867.69      3.27844e+6 
        7911.17      3.25507e+6 
        7936.71      3.24131e+6 
        7962.25      3.22755e+6 
        8013.32      3.20021e+6 
        8046.24      3.18259e+6 
         8064.4      3.17288e+6 
        8082.55      3.16318e+6 
        8118.86      3.14382e+6 
        8180.09      3.11119e+6 
        8191.47      3.10513e+6 
        8202.85      3.09907e+6 
        8216.85      3.09166e+6 
        8232.84      3.08319e+6 
        8264.83      3.06632e+6 
        8289.72      3.05317e+6 
        8328.82      3.03251e+6 
        8343.44      3.02479e+6 
        8367.92      3.01189e+6 
        8388.68      3.00101e+6 
        8408.65      2.99056e+6 
        8432.02      2.97834e+6 
        8467.25      2.95994e+6 
        8502.48      2.94158e+6 
        8516.58      2.93424e+6 
        8530.98      2.92675e+6 
        8545.38      2.91933e+6 
        8574.18      2.90449e+6 
        8598.39      2.89205e+6 
         8628.6      2.87654e+6 
        8646.81      2.86721e+6 
        8665.01      2.85788e+6 
        8685.59      2.84737e+6 
        8701.43      2.83928e+6 
        8750.47      2.81431e+6 
        8767.92      2.80545e+6 
        8815.35      2.78142e+6 
        8862.78      2.75772e+6 
        8900.38        2.739e+6 
        8957.65      2.71061e+6 
        9014.91      2.68238e+6 
        9044.62       2.6678e+6 
        9072.17      2.65431e+6 
        9099.72      2.64087e+6 
        9154.81      2.61436e+6 
         9190.8      2.59712e+6 
         9209.9        2.588e+6 
        9229.01       2.5789e+6 
        9267.22      2.56075e+6 
         9303.2      2.54374e+6 
        9343.64       2.5247e+6 
        9384.08      2.50576e+6 
        9464.96      2.46851e+6 
        9545.72      2.43168e+6 
        9561.21      2.42467e+6 
        9576.69      2.41767e+6 
        9607.66       2.4037e+6 
        9668.45      2.37646e+6 
        9729.24       2.3497e+6 
        9790.04      2.32317e+6 
        9850.83      2.29685e+6 
        9870.42      2.28842e+6 
        9911.62      2.27077e+6 
        9952.82      2.25322e+6 
        10021.1      2.22465e+6 
        10035.2      2.21877e+6 
        10049.4      2.21289e+6 
        10077.7      2.20119e+6 
        10134.2      2.17792e+6 
        10144.5      2.17373e+6 
        10190.8      2.15485e+6 
        10237.2       2.1361e+6 
        10329.9      2.09989e+6 
        10422.6      2.06417e+6 
        10515.3      2.02895e+6 
          10608      1.99424e+6 
        10700.7      1.96004e+6 
        10793.4      1.92635e+6 
        10834.1      1.91171e+6 
        10886.1      1.89317e+6 
        10938.1       1.8748e+6 
        10990.1      1.85659e+6 
          11042      1.83854e+6 
          11094      1.82065e+6 
          11146      1.80293e+6 
          11198      1.78537e+6 
          11239      1.77162e+6 
          11250      1.76796e+6 
        11260.9      1.76432e+6 
        11282.8      1.75734e+6 
        11326.6      1.74346e+6 
        11414.2      1.71599e+6 
        11501.8      1.68892e+6 
        11589.4      1.66224e+6 
          11677      1.63595e+6 
        11764.6      1.61006e+6 
        11852.2      1.58456e+6 
        11939.8      1.55945e+6 
        12027.4      1.53472e+6 
          12115      1.51038e+6 
        12202.6      1.48642e+6 
        12284.6      1.46433e+6 
        12366.6      1.44362e+6 
        12448.7      1.42319e+6 
        12530.7      1.40304e+6 
        12612.7      1.38315e+6 
        12694.7      1.36354e+6 
        12735.4      1.35391e+6 
        12776.7      1.34419e+6 
        12818.1      1.33454e+6 
        12900.8      1.31546e+6 
        12983.5      1.29666e+6 
        13066.2      1.27812e+6 
        13148.9      1.25984e+6 
        13231.6      1.24184e+6 
        13308.4      1.22535e+6 
        13385.1       1.2101e+6 
        13461.9      1.19503e+6 
        13538.7      1.18014e+6 
        13615.5      1.16542e+6 
        13692.3      1.15089e+6 
        13769.1      1.13652e+6 
        13845.9      1.12232e+6 
        13922.7      1.10831e+6 
        13999.5      1.09446e+6 
        14076.2      1.08078e+6 
          14153      1.06728e+6 
        14229.8      1.05394e+6 
        14281.2      1.04512e+6 
        14306.6      1.04077e+6 
        14332.1      1.03644e+6 
          14383       1.0282e+6 
        14410.1      1.02382e+6 
        14427.1       1.0211e+6 
        14457.6      1.01621e+6 
        14505.2      1.00873e+6 
        14581.2          996862 
        14597.2          994465 
        14613.2          992096 
        14645.2          987368 
        14709.2          977975 
        14773.2          968657 
        14837.1          959411 
        14901.1          950244 
        14965.1          941149 
        15029.1          932133 
        15093.1          923192 
        15157.1          914326 
          15221          905536 
          15285          896827 
          15349          888191 
          15413          879633 
        15471.6          871864 
        15482.4          870438 
        15493.1          868999 
        15514.7          866128 
        15557.9          860410 
        15644.2          849081 
        15730.5          837891 
        15816.8          826839 
        15903.1          815919 
        15989.4          805140 
        16075.8          794499 
        16162.1          783997 
        16248.4          773627 
        16289.9          768688 
        16334.7          763391 
        16379.5          758129 
        16469.1          745547 
        16558.8          733216 
        16648.4          721134 
          16738          709287 
        16827.7          697675 
        16917.3          686297 
        17006.9          675138 
        17096.6          664199 
        17186.2          653476 
        17275.8          642961 
        17327.7          636970 
        17365.5          632651 
        17403.2          628366 
        17478.8          619893 
        17554.3          611555 
        17629.9          603355 
        17705.4          595291 
          17781          587355 
        17856.5          579548 
        17932.1          571864 
        18007.6          564142 
        18083.2          556687 
        18158.7          549348 
        18234.3          542123 
        18309.8          535007 
        18343.7          531847 
        18385.3          528004 
          18427          524190 
        18510.2          516666 
        18593.4          509271 
        18676.6          502011 
        18751.1          495621 
        18825.6          489388 
        18900.2          483259 
        18974.7          477224 
        19049.2          471283 
        19123.7          465430 
        19198.3          459659 
        19272.8          453970 
        19347.3          448365 
          19393          444966 
        19421.9          442839 
        19450.7          440725 
        19508.3          436534 
        19565.9          432484 
        19623.6          428375 
        19681.2          424316 
        19738.8          420304 
        19796.5          416336 
        19854.1          412416 
        19911.7          408539 
        19969.4          404709 
          20027          400921 
        20084.6          397176 
        20142.3          393475 
        20199.9          389818 
        20257.5          386199 
        20315.2          382624 
        20372.8          379087 
        20386.4          378254 
        20430.4          375590 
        20474.4          372951 
        20562.3          367739 
        20650.3          362615 
        20738.2          357579 
        20826.2          352628 
        20914.1          347762 
        21002.1          342977 
          21090          338274 
        21177.9          333650 
        21265.9          329101 
        21353.8          324630 
        21441.8          320232 
        21529.7          315906 
        21604.7          312277 
        21617.7          311654 
        21630.6          311034 
        21656.5          309797 
        21708.4          307343 
        21760.2          304912 
          21812          302505 
        21863.8          300121 
        21915.7          297760 
        21967.5          295422 
        22019.3          293107 
        22071.1          290813 
          22123          288542 
        22174.8          286292 
        22226.6          284064 
        22278.4          281857 
        22330.3          279671 
        22382.1          277507 
        22433.9          275362 
        22485.8          273238 
        22537.6          271134 
        22589.4          269050 
        22641.2          266986 
        22693.1          264941 
        22744.9          262915 
        22784.8          261367 
        22800.8          260750 
        22816.8          260135 
        22848.8          258911 
        22912.8          256484 
        22976.8          254084 
        23040.8          251713 
        23104.8          249368 
        23168.7          247050 
        23232.7          244759 
        23296.7          242494 
        23360.7          240255 
        23424.7          238040 
        23488.6          235852 
        23552.6          233687 
        23616.6          231548 
        23680.6          229432 
        23744.6          227340 
        23808.6          225272 
        23872.5          223226 
        23936.5          221204 
        24000.5          219204 
        24064.5          217226 
        24128.5          215271 
        24192.5          213337 
        24256.4          211424 
        24320.4          209533 
        24384.4          207662 
        24448.4          205811 
        24512.4          203982 
        24576.3          202172 
        24640.3          200381 
        24704.3          198611 
        24768.3          196859 
        24832.3          195127 
        24896.3          193413 
        24960.2          191719 
        25004.4          190558 
        25024.2          190042 
          25044          189527 
        25083.6          188502 
        25162.8          186474 
        25241.9          184473 
        25321.1          182498 
        25400.2          180549 
        25479.4          178626 
        25558.5          176728 
        25637.7          174855 
        25716.9          173006 
          25796          171182 
        25875.2          169381 
        25954.3          167603 
        26033.5          165849 
        26112.7          164117 
        26191.8          162407 
          26271          160719 
        26350.1          159053 
        26429.3          157409 
        26508.4          155785 
        26587.6          154182 
        26666.8          152599 
        26745.9          151036 
        26825.1          149493 
        26904.2          147970 
        26983.4          146465 
        27062.6          144980 
        27141.7          143513 
        27220.9          142064 
        27299.2          140648 
        27377.5          139251 
        27455.8          137871 
        27534.2          136507 
        27612.5          135160 
        27690.8          133830 
        27769.1          132515 
        27847.5          131217 
        27925.8          129934 
        28004.1          128667 
        28082.4          127415 
        28160.8          126178 
        28239.1          124956 
        28317.4          123748 
        28395.7          122555 
          28474          121376 
        28552.4          120211 
        28630.7          119060 
          28709          117922 
        28787.3          116798 
        28865.7          115687 
          28944          114590 
        29022.3          113504 
        29100.6          112432 
          29179          111373 
        29257.3          110325 
        29335.6          109290 
        29413.9          108267 
        29492.3          107256 
        29570.6          106256 
        29648.9          105268 
        29727.2          104291 
        29805.5          103325 
        29883.9          102371 
        29932.6          101782 
        29962.2          101427 
        29991.8          101073 
