# Koester WD models
# teff = 6250 K (value for the effective temperature for the model. Temperatures are given in K)
# logg = 7.25 log(cm/s2) (value for Log(G) for the model.)
#
# column 1: WAVELENGTH (ANGSTROM), Wavelength in Angstrom
# column 2: FLUX (ERG/CM2/S/A), Flux in erg/cm2/s/A
         899.23       0.0572373 
        909.241       0.0772709 
        919.251        0.108195 
        929.255        0.146702 
        939.271        0.233021 
         949.28          0.2396 
        959.289        0.547517 
        969.297        0.763498 
        979.305         1.08672 
        989.312         1.46043 
        999.319          1.9123 
        1009.33         2.45608 
        1019.33          2.9845 
        1029.34          3.5484 
        1039.34         4.97638 
        1049.35         6.18636 
        1059.36         7.61362 
        1069.36         9.29735 
        1079.36         11.3256 
        1089.37         13.6765 
        1099.37         16.4963 
        1109.38         19.7347 
        1119.38          23.723 
        1129.38         28.2902 
        1139.39         33.4055 
        1149.39         38.9366 
        1159.39         44.0621 
        1169.39         47.7987 
         1179.4         49.0607 
         1189.4         53.8149 
         1199.4         61.0751 
         1209.4         64.1378 
        1219.41         72.4454 
        1229.41         102.491 
        1239.41         123.449 
        1249.41          144.63 
        1259.41         168.907 
        1269.41         201.891 
        1279.42         240.989 
        1289.42         281.542 
        1299.42         324.633 
        1309.42          373.07 
        1319.42         424.753 
        1329.42         484.911 
        1339.42         548.733 
        1349.42         619.726 
        1359.42         701.345 
        1369.42         787.195 
        1379.42         881.641 
        1389.42         988.229 
        1399.42         1105.81 
        1409.42         1230.56 
        1419.42         1367.55 
        1429.42         1517.26 
        1439.42          1678.6 
        1454.42         1956.81 
        1464.42         2164.36 
        1474.42         2379.21 
        1489.42         2714.87 
        1504.42         3101.25 
        1514.42         3419.87 
        1529.42            3952 
        1544.42          4495.4 
        1559.42         4980.37 
        1570.19         5353.37 
        1584.41         5918.85 
        1599.41         6607.68 
        1611.91         7348.37 
        1624.41         8333.67 
        1639.41         9850.09 
        1654.41         11681.3 
        1665.56         13266.8 
        1676.33         15009.3 
         1686.9         17010.2 
         1699.4         19997.7 
         1714.4         24065.9 
         1729.4         28865.1 
         1744.4         33960.6 
        1759.39         38406.6 
         1771.7         42144.2 
        1781.89         46048.5 
        1794.39           51814 
        1809.39         58589.4 
           1824         65934.8 
        1834.77         71720.4 
        1845.54         77812.9 
         1856.3         86225.4 
        1867.07         94529.9 
        1882.44          106903 
        1894.73          118094 
        1907.03          130495 
        1919.18          144091 
        1929.71          156453 
        1939.86          178038 
        1950.01          199038 
        1963.54          220760 
        1973.64          238493 
        1983.74          257432 
        1993.84          277778 
        2003.94          299592 
        2015.61          326763 
        2026.63          364591 
        2038.76          399746 
        2056.41          448667 
        2067.03          480560 
        2077.87          516242 
        2092.32          567174 
        2106.76          622397 
           2121          681301 
        2132.86          741711 
        2143.53          805303 
        2156.58          867067 
        2174.37          956329 
         2187.4      1.02551e+6 
        2201.05      1.10175e+6 
         2214.7      1.18247e+6 
        2228.34      1.26388e+6 
        2241.99      1.34924e+6 
        2255.64      1.43908e+6 
        2265.98      1.53879e+6 
        2276.33      1.63876e+6 
         2289.2      1.74963e+6 
        2301.17      1.85721e+6 
        2313.13      1.96894e+6 
         2325.1      2.06495e+6 
        2337.07       2.1641e+6 
        2349.03      2.26608e+6 
        2359.64      2.35975e+6 
         2370.5      2.45481e+6 
        2381.37      2.55143e+6 
        2396.92      2.69351e+6 
        2409.27      2.80933e+6 
        2421.62      2.93603e+6 
        2433.97      3.07702e+6 
        2446.33      3.19032e+6 
        2460.79      3.33248e+6 
        2474.59      3.47071e+6 
        2492.99      3.65923e+6 
        2510.01      3.83962e+6 
         2528.9      4.02551e+6 
        2544.07      4.17744e+6 
        2559.23      4.33163e+6 
         2574.4      4.50658e+6 
        2589.56      4.68515e+6 
        2604.73      4.89036e+6 
        2619.89      5.08354e+6 
        2635.06      5.25576e+6 
        2646.36      5.38538e+6 
        2657.67      5.51588e+6 
        2668.97      5.62364e+6 
        2680.28      5.73215e+6 
        2691.59      5.84066e+6 
        2702.89      5.94936e+6 
         2725.5      6.16773e+6 
        2756.11       6.4643e+6 
         2780.1      6.69643e+6 
        2817.32      7.05652e+6 
        2835.93      7.24024e+6 
        2854.55      7.42233e+6 
        2873.16      7.58695e+6 
        2891.77      7.75081e+6 
        2905.01      7.86674e+6 
           2929      8.07603e+6 
        2952.98      8.28444e+6 
        3000.96      8.66816e+6 
        3046.44      9.02375e+6 
        3066.36       9.1776e+6 
        3086.27      9.33003e+6 
        3102.35      9.45164e+6 
         3126.1      9.63341e+6 
        3146.44      9.77522e+6 
        3197.37      1.01096e+7 
        3222.83      1.02714e+7 
        3248.29      1.04297e+7 
        3273.76      1.05619e+7 
        3299.22      1.06905e+7 
        3346.73      1.09207e+7 
        3394.24      1.11344e+7 
        3438.33      1.13214e+7 
        3452.01      1.13764e+7 
        3465.68      1.14294e+7 
        3493.03       1.1531e+7 
         3543.6      1.16995e+7 
        3591.28      1.18426e+7 
        3635.88      1.19645e+7 
        3647.12      1.19931e+7 
        3658.96      1.20231e+7 
        3671.11      1.20528e+7 
        3682.58      1.20801e+7 
         3693.5      1.21059e+7 
        3703.57       1.2127e+7 
        3713.83      1.21521e+7 
        3724.38      1.21751e+7 
        3734.43       1.2155e+7 
        3744.62      1.22194e+7 
        3754.84      1.22446e+7 
        3765.07      1.22668e+7 
         3775.5      1.22963e+7 
        3786.22      1.23373e+7 
        3796.45        1.217e+7 
        3806.86      1.23993e+7 
        3817.36      1.24449e+7 
        3827.86      1.24218e+7 
        3838.15      1.22263e+7 
        3848.91      1.25314e+7 
        3862.01      1.25815e+7 
        3872.59      1.25907e+7 
        3883.67      1.24091e+7 
        3893.69      1.23584e+7 
        3903.89      1.26508e+7 
        3918.89      1.27096e+7 
        3929.56      1.27298e+7 
        3940.04      1.27422e+7 
        3950.65      1.27374e+7 
        3962.28      1.25778e+7 
        3972.33      1.16382e+7 
        3982.59      1.27236e+7 
        3993.87      1.28041e+7 
        4008.28      1.28333e+7 
        4018.86       1.2846e+7 
        4032.38      1.28586e+7 
        4043.86       1.2867e+7 
        4058.85      1.28739e+7 
        4073.85      1.28689e+7 
           4084      1.28361e+7 
        4094.68      1.25428e+7 
        4104.77      1.17024e+7 
        4115.15      1.28015e+7 
        4126.14      1.28869e+7 
        4138.83      1.29109e+7 
        4153.83       1.2922e+7 
        4168.82      1.29278e+7 
        4183.82      1.29314e+7 
        4198.82      1.29334e+7 
        4213.81      1.29343e+7 
        4224.95      1.29342e+7 
        4238.81      1.29332e+7 
         4253.8      1.29308e+7 
         4268.8      1.29269e+7 
        4283.79      1.29204e+7 
        4298.79      1.29084e+7 
        4313.79      1.28775e+7 
        4326.14      1.27656e+7 
        4336.17      1.18198e+7 
        4346.38         1.22e+7 
        4357.43      1.27956e+7 
        4367.98      1.28587e+7 
        4378.77      1.28734e+7 
        4393.77      1.28755e+7 
        4408.76      1.28706e+7 
        4423.76      1.28627e+7 
        4438.75      1.28534e+7 
        4453.75      1.28431e+7 
        4468.74       1.2832e+7 
        4483.74      1.28201e+7 
        4498.74      1.28321e+7 
        4513.73      1.28187e+7 
        4527.19      1.28061e+7 
        4538.73       1.2795e+7 
        4553.72        1.278e+7 
        4568.72      1.27644e+7 
        4583.72      1.27484e+7 
        4596.53      1.27342e+7 
        4608.71      1.27203e+7 
         4623.7      1.27027e+7 
         4638.7      1.26847e+7 
         4653.7      1.26661e+7 
        4668.69      1.26471e+7 
        4683.69      1.26276e+7 
        4698.68      1.26076e+7 
        4713.68       1.2587e+7 
        4724.83      1.25714e+7 
        4738.67      1.25514e+7 
        4753.67      1.25291e+7 
        4768.67      1.25058e+7 
        4783.66      1.24808e+7 
        4798.66      1.24529e+7 
        4813.65      1.24184e+7 
        4828.65      1.23636e+7 
        4839.16      1.22793e+7 
        4849.39      1.19957e+7 
        4859.48       8.8864e+6 
        4869.77       1.1671e+7 
        4880.32       1.2174e+7 
        4893.63      1.22624e+7 
        4908.63      1.22703e+7 
         4921.7      1.22598e+7 
        4933.62      1.22452e+7 
        4948.62      1.22238e+7 
        4963.61      1.22007e+7 
        4978.61      1.21764e+7 
        4993.61      1.21515e+7 
         5008.6      1.21259e+7 
         5023.6      1.20998e+7 
        5038.59      1.20734e+7 
        5053.59      1.20467e+7 
        5068.59      1.20196e+7 
        5083.58      1.19924e+7 
        5098.58      1.19648e+7 
        5113.57      1.19371e+7 
        5128.57      1.19091e+7 
        5143.57       1.1881e+7 
        5158.56      1.18526e+7 
        5173.56      1.18241e+7 
        5188.55      1.17953e+7 
        5203.55      1.17664e+7 
        5218.55      1.17373e+7 
        5233.54      1.17081e+7 
        5248.54      1.16787e+7 
        5263.53      1.16491e+7 
        5278.53      1.16195e+7 
        5293.52      1.15897e+7 
        5308.52      1.15598e+7 
        5323.52      1.15298e+7 
        5338.51      1.14997e+7 
        5353.51      1.14694e+7 
        5368.51      1.14392e+7 
         5383.5      1.14086e+7 
         5398.5      1.13778e+7 
        5413.49       1.1347e+7 
        5428.49       1.1316e+7 
        5443.48       1.1285e+7 
        5458.48      1.12539e+7 
        5473.48      1.12227e+7 
        5488.47      1.11915e+7 
        5503.47      1.11601e+7 
        5518.47      1.11287e+7 
        5533.46      1.10972e+7 
        5548.46      1.10657e+7 
        5563.45      1.10341e+7 
        5578.45      1.10024e+7 
        5593.44      1.09706e+7 
        5608.44      1.09388e+7 
        5623.44      1.09069e+7 
        5638.43       1.0875e+7 
        5653.43      1.08432e+7 
        5668.43      1.08115e+7 
        5682.86      1.07808e+7 
        5693.42      1.07584e+7 
        5704.77      1.07343e+7 
        5715.23       1.0712e+7 
        5728.41      1.06839e+7 
         5743.4      1.06519e+7 
         5758.4      1.06199e+7 
         5773.4      1.05872e+7 
        5788.39      1.05551e+7 
        5803.39       1.0523e+7 
        5818.39      1.04908e+7 
        5833.38      1.04587e+7 
        5848.38      1.04265e+7 
        5863.37      1.03943e+7 
        5878.37      1.03621e+7 
        5893.36      1.03299e+7 
        5908.36      1.02977e+7 
        5923.36      1.02655e+7 
        5938.35      1.02333e+7 
        5953.35       1.0201e+7 
        5968.34      1.01688e+7 
        5983.34      1.01366e+7 
        5998.34      1.01044e+7 
        6013.33      1.00721e+7 
        6028.33      1.00398e+7 
        6043.32      1.00075e+7 
        6058.32      9.97525e+6 
        6073.32      9.94298e+6 
        6088.31      9.91075e+6 
        6103.31      9.87852e+6 
         6118.3      9.84632e+6 
         6133.3      9.81418e+6 
         6148.3      9.78198e+6 
        6163.29      9.74981e+6 
        6178.29      9.71764e+6 
        6193.28       9.6855e+6 
        6208.28      9.65336e+6 
        6223.28      9.62122e+6 
        6238.27      9.58911e+6 
        6252.16       9.5594e+6 
        6262.16      9.53797e+6 
        6273.26      9.51419e+6 
        6284.63      9.48984e+6 
        6295.99      9.46546e+6 
        6306.09      9.44382e+6 
        6316.22      9.42208e+6 
        6328.25      9.39622e+6 
        6343.24      9.36389e+6 
        6358.24       9.3315e+6 
        6373.23      9.29893e+6 
        6388.23      9.26613e+6 
        6403.23      9.23298e+6 
        6418.22      9.19934e+6 
        6433.22      9.16494e+6 
        6448.22      9.12934e+6 
        6463.21      9.09177e+6 
        6478.21      9.05068e+6 
         6493.2      9.00296e+6 
         6508.2        8.941e+6 
        6523.19      8.84286e+6 
         6536.1      8.67083e+6 
        6546.46      8.32764e+6 
        6556.84      7.09972e+6 
        6566.99      6.56364e+6 
         6577.3      8.16833e+6 
        6587.91      8.54142e+6 
        6598.17      8.66197e+6 
         6608.5      8.70755e+6 
        6623.98      8.72386e+6 
         6634.3      8.71977e+6 
        6644.62      8.70991e+6 
        6665.26      8.68126e+6 
        6701.62      8.61846e+6 
        6721.34      8.58183e+6 
         6736.2      8.55365e+6 
        6780.49      8.46829e+6 
        6824.78      8.38202e+6 
        6913.35      8.21062e+6 
        7001.93      8.04044e+6 
        7071.86      7.90736e+6 
         7090.5      7.87211e+6 
        7109.15      7.83695e+6 
        7146.44      7.76765e+6 
        7221.02      7.63021e+6 
         7295.6      7.49439e+6 
        7346.84      7.40209e+6 
        7370.18      7.36056e+6 
        7393.51      7.31897e+6 
        7440.19      7.23713e+6 
        7533.55      7.07549e+6 
        7575.92      7.00305e+6 
         7626.9      6.91662e+6 
        7677.88      6.83108e+6 
        7728.86      6.74726e+6 
        7779.84      6.66429e+6 
        7830.82      6.58214e+6 
         7881.8      6.50083e+6 
        7903.32      6.46678e+6 
        7932.78      6.42041e+6 
        7962.25      6.37429e+6 
        8021.18      6.28356e+6 
        8077.68      6.19767e+6 
        8097.18      6.16833e+6 
        8108.49       6.1514e+6 
        8155.67      6.08121e+6 
        8200.85      6.01464e+6 
        8216.85      5.99133e+6 
        8232.84      5.96815e+6 
        8264.83      5.92196e+6 
        8289.72      5.88628e+6 
        8328.82      5.83061e+6 
        8343.44       5.8099e+6 
        8367.92      5.77541e+6 
        8388.68      5.74644e+6 
        8408.65      5.71874e+6 
        8432.02      5.68647e+6 
        8467.25      5.63806e+6 
        8502.48      5.59006e+6 
        8516.58      5.57108e+6 
        8530.98      5.55163e+6 
        8545.38      5.53228e+6 
        8574.18      5.49424e+6 
        8598.39      5.46197e+6 
         8628.6       5.4227e+6 
        8646.81      5.39895e+6 
        8665.01      5.37467e+6 
        8685.59      5.34875e+6 
        8701.43      5.32836e+6 
        8750.47      5.26421e+6 
        8767.92      5.24351e+6 
        8815.35      5.18385e+6 
        8862.78       5.1219e+6 
        8900.38       5.0797e+6 
        8957.65      5.01071e+6 
        9014.91      4.93353e+6 
        9044.62      4.90739e+6 
        9072.17       4.8755e+6 
        9099.72      4.84358e+6 
        9154.81      4.78078e+6 
         9190.8      4.73978e+6 
         9209.9      4.71694e+6 
        9224.23      4.69373e+6 
        9236.17      4.68302e+6 
        9248.11      4.67444e+6 
        9262.44      4.65986e+6 
        9281.55      4.63935e+6 
        9319.76      4.59785e+6 
        9384.08      4.52842e+6 
        9448.41      4.46056e+6 
        9479.49      4.42795e+6 
        9496.11      4.41039e+6 
        9512.73      4.39232e+6 
        9529.35      4.37175e+6 
        9541.81      4.34187e+6 
         9552.2      4.33709e+6 
        9568.82      4.33332e+6 
        9585.43      4.31853e+6 
        9618.67      4.28595e+6 
        9668.45      4.23653e+6 
        9768.01      4.13996e+6 
        9782.33      4.12626e+6 
        9867.57      4.04559e+6 
        9952.82      3.96629e+6 
        10026.8      3.89422e+6 
        10038.1      3.87368e+6 
        10048.7      3.79508e+6 
        10060.3      3.85288e+6 
        10080.1      3.84911e+6 
        10102.7      3.83164e+6 
        10125.3      3.81257e+6 
        10147.9      3.79316e+6 
        10193.1      3.75439e+6 
        10237.2      3.71682e+6 
        10325.4      3.64469e+6 
        10413.6      3.57397e+6 
        10501.8      3.50467e+6 
          10590      3.43678e+6 
        10678.2      3.37024e+6 
        10766.4      3.30499e+6 
        10812.9      3.27099e+6 
        10833.8      3.25576e+6 
        10854.6      3.24043e+6 
        10875.5      3.22478e+6 
        10885.9      3.21661e+6 
        10896.4      3.20788e+6 
        10906.8      3.19776e+6 
        10917.2      3.18382e+6 
        10927.7      3.15391e+6 
          10938      2.98414e+6 
        10948.4      3.13811e+6 
        10964.4      3.15447e+6 
        10977.2      3.15039e+6 
          10990      3.14348e+6 
        11002.8      3.13555e+6 
        11015.6      3.12724e+6 
        11041.2      3.11017e+6 
        11092.4      3.07571e+6 
        11143.6      3.04144e+6 
        11194.8      3.00751e+6 
          11231      2.98376e+6 
          11246      2.97404e+6 
        11260.9      2.96434e+6 
        11290.8      2.94595e+6 
        11350.6      2.90952e+6 
        11410.5      2.87356e+6 
        11470.3      2.83807e+6 
        11530.1      2.80303e+6 
          11590      2.76845e+6 
        11649.8      2.73431e+6 
        11709.6      2.70063e+6 
        11769.4      2.66738e+6 
        11829.3      2.63458e+6 
        11889.1       2.6022e+6 
        11948.9      2.57026e+6 
        12008.8      2.53873e+6 
        12068.6      2.50759e+6 
        12128.4      2.47689e+6 
        12188.2       2.4466e+6 
        12211.5      2.43492e+6 
        12248.1       2.4167e+6 
        12284.6      2.39862e+6 
        12357.8      2.36476e+6 
        12430.9      2.33138e+6 
          12504      2.29846e+6 
        12577.1      2.26596e+6 
        12650.3      2.23372e+6 
        12686.8      2.21749e+6 
        12723.4      2.20075e+6 
        12741.7      2.19176e+6 
          12760      2.18156e+6 
        12778.2      2.16778e+6 
          12792      2.14954e+6 
        12803.4       2.1139e+6 
        12813.7      1.99469e+6 
        12824.4      2.02906e+6 
        12836.4      2.11238e+6 
        12852.5      2.13225e+6 
        12871.8      2.13342e+6 
        12884.6       2.1306e+6 
        12897.5      2.12674e+6 
        12923.2      2.11766e+6 
        12974.6       2.0978e+6 
          13026      2.07747e+6 
        13077.4      2.05716e+6 
        13128.8      2.03699e+6 
        13180.2        2.017e+6 
        13231.6       1.9972e+6 
        13257.6      1.98726e+6 
          13283      1.97761e+6 
        13308.4      1.96801e+6 
        13359.1      1.95005e+6 
        13409.9      1.93225e+6 
        13460.7      1.91462e+6 
        13511.5      1.89714e+6 
        13562.3      1.87983e+6 
        13613.1      1.86268e+6 
        13663.9      1.84571e+6 
        13714.6      1.82887e+6 
        13765.4      1.81219e+6 
        13816.2      1.79567e+6 
          13867       1.7793e+6 
        13917.8       1.7631e+6 
        13968.6      1.74704e+6 
        14019.4      1.73115e+6 
        14070.2       1.7154e+6 
        14120.9      1.69981e+6 
        14171.7      1.68437e+6 
        14222.5      1.66907e+6 
        14273.3      1.65393e+6 
        14316.1      1.64128e+6 
        14332.1      1.63659e+6 
          14348      1.63205e+6 
        14379.9      1.62303e+6 
        14429.9      1.60899e+6 
        14443.8      1.60512e+6 
        14457.6      1.60126e+6 
        14485.4      1.59361e+6 
        14498.5      1.59001e+6 
        14540.8      1.57842e+6 
        14581.2      1.56746e+6 
        14597.2       1.5632e+6 
        14613.2      1.55897e+6 
        14645.2      1.55053e+6 
        14709.2      1.53378e+6 
        14773.2      1.51721e+6 
        14837.1      1.50081e+6 
        14901.1      1.48459e+6 
        14965.1      1.46855e+6 
        15029.1      1.45268e+6 
        15093.1        1.437e+6 
        15157.1      1.42148e+6 
          15221      1.40614e+6 
          15285      1.39096e+6 
          15349      1.37595e+6 
          15413      1.36112e+6 
        15471.6      1.34768e+6 
        15482.4      1.34522e+6 
        15493.1      1.34264e+6 
        15514.7      1.33749e+6 
        15557.9      1.32725e+6 
        15644.2      1.30701e+6 
        15730.5      1.28713e+6 
        15816.8       1.2676e+6 
        15903.1      1.24842e+6 
        15989.4      1.22959e+6 
        16075.8       1.2112e+6 
        16162.1      1.19321e+6 
        16248.4      1.17549e+6 
        16289.9      1.16708e+6 
        16334.7      1.15807e+6 
        16379.5      1.14913e+6 
        16469.1      1.12832e+6 
        16558.8      1.10798e+6 
        16648.4      1.08808e+6 
          16738      1.06862e+6 
        16827.7      1.04958e+6 
        16917.3      1.03096e+6 
        17006.9      1.01275e+6 
        17096.6          994927 
        17186.2          977488 
        17275.8          960426 
        17327.7          950718 
        17365.5          943725 
        17403.2          936798 
        17478.8          923116 
        17554.3          909680 
        17629.9          896482 
        17705.4          883520 
          17781          870787 
        17856.5          858280 
        17932.1          845993 
        18007.6          833659 
        18083.2          821765 
        18158.7          810053 
        18234.3          798508 
        18309.8          787095 
        18343.7          781999 
        18385.3          775757 
          18427          769499 
        18510.2          756703 
        18551.8          749911 
        18593.4          742409 
        18614.2          738120 
          18635          733157 
        18655.8          727027 
        18666.2          723245 
        18676.6          718730 
          18687          713154 
        18697.4          705988 
        18707.8          696406 
        18718.2          682860 
        18728.6          662110 
          18739          625303 
        18749.4          522481 
        18759.7          602441 
        18771.4          651497 
        18781.5          671041 
        18794.9          685527 
        18808.4          693610 
        18821.8          698238 
        18835.2          700814 
        18848.6          702099 
          18862          702554 
        18875.5          702451 
        18902.3          701175 
        18929.1          699086 
          18956          696548 
        19009.7          690805 
        19063.3          684657 
          19117          678364 
        19170.7          672028 
        19224.4          665700 
        19278.1          659408 
        19331.7          653165 
        19385.4          646976 
        19427.5          642167 
        19439.1          640850 
        19450.7          639540 
        19473.8          636923 
        19520.1          631730 
        19612.6          621614 
        19705.1          611539 
        19797.6          601668 
        19890.1          591992 
        19982.6          582508 
        20075.2          573209 
        20167.7          564095 
        20260.2          555160 
        20352.7          546398 
          20416          540498 
        20445.2          537806 
        20474.4          535133 
        20532.7          529830 
        20591.1          524593 
        20649.5          519418 
        20707.8          514307 
        20766.2          509255 
        20824.5          504270 
        20882.9          499340 
        20941.2          494471 
        20999.6          489661 
        21057.9          484911 
        21116.3          480214 
        21174.6          475574 
          21233          470991 
        21291.4          466464 
        21349.7          461987 
        21408.1          457564 
        21466.4          453194 
        21524.8          448877 
        21535.6          448076 
        21583.1          444608 
        21630.6          441171 
        21725.6          434397 
        21820.6          427750 
        21915.6          421231 
        22010.5          414832 
        22105.5          408555 
        22200.5          402394 
        22295.5          396346 
        22390.5          390412 
        22485.4          384587 
        22580.4          378870 
        22675.4          373256 
        22753.9          368694 
        22770.4          367745 
        22784.8          366916 
        22800.8          365999 
        22816.8          365088 
        22848.8          363272 
        22912.8          359672 
        22976.8          356115 
        23040.8          352603 
        23104.8          349131 
        23168.7          345704 
        23232.7          342321 
        23296.7          338975 
        23360.7          335670 
        23424.7          332406 
        23488.6          329179 
        23552.6          325994 
        23616.6          322846 
        23680.6          319732 
        23744.6          316660 
        23808.6          313622 
        23872.5          310621 
        23936.5          307655 
        24000.5          304724 
        24064.5          301828 
        24128.5          298966 
        24192.5          296138 
        24256.4          293342 
        24320.4          290579 
        24384.4          287849 
        24448.4          285150 
        24512.4          282482 
        24576.3          279845 
        24640.3          277239 
        24704.3          274663 
        24768.3          272116 
        24832.3          269598 
        24896.3          267110 
        24960.2          264650 
        25004.4          262967 
        25024.2          262217 
          25044          261471 
        25083.6          259986 
        25162.8          257048 
        25241.9          254151 
        25321.1          251294 
        25400.2          248477 
        25479.4          245699 
        25558.5          242960 
        25637.7          240258 
        25716.9          237594 
          25796          234965 
        25875.2          232373 
        25954.3          229816 
        26033.5          227294 
        26112.7          224806 
        26191.8          222352 
          26271          219931 
        26350.1          217543 
        26429.3          215187 
        26508.4          212862 
        26587.6          210568 
        26666.8          208305 
        26745.9          206072 
        26825.1          203869 
        26904.2          201695 
        26983.4          199549 
        27062.6          197432 
        27141.7          195342 
        27220.9          193280 
        27299.2          191266 
        27377.5          189279 
        27455.8          187317 
        27534.2          185381 
        27612.5          183469 
        27690.8          181581 
        27769.1          179718 
        27847.5          177878 
        27925.8          176062 
        28004.1          174269 
        28082.4          172498 
        28160.8          170749 
        28239.1          169023 
        28317.4          167318 
        28395.7          165635 
          28474          163972 
        28552.4          162330 
        28630.7          160708 
          28709          159107 
        28787.3          157525 
        28865.7          155963 
          28944          154420 
        29022.3          152895 
        29100.6          151390 
          29179          149903 
        29257.3          148434 
        29335.6          146983 
        29413.9          145549 
        29492.3          144133 
        29570.6          142733 
        29648.9          141351 
        29727.2          139985 
        29805.5          138636 
        29883.9          137302 
        29932.6          136481 
        29962.2          135985 
        29991.8          135491 
