# Koester WD models
# teff = 6500 K (value for the effective temperature for the model. Temperatures are given in K)
# logg = 7.25 log(cm/s2) (value for Log(G) for the model.)
#
# column 1: WAVELENGTH (ANGSTROM), Wavelength in Angstrom
# column 2: FLUX (ERG/CM2/S/A), Flux in erg/cm2/s/A
         899.23        0.121749 
        909.241        0.163005 
        919.251        0.231865 
        929.261        0.314232 
        939.271        0.539603 
         949.28        0.489847 
        959.289          1.4114 
        969.297         1.96749 
        979.305         2.85072 
        989.312          3.8439 
        999.319         5.02721 
        1009.33         6.42299 
        1019.33         7.57608 
        1029.34         8.78785 
        1039.34         12.8831 
        1049.35         15.9994 
        1059.36         19.5618 
        1069.36         23.7464 
        1079.36         28.7115 
        1089.37         34.4089 
        1099.37         41.1753 
        1109.38         48.8345 
        1119.38         58.2747 
        1129.38         68.9388 
        1139.39         80.6334 
        1149.39         92.9443 
        1159.39          103.73 
        1169.39         110.669 
         1179.4         109.971 
         1189.4          117.16 
         1199.4         130.495 
         1209.4         130.287 
        1219.41         143.947 
        1229.41         219.385 
        1239.41         266.033 
        1249.41         310.861 
        1259.41          362.38 
        1269.41         434.083 
        1279.42         518.498 
        1289.42         603.663 
        1299.42           693.4 
        1309.42         793.017 
        1319.42         898.021 
        1329.42         1020.63 
        1339.42         1148.83 
        1349.42         1290.54 
        1359.42          1453.5 
        1369.42         1623.55 
        1379.42         1808.06 
        1389.42         2016.03 
        1399.42         2247.08 
        1409.42         2489.16 
        1419.42         2749.14 
        1429.42          3032.2 
        1439.42         3340.77 
        1454.42         3874.81 
        1464.42         4263.55 
        1474.42         4655.43 
        1489.42         5270.93 
        1501.92         5848.36 
        1514.42         6584.72 
        1529.42         7561.66 
        1544.42         8537.84 
        1559.42         9360.97 
        1570.19         10005.5 
        1584.41         10974.9 
        1599.41         12165.7 
        1611.91           13486 
        1624.41         15283.1 
        1639.41         18061.1 
        1654.41         21471.4 
        1665.56         24522.7 
        1676.33         27952.9 
         1686.9         32032.3 
         1699.4         38593.8 
         1711.9         46860.3 
         1724.4         57311.1 
         1739.4         72443.2 
        1751.89         83828.7 
        1764.39         93089.2 
        1775.55          102517 
        1787.07          117538 
        1799.39          133339 
        1810.75          147862 
         1820.8          161829 
        1834.77          182313 
        1845.24          198770 
        1855.72          223958 
        1866.19          248760 
        1878.05          274792 
        1893.85          314382 
         1905.7          347784 
        1915.74          378983 
        1926.62          413933 
        1936.81          462826 
         1946.9          523443 
        1958.11          599444 
        1968.59          647649 
        1982.29          715702 
        1995.99          789526 
        2009.69          869386 
        2019.84          935177 
        2029.99      1.04683e+6 
        2040.13      1.11253e+6 
        2056.37      1.22359e+6 
        2067.03      1.30068e+6 
        2082.33      1.42003e+6 
        2092.53      1.50365e+6 
        2102.73       1.5909e+6 
        2116.25      1.71172e+6 
         2126.4      1.80627e+6 
        2136.54      1.94334e+6 
        2148.38      2.07163e+6 
        2165.47      2.23999e+6 
         2175.8      2.34435e+6 
        2186.13      2.45194e+6 
        2196.46      2.56242e+6 
        2206.79      2.67629e+6 
         2230.5      2.94241e+6 
         2246.3      3.12562e+6 
        2258.16      3.26754e+6 
        2271.14      3.51494e+6 
        2281.99      3.66181e+6 
        2296.45      3.86249e+6 
        2313.13      4.10085e+6 
        2329.82      4.31309e+6 
        2346.51      4.53071e+6 
        2362.35      4.74179e+6 
        2377.37      4.93811e+6 
        2405.52      5.31448e+6 
        2416.78      5.46763e+6 
        2428.03      5.66451e+6 
        2443.04      5.86086e+6 
        2456.19       6.0274e+6 
        2466.76      6.17094e+6 
        2488.39      6.45748e+6 
        2510.01       6.7521e+6 
         2547.3      7.23072e+6 
        2559.23      7.38482e+6 
        2571.17      7.55041e+6 
        2595.04      7.88279e+6 
        2627.89      8.37442e+6 
        2642.78      8.56555e+6 
        2657.67      8.75688e+6 
        2672.56      8.92256e+6 
        2687.45      9.08775e+6 
        2717.24      9.41504e+6 
        2756.11      9.83683e+6 
        2813.16      1.04366e+7 
        2833.85      1.06527e+7 
        2854.55      1.08683e+7 
        2875.24      1.10579e+7 
        2895.93      1.12448e+7 
        2921.65       1.1473e+7 
        2937.32      1.16098e+7 
        2952.98      1.17452e+7 
        2984.31      1.19965e+7 
        3042.53      1.24441e+7 
        3060.31      1.25758e+7 
         3077.5      1.27005e+7 
        3113.68      1.29574e+7 
        3149.86      1.31976e+7 
        3186.04       1.3413e+7 
        3196.14      1.34714e+7 
        3222.22      1.36189e+7 
        3248.29      1.37616e+7 
        3300.45      1.40033e+7 
        3346.73      1.42012e+7 
        3433.42      1.45258e+7 
        3445.17      1.45659e+7 
        3456.92      1.46041e+7 
        3480.41      1.46774e+7 
        3511.22      1.47638e+7 
        3527.41       1.4806e+7 
         3543.6      1.48465e+7 
        3560.69      1.48867e+7 
        3575.99      1.49211e+7 
        3591.28      1.49539e+7 
        3604.78      1.49815e+7 
        3621.87       1.5015e+7 
        3635.88      1.50412e+7 
        3647.12      1.50607e+7 
        3658.96      1.50812e+7 
        3671.11      1.51011e+7 
        3682.58      1.51189e+7 
         3693.5      1.51364e+7 
        3703.57      1.51461e+7 
        3713.83       1.5167e+7 
        3724.38      1.51832e+7 
        3734.43      1.51035e+7 
        3744.62      1.52188e+7 
        3754.84      1.52439e+7 
        3765.07      1.52592e+7 
         3775.5      1.52906e+7 
        3786.22      1.53543e+7 
        3796.54      1.49581e+7 
        3808.57      1.54421e+7 
        3818.75      1.54968e+7 
        3828.91       1.5353e+7 
        3839.18      1.51484e+7 
        3850.38      1.55978e+7 
        3862.01      1.56584e+7 
        3872.59      1.56435e+7 
        3883.67      1.52178e+7 
        3894.13      1.51485e+7 
        3904.25      1.56891e+7 
        3918.89      1.57811e+7 
        3929.56      1.57985e+7 
        3940.04      1.58005e+7 
        3950.65      1.57646e+7 
        3961.37      1.54753e+7 
        3971.45      1.29209e+7 
        3982.23      1.56485e+7 
        3992.62      1.58121e+7 
        4003.87      1.58491e+7 
        4018.86      1.58627e+7 
        4032.38      1.58659e+7 
        4043.86      1.58649e+7 
        4058.85      1.58569e+7 
        4073.85      1.58255e+7 
         4085.7      1.57149e+7 
        4096.23      1.48654e+7 
        4106.24      1.44991e+7 
        4116.69      1.56764e+7 
        4128.84      1.58042e+7 
        4143.83      1.58287e+7 
        4158.83      1.58282e+7 
        4173.82      1.58214e+7 
        4188.82      1.58119e+7 
        4203.81      1.58008e+7 
        4216.52      1.57902e+7 
        4228.81       1.5779e+7 
        4243.81      1.57641e+7 
         4258.8      1.57473e+7 
         4273.8      1.57282e+7 
        4288.79      1.57038e+7 
        4303.79      1.56661e+7 
        4314.07      1.56146e+7 
        4326.14      1.54087e+7 
        4336.17      1.39059e+7 
        4346.52      1.44839e+7 
        4357.43      1.54435e+7 
        4367.98      1.55529e+7 
        4378.77       1.5574e+7 
        4393.77      1.55706e+7 
        4408.76      1.55556e+7 
        4423.76      1.55361e+7 
        4438.75      1.55145e+7 
        4453.75      1.54916e+7 
        4468.74      1.54677e+7 
        4483.74      1.54431e+7 
        4498.74       1.5441e+7 
        4513.73      1.54144e+7 
        4527.19        1.539e+7 
        4538.73      1.53687e+7 
        4553.72      1.53406e+7 
        4568.72      1.53119e+7 
        4583.72      1.52827e+7 
        4596.53      1.52573e+7 
        4608.71      1.52328e+7 
         4623.7      1.52023e+7 
         4638.7      1.51712e+7 
         4653.7      1.51397e+7 
        4668.69      1.51078e+7 
        4683.69      1.50753e+7 
        4698.68      1.50424e+7 
        4713.68      1.50089e+7 
        4724.83      1.49835e+7 
        4738.67      1.49515e+7 
        4753.67      1.49159e+7 
        4768.67      1.48789e+7 
        4783.66      1.48398e+7 
        4798.66      1.47962e+7 
        4813.65      1.47425e+7 
        4828.65      1.46574e+7 
        4839.16      1.45259e+7 
        4849.39      1.40948e+7 
        4859.48      1.00302e+7 
        4869.86      1.36273e+7 
        4880.19      1.43595e+7 
        4893.63      1.45027e+7 
        4908.63      1.45165e+7 
         4921.7      1.45013e+7 
        4933.62      1.44798e+7 
        4948.62      1.44481e+7 
        4963.61      1.44138e+7 
        4978.61      1.43781e+7 
        4993.61      1.43415e+7 
         5008.6      1.43042e+7 
         5023.6      1.42664e+7 
        5038.59      1.42282e+7 
        5053.59      1.41897e+7 
        5068.59      1.41509e+7 
        5083.58      1.41119e+7 
        5098.58      1.40727e+7 
        5113.57      1.40333e+7 
        5128.57      1.39938e+7 
        5143.57       1.3954e+7 
        5158.56      1.39141e+7 
        5173.56      1.38741e+7 
        5188.55      1.38339e+7 
        5203.55      1.37937e+7 
        5218.55      1.37532e+7 
        5233.54      1.37127e+7 
        5248.54      1.36721e+7 
        5263.53      1.36313e+7 
        5278.53      1.35905e+7 
        5293.52      1.35497e+7 
        5308.52      1.35087e+7 
        5323.52      1.34677e+7 
        5338.51      1.34265e+7 
        5353.51      1.33854e+7 
        5368.51      1.33443e+7 
         5383.5      1.33029e+7 
         5398.5      1.32614e+7 
        5413.49      1.32199e+7 
        5428.49      1.31784e+7 
        5443.48      1.31368e+7 
        5458.48      1.30952e+7 
        5473.48      1.30535e+7 
        5488.47      1.30118e+7 
        5503.47      1.29701e+7 
        5518.47      1.29284e+7 
        5533.46      1.28866e+7 
        5548.46      1.28448e+7 
        5563.45       1.2803e+7 
        5578.45      1.27612e+7 
        5593.44      1.27194e+7 
        5608.44      1.26776e+7 
        5623.44      1.26357e+7 
        5638.43      1.25939e+7 
        5653.43       1.2552e+7 
        5668.43      1.25103e+7 
        5682.86        1.247e+7 
        5693.42      1.24405e+7 
        5704.77      1.24089e+7 
        5715.23      1.23798e+7 
        5728.41      1.23431e+7 
         5743.4      1.23013e+7 
         5758.4      1.22596e+7 
         5773.4      1.22171e+7 
        5788.39      1.21753e+7 
        5803.39      1.21336e+7 
        5818.39       1.2092e+7 
        5833.38      1.20504e+7 
        5848.38      1.20088e+7 
        5863.37      1.19672e+7 
        5878.37      1.19257e+7 
        5893.36      1.18843e+7 
        5908.36      1.18428e+7 
        5923.36      1.18015e+7 
        5938.35      1.17601e+7 
        5953.35      1.17188e+7 
        5968.34      1.16776e+7 
        5983.34      1.16364e+7 
        5998.34      1.15952e+7 
        6013.33      1.15541e+7 
        6028.33       1.1513e+7 
        6043.32       1.1472e+7 
        6058.32       1.1431e+7 
        6073.32      1.13901e+7 
        6088.31      1.13492e+7 
        6103.31      1.13084e+7 
         6118.3      1.12677e+7 
         6133.3       1.1227e+7 
         6148.3      1.11865e+7 
        6163.29      1.11459e+7 
        6178.29      1.11054e+7 
        6193.28       1.1065e+7 
        6208.28      1.10246e+7 
        6223.28      1.09843e+7 
        6238.27      1.09441e+7 
        6252.16      1.09068e+7 
        6262.16        1.088e+7 
        6273.26      1.08502e+7 
        6284.63      1.08198e+7 
        6295.99      1.07894e+7 
        6306.09      1.07623e+7 
        6316.22      1.07352e+7 
        6328.25      1.07029e+7 
        6343.24      1.06626e+7 
        6358.24      1.06222e+7 
        6373.23      1.05817e+7 
        6388.23      1.05408e+7 
        6403.23      1.04995e+7 
        6418.22      1.04576e+7 
        6433.22      1.04147e+7 
        6448.22      1.03702e+7 
        6463.21      1.03231e+7 
        6478.21      1.02713e+7 
         6493.2      1.02106e+7 
         6508.2      1.01309e+7 
        6523.19      1.00032e+7 
         6536.1      9.77808e+6 
        6546.46      9.33716e+6 
        6556.84      7.85445e+6 
        6566.99      7.22739e+6 
        6577.43      9.14816e+6 
        6587.91      9.61635e+6 
        6598.17      9.77786e+6 
         6608.5      9.84104e+6 
        6623.98      9.86652e+6 
         6634.3       9.8635e+6 
        6644.62      9.85279e+6 
        6665.26      9.81936e+6 
        6701.62        9.744e+6 
        6721.34      9.69967e+6 
         6736.2      9.66558e+6 
        6780.49      9.56213e+6 
        6824.78      9.45761e+6 
        6913.35      9.25048e+6 
        7001.93      9.04552e+6 
        7071.86      8.88577e+6 
         7090.5      8.84352e+6 
        7109.15      8.80142e+6 
        7146.44      8.71855e+6 
        7221.02      8.55453e+6 
         7295.6      8.39292e+6 
        7346.84      8.28331e+6 
        7370.18      8.23411e+6 
        7393.51      8.18479e+6 
        7440.19      8.08797e+6 
        7533.55      7.89718e+6 
        7575.92      7.81185e+6 
         7626.9      7.71025e+6 
        7677.88      7.60982e+6 
        7728.86      7.51161e+6 
        7779.84       7.4145e+6 
        7830.82      7.31853e+6 
         7881.8      7.22378e+6 
        7903.32      7.18413e+6 
        7932.78      7.13013e+6 
        7962.25      7.07653e+6 
        8021.18      6.97116e+6 
        8077.68      6.87151e+6 
        8097.18      6.83755e+6 
        8108.49      6.81792e+6 
        8155.67      6.73664e+6 
        8200.85      6.65971e+6 
        8216.85      6.63278e+6 
        8232.84      6.60595e+6 
        8264.83      6.55267e+6 
        8289.72      6.51148e+6 
        8328.82       6.4473e+6 
        8343.44      6.42343e+6 
        8367.92      6.38368e+6 
        8388.68      6.35035e+6 
        8408.65      6.31847e+6 
        8432.02      6.28133e+6 
        8467.25      6.22566e+6 
        8502.48       6.1705e+6 
        8516.58      6.14876e+6 
        8530.98      6.12645e+6 
        8545.38      6.10408e+6 
        8574.18      6.06067e+6 
        8598.39      6.02338e+6 
         8628.6      5.97876e+6 
        8646.81      5.95159e+6 
        8665.01      5.92303e+6 
        8685.59      5.89413e+6 
        8701.43      5.87082e+6 
        8750.47       5.7958e+6 
        8767.92      5.77381e+6 
        8815.35      5.70576e+6 
        8862.78      5.63115e+6 
        8900.38      5.58713e+6 
        8957.65      5.50869e+6 
        8986.28      5.46901e+6 
        9000.59      5.44799e+6 
        9011.33      5.42723e+6 
        9022.07      5.41629e+6 
         9032.8      5.40549e+6 
        9043.54      5.39226e+6 
        9054.28      5.37853e+6 
        9065.01      5.36462e+6 
        9075.75       5.3506e+6 
        9094.73      5.32578e+6 
        9114.68       5.2999e+6 
        9134.64      5.27411e+6 
        9147.31      5.25774e+6 
        9174.54      5.22236e+6 
        9188.16      5.20439e+6 
        9201.78      5.18567e+6 
        9215.39      5.16431e+6 
         9225.6      5.13632e+6 
        9235.82      5.13157e+6 
        9247.73       5.1256e+6 
        9268.16      5.10355e+6 
        9295.39      5.07097e+6 
        9315.63      5.04634e+6 
        9349.85      5.00459e+6 
        9384.08      4.96306e+6 
        9452.54       4.8815e+6 
        9496.03      4.82916e+6 
        9508.51      4.81327e+6 
           9521      4.79567e+6 
        9533.48      4.77211e+6 
         9544.4      4.71135e+6 
        9554.55      4.73997e+6 
        9576.39      4.73319e+6 
        9588.88      4.72141e+6 
        9601.36      4.70837e+6 
        9626.33       4.6811e+6 
        9668.45      4.63432e+6 
         9752.7      4.54249e+6 
        9836.94      4.45239e+6 
        9889.57      4.39697e+6 
        9921.19      4.36392e+6 
        9952.82      4.33094e+6 
        9982.78      4.29958e+6 
        9999.43      4.28139e+6 
        10016.1       4.2611e+6 
        10028.6      4.24109e+6 
          10041      4.20022e+6 
        10052.5      4.13921e+6 
        10068.5      4.19805e+6 
        10087.7       4.1911e+6 
        10113.3      4.16968e+6 
        10138.9       4.1458e+6 
        10164.5      4.12146e+6 
        10194.2      4.09315e+6 
        10215.7       4.0727e+6 
        10237.2      4.05231e+6 
        10280.2      4.01288e+6 
        10366.3      3.93519e+6 
        10452.4      3.85901e+6 
        10538.4      3.78436e+6 
        10624.5      3.71129e+6 
        10710.6       3.6396e+6 
        10796.7      3.56913e+6 
        10827.4      3.54403e+6 
        10855.1       3.5211e+6 
        10868.9      3.50919e+6 
        10882.7      3.49662e+6 
        10896.6       3.4823e+6 
        10910.4      3.46298e+6 
        10920.8      3.43778e+6 
        10931.2      3.36889e+6 
        10941.4      3.28925e+6 
        10951.8      3.39814e+6 
        10967.8      3.41878e+6 
        10980.6      3.41661e+6 
        10993.4       3.4102e+6 
          11019      3.39323e+6 
        11070.2      3.35582e+6 
        11121.4      3.31787e+6 
        11172.6      3.28017e+6 
        11186.6       3.2699e+6 
        11223.8      3.24285e+6 
        11260.9      3.21605e+6 
        11335.2      3.16544e+6 
        11409.5      3.11567e+6 
        11483.8      3.06676e+6 
        11558.1      3.01863e+6 
        11632.4      2.97132e+6 
        11706.7      2.92482e+6 
          11781      2.87911e+6 
        11855.3      2.83417e+6 
        11929.6         2.79e+6 
        12003.9      2.74659e+6 
        12078.2      2.70388e+6 
        12152.5      2.66193e+6 
          12169      2.65271e+6 
        12226.8      2.62069e+6 
        12284.6       2.5891e+6 
        12342.4      2.55944e+6 
        12400.2      2.53011e+6 
          12458      2.50109e+6 
        12515.8      2.47239e+6 
        12573.6      2.44396e+6 
        12631.4      2.41566e+6 
        12689.2      2.38699e+6 
        12718.1      2.37189e+6 
        12732.6      2.36376e+6 
          12747      2.35477e+6 
        12761.5      2.34408e+6 
        12775.9      2.32942e+6 
        12790.4      2.30408e+6 
        12801.2      2.26335e+6 
          12812      2.13935e+6 
        12822.3      2.08344e+6 
          12833      2.23207e+6 
        12845.3      2.27436e+6 
        12857.5      2.28776e+6 
        12875.9      2.29107e+6 
        12888.2      2.28911e+6 
        12900.5      2.28574e+6 
          12925      2.27704e+6 
          12974      2.25691e+6 
        13072.2       2.2147e+6 
        13170.3      2.17284e+6 
        13228.4      2.14846e+6 
        13268.4      2.13186e+6 
        13308.4      2.11539e+6 
        13388.3      2.08469e+6 
        13468.2      2.05442e+6 
        13548.2      2.02458e+6 
        13628.1      1.99522e+6 
          13708      1.96625e+6 
          13788      1.93768e+6 
        13867.9      1.90955e+6 
        13947.9      1.88184e+6 
        14027.8      1.85455e+6 
        14107.7      1.82768e+6 
        14187.7      1.80122e+6 
        14203.1      1.79614e+6 
        14267.6      1.77517e+6 
        14332.1      1.75445e+6 
        14396.5      1.73454e+6 
        14457.6      1.71588e+6 
        14518.7      1.69753e+6 
        14576.5      1.68037e+6 
        14589.2      1.67663e+6 
        14613.2      1.66966e+6 
        14645.2      1.66042e+6 
        14709.2      1.64208e+6 
        14773.2      1.62394e+6 
        14837.1        1.606e+6 
        14901.1      1.58824e+6 
        14965.1      1.57069e+6 
        15029.1      1.55333e+6 
        15093.1      1.53616e+6 
        15157.1      1.51919e+6 
          15221      1.50241e+6 
          15285      1.48582e+6 
          15349      1.46942e+6 
          15413      1.45321e+6 
        15471.6      1.43853e+6 
        15482.4      1.43584e+6 
        15493.1      1.43302e+6 
        15514.7      1.42739e+6 
        15557.9      1.41621e+6 
        15644.2      1.39415e+6 
        15730.5      1.37247e+6 
        15816.8      1.35116e+6 
        15903.1      1.33023e+6 
        15989.4      1.30967e+6 
        16075.8      1.28946e+6 
        16162.1       1.2696e+6 
        16248.4      1.25009e+6 
        16289.9      1.24083e+6 
        16334.7      1.23093e+6 
        16379.5      1.22111e+6 
        16469.1      1.19883e+6 
        16558.8      1.17706e+6 
        16648.4      1.15577e+6 
          16738      1.13496e+6 
        16827.7       1.1146e+6 
        16917.3      1.09469e+6 
        17006.9      1.07522e+6 
        17096.6      1.05617e+6 
        17186.2      1.03754e+6 
        17275.8      1.01931e+6 
        17327.7      1.00894e+6 
        17365.5      1.00147e+6 
        17403.2          994063 
        17478.8          979451 
        17554.3          965104 
        17629.9          951014 
        17705.4          937178 
          17781          923587 
        17856.5          910239 
        17932.1          897129 
        18007.6          883906 
        18083.2          871179 
        18158.7          858644 
        18234.3          846276 
        18309.8          834039 
        18343.7          828564 
        18385.3          821850 
          18427          815099 
        18510.2          801191 
        18551.8          793698 
        18593.4          785288 
        18614.2          780400 
          18635          774679 
        18655.8          767523 
        18666.2          763087 
        18676.6          757777 
          18687          751221 
        18697.4          742858 
        18707.8          731642 
        18718.2          715887 
        18728.6          691904 
          18739          649248 
        18749.4          533694 
        18759.9          625026 
        18771.7          680042 
        18781.7          702287 
        18795.1          719560 
        18808.6          729563 
          18822          735481 
        18835.4          738981 
        18848.8          740910 
        18862.2          741834 
        18889.1          741793 
        18915.9          740313 
        18969.6          735378 
        19023.3          729311 
          19077          722808 
        19130.7          716139 
        19184.3          709419 
          19238          702702 
        19291.7          696017 
        19345.4          689382 
        19399.1          682806 
        19450.7          676542 
        19502.3          670340 
        19553.9          664381 
        19605.5          658277 
        19657.1          652245 
        19708.8          646279 
        19760.4          640382 
          19812          634551 
        19863.6          628787 
        19915.2          623085 
        19966.8          617449 
        20018.4          611875 
        20070.1          606362 
        20121.7          600911 
        20173.3          595520 
        20224.9          590189 
        20276.5          584917 
        20328.1          579702 
        20379.8          574547 
        20431.4          569445 
        20474.4          565238 
        20560.4          556932 
        20646.5          548780 
        20732.5          540772 
        20818.6          532908 
        20904.6          525186 
        20990.7          517603 
        21076.7          510154 
        21162.8          502837 
        21248.8          495649 
        21334.8          488587 
        21420.9          481650 
        21506.9          474836 
        21555.3          471054 
          21593          468138 
        21630.6          465245 
        21705.9          459527 
        21781.2          453894 
        21856.5          448346 
        21931.8          442880 
          22007          437498 
        22082.3          432198 
        22157.6          426977 
        22232.9          421831 
        22308.2          416764 
        22383.5          411772 
        22458.8          406855 
          22534          402008 
        22609.3          397236 
        22684.6          392529 
        22732.9          389545 
        22759.9          387896 
        22784.8          386372 
        22800.8          385401 
        22816.8          384434 
        22848.8          382505 
        22912.8          378688 
        22976.8          374915 
        23040.8          371189 
        23104.8          367507 
        23168.7          363872 
        23232.7          360281 
        23296.7          356734 
        23360.7          353231 
        23424.7          349769 
        23488.6          346351 
        23552.6          342974 
        23616.6          339634 
        23680.6          336339 
        23744.6          333081 
        23808.6          329861 
        23872.5          326682 
        23936.5          323540 
        24000.5          320433 
        24064.5          317367 
        24128.5          314335 
        24192.5          311338 
        24256.4          308377 
        24320.4          305452 
        24384.4          302560 
        24448.4          299702 
        24512.4          296878 
        24576.3          294087 
        24640.3          291328 
        24704.3          288601 
        24768.3          285905 
        24832.3          283241 
        24896.3          280607 
        24960.2          278004 
        25004.4          276224 
        25024.2          275431 
          25044          274641 
        25083.6          273070 
        25162.8          269962 
        25241.9          266898 
        25321.1          263877 
        25400.2          260897 
        25479.4          257960 
        25558.5          255064 
        25637.7          252207 
        25716.9          249391 
          25796          246613 
        25875.2          243873 
        25954.3          241171 
        26033.5          238506 
        26112.7          235878 
        26191.8          233285 
          26271          230728 
        26350.1          228205 
        26429.3          225717 
        26508.4          223262 
        26587.6          220840 
        26666.8          218450 
        26745.9          216093 
        26825.1          213767 
        26904.2          211472 
        26983.4          209207 
        27062.6          206973 
        27141.7          204768 
        27220.9          202592 
        27299.2          200468 
        27377.5          198371 
        27455.8          196302 
        27534.2          194260 
        27612.5          192243 
        27690.8          190253 
        27769.1          188288 
        27847.5          186348 
        27925.8          184433 
        28004.1          182542 
        28082.4          180676 
        28160.8          178832 
        28239.1          177012 
        28317.4          175215 
        28395.7          173441 
          28474          171689 
        28552.4          169959 
        28630.7          168250 
          28709          166563 
        28787.3          164897 
        28865.7          163251 
          28944          161626 
        29022.3          160020 
        29100.6          158435 
          29179          156868 
        29257.3          155321 
        29335.6          153793 
        29413.9          152284 
        29492.3          150792 
        29570.6          149319 
        29648.9          147864 
        29727.2          146426 
        29805.5          145006 
        29883.9          143603 
        29932.6          142738 
        29962.2          142216 
        29991.8          141697 
