# Koester WD models
# teff = 6250 K (value for the effective temperature for the model. Temperatures are given in K)
# logg = 7.5 log(cm/s2) (value for Log(G) for the model.)
#
# column 1: WAVELENGTH (ANGSTROM), Wavelength in Angstrom
# column 2: FLUX (ERG/CM2/S/A), Flux in erg/cm2/s/A
         899.23        0.065151 
        909.241       0.0878295 
        919.251        0.122132 
        929.261         0.16546 
        939.271        0.257622 
         949.28        0.270877 
        959.289        0.581352 
        969.297        0.804546 
        979.305         1.13964 
        989.312         1.52791 
        999.319         1.99626 
        1009.33         2.55895 
        1019.33          3.1046 
        1029.34         3.69502 
        1039.34          5.1453 
        1049.35         6.38431 
        1059.36         7.84899 
        1069.36         9.57457 
        1079.36         11.6551 
        1089.37         14.0639 
        1099.37         16.9541 
        1109.38         20.2713 
        1119.38         24.3588 
        1129.38          29.037 
        1139.39          34.276 
        1149.39         39.9369 
        1159.39         45.1884 
        1169.39         49.0871 
         1179.4         50.9017 
         1189.4         56.2556 
         1199.4         64.0967 
         1209.4         68.2656 
        1219.41         77.4013 
        1229.41         106.686 
        1239.41         127.899 
        1249.41         149.561 
        1259.41         174.372 
        1269.41         207.648 
        1279.42         247.209 
        1289.42         288.501 
        1299.42         332.459 
        1309.42          381.87 
        1319.42         434.646 
        1329.42         496.029 
        1339.42         561.198 
        1349.42         633.672 
        1359.42         716.949 
        1369.42         804.581 
        1379.42         900.949 
        1389.42         1009.67 
        1399.42         1129.65 
        1409.42         1256.92 
        1419.42         1396.57 
        1429.42         1549.15 
        1439.42         1713.68 
        1454.42         1997.32 
        1464.42         2208.77 
        1474.42         2427.56 
        1489.42          2769.9 
        1504.42         3164.12 
        1514.42          3488.3 
        1529.42          4029.5 
        1544.42         4582.64 
        1559.42         5079.17 
        1570.19         5462.54 
        1584.41         6043.92 
        1599.41         6750.31 
        1611.91            7503 
        1624.41         8495.87 
        1639.41         10027.3 
        1654.41         11884.1 
        1665.56         13486.1 
        1676.33         15229.5 
         1686.9         17204.4 
         1699.4         20080.1 
         1714.4         23889.8 
         1729.4         28213.2 
         1744.4         32700.8 
        1759.39         36734.3 
         1771.7         40142.6 
        1781.89         43653.7 
        1794.39         48693.4 
        1809.39         54629.5 
           1824         60986.2 
        1834.77           66047 
        1845.54         71335.5 
         1856.3         78182.9 
        1867.07         84959.3 
        1882.44           95478 
        1894.73          104935 
        1907.03          115275 
        1919.18          126501 
        1931.21          138337 
        1943.24          156161 
        1953.39          172087 
        1963.92          185519 
        1977.94          204879 
        1996.63          234135 
        2012.85          262757 
        2025.25          292029 
        2036.42          318212 
        2047.58          341362 
        2062.27          374123 
        2076.56          409755 
        2095.63          463215 
        2113.13          517389 
        2125.62          559540 
        2136.54          608762 
        2147.47          653021 
        2165.47          723726 
        2177.24          772232 
           2189          823446 
        2200.77          877258 
        2212.53          934043 
        2227.67      1.00793e+6 
        2244.98      1.09704e+6 
         2255.8      1.15588e+6 
        2267.17      1.24606e+6 
        2283.45      1.37066e+6 
        2296.47      1.47126e+6 
         2309.5      1.57713e+6 
        2320.41      1.65832e+6 
        2342.24      1.81713e+6 
        2356.79      1.92911e+6 
        2373.49      2.05942e+6 
        2395.75      2.24059e+6 
        2409.27      2.35625e+6 
         2422.8      2.48573e+6 
        2436.32      2.62139e+6 
        2451.59       2.7546e+6 
        2465.39      2.88886e+6 
        2475.96      2.99191e+6 
        2492.99      3.16233e+6 
        2510.01      3.33901e+6 
         2528.9      3.52113e+6 
        2544.07      3.67061e+6 
        2559.23      3.82288e+6 
         2574.4      4.00038e+6 
        2589.56      4.18203e+6 
        2600.94      4.32758e+6 
        2612.31      4.49826e+6 
        2627.48       4.6773e+6 
        2642.64      4.85885e+6 
        2657.67      5.04157e+6 
         2672.7       5.1895e+6 
        2687.73      5.33863e+6 
        2702.75      5.48827e+6 
        2732.81      5.79027e+6 
        2750.87      5.97292e+6 
        2802.71      6.50083e+6 
        2828.63      6.76595e+6 
        2854.55      7.03714e+6 
        2880.47       7.2841e+6 
        2906.39      7.53021e+6 
        2929.68      7.75185e+6 
        2952.98      7.97267e+6 
        2976.28      8.17493e+6 
        2999.58      8.37523e+6 
        3022.88      8.57372e+6 
        3040.93      8.72587e+6 
        3051.42      8.81377e+6 
        3061.91      8.90261e+6 
        3082.89      9.07895e+6 
        3099.84      9.21991e+6 
        3124.85      9.42908e+6 
        3149.86      9.62213e+6 
        3199.88      9.98646e+6 
        3224.09       1.0158e+7 
        3248.29      1.03261e+7 
         3272.5      1.04617e+7 
        3296.71      1.05939e+7 
        3320.92      1.07226e+7 
        3343.52      1.08397e+7 
        3356.36       1.0904e+7 
        3369.19      1.09669e+7 
        3394.87      1.10899e+7 
        3445.17      1.13199e+7 
        3495.47      1.15253e+7 
         3543.6      1.17002e+7 
        3591.28      1.18567e+7 
        3635.88      1.19903e+7 
        3647.12      1.20218e+7 
        3658.96      1.20548e+7 
        3671.11      1.20875e+7 
        3682.58      1.21177e+7 
         3693.5      1.21458e+7 
        3703.57        1.217e+7 
        3713.83      1.21963e+7 
        3724.38      1.22211e+7 
        3734.43      1.22219e+7 
        3744.62      1.22663e+7 
        3754.84      1.22896e+7 
        3765.07      1.23118e+7 
         3775.5       1.2338e+7 
        3786.22      1.23692e+7 
        3796.45      1.22947e+7 
        3807.84      1.24312e+7 
        3818.92      1.24656e+7 
        3830.45      1.24186e+7 
        3840.76      1.24576e+7 
        3851.98      1.25622e+7 
        3862.01      1.25927e+7 
        3872.59      1.26049e+7 
        3883.67       1.2468e+7 
        3893.69      1.24389e+7 
        3903.89      1.26698e+7 
        3918.89      1.27255e+7 
        3929.56      1.27469e+7 
        3940.04      1.27609e+7 
        3950.65      1.27586e+7 
        3962.28      1.26191e+7 
        3972.48      1.18605e+7 
        3984.18      1.27743e+7 
        3996.36      1.28389e+7 
        4008.87      1.28637e+7 
        4023.86       1.2883e+7 
         4035.9      1.28951e+7 
        4048.86      1.29053e+7 
        4063.85      1.29114e+7 
        4075.42      1.29044e+7 
         4085.7      1.28603e+7 
        4096.18      1.24294e+7 
        4106.24       1.2243e+7 
        4116.69      1.28659e+7 
        4128.84      1.29392e+7 
        4143.83      1.29632e+7 
        4158.83      1.29741e+7 
        4173.82       1.2981e+7 
        4188.82      1.29858e+7 
        4203.81       1.2989e+7 
        4216.52      1.29908e+7 
        4228.81      1.29917e+7 
        4243.81      1.29916e+7 
         4258.8        1.299e+7 
         4273.8      1.29865e+7 
        4288.79      1.29793e+7 
        4303.79      1.29634e+7 
        4314.07      1.29365e+7 
        4326.14      1.28181e+7 
        4336.17      1.18512e+7 
        4346.28      1.22245e+7 
        4357.43      1.28532e+7 
        4367.98      1.29231e+7 
        4378.77      1.29409e+7 
        4393.77      1.29453e+7 
        4408.76      1.29418e+7 
        4423.76      1.29349e+7 
        4438.75      1.29265e+7 
        4453.75      1.29169e+7 
        4468.74      1.29065e+7 
        4483.74      1.28954e+7 
        4498.74      1.29032e+7 
        4513.73      1.28909e+7 
        4527.19      1.28793e+7 
        4538.73      1.28689e+7 
        4553.72      1.28549e+7 
        4568.72      1.28403e+7 
        4583.72      1.28251e+7 
        4596.53      1.28117e+7 
        4608.71      1.27984e+7 
         4623.7      1.27815e+7 
         4638.7      1.27641e+7 
         4653.7      1.27462e+7 
        4668.69      1.27278e+7 
        4683.69      1.27088e+7 
        4698.68      1.26893e+7 
        4713.68      1.26692e+7 
        4724.83      1.26539e+7 
        4738.67      1.26343e+7 
        4753.67      1.26122e+7 
        4768.67       1.2589e+7 
        4783.66       1.2564e+7 
        4798.66      1.25355e+7 
        4813.65      1.24995e+7 
        4828.65      1.24404e+7 
        4839.16      1.23475e+7 
        4849.39      1.20382e+7 
        4859.48      8.87129e+6 
        4870.14      1.17444e+7 
        4880.32      1.22387e+7 
        4893.63      1.23411e+7 
        4908.63      1.23542e+7 
         4921.7      1.23457e+7 
        4933.62      1.23323e+7 
        4948.62      1.23119e+7 
        4963.61      1.22894e+7 
        4978.61      1.22658e+7 
        4993.61      1.22413e+7 
         5008.6      1.22161e+7 
         5023.6      1.21904e+7 
        5038.59      1.21643e+7 
        5053.59       1.2138e+7 
        5068.59      1.21112e+7 
        5083.58      1.20843e+7 
        5098.58       1.2057e+7 
        5113.57      1.20294e+7 
        5128.57      1.20017e+7 
        5143.57      1.19737e+7 
        5158.56      1.19455e+7 
        5173.56      1.19172e+7 
        5188.55      1.18886e+7 
        5203.55      1.18598e+7 
        5218.55      1.18309e+7 
        5233.54      1.18017e+7 
        5248.54      1.17725e+7 
        5263.53       1.1743e+7 
        5278.53      1.17135e+7 
        5293.52      1.16839e+7 
        5308.52      1.16542e+7 
        5323.52      1.16243e+7 
        5338.51      1.15943e+7 
        5353.51      1.15641e+7 
        5368.51       1.1534e+7 
         5383.5      1.15034e+7 
         5398.5      1.14728e+7 
        5413.49      1.14419e+7 
        5428.49       1.1411e+7 
        5443.48        1.138e+7 
        5458.48      1.13489e+7 
        5473.48      1.13177e+7 
        5488.47      1.12865e+7 
        5503.47      1.12552e+7 
        5518.47      1.12238e+7 
        5533.46      1.11923e+7 
        5548.46      1.11608e+7 
        5563.45      1.11291e+7 
        5578.45      1.10974e+7 
        5593.44      1.10657e+7 
        5608.44      1.10338e+7 
        5623.44      1.10019e+7 
        5638.43        1.097e+7 
        5653.43       1.0938e+7 
        5668.43      1.09061e+7 
        5682.86      1.08752e+7 
        5693.42      1.08526e+7 
        5704.77      1.08282e+7 
        5715.23      1.08057e+7 
        5728.41      1.07774e+7 
         5743.4      1.07451e+7 
         5758.4      1.07128e+7 
         5773.4      1.06797e+7 
        5788.39      1.06473e+7 
        5803.39      1.06148e+7 
        5818.39      1.05824e+7 
        5833.38      1.05499e+7 
        5848.38      1.05174e+7 
        5863.37      1.04849e+7 
        5878.37      1.04524e+7 
        5893.36      1.04198e+7 
        5908.36      1.03873e+7 
        5923.36      1.03548e+7 
        5938.35      1.03222e+7 
        5953.35      1.02897e+7 
        5968.34      1.02571e+7 
        5983.34      1.02245e+7 
        5998.34       1.0192e+7 
        6013.33      1.01593e+7 
        6028.33      1.01267e+7 
        6043.32      1.00941e+7 
        6058.32      1.00615e+7 
        6073.32      1.00288e+7 
        6088.31      9.99627e+6 
        6103.31      9.96366e+6 
         6118.3      9.93108e+6 
         6133.3      9.89853e+6 
         6148.3      9.86598e+6 
        6163.29      9.83344e+6 
        6178.29      9.80089e+6 
        6193.28      9.76837e+6 
        6208.28      9.73586e+6 
        6223.28      9.70334e+6 
        6238.27      9.67083e+6 
        6252.16      9.64073e+6 
        6262.16      9.61902e+6 
        6273.26      9.59493e+6 
        6284.63      9.57027e+6 
        6295.99      9.54557e+6 
        6306.09      9.52361e+6 
        6316.22      9.50153e+6 
        6328.25      9.47529e+6 
        6343.24      9.44247e+6 
        6358.24      9.40954e+6 
        6373.23      9.37637e+6 
        6388.23      9.34291e+6 
        6403.23      9.30904e+6 
        6418.22      9.27455e+6 
        6433.22      9.23914e+6 
        6448.22      9.20226e+6 
        6463.21      9.16302e+6 
        6478.21      9.11957e+6 
         6493.2      9.06821e+6 
         6508.2          9.0e+6 
        6523.19      8.88976e+6 
         6536.1      8.69605e+6 
        6546.46      8.31768e+6 
        6556.84      7.04631e+6 
        6566.99      6.51453e+6 
         6577.3      8.15177e+6 
        6587.91      8.56285e+6 
        6598.17      8.70297e+6 
         6608.5      8.75936e+6 
        6623.98      8.78399e+6 
         6634.3      8.78295e+6 
        6644.62      8.77507e+6 
        6665.26      8.74861e+6 
        6701.62      8.68719e+6 
        6721.34      8.65072e+6 
         6736.2      8.62257e+6 
        6780.49      8.53687e+6 
        6824.78      8.44994e+6 
        6913.35       8.2769e+6 
        7001.93      8.10496e+6 
        7071.86      7.97047e+6 
         7090.5      7.93481e+6 
        7109.15      7.89928e+6 
        7146.44      7.82923e+6 
        7221.02       7.6903e+6 
         7295.6      7.55302e+6 
        7346.84      7.45971e+6 
        7370.18      7.41783e+6 
        7393.51      7.37574e+6 
        7440.19      7.29302e+6 
        7533.55      7.12969e+6 
        7575.92      7.05649e+6 
         7626.9      6.96918e+6 
        7677.88      6.88276e+6 
        7728.86      6.79809e+6 
        7779.84      6.71427e+6 
        7830.82      6.63131e+6 
         7881.8      6.54922e+6 
        7903.32      6.51481e+6 
        7932.78      6.46797e+6 
        7962.25      6.42142e+6 
        8021.18      6.32981e+6 
        8077.68      6.24307e+6 
        8097.18      6.21347e+6 
        8108.49      6.19635e+6 
        8155.67      6.12548e+6 
        8200.85      6.05831e+6 
        8216.85      6.03478e+6 
        8232.84      6.01134e+6 
        8264.83      5.96475e+6 
        8289.72      5.92872e+6 
        8328.82      5.87252e+6 
        8343.44      5.85162e+6 
        8367.92      5.81682e+6 
        8388.68       5.7876e+6 
        8408.65      5.75961e+6 
        8432.02      5.72703e+6 
        8467.25      5.67821e+6 
        8502.48       5.6298e+6 
        8516.58       5.6106e+6 
        8530.98      5.59097e+6 
        8545.38      5.57149e+6 
        8574.18      5.53304e+6 
        8598.39      5.50058e+6 
         8628.6      5.46084e+6 
        8646.81      5.43687e+6 
        8665.01      5.41259e+6 
        8685.59      5.38617e+6 
        8701.43      5.36559e+6 
        8750.47      5.30147e+6 
        8767.92      5.28001e+6 
        8815.35      5.21976e+6 
        8862.78      5.15884e+6 
        8900.38      5.11464e+6 
        8957.65      5.04499e+6 
        9014.91      4.97097e+6 
        9044.62      4.94081e+6 
        9072.17      4.90852e+6 
        9099.72      4.87625e+6 
        9154.81      4.81292e+6 
         9190.8       4.7717e+6 
         9209.9      4.74908e+6 
        9229.01      4.71575e+6 
        9248.11      4.70623e+6 
        9267.22        4.686e+6 
        9305.43      4.64409e+6 
        9379.63      4.56319e+6 
        9397.45      4.54409e+6 
        9415.28      4.52512e+6 
        9450.94      4.48733e+6 
        9498.52      4.43693e+6 
        9510.38      4.42409e+6 
        9522.24      4.41054e+6 
         9534.1      4.39415e+6 
        9544.48      4.36615e+6 
        9554.86      4.37027e+6 
        9565.24      4.36527e+6 
        9580.06      4.35221e+6 
        9591.92      4.34071e+6 
        9615.64      4.31708e+6 
        9657.72      4.27492e+6 
        9668.45      4.26418e+6 
        9679.18      4.25359e+6 
        9700.64      4.23251e+6 
        9743.57      4.19057e+6 
        9829.42      4.10798e+6 
        9877.71      4.06224e+6 
        9915.26      4.02696e+6 
        9952.82       3.9919e+6 
        10006.5      3.94169e+6 
        10017.2      3.93082e+6 
        10027.9      3.91832e+6 
        10038.6      3.89912e+6 
        10048.7      3.84434e+6 
        10058.7      3.87855e+6 
        10069.5      3.88046e+6 
        10085.5      3.87025e+6 
          10107      3.85272e+6 
        10149.8      3.81581e+6 
        10233.9      3.74333e+6 
          10247      3.73237e+6 
        10260.1      3.72153e+6 
        10286.3      3.69992e+6 
        10338.7      3.65703e+6 
        10391.1      3.61469e+6 
        10443.5      3.57281e+6 
        10495.9      3.53143e+6 
        10548.3      3.49056e+6 
        10600.7      3.45019e+6 
        10653.1      3.41029e+6 
        10705.5      3.37087e+6 
        10757.9      3.33188e+6 
        10810.3      3.29321e+6 
        10862.7      3.25447e+6 
        10892.1      3.23138e+6 
        10903.6      3.22095e+6 
        10915.1      3.20738e+6 
        10926.6      3.18058e+6 
        10936.6      3.08934e+6 
        10947.6      3.15827e+6 
        10960.4      3.17449e+6 
        10973.2      3.17172e+6 
          10986      3.16512e+6 
        11011.6      3.14904e+6 
        11062.8      3.11455e+6 
          11114      3.07985e+6 
        11165.2      3.04544e+6 
        11216.4      3.01141e+6 
        11260.9      2.98211e+6 
          11350       2.9269e+6 
        11439.1      2.87278e+6 
        11528.2      2.81969e+6 
        11617.3      2.76763e+6 
        11706.4      2.71661e+6 
        11795.5      2.66659e+6 
        11884.6      2.61757e+6 
        11973.7      2.56952e+6 
        12062.8      2.52239e+6 
        12151.9      2.47623e+6 
        12197.3      2.45304e+6 
          12241      2.43099e+6 
        12284.6      2.40916e+6 
        12371.9      2.36823e+6 
        12459.2      2.32801e+6 
        12546.5      2.28845e+6 
        12633.8      2.24937e+6 
        12677.4       2.2298e+6 
        12699.3      2.21986e+6 
        12721.1      2.20964e+6 
        12742.9      2.19871e+6 
        12753.8      2.19267e+6 
        12764.7      2.18581e+6 
        12775.6      2.17733e+6 
        12786.6      2.16534e+6 
        12797.5      2.14388e+6 
        12808.4      2.08817e+6 
        12818.4      1.89415e+6 
        12831.2       2.1017e+6 
        12843.2      2.13257e+6 
        12855.2      2.14008e+6 
        12873.2      2.14001e+6 
        12897.2      2.13368e+6 
        12921.2      2.12522e+6 
        12969.2      2.10663e+6 
        13065.1      2.06834e+6 
        13161.1      2.03037e+6 
        13205.9       2.0129e+6 
        13257.1      1.99309e+6 
        13308.4      1.97347e+6 
        13359.6      1.95513e+6 
        13410.8      1.93696e+6 
        13462.1      1.91895e+6 
        13513.3      1.90113e+6 
        13564.6      1.88346e+6 
        13615.8      1.86597e+6 
          13667      1.84868e+6 
        13718.3      1.83152e+6 
        13769.5      1.81453e+6 
        13820.8      1.79771e+6 
          13872      1.78105e+6 
        13923.3      1.76456e+6 
        13974.5      1.74824e+6 
        14025.7      1.73207e+6 
          14077      1.71607e+6 
        14128.2      1.70022e+6 
        14179.5      1.68453e+6 
        14230.7        1.669e+6 
          14282      1.65362e+6 
        14332.1      1.63873e+6 
        14382.2      1.62441e+6 
          14407      1.61738e+6 
        14432.3      1.61022e+6 
        14457.6       1.6031e+6 
        14508.3      1.58902e+6 
        14534.8      1.58173e+6 
          14559      1.57508e+6 
        14581.2      1.56902e+6 
        14597.2      1.56471e+6 
        14613.2      1.56044e+6 
        14645.2      1.55192e+6 
        14709.2      1.53503e+6 
        14773.2      1.51833e+6 
        14837.1       1.5018e+6 
        14901.1      1.48546e+6 
        14965.1      1.46931e+6 
        15029.1      1.45334e+6 
        15093.1      1.43754e+6 
        15157.1      1.42187e+6 
          15221       1.4064e+6 
          15285      1.39112e+6 
          15349      1.37602e+6 
          15413      1.36112e+6 
        15471.6      1.34764e+6 
        15482.4      1.34518e+6 
        15493.1      1.34259e+6 
        15514.7       1.3375e+6 
        15557.9      1.32737e+6 
        15644.2      1.30736e+6 
        15730.5      1.28768e+6 
        15816.8      1.26831e+6 
        15903.1      1.24925e+6 
        15989.4      1.23051e+6 
        16075.8      1.21207e+6 
        16162.1      1.19393e+6 
        16248.4      1.17609e+6 
        16289.9      1.16761e+6 
        16334.7      1.15854e+6 
        16379.5      1.14954e+6 
        16469.1      1.12875e+6 
        16558.8      1.10841e+6 
        16648.4      1.08852e+6 
          16738      1.06907e+6 
        16827.7      1.05005e+6 
        16917.3      1.03144e+6 
        17006.9      1.01323e+6 
        17096.6          995417 
        17186.2          977987 
        17275.8          960932 
        17327.7          951230 
        17365.5          944240 
        17403.2          937316 
        17478.8          923644 
        17554.3          910214 
        17629.9          897028 
        17705.4          884072 
          17781          871349 
        17856.5          858852 
        17932.1          846571 
        18007.6          834171 
        18083.2          822249 
        18158.7          810503 
        18234.3          798916 
        18309.8          787450 
        18343.7          782319 
        18385.3          776033 
          18427          769715 
        18510.2          756734 
        18551.8          749782 
        18593.4          742016 
        18614.2          737536 
          18635          732315 
        18655.8          725840 
        18666.2          721847 
        18676.6          717072 
          18687          711213 
        18697.4          703745 
        18707.8          693824 
        18718.2          679922 
        18728.6          659282 
          18739          623647 
        18749.4          534853 
          18761          609701 
          18771          647818 
        18781.1          667793 
        18794.5          682985 
        18807.9          691527 
        18821.4          696510 
        18834.8          699400 
        18848.2          700958 
        18861.6          701640 
          18875          701725 
        18901.9          700739 
        18928.7          698844 
        18955.6          696447 
        19009.2          690871 
        19062.9          684814 
        19116.6          678571 
        19170.3          672266 
          19224          665955 
        19277.6          659672 
        19331.3          653432 
          19385          647243 
        19426.7          642478 
        19438.7          641114 
        19450.7          639754 
        19474.6          637043 
        19522.6          631658 
        19618.4          621193 
        19714.3          610754 
        19810.2          600528 
        19906.1          590516 
        20001.9          580705 
        20097.8          571098 
        20193.7          561685 
        20289.5          552462 
        20385.4          543426 
        20474.4          535202 
        20563.4          527131 
        20652.4          519208 
        20741.3          511439 
        20830.3          503820 
        20919.3          496343 
        21008.3          489005 
        21097.3          481798 
        21186.2          474723 
        21275.2          467777 
        21364.2          460956 
        21453.2          454259 
        21542.2          447680 
        21630.6          441259 
        21719.1          434950 
        21807.5          428752 
          21896          422664 
        21984.4          416685 
        22072.9          410807 
        22161.3          405033 
        22249.8          399359 
        22338.2          393786 
        22426.7          388307 
        22515.1          382922 
        22603.6          377629 
        22692.1          372426 
        22774.2          367676 
        22784.8          367064 
        22800.8          366149 
        22816.8          365238 
        22848.8          363423 
        22912.8          359825 
        22976.8          356272 
        23040.8          352763 
        23104.8          349298 
        23168.7          345874 
        23232.7          342490 
        23296.7          339147 
        23360.7          335846 
        23424.7          332585 
        23488.6          329361 
        23552.6          326179 
        23616.6          323031 
        23680.6          319921 
        23744.6          316848 
        23808.6          313812 
        23872.5          310812 
        23936.5          307847 
        24000.5          304917 
        24064.5          302022 
        24128.5          299160 
        24192.5          296333 
        24256.4          293538 
        24320.4          290776 
        24384.4          288046 
        24448.4          285347 
        24512.4          282681 
        24576.3          280044 
        24640.3          277439 
        24704.3          274863 
        24768.3          272317 
        24832.3          269800 
        24896.3          267312 
        24960.2          264852 
        25004.4          263169 
        25024.2          262420 
          25044          261674 
        25083.6          260189 
        25162.8          257252 
        25241.9          254355 
        25321.1          251498 
        25400.2          248682 
        25479.4          245904 
        25558.5          243165 
        25637.7          240463 
        25716.9          237799 
          25796          235171 
        25875.2          232579 
        25954.3          230022 
        26033.5          227501 
        26112.7          225013 
        26191.8          222559 
          26271          220138 
        26350.1          217750 
        26429.3          215393 
        26508.4          213068 
        26587.6          210775 
        26666.8          208512 
        26745.9          206279 
        26825.1          204075 
        26904.2          201901 
        26983.4          199755 
        27062.6          197638 
        27141.7          195548 
        27220.9          193486 
        27299.2          191472 
        27377.5          189484 
        27455.8          187521 
        27534.2          185584 
        27612.5          183672 
        27690.8          181784 
        27769.1          179920 
        27847.5          178079 
        27925.8          176262 
        28004.1          174468 
        28082.4          172697 
        28160.8          170948 
        28239.1          169220 
        28317.4          167515 
        28395.7          165831 
          28474          164167 
        28552.4          162525 
        28630.7          160902 
          28709          159300 
        28787.3          157718 
        28865.7          156155 
          28944          154611 
        29022.3          153086 
        29100.6          151580 
          29179          150092 
        29257.3          148622 
        29335.6          147170 
        29413.9          145736 
        29492.3          144319 
        29570.6          142919 
        29648.9          141536 
        29727.2          140169 
        29805.5          138819 
        29883.9          137485 
        29932.6          136663 
        29962.2          136167 
        29991.8          135673 
