# Koester WD models
# teff = 6750 K (value for the effective temperature for the model. Temperatures are given in K)
# logg = 8.25 log(cm/s2) (value for Log(G) for the model.)
#
# column 1: WAVELENGTH (ANGSTROM), Wavelength in Angstrom
# column 2: FLUX (ERG/CM2/S/A), Flux in erg/cm2/s/A
         899.23        0.452047 
        909.241        0.596566 
        919.251        0.820383 
        929.261         1.12066 
        939.271         1.80924 
         949.28         1.69797 
        959.289         4.17935 
        969.297          5.5953 
        979.305         8.13896 
        989.312         10.9553 
        999.319         14.2095 
        1009.33         17.9089 
        1019.33         20.2244 
        1029.34         22.9713 
        1039.34         34.3461 
        1049.35         42.2598 
        1059.36         51.1046 
        1069.36         61.3707 
        1079.36         73.4504 
        1089.37         87.1113 
        1099.37         103.235 
        1109.38         121.211 
        1119.38         143.446 
        1129.38         168.197 
        1139.39         194.704 
        1149.39         221.719 
        1159.39         243.479 
        1169.39         255.306 
         1179.4         255.319 
         1189.4         275.142 
         1199.4         307.427 
         1209.4         316.443 
        1219.41         351.362 
        1229.41         497.314 
        1239.41         593.522 
        1249.41         686.875 
        1259.41         794.235 
        1269.41          940.48 
        1279.42         1114.98 
        1289.42         1290.65 
        1299.42         1476.45 
        1309.42          1679.7 
        1319.42         1891.84 
        1329.42         2140.62 
        1339.42         2396.84 
        1349.42         2678.03 
        1359.42         3001.78 
        1369.42         3337.38 
        1379.42         3694.92 
        1389.42         4097.96 
        1399.42          4551.6 
        1409.42         5019.67 
        1419.42         5507.05 
        1429.42         6035.94 
        1439.42         6624.21 
        1454.42         7649.21 
        1464.42         8370.84 
        1474.42         9072.76 
        1489.42         10192.9 
        1501.92         11256.8 
        1514.42         12639.6 
        1529.42         14419.5 
        1544.42           16156 
        1559.42         17532.2 
        1570.19           18665 
        1584.41         20358.7 
        1599.41         22457.2 
        1611.91         24780.6 
        1624.41         27958.3 
        1639.41         33005.9 
        1654.41         39295.4 
        1665.56         44815.8 
        1676.33         50774.7 
         1686.9         57611.2 
         1699.4         67916.8 
         1714.4         81987.7 
         1729.4         98357.9 
         1744.4          115333 
        1759.39          130053 
         1771.7          142039 
        1781.89          154326 
        1794.39          172866 
        1809.39          193840 
           1824          216069 
        1834.77          233758 
        1845.54          252185 
         1856.3          277263 
        1867.07          301262 
        1881.59          334749 
        1893.79          366281 
           1906          400971 
        1917.04          435217 
        1928.66          471453 
        1938.68          525265 
         1948.7          562028 
        1967.15          651821 
        1978.63          701829 
        1990.11          755116 
        2001.59          812007 
        2013.07          872464 
        2024.93          954956 
        2035.61      1.02993e+6 
        2052.21      1.13008e+6 
        2067.03      1.22544e+6 
        2081.85      1.33045e+6 
        2096.67      1.44257e+6 
        2106.72      1.52291e+6 
        2121.02      1.64372e+6 
        2132.93      1.76429e+6 
        2144.85      1.89924e+6 
        2159.14      2.03507e+6 
        2178.14      2.22201e+6 
         2190.8      2.35203e+6 
        2203.46      2.48726e+6 
         2214.7      2.61198e+6 
        2237.16      2.85611e+6 
        2250.54      3.00764e+6 
        2260.57      3.13238e+6 
         2270.6      3.32594e+6 
        2281.57      3.48943e+6 
        2297.35      3.73407e+6 
        2309.19      3.92756e+6 
        2321.03      4.10594e+6 
         2336.8      4.33804e+6 
        2352.59      4.58324e+6 
         2368.2      4.83293e+6 
        2381.89      5.05624e+6 
        2395.58      5.28655e+6 
        2409.22      5.52634e+6 
        2422.02      5.77085e+6 
        2432.64      6.00132e+6 
        2444.42      6.21181e+6 
        2456.19      6.42437e+6 
        2474.59      6.79272e+6 
        2492.99      7.15746e+6 
        2510.01      7.50197e+6 
        2527.04      7.81883e+6 
        2544.07      8.13767e+6 
        2559.23      8.42264e+6 
         2574.4      8.74415e+6 
        2589.56      9.06792e+6 
        2604.73      9.42556e+6 
        2619.89      9.76737e+6 
        2635.06       1.0079e+7 
        2650.22      1.03911e+7 
        2665.11      1.06686e+7 
        2678.36      1.08888e+7 
        2717.23      1.15239e+7 
        2756.11      1.21432e+7 
        2794.99      1.27425e+7 
        2813.18      1.30163e+7 
        2833.86      1.33255e+7 
        2854.55      1.36315e+7 
        2895.92      1.41876e+7 
        2921.59      1.45216e+7 
        2937.29      1.47216e+7 
        2952.98      1.49185e+7 
        2980.12      1.52229e+7 
        3015.77      1.56077e+7 
        3051.42      1.59769e+7 
        3095.58      1.64187e+7 
        3122.72      1.66806e+7 
        3149.86      1.69239e+7 
        3159.97       1.7009e+7 
        3204.13      1.73667e+7 
        3226.21       1.7537e+7 
        3248.29      1.77015e+7 
        3270.37      1.78265e+7 
        3292.45      1.79462e+7 
        3314.53      1.80605e+7 
         3326.5      1.81204e+7 
        3336.62      1.81698e+7 
        3346.73      1.82182e+7 
        3366.96      1.83093e+7 
        3407.42      1.84795e+7 
        3445.17      1.86241e+7 
        3497.73      1.87929e+7 
        3520.67      1.88569e+7 
         3543.6      1.89164e+7 
        3587.66      1.90145e+7 
        3602.15      1.90425e+7 
        3616.63      1.90691e+7 
        3635.88      1.91021e+7 
        3647.12       1.9119e+7 
        3658.96      1.91369e+7 
        3671.11      1.91537e+7 
        3682.58      1.91685e+7 
         3693.5       1.9182e+7 
        3703.57      1.91921e+7 
        3713.83      1.92043e+7 
        3724.38      1.92141e+7 
        3734.43      1.92028e+7 
        3744.62      1.92294e+7 
        3754.84      1.92364e+7 
        3765.07      1.92425e+7 
         3775.5      1.92501e+7 
        3786.22      1.92598e+7 
        3796.45      1.92079e+7 
        3807.84       1.9285e+7 
        3818.92      1.92988e+7 
        3830.45      1.92334e+7 
        3840.76      1.92593e+7 
        3851.98      1.93609e+7 
        3862.01      1.93839e+7 
        3872.59      1.93669e+7 
         3884.4      1.90637e+7 
        3894.99      1.91515e+7 
        3906.47      1.94244e+7 
        3918.01      1.94829e+7 
        3928.33      1.94996e+7 
        3938.55      1.94967e+7 
        3948.88      1.94532e+7 
        3960.58      1.91696e+7 
        3970.61      1.64733e+7 
        3981.22      1.92225e+7 
        3991.65      1.94689e+7 
         4002.2        1.953e+7 
        4012.21      1.95478e+7 
        4022.24      1.95526e+7 
        4032.31      1.95514e+7 
        4042.64       1.9545e+7 
        4053.86      1.95305e+7 
        4068.85      1.94839e+7 
        4082.28      1.93401e+7 
        4092.84      1.87768e+7 
        4102.85      1.50402e+7 
        4113.31      1.89544e+7 
        4123.84      1.93363e+7 
        4134.22      1.94215e+7 
        4148.83      1.94463e+7 
        4163.83      1.94411e+7 
        4178.82      1.94259e+7 
        4193.82      1.94063e+7 
        4208.81      1.93837e+7 
         4221.1      1.93635e+7 
        4233.81      1.93408e+7 
         4248.8      1.93115e+7 
         4263.8      1.92782e+7 
         4278.8      1.92384e+7 
        4293.79      1.91832e+7 
        4308.79       1.9082e+7 
        4320.85      1.88593e+7 
        4331.09      1.80668e+7 
        4341.15       1.1633e+7 
        4351.76      1.82346e+7 
        4363.77      1.88481e+7 
        4378.77      1.89693e+7 
        4393.77      1.89783e+7 
        4408.76      1.89594e+7 
        4423.76      1.89303e+7 
        4438.75      1.88965e+7 
        4453.75      1.88601e+7 
        4468.74      1.88222e+7 
        4483.74      1.87831e+7 
        4498.74      1.87505e+7 
        4513.73      1.87105e+7 
        4527.19      1.86739e+7 
        4538.73       1.8642e+7 
        4553.72      1.85999e+7 
        4568.72      1.85572e+7 
        4583.72      1.85138e+7 
        4596.53      1.84761e+7 
        4608.71      1.84398e+7 
         4623.7      1.83944e+7 
         4638.7      1.83484e+7 
         4653.7      1.83019e+7 
        4668.69      1.82547e+7 
        4683.69      1.82069e+7 
        4698.68      1.81582e+7 
        4713.68      1.81086e+7 
        4724.83       1.8071e+7 
        4738.67      1.80233e+7 
        4753.67      1.79697e+7 
        4768.67      1.79131e+7 
        4783.66      1.78513e+7 
        4798.66      1.77791e+7 
        4813.65      1.76823e+7 
        4828.65      1.75121e+7 
        4839.16      1.72388e+7 
        4850.22      1.62931e+7 
        4860.28      9.73413e+6 
        4870.86      1.58954e+7 
        4882.91      1.70673e+7 
        4893.63      1.72926e+7 
        4908.63      1.73656e+7 
         4921.7      1.73638e+7 
        4933.62      1.73435e+7 
        4948.62      1.73065e+7 
        4963.61      1.72633e+7 
        4978.61      1.72167e+7 
        4993.61       1.7168e+7 
         5008.6       1.7118e+7 
         5023.6      1.70671e+7 
        5038.59      1.70155e+7 
        5053.59      1.69635e+7 
        5068.59      1.69111e+7 
        5083.58      1.68584e+7 
        5098.58      1.68055e+7 
        5113.57      1.67523e+7 
        5128.57      1.66989e+7 
        5143.57      1.66454e+7 
        5158.56      1.65917e+7 
        5173.56      1.65379e+7 
        5188.55       1.6484e+7 
        5203.55        1.643e+7 
        5218.55      1.63759e+7 
        5233.54      1.63217e+7 
        5248.54      1.62675e+7 
        5263.53      1.62132e+7 
        5278.53      1.61589e+7 
        5293.52      1.61046e+7 
        5308.52      1.60503e+7 
        5323.52       1.5996e+7 
        5338.51      1.59416e+7 
        5353.51      1.58872e+7 
        5368.51      1.58333e+7 
         5383.5      1.57787e+7 
         5398.5       1.5724e+7 
        5413.49      1.56694e+7 
        5428.49      1.56147e+7 
        5443.48      1.55601e+7 
        5458.48      1.55055e+7 
        5473.48      1.54509e+7 
        5488.47      1.53964e+7 
        5503.47      1.53419e+7 
        5518.47      1.52875e+7 
        5533.46       1.5233e+7 
        5548.46      1.51786e+7 
        5563.45      1.51243e+7 
        5578.45        1.507e+7 
        5593.44      1.50157e+7 
        5608.44      1.49615e+7 
        5623.44      1.49074e+7 
        5638.43      1.48532e+7 
        5653.43      1.47992e+7 
        5668.43      1.47467e+7 
        5682.86      1.46948e+7 
        5693.42      1.46568e+7 
        5704.77      1.46161e+7 
        5715.23      1.45785e+7 
        5728.41      1.45313e+7 
         5743.4      1.44776e+7 
         5758.4       1.4424e+7 
         5773.4      1.43681e+7 
        5788.39      1.43146e+7 
        5803.39      1.42612e+7 
        5818.39      1.42079e+7 
        5833.38      1.41546e+7 
        5848.38      1.41015e+7 
        5863.37      1.40484e+7 
        5878.37      1.39955e+7 
        5893.36      1.39426e+7 
        5908.36      1.38899e+7 
        5923.36      1.38372e+7 
        5938.35      1.37846e+7 
        5953.35      1.37322e+7 
        5968.34      1.36798e+7 
        5983.34      1.36275e+7 
        5998.34      1.35754e+7 
        6013.33      1.35232e+7 
        6028.33      1.34712e+7 
        6043.32      1.34193e+7 
        6058.32      1.33675e+7 
        6073.32      1.33158e+7 
        6088.31      1.32642e+7 
        6103.31      1.32127e+7 
         6118.3      1.31613e+7 
         6133.3        1.311e+7 
         6148.3      1.30587e+7 
        6163.29      1.30076e+7 
        6178.29      1.29565e+7 
        6193.28      1.29056e+7 
        6208.28      1.28546e+7 
        6223.28      1.28037e+7 
        6238.27      1.27529e+7 
        6252.16      1.27059e+7 
        6262.16       1.2672e+7 
        6273.26      1.26344e+7 
        6284.63      1.25958e+7 
        6295.99      1.25572e+7 
        6306.09      1.25229e+7 
        6316.22      1.24883e+7 
        6328.25      1.24472e+7 
        6343.24      1.23956e+7 
        6358.24      1.23437e+7 
        6373.23      1.22911e+7 
        6388.23      1.22377e+7 
        6403.23       1.2183e+7 
        6418.22      1.21265e+7 
        6433.22      1.20674e+7 
        6448.22       1.2004e+7 
        6463.21      1.19338e+7 
        6478.21       1.1852e+7 
         6493.2      1.17489e+7 
         6508.2       1.1603e+7 
        6523.19      1.13585e+7 
        6537.09      1.08965e+7 
        6548.06        1.005e+7 
        6558.19      7.86004e+6 
        6568.58      8.26248e+6 
        6579.13      1.01455e+7 
        6590.04      1.08173e+7 
        6603.34      1.11423e+7 
        6613.66      1.12527e+7 
        6623.98       1.1307e+7 
         6634.3      1.13307e+7 
        6644.62      1.13366e+7 
        6660.33      1.13258e+7 
         6685.9       1.1282e+7 
        6711.48      1.12231e+7 
        6762.62      1.10881e+7 
        6802.75      1.09761e+7 
        6813.77       1.0945e+7 
        6824.78      1.09138e+7 
        6846.81      1.08516e+7 
        6890.86       1.0727e+7 
        6978.98       1.0479e+7 
        7025.03      1.03506e+7 
        7067.09      1.02344e+7 
        7109.15      1.01191e+7 
        7193.26       9.8935e+6 
        7277.38      9.67212e+6 
        7329.48      9.53709e+6 
         7361.5      9.45497e+6 
        7393.51      9.37436e+6 
        7457.55      9.21451e+6 
        7521.58      9.05712e+6 
        7585.61      8.90224e+6 
        7621.41      8.81672e+6 
        7649.65      8.74981e+6 
        7677.88      8.68336e+6 
        7734.35      8.55308e+6 
        7790.83      8.42465e+6 
         7847.3      8.29805e+6 
        7903.77      8.17329e+6 
        7958.24       8.0547e+6 
        7974.27      8.02027e+6 
         7990.3      7.98602e+6 
        8022.35      7.91801e+6 
        8082.55      7.79181e+6 
        8142.75        7.668e+6 
        8200.85      7.55038e+6 
        8216.85      7.51843e+6 
        8232.84      7.48664e+6 
        8264.83      7.42349e+6 
        8289.72       7.3747e+6 
        8328.82      7.29874e+6 
        8343.44      7.27049e+6 
        8367.92      7.22353e+6 
        8388.68       7.1841e+6 
        8408.65      7.14643e+6 
        8432.02      7.10254e+6 
        8467.25      7.03692e+6 
        8502.48      6.97192e+6 
        8516.58      6.94609e+6 
        8530.98      6.91983e+6 
        8545.38      6.89375e+6 
        8574.18      6.84211e+6 
        8598.39      6.79881e+6 
         8628.6       6.7455e+6 
        8646.81      6.71349e+6 
        8665.01      6.68135e+6 
        8685.59      6.64582e+6 
        8701.43      6.61839e+6 
        8750.47       6.5336e+6 
        8767.92      6.50448e+6 
        8815.35      6.42449e+6 
        8862.78      6.34498e+6 
        8900.38      6.28498e+6 
        8957.65       6.1928e+6 
        9014.91      6.09868e+6 
        9044.62      6.05539e+6 
        9072.17      6.01269e+6 
        9099.72      5.97022e+6 
        9154.81      5.88694e+6 
         9190.8      5.83278e+6 
         9209.9      5.80343e+6 
        9229.01      5.76737e+6 
        9267.22      5.72046e+6 
        9305.43      5.66574e+6 
        9379.63      5.56021e+6 
        9397.45      5.53527e+6 
        9415.28      5.51048e+6 
        9450.94      5.46116e+6 
        9498.52      5.39506e+6 
        9522.24      5.36012e+6 
         9534.1      5.33955e+6 
        9545.97      5.30624e+6 
        9557.83      5.30763e+6 
        9569.68      5.29644e+6 
        9581.55      5.28271e+6 
        9605.27      5.25309e+6 
        9636.96      5.21237e+6 
        9652.71      5.19205e+6 
        9668.45      5.17178e+6 
        9699.94      5.13173e+6 
        9762.91      5.05247e+6 
        9825.88       4.9744e+6 
        9888.86      4.89752e+6 
        9950.84      4.82247e+6 
        9966.69      4.80331e+6 
        9979.12      4.78813e+6 
        9996.68      4.76617e+6 
        10014.2      4.74255e+6 
        10031.8      4.71283e+6 
          10045      4.67243e+6 
        10055.9      4.66649e+6 
        10073.5      4.66925e+6 
        10091.1      4.65537e+6 
        10108.6      4.63815e+6 
        10126.2      4.61971e+6 
        10161.3       4.5816e+6 
        10225.9      4.51098e+6 
        10237.2       4.4987e+6 
        10248.5      4.48673e+6 
          10271      4.46285e+6 
        10316.2      4.41548e+6 
        10406.4      4.32227e+6 
        10496.7      4.23103e+6 
        10586.9      4.14197e+6 
        10677.2      4.05485e+6 
        10767.4      3.96937e+6 
        10817.5      3.92218e+6 
        10837.6      3.90296e+6 
        10857.7      3.88323e+6 
        10877.8      3.86224e+6 
        10887.8      3.85074e+6 
        10897.9      3.83774e+6 
        10907.9      3.82209e+6 
          10918      3.80023e+6 
          10928      3.76168e+6 
          10938      3.66401e+6 
        10949.2      3.74553e+6 
        10965.2      3.76558e+6 
        10984.4      3.76196e+6 
          11010        3.746e+6 
        11035.6      3.72627e+6 
        11086.8      3.68402e+6 
          11138      3.64114e+6 
        11189.2      3.59847e+6 
        11219.8      3.57315e+6 
        11240.4      3.55625e+6 
        11260.9      3.53941e+6 
          11302      3.50727e+6 
        11384.2      3.44394e+6 
        11466.5      3.38189e+6 
        11548.7      3.32101e+6 
        11630.9      3.26135e+6 
        11713.1      3.20289e+6 
        11795.3      3.14558e+6 
        11877.6      3.08946e+6 
        11959.8      3.03446e+6 
          12042      2.98046e+6 
        12124.2      2.92768e+6 
        12206.5        2.876e+6 
        12284.6      2.82781e+6 
        12362.8       2.7825e+6 
          12441      2.73791e+6 
        12519.1      2.69395e+6 
        12597.3      2.65033e+6 
        12675.5      2.60592e+6 
        12689.3      2.59771e+6 
        12721.5      2.57711e+6 
        12737.6      2.56534e+6 
        12753.7      2.55135e+6 
        12769.8      2.53292e+6 
        12785.9      2.50369e+6 
        12797.9       2.4628e+6 
          12808      2.39257e+6 
          12818      2.21334e+6 
        12829.2      2.38905e+6 
        12845.2      2.45497e+6 
          12858      2.47331e+6 
        12870.8      2.48055e+6 
        12883.6      2.48214e+6 
        12896.4      2.48084e+6 
          12922      2.47362e+6 
        12947.6       2.4636e+6 
        12973.2      2.45238e+6 
        13024.4      2.42857e+6 
        13075.5      2.40418e+6 
        13126.7      2.37974e+6 
        13177.9      2.35542e+6 
        13229.1       2.3313e+6 
        13252.2      2.32048e+6 
        13280.3      2.30742e+6 
        13308.4      2.29443e+6 
        13364.5      2.26984e+6 
        13420.6      2.24553e+6 
        13476.7      2.22148e+6 
        13532.8       2.1977e+6 
          13589      2.17418e+6 
        13645.1      2.15102e+6 
        13701.2      2.12803e+6 
        13757.3      2.10531e+6 
        13813.4      2.08285e+6 
        13869.6      2.06066e+6 
        13925.7      2.03873e+6 
        13981.8      2.01705e+6 
        14037.9      1.99563e+6 
          14094      1.97446e+6 
        14150.2      1.95354e+6 
        14206.3      1.93286e+6 
        14262.4      1.91243e+6 
          14305      1.89709e+6 
        14318.5      1.89223e+6 
        14332.1      1.88739e+6 
        14359.2      1.87795e+6 
        14413.4      1.85923e+6 
        14457.6      1.84408e+6 
        14509.2      1.82669e+6 
        14546.2      1.81431e+6 
        14581.2      1.80269e+6 
        14597.2      1.79744e+6 
        14613.2      1.79221e+6 
        14645.2      1.78181e+6 
        14709.2       1.7612e+6 
        14773.2      1.74084e+6 
        14837.1      1.72073e+6 
        14901.1      1.70086e+6 
        14965.1      1.68124e+6 
        15029.1      1.66187e+6 
        15093.1      1.64274e+6 
        15157.1      1.62385e+6 
          15221       1.6052e+6 
          15285      1.58679e+6 
          15349      1.56861e+6 
          15413      1.55066e+6 
        15471.6      1.53442e+6 
        15482.4      1.53145e+6 
        15493.1      1.52834e+6 
        15514.7      1.52214e+6 
        15557.9      1.50983e+6 
        15644.2      1.48556e+6 
        15730.5      1.46174e+6 
        15816.8      1.43836e+6 
        15903.1      1.41541e+6 
        15989.4      1.39288e+6 
        16075.8      1.37077e+6 
        16162.1      1.34907e+6 
        16248.4      1.32777e+6 
        16289.9      1.31768e+6 
        16334.7      1.30688e+6 
        16379.5      1.29618e+6 
        16469.1      1.27232e+6 
        16558.8      1.24899e+6 
        16648.4      1.22619e+6 
          16738       1.2039e+6 
        16827.7      1.18211e+6 
        16917.3      1.16081e+6 
        17006.9      1.13997e+6 
        17096.6       1.1196e+6 
        17186.2      1.09967e+6 
        17275.8      1.08018e+6 
        17327.7       1.0691e+6 
        17365.5      1.06112e+6 
        17403.2      1.05321e+6 
        17478.8      1.03761e+6 
        17554.3      1.02229e+6 
        17629.9      1.00725e+6 
        17705.4          992489 
          17781          977990 
        17856.5          963753 
        17932.1          949773 
        18007.6          935211 
        18083.2          921545 
        18158.7          908052 
        18234.3          894682 
        18309.8          881349 
        18343.7          875336 
        18385.3          867903 
          18427          860331 
        18510.2          844234 
        18551.8          835123 
        18593.4          824366 
        18614.2          817876 
          18635          810122 
        18655.8          800346 
        18666.2          794342 
        18676.6          787233 
          18687          778641 
        18697.4          768006 
        18707.8          754322 
        18718.2          736191 
        18728.6          710493 
          18739          669957 
        18749.4          589909 
        18760.9          654827 
        18772.1          700145 
        18784.8          727857 
        18797.6          744363 
        18810.4          755286 
        18829.6          765634 
        18842.4          769986 
        18855.2          772964 
          18868          774927 
        18880.8          776124 
        18906.4          776903 
          18932          776275 
        18983.2          772637 
        19034.4          767394 
        19085.6          761403 
        19136.8          755050 
        19187.9          748525 
        19239.1          741922 
        19290.3          735296 
        19341.5          728683 
        19392.7          722098 
        19437.1          716424 
        19450.7          714693 
        19464.3          712962 
        19491.5          709516 
        19545.9          702674 
        19600.4          696287 
        19654.8          689529 
        19709.2          682850 
        19763.7          676253 
        19818.1          669731 
        19872.5          663291 
          19927          656926 
        19981.4          650633 
        20035.8          644416 
        20090.3          638274 
        20144.7          632205 
        20199.1          626204 
        20253.6          620276 
          20308          614414 
        20362.4          608624 
        20416.9          602900 
        20468.2          597562 
        20480.6          596281 
          20493          595005 
        20517.8          592460 
        20567.4          587412 
        20666.5          577478 
        20765.7          567749 
        20864.9          558220 
        20964.1          548893 
        21063.2          539754 
        21162.4          530803 
        21261.6          522038 
        21360.8          513449 
        21459.9          505036 
        21487.6          502721 
        21559.1          496793 
        21630.6          490949 
        21702.1          485194 
        21773.7          479520 
        21845.2          473928 
        21916.7          468418 
        21988.2          462983 
        22059.7          457630 
        22131.3          452352 
        22202.8          447149 
        22274.3          442022 
        22345.8          436964 
        22417.3          431982 
        22488.8          427065 
        22560.4          422221 
        22631.9          417445 
        22703.4          412733 
          22763          408859 
        22774.9          408090 
        22786.8          407323 
        22800.8          406422 
        22816.8          405397 
        22848.8          403359 
        22912.8          399318 
        22976.8          395325 
        23040.8          391383 
        23104.8          387490 
        23168.7          383645 
        23232.7          379847 
        23296.7          376096 
        23360.7          372389 
        23424.7          368729 
        23488.6          365110 
        23552.6          361538 
        23616.6          358010 
        23680.6          354522 
        23744.6          351076 
        23808.6          347674 
        23872.5          344312 
        23936.5          340988 
        24000.5          337706 
        24064.5          334463 
        24128.5          331256 
        24192.5          328089 
        24256.4          324960 
        24320.4          321869 
        24384.4          318812 
        24448.4          315790 
        24512.4          312806 
        24576.3          309856 
        24640.3          306941 
        24704.3          304059 
        24768.3          301211 
        24832.3          298396 
        24896.3          295613 
        24960.2          292862 
        25004.4          290981 
        25024.2          290144 
          25044          289309 
        25083.6          287650 
        25162.8          284368 
        25241.9          281132 
        25321.1          277941 
        25400.2          274796 
        25479.4          271694 
        25558.5          268636 
        25637.7          265620 
        25716.9          262647 
          25796          259714 
        25875.2          256821 
        25954.3          253969 
        26033.5          251156 
        26112.7          248382 
        26191.8          245645 
          26271          242946 
        26350.1          240283 
        26429.3          237657 
        26508.4          235066 
        26587.6          232510 
        26666.8          229988 
        26745.9          227501 
        26825.1          225046 
        26904.2          222625 
        26983.4          220236 
        27062.6          217878 
        27141.7          215552 
        27220.9          213256 
        27299.2          211014 
        27377.5          208801 
        27455.8          206616 
        27534.2          204460 
        27612.5          202331 
        27690.8          200230 
        27769.1          198156 
        27847.5          196108 
        27925.8          194087 
        28004.1          192091 
        28082.4          190122 
        28160.8          188176 
        28239.1          186256 
        28317.4          184360 
        28395.7          182488 
          28474          180639 
        28552.4          178814 
        28630.7          177011 
          28709          175231 
        28787.3          173473 
        28865.7          171737 
          28944          170023 
        29022.3          168329 
        29100.6          166657 
          29179          165005 
        29257.3          163373 
        29335.6          161762 
        29413.9          160170 
        29492.3          158598 
        29570.6          157044 
        29648.9          155510 
        29727.2          153994 
        29805.5          152497 
        29883.9          151017 
        29932.6          150106 
        29962.2          149556 
        29991.8          149008 
