# Koester WD models
# teff = 6000 K (value for the effective temperature for the model. Temperatures are given in K)
# logg = 9 log(cm/s2) (value for Log(G) for the model.)
#
# column 1: WAVELENGTH (ANGSTROM), Wavelength in Angstrom
# column 2: FLUX (ERG/CM2/S/A), Flux in erg/cm2/s/A
         899.23       0.0468534 
        909.241        0.063392 
        919.251       0.0851425 
        929.261        0.112971 
        939.271        0.147112 
         949.28        0.198187 
        959.289        0.273669 
        969.297        0.375314 
        979.305        0.513211 
        989.312        0.678166 
        999.319        0.876074 
        1009.33         1.11985 
        1019.33         1.39934 
        1029.34         1.73047 
        1039.34         2.23261 
        1049.35         2.77313 
        1059.36         3.42914 
        1069.36         4.21118 
        1079.36         5.16198 
        1089.37         6.28174 
        1099.37         7.63074 
        1109.38         9.20807 
        1119.38         11.1323 
        1129.38         13.3721 
        1139.39         15.9417 
        1149.39         18.8088 
        1159.39         21.6609 
        1169.39         24.1197 
         1179.4         26.8651 
         1189.4         31.5692 
         1199.4         37.2144 
         1209.4         44.0844 
        1219.41         51.7376 
        1229.41         59.6394 
        1239.41         69.6896 
        1249.41         81.1005 
        1259.41          94.179 
        1269.41         110.295 
        1279.42         129.768 
        1289.42         151.166 
        1299.42         174.501 
        1309.42         200.951 
        1319.42         229.704 
        1329.42         262.836 
        1339.42         298.776 
        1349.42         338.811 
        1359.42         384.679 
        1369.42         433.606 
        1379.42         487.798 
        1389.42         549.031 
        1399.42         616.393 
        1409.42         688.851 
        1419.42         769.313 
        1429.42         857.488 
        1439.42          952.38 
        1454.42         1115.16 
        1464.42         1238.12 
        1474.42         1368.28 
        1489.42         1573.89 
        1504.42         1809.38 
        1514.42         1997.98 
        1529.42         2316.74 
        1544.42          2651.5 
        1559.42         2973.57 
        1570.19         3224.22 
        1584.41         3604.57 
        1599.41         4062.17 
        1614.41         4623.07 
        1629.41         5358.49 
        1644.41         6296.54 
        1659.41         7346.36 
        1670.17         8137.42 
         1684.4         9239.96 
         1699.4         10545.9 
         1714.4         11945.2 
         1729.4           13461 
         1744.4         15058.4 
        1759.39         16713.1 
         1771.7         18166.4 
        1784.39         19817.7 
        1799.39         21931.4 
        1819.38         24964.7 
        1834.77         27508.9 
        1845.54         29394.3 
         1856.3         31425.7 
        1867.07         33542.8 
        1882.44         36797.8 
        1900.88         41080.7 
        1913.17         44157.3 
        1925.56         47401.6 
        1937.95         50939.7 
        1950.34         54677.5 
        1968.59           60371 
        1980.65         64371.9 
        1992.71         68582.2 
        2004.77         73016.9 
        2015.84         77309.3 
         2027.8         82321.4 
        2047.42         90722.9 
        2067.03         99721.4 
        2086.65          109566 
        2106.26          120196 
        2126.24          131932 
        2146.22          144838 
        2165.47          157924 
           2184          171381 
        2202.53          185685 
         2214.7          195561 
        2226.86          205398 
        2238.44          215002 
        2251.18          225817 
        2263.91          237091 
        2276.65          250150 
        2287.07          261024 
        2304.45          280053 
        2321.82          299957 
        2333.41          313400 
        2347.88          331956 
        2362.35          351717 
        2376.82          374022 
         2391.3          397490 
        2402.26          417744 
        2416.29          445349 
        2430.32          476598 
        2444.35          511181 
        2456.19          541966 
        2474.59          599573 
        2492.99          662559 
        2510.01          725422 
        2527.04          787409 
        2544.07          852449 
        2555.44          897616 
        2566.81          949125 
        2578.19      1.00487e+6 
        2600.94      1.12235e+6 
         2616.1      1.20593e+6 
        2631.27      1.29288e+6 
        2646.43      1.38327e+6 
        2657.67      1.45246e+6 
        2668.91       1.5091e+6 
        2680.14      1.56623e+6 
        2691.38      1.62379e+6 
        2713.85      1.74024e+6 
        2734.98      1.85161e+6 
        2756.11      1.96487e+6 
        2777.24      2.08677e+6 
        2798.36      2.21131e+6 
        2819.49      2.33828e+6 
        2837.02       2.4455e+6 
        2854.55      2.55435e+6 
        2872.07      2.67446e+6 
         2889.6      2.79687e+6 
        2924.66      3.04853e+6 
        2952.98       3.2589e+6 
        2967.85      3.36392e+6 
        2981.31      3.45993e+6 
        3009.64      3.66498e+6 
        3030.53      3.81864e+6 
        3040.97       3.8962e+6 
        3051.42      3.97424e+6 
        3061.87      4.06302e+6 
        3072.31      4.15249e+6 
        3082.76      4.24263e+6 
         3093.2      4.33348e+6 
        3103.65      4.42493e+6 
        3114.09      4.51704e+6 
        3124.54      4.60975e+6 
        3134.99      4.70296e+6 
        3149.86      4.83664e+6 
        3164.73       4.9825e+6 
         3179.6      5.12966e+6 
        3209.34      5.42754e+6 
        3228.82      5.62508e+6 
        3243.42      5.77425e+6 
        3258.03      5.89281e+6 
        3272.64      5.99567e+6 
        3287.25       6.0984e+6 
        3301.86      6.20097e+6 
        3316.47      6.30329e+6 
        3335.95      6.43939e+6 
        3346.73       6.5145e+6 
         3368.3      6.66407e+6 
        3411.44      6.96089e+6 
        3445.17      7.19038e+6 
        3481.64      7.42657e+6 
        3495.92      7.51802e+6 
        3512.62      7.62433e+6 
         3543.6      7.81917e+6 
        3591.28      8.10641e+6 
        3635.88      8.36462e+6 
        3647.12      8.42896e+6 
        3658.96      8.49619e+6 
        3671.11       8.5642e+6 
        3682.58      8.62776e+6 
         3693.5      8.68729e+6 
        3703.57      8.74139e+6 
        3713.83      8.79567e+6 
        3724.38      8.84723e+6 
        3734.43      8.89014e+6 
        3744.62      8.93362e+6 
        3754.84      8.97635e+6 
        3765.07      9.01851e+6 
         3775.5      9.06086e+6 
        3786.22       9.1038e+6 
        3796.45      9.14389e+6 
        3807.84      9.18828e+6 
        3818.92      9.23075e+6 
        3830.45      9.27562e+6 
        3840.76      9.31501e+6 
        3851.98      9.35745e+6 
        3862.01      9.39462e+6 
        3872.59      9.43298e+6 
         3884.4      9.47388e+6 
        3894.46      9.50951e+6 
        3908.89      9.56059e+6 
        3923.89      9.61428e+6 
        3935.81      9.65707e+6 
        3946.58      9.69414e+6 
        3957.31      9.72788e+6 
        3967.38      9.74971e+6 
        3977.86      9.79316e+6 
        3988.87      9.83582e+6 
        4003.87      9.88574e+6 
        4018.86      9.93334e+6 
        4032.38      9.97518e+6 
        4043.86      1.00092e+7 
        4058.85       1.0051e+7 
        4073.85      1.00873e+7 
           4084      1.01031e+7 
        4096.52      1.00847e+7 
        4106.79        1.011e+7 
        4117.77      1.01892e+7 
        4128.84      1.02337e+7 
        4143.83      1.02789e+7 
        4158.83      1.03182e+7 
        4173.82      1.03544e+7 
        4188.82      1.03884e+7 
        4203.81      1.04204e+7 
        4216.52      1.04469e+7 
        4228.81      1.04714e+7 
        4243.81      1.04994e+7 
         4258.8      1.05252e+7 
         4273.8      1.05482e+7 
        4288.79      1.05669e+7 
        4303.79      1.05764e+7 
        4314.07      1.05689e+7 
        4326.14      1.05128e+7 
        4336.17      1.03341e+7 
        4346.17      1.03864e+7 
        4357.43      1.05754e+7 
        4367.98      1.06377e+7 
        4378.77      1.06698e+7 
        4393.77      1.06967e+7 
        4408.76       1.0712e+7 
        4423.76      1.07213e+7 
        4438.75      1.07287e+7 
        4453.75      1.07348e+7 
        4468.74      1.07399e+7 
        4483.74      1.07442e+7 
        4498.74      1.07487e+7 
        4513.73      1.07617e+7 
        4527.19      1.07719e+7 
        4538.73      1.07797e+7 
        4553.72      1.07886e+7 
        4568.72      1.07962e+7 
        4583.72      1.08024e+7 
        4596.53      1.08063e+7 
        4608.71      1.08078e+7 
         4623.7      1.08086e+7 
         4638.7      1.08085e+7 
         4653.7      1.08075e+7 
        4668.69      1.08056e+7 
        4683.69      1.08028e+7 
        4698.68      1.07986e+7 
        4713.68      1.07929e+7 
        4724.83       1.0788e+7 
        4738.67      1.07809e+7 
        4753.67      1.07719e+7 
        4768.67      1.07607e+7 
        4783.66      1.07462e+7 
        4798.66      1.07256e+7 
        4813.65       1.0692e+7 
        4828.65      1.06242e+7 
        4839.16      1.05166e+7 
        4851.78      1.01533e+7 
        4861.84      9.49094e+6 
        4872.13      1.02034e+7 
        4882.71      1.04804e+7 
        4893.63      1.05821e+7 
        4903.92      1.06209e+7 
        4915.55      1.06389e+7 
        4928.62      1.06448e+7 
        4943.62       1.0643e+7 
        4958.61      1.06364e+7 
        4973.61      1.06272e+7 
        4988.61      1.06163e+7 
         5003.6       1.0604e+7 
         5018.6      1.05909e+7 
         5033.6      1.05771e+7 
        5048.59      1.05628e+7 
        5063.59       1.0548e+7 
        5078.58      1.05327e+7 
        5093.58      1.05165e+7 
        5108.57      1.04999e+7 
        5123.57       1.0483e+7 
        5138.57      1.04658e+7 
        5153.56      1.04483e+7 
        5168.56      1.04305e+7 
        5183.56      1.04124e+7 
        5198.55      1.03938e+7 
        5213.55      1.03751e+7 
        5228.54      1.03561e+7 
        5243.54      1.03368e+7 
        5258.53      1.03174e+7 
        5273.53      1.02977e+7 
        5288.53       1.0279e+7 
        5303.52      1.02602e+7 
        5318.52       1.0241e+7 
        5333.52      1.02215e+7 
        5348.51      1.02018e+7 
        5363.51      1.01822e+7 
         5378.5      1.01613e+7 
         5393.5      1.01396e+7 
        5408.49      1.01176e+7 
        5423.49      1.00955e+7 
        5438.49      1.00733e+7 
        5453.48      1.00508e+7 
        5468.48      1.00283e+7 
        5483.48      1.00064e+7 
        5498.47       9.9843e+6 
        5513.47      9.96205e+6 
        5528.46      9.93965e+6 
        5543.46       9.9171e+6 
        5558.45      9.89438e+6 
        5573.45      9.87151e+6 
        5588.45      9.84848e+6 
        5603.44       9.8253e+6 
        5618.44      9.80199e+6 
        5633.43      9.77855e+6 
        5648.43      9.75502e+6 
        5663.43      9.73133e+6 
        5673.98      9.71553e+6 
         5686.2      9.69605e+6 
        5698.42      9.67651e+6 
        5708.88      9.65971e+6 
        5723.41       9.6363e+6 
        5738.41      9.61202e+6 
         5753.4      9.58767e+6 
         5768.4       9.5609e+6 
        5783.39      9.53627e+6 
        5798.39      9.51155e+6 
        5813.39      9.48676e+6 
        5828.38      9.46185e+6 
        5843.38      9.43687e+6 
        5858.37       9.4118e+6 
        5873.37       9.3867e+6 
        5888.37      9.36151e+6 
        5903.36      9.33625e+6 
        5918.36       9.3109e+6 
        5933.35      9.28548e+6 
        5948.35         9.26e+6 
        5963.35      9.23443e+6 
        5978.34      9.20876e+6 
        5993.34      9.18303e+6 
        6008.33      9.15721e+6 
        6023.33      9.13135e+6 
        6038.32      9.10544e+6 
        6053.32      9.07945e+6 
        6068.32      9.05338e+6 
        6083.31      9.02727e+6 
        6098.31       9.0011e+6 
        6113.31       8.9749e+6 
         6128.3      8.94861e+6 
         6143.3      8.92225e+6 
        6158.29       8.8958e+6 
        6173.29      8.86931e+6 
        6188.28       8.8427e+6 
        6203.28      8.81603e+6 
        6218.28      8.78927e+6 
        6233.27      8.76237e+6 
        6244.38      8.74239e+6 
        6256.04      8.72131e+6 
        6266.59      8.70218e+6 
        6278.26      8.68091e+6 
        6290.52      8.65842e+6 
        6302.31      8.63665e+6 
        6312.59      8.61751e+6 
        6323.25       8.5975e+6 
        6338.24      8.56904e+6 
        6353.24      8.54007e+6 
        6368.24      8.51045e+6 
        6383.23      8.48001e+6 
        6398.23      8.44837e+6 
        6413.22      8.41516e+6 
        6428.22       8.3797e+6 
        6443.22      8.34087e+6 
        6458.21      8.29691e+6 
        6473.21      8.24476e+6 
         6488.2      8.17876e+6 
         6503.2      8.08765e+6 
         6518.2      7.94744e+6 
        6532.67      7.71154e+6 
        6543.19      7.40715e+6 
        6556.02      6.71239e+6 
        6566.09      6.40778e+6 
        6577.95      7.18011e+6 
        6588.18      7.52022e+6 
        6603.34      7.76809e+6 
        6613.66      7.85106e+6 
        6623.98      7.89884e+6 
         6634.3      7.92567e+6 
        6644.62      7.93937e+6 
        6665.26       7.9438e+6 
         6685.9      7.93155e+6 
        6701.62      7.91615e+6 
        6721.34      7.89259e+6 
         6736.2      7.87277e+6 
        6780.49       7.8078e+6 
        6824.78      7.73818e+6 
        6913.35      7.59483e+6 
        7001.93       7.4495e+6 
        7071.86      7.33477e+6 
         7090.5      7.30423e+6 
        7109.15      7.27376e+6 
        7146.44      7.21344e+6 
        7221.02      7.09343e+6 
         7295.6      6.97437e+6 
        7346.84      6.89319e+6 
        7370.18      6.85744e+6 
        7393.51      6.82068e+6 
        7440.19      6.74817e+6 
        7533.55      6.60466e+6 
        7575.92       6.5402e+6 
         7626.9       6.4632e+6 
        7677.88      6.38686e+6 
        7728.86      6.31181e+6 
        7779.84      6.23741e+6 
        7830.82      6.16365e+6 
         7881.8      6.09057e+6 
        7903.32      6.05991e+6 
        7932.78      6.01813e+6 
        7962.25       5.9766e+6 
        8021.18      5.89466e+6 
        8077.68      5.81697e+6 
        8097.18       5.7904e+6 
        8108.49      5.77503e+6 
        8155.67      5.71142e+6 
        8200.85        5.651e+6 
        8216.85      5.62983e+6 
        8232.84      5.60872e+6 
        8264.83      5.56671e+6 
        8289.72      5.53423e+6 
        8328.82      5.48352e+6 
        8343.44      5.46467e+6 
        8367.92      5.43323e+6 
        8388.68      5.40678e+6 
        8408.65      5.38145e+6 
        8432.02      5.35195e+6 
        8467.25      5.30778e+6 
        8502.48      5.26393e+6 
        8516.58      5.24643e+6 
        8530.98      5.22865e+6 
        8545.38      5.21105e+6 
        8574.18      5.17596e+6 
        8598.39      5.14665e+6 
         8628.6      5.11027e+6 
        8646.81      5.08847e+6 
        8665.01      5.06673e+6 
        8685.59      5.04229e+6 
        8701.43      5.02353e+6 
        8750.47      4.96585e+6 
        8767.92      4.94553e+6 
        8815.35      4.89055e+6 
        8862.78      4.83658e+6 
        8900.38      4.79423e+6 
        8957.65      4.73036e+6 
        9014.91      4.66724e+6 
        9044.62      4.63489e+6 
        9072.17      4.60504e+6 
        9099.72      4.57538e+6 
        9154.81      4.51708e+6 
         9190.8      4.47938e+6 
         9209.9      4.45949e+6 
        9229.01      4.43957e+6 
        9267.22      4.40033e+6 
         9303.2      4.36361e+6 
        9343.64      4.32267e+6 
        9384.08      4.28212e+6 
        9464.96      4.20279e+6 
        9545.72      4.12479e+6 
        9561.21      4.11024e+6 
        9576.69      4.09557e+6 
        9607.66      4.06635e+6 
        9668.45      4.00961e+6 
        9729.24       3.9541e+6 
        9790.04      3.89941e+6 
        9850.83      3.84544e+6 
        9870.42      3.82822e+6 
        9911.62      3.79225e+6 
        9952.82      3.75659e+6 
        10021.1      3.69866e+6 
        10035.2      3.68669e+6 
        10049.4      3.67441e+6 
        10077.7      3.65147e+6 
        10134.2      3.60504e+6 
        10144.5      3.59672e+6 
        10190.8      3.55914e+6 
        10237.2      3.52195e+6 
        10329.9      3.45029e+6 
        10422.6      3.38013e+6 
        10515.3       3.3114e+6 
          10608      3.24417e+6 
        10700.7      3.17832e+6 
        10793.4      3.11381e+6 
        10834.1      3.08583e+6 
        10886.1      3.05019e+6 
        10938.1      3.01342e+6 
        10990.1      2.98118e+6 
          11042      2.94779e+6 
          11094       2.9145e+6 
          11146      2.88152e+6 
          11198      2.84891e+6 
          11239      2.82344e+6 
          11250      2.81669e+6 
        11260.9      2.80995e+6 
        11282.8      2.79699e+6 
        11326.6      2.77126e+6 
        11414.2      2.72054e+6 
        11501.8      2.67083e+6 
        11589.4      2.62207e+6 
          11677      2.57427e+6 
        11764.6      2.52741e+6 
        11852.2      2.48148e+6 
        11939.8      2.43646e+6 
        12027.4       2.3923e+6 
          12115      2.34905e+6 
        12202.6      2.30665e+6 
        12284.6      2.26772e+6 
        12366.6      2.23102e+6 
        12448.7      2.19493e+6 
        12530.7      2.15941e+6 
        12612.7      2.12434e+6 
        12694.7      2.08932e+6 
        12735.4      2.07147e+6 
        12776.7      2.05204e+6 
        12797.4      2.04147e+6 
        12818.1      2.02966e+6 
        12838.7      2.02486e+6 
        12859.4      2.01879e+6 
        12880.1      2.01212e+6 
        12900.8      2.00496e+6 
        12942.1      1.98984e+6 
        13024.8      1.95862e+6 
        13107.5      1.92741e+6 
        13190.2       1.8966e+6 
        13237.5      1.87921e+6 
        13272.9      1.86628e+6 
        13308.4      1.85345e+6 
        13379.2      1.82923e+6 
        13450.1      1.80534e+6 
          13521      1.78178e+6 
        13591.9      1.75855e+6 
        13662.8       1.7357e+6 
        13733.6      1.71312e+6 
        13804.5      1.69085e+6 
        13875.4       1.6689e+6 
        13946.3      1.64726e+6 
        14017.2      1.62592e+6 
          14088      1.60489e+6 
        14158.9      1.58415e+6 
        14229.8      1.56372e+6 
        14269.3      1.55247e+6 
        14300.7      1.54358e+6 
        14332.1      1.53475e+6 
        14394.9      1.51771e+6 
        14457.6      1.50088e+6 
        14470.4       1.4975e+6 
        14483.2      1.49412e+6 
        14508.8      1.48738e+6 
        14536.7      1.48006e+6 
          14560        1.474e+6 
        14581.2      1.46849e+6 
        14597.2      1.46441e+6 
        14613.2      1.46035e+6 
        14645.2      1.45227e+6 
        14709.2      1.43625e+6 
        14773.2      1.42042e+6 
        14837.1      1.40478e+6 
        14901.1      1.38932e+6 
        14965.1      1.37404e+6 
        15029.1      1.35893e+6 
        15093.1        1.344e+6 
        15157.1      1.32924e+6 
          15221      1.31465e+6 
          15285      1.30024e+6 
          15349        1.286e+6 
          15413      1.27193e+6 
        15471.6      1.25919e+6 
        15482.4      1.25686e+6 
        15493.1      1.25445e+6 
        15514.7      1.24963e+6 
        15557.9      1.24006e+6 
        15644.2      1.22116e+6 
        15730.5      1.20259e+6 
        15816.8      1.18433e+6 
        15903.1      1.16639e+6 
        15989.4      1.14875e+6 
        16075.8      1.13141e+6 
        16162.1      1.11437e+6 
        16248.4      1.09762e+6 
        16289.9      1.08967e+6 
        16334.7      1.08116e+6 
        16379.5      1.07273e+6 
        16469.1      1.05369e+6 
        16558.8      1.03507e+6 
        16648.4      1.01685e+6 
          16738          999017 
        16827.7          981572 
        16917.3          964497 
        17006.9          947787 
        17096.6          931429 
        17186.2          915416 
        17275.8          899743 
        17327.7          890824 
        17365.5          884396 
        17403.2          878025 
        17478.8          865443 
        17554.3          853081 
        17629.9          840935 
        17705.4          829000 
          17781          817273 
        17856.5          805749 
        17932.1          794427 
        18007.6          782442 
        18083.2          771336 
        18158.7          760353 
        18234.3          749461 
        18309.8          738595 
        18343.7          733691 
        18385.3          727634 
          18427          721479 
        18510.2          708577 
        18551.8          701533 
        18593.4          693733 
          18635          684666 
        18676.6          673542 
        18713.8          661374 
        18732.5          655044 
        18746.5          650608 
        18756.9          649675 
        18767.4          650536 
        18777.9          651557 
        18788.4          652700 
        18798.9          653806 
        18809.3          654777 
        18819.8          655566 
        18832.6          656266 
        18860.6          656866 
        18897.8          656100 
        18935.1          654136 
        18972.4          651425 
        19046.9          644771 
        19121.4          637325 
        19195.9          629566 
        19270.5          621705 
          19345          613839 
        19388.4          609277 
        19419.5          606020 
        19450.7          602771 
          19513          596325 
        19575.3          590371 
        19637.5          583997 
        19699.8          577704 
        19762.1          571497 
        19824.4          565374 
        19886.7          559329 
          19949          553363 
        20011.3          547476 
        20073.6          541667 
        20135.9          535934 
        20198.2          530273 
        20260.4          524687 
        20322.7          519173 
          20385          513732 
        20420.2          510688 
        20447.3          508360 
        20474.4          506048 
        20528.5          501461 
        20582.7          496925 
        20636.9          492442 
          20691          488006 
        20745.2          483620 
        20799.3          479281 
        20853.5          474993 
        20907.6          470752 
        20961.8          466555 
        21015.9          462408 
        21070.1          458302 
        21124.2          454243 
        21178.4          450228 
        21232.5          446260 
        21286.7          442330 
        21340.8          438447 
          21395          434605 
        21449.1          430803 
        21503.3          427043 
        21557.5          423320 
        21592.6          420929 
        21611.6          419641 
        21630.6          418360 
        21668.6          415809 
        21744.7          410766 
        21820.8          405800 
        21896.8          400905 
        21972.9          396086 
        22048.9          391336 
          22125          386658 
          22201          382046 
        22277.1          377503 
        22353.1          373030 
        22429.2          368619 
        22505.2          364274 
        22581.3          359989 
        22657.3          355770 
          22680          354526 
        22733.4          351610 
        22784.8          348830 
        22800.8          347972 
        22816.8          347118 
        22848.8          345412 
        22912.8          342035 
        22976.8          338701 
        23040.8          335403 
        23104.8          332148 
        23168.7          328931 
        23232.7          325752 
        23296.7          322610 
        23360.7          319509 
        23424.7          316443 
        23488.6          313412 
        23552.6          310418 
        23616.6          307459 
        23680.6          304535 
        23744.6          301645 
        23808.6          298789 
        23872.5          295967 
        23936.5          293177 
        24000.5          290420 
        24064.5          287695 
        24128.5          285002 
        24192.5          282339 
        24256.4          279708 
        24320.4          277107 
        24384.4          274536 
        24448.4          271994 
        24512.4          269481 
        24576.3          266997 
        24640.3          264542 
        24704.3          262114 
        24768.3          259714 
        24832.3          257341 
        24896.3          254994 
        24960.2          252675 
        25004.4          251088 
        25024.2          250381 
          25044          249677 
        25083.6          248277 
        25162.8          245505 
        25241.9          242773 
        25321.1          240077 
        25400.2          237419 
        25479.4          234796 
        25558.5          232210 
        25637.7          229659 
        25716.9          227143 
          25796          224661 
        25875.2          222212 
        25954.3          219796 
        26033.5          217413 
        26112.7          215061 
        26191.8          212741 
          26271          210453 
        26350.1          208194 
        26429.3          205966 
        26508.4          203767 
        26587.6          201597 
        26666.8          199455 
        26745.9          197342 
        26825.1          195257 
        26904.2          193198 
        26983.4          191167 
        27062.6          189162 
        27141.7          187183 
        27220.9          185229 
        27299.2          183321 
        27377.5          181438 
        27455.8          179578 
        27534.2          177743 
        27612.5          175930 
        27690.8          174140 
        27769.1          172373 
        27847.5          170628 
        27925.8          168905 
        28004.1          167203 
        28082.4          165523 
        28160.8          163863 
        28239.1          162224 
        28317.4          160606 
        28395.7          159007 
          28474          157428 
        28552.4          155869 
        28630.7          154329 
          28709          152807 
        28787.3          151304 
        28865.7          149820 
          28944          148353 
        29022.3          146904 
        29100.6          145473 
          29179          144059 
        29257.3          142662 
        29335.6          141282 
        29413.9          139918 
        29492.3          138571 
        29570.6          137240 
        29648.9          135924 
        29727.2          134624 
        29805.5          133340 
        29883.9          132071 
        29932.6          131289 
        29962.2          130817 
        29991.8          130347 
