# Koester WD models
# teff = 6000 K (value for the effective temperature for the model. Temperatures are given in K)
# logg = 7.25 log(cm/s2) (value for Log(G) for the model.)
#
# column 1: WAVELENGTH (ANGSTROM), Wavelength in Angstrom
# column 2: FLUX (ERG/CM2/S/A), Flux in erg/cm2/s/A
         899.23       0.0247579 
        909.241       0.0337325 
        919.251       0.0467962 
        929.261       0.0636452 
        939.271       0.0954538 
         949.28        0.108306 
        959.289        0.204412 
        969.297         0.28411 
        979.305        0.396513 
        989.312        0.530656 
        999.319        0.695404 
        1009.33        0.897572 
        1019.33         1.11898 
        1029.34         1.36599 
        1039.34         1.84187 
        1049.35         2.29987 
        1059.36         2.85262 
        1069.36         3.51136 
        1079.36         4.31341 
        1089.37         5.25551 
        1099.37         6.39424 
        1109.38         7.72175 
        1119.38         9.35497 
        1129.38         11.2513 
        1139.39         13.4182 
        1149.39         15.8227 
        1159.39         18.1888 
        1169.39         20.1892 
         1179.4         21.6226 
         1189.4         24.4522 
         1199.4         28.2726 
         1209.4         31.1203 
        1219.41         35.7834 
        1229.41         47.3529 
        1239.41         56.6247 
        1249.41         66.4695 
        1259.41         77.7453 
        1269.41         92.4853 
        1279.42         109.977 
        1289.42         128.688 
        1299.42         148.862 
        1309.42         171.775 
        1319.42         196.603 
        1329.42         225.367 
        1339.42         256.402 
        1349.42         291.127 
        1359.42         330.967 
        1369.42          373.41 
        1379.42         420.618 
        1389.42         473.909 
        1399.42         532.528 
        1409.42          595.58 
        1419.42          665.92 
        1429.42         743.125 
        1439.42          826.01 
        1454.42         968.412 
        1464.42         1076.49 
        1474.42         1191.04 
        1489.42         1371.18 
        1504.42         1577.39 
        1514.42          1743.7 
        1529.42         2026.01 
        1544.42         2321.94 
        1559.42         2603.91 
        1570.19         2820.21 
        1584.41         3147.97 
        1599.41         3543.53 
        1614.41         4046.78 
        1629.41         4719.58 
        1644.41         5571.77 
        1659.41         6572.31 
        1670.17         7391.23 
         1684.4         8616.73 
         1699.4         10220.4 
         1714.4         12003.9 
         1729.4         13985.7 
         1744.4         16055.4 
        1759.39         17998.3 
         1771.7         19668.9 
        1781.89         21306.2 
        1794.39         23611.9 
        1809.39         26446.3 
           1824         29459.4 
        1834.77         31837.2 
        1845.54         34339.5 
         1856.3           37389 
        1870.14         41347.4 
        1887.06         46809.4 
        1903.97         53085.4 
        1919.37         59552.7 
        1929.77         64063.4 
        1939.85         70592.2 
        1949.92         77099.4 
        1960.54         83068.4 
        1970.81         89270.2 
        1984.16         97948.3 
        2001.96          110891 
        2014.33          120993 
        2024.77          131867 
         2035.2          142910 
        2049.11          156187 
        2063.02          170664 
        2075.06          184586 
        2091.12          205076 
        2107.18          227784 
        2118.33          244959 
        2128.72          262115 
        2139.11          285369 
        2155.73          315749 
        2175.22          354595 
        2194.72          397330 
        2213.72          443279 
        2229.27          482388 
        2244.82          524260 
        2256.82          558748 
        2267.46          603066 
        2278.09          647250 
        2292.27          706532 
        2306.25          769373 
        2316.28          814295 
        2338.68          906086 
        2351.48          962345 
        2362.35      1.01242e+6 
        2373.23      1.06186e+6 
        2394.99      1.16656e+6 
        2409.27      1.23961e+6 
        2423.56      1.32228e+6 
        2437.84      1.40657e+6 
        2448.06      1.46176e+6 
        2460.79      1.53819e+6 
        2479.19       1.6532e+6 
        2497.59      1.77383e+6 
        2510.01      1.85893e+6 
        2534.87      2.01854e+6 
        2547.05      2.09984e+6 
        2559.23      2.18291e+6 
        2571.41      2.28257e+6 
         2583.6      2.38502e+6 
        2601.87      2.55038e+6 
        2614.05       2.6742e+6 
        2626.23      2.77895e+6 
        2638.41      2.88562e+6 
        2652.86      3.01543e+6 
         2667.3       3.1291e+6 
        2681.74      3.23537e+6 
        2696.18      3.34278e+6 
        2710.63      3.45167e+6 
        2729.89      3.59885e+6 
        2756.11      3.80296e+6 
        2782.33      4.01263e+6 
        2808.56      4.22604e+6 
        2854.55      4.61139e+6 
        2900.54      4.97738e+6 
        2940.07      5.29531e+6 
        2952.98      5.40002e+6 
         2965.9      5.49622e+6 
        2991.73      5.68886e+6 
        3035.35      6.01332e+6 
        3049.43      6.11775e+6 
         3067.5      6.25419e+6 
        3099.65      6.49666e+6 
        3149.86      6.86573e+6 
        3200.07      7.20766e+6 
        3224.18       7.3693e+6 
        3248.29      7.52892e+6 
        3272.41      7.65678e+6 
        3296.52      7.78245e+6 
        3320.63      7.90585e+6 
        3342.76      8.01709e+6 
        3358.64      8.09456e+6 
        3374.51      8.17056e+6 
        3406.26      8.31953e+6 
        3445.17      8.49647e+6 
        3484.07      8.65996e+6 
        3502.34       8.7319e+6 
        3522.97       8.8105e+6 
         3543.6      8.88735e+6 
        3578.45       9.0099e+6 
        3591.28      9.05372e+6 
        3604.12      9.09629e+6 
        3620.61      9.15005e+6 
        3635.88      9.19887e+6 
        3647.12      9.23386e+6 
        3658.96      9.27034e+6 
        3671.11      9.30694e+6 
        3682.58       9.3408e+6 
         3693.5       9.3725e+6 
        3703.57      9.40059e+6 
        3713.83      9.42984e+6 
        3724.38      9.45827e+6 
        3734.43       9.4697e+6 
        3744.62      9.51007e+6 
        3754.84      9.53668e+6 
        3765.07      9.56244e+6 
         3775.5      9.59094e+6 
        3786.22       9.6233e+6 
        3796.45      9.57677e+6 
        3807.84      9.68606e+6 
        3818.92      9.71946e+6 
        3830.45      9.70608e+6 
        3840.76      9.74202e+6 
        3851.98      9.81336e+6 
        3862.01       9.8416e+6 
        3872.59      9.86187e+6 
         3884.4      9.77651e+6 
        3894.75      9.83686e+6 
        3905.97      9.94188e+6 
        3918.89      9.97776e+6 
        3929.56      1.00009e+7 
        3940.04        1.002e+7 
        3950.65      1.00313e+7 
        3962.28      9.97575e+6 
        3972.48      9.51865e+6 
        3984.18       1.0077e+7 
        3996.36      1.01188e+7 
        4008.87      1.01431e+7 
        4023.86      1.01672e+7 
         4035.9      1.01847e+7 
        4048.86      1.02017e+7 
        4063.85      1.02183e+7 
        4075.42      1.02254e+7 
         4085.7      1.02133e+7 
        4096.52      9.96432e+6 
        4106.72      9.95279e+6 
        4116.99      1.02452e+7 
        4128.84      1.02872e+7 
        4143.83      1.03104e+7 
        4158.83      1.03272e+7 
        4173.82      1.03417e+7 
        4188.82      1.03547e+7 
        4203.81      1.03666e+7 
        4216.52       1.0376e+7 
        4228.81      1.03844e+7 
        4243.81      1.03937e+7 
         4258.8      1.04019e+7 
         4273.8      1.04089e+7 
        4288.79      1.04136e+7 
        4303.79      1.04136e+7 
        4314.07      1.04053e+7 
        4326.14      1.03509e+7 
        4336.17      9.78484e+6 
        4346.38      1.00411e+7 
        4357.43      1.03847e+7 
        4367.98      1.04243e+7 
        4378.77      1.04378e+7 
        4393.77      1.04463e+7 
        4408.76      1.04503e+7 
        4423.76      1.04521e+7 
        4438.75      1.04529e+7 
        4453.75      1.04529e+7 
        4468.74      1.04522e+7 
        4483.74      1.04509e+7 
        4498.74       1.0467e+7 
        4513.73      1.04649e+7 
        4527.19      1.04625e+7 
        4538.73        1.046e+7 
        4553.72      1.04563e+7 
        4568.72       1.0452e+7 
        4583.72      1.04472e+7 
        4596.53      1.04426e+7 
        4608.71      1.04377e+7 
         4623.7      1.04312e+7 
         4638.7      1.04242e+7 
         4653.7      1.04167e+7 
        4668.69      1.04088e+7 
        4683.69      1.04004e+7 
        4698.68      1.03915e+7 
        4713.68      1.03821e+7 
        4724.83      1.03747e+7 
        4738.67      1.03651e+7 
        4753.67      1.03542e+7 
        4768.67      1.03424e+7 
        4783.66      1.03294e+7 
        4798.66      1.03145e+7 
        4813.65      1.02953e+7 
        4828.65      1.02633e+7 
        4839.16      1.02124e+7 
        4850.22      1.00019e+7 
        4860.28      6.68223e+6 
        4870.86      9.90642e+6 
        4882.91       1.0173e+7 
        4893.63      1.02085e+7 
        4908.63      1.02149e+7 
         4921.7      1.02096e+7 
        4933.62      1.02016e+7 
        4948.62      1.01895e+7 
        4963.61      1.01762e+7 
        4978.61       1.0162e+7 
        4993.61      1.01473e+7 
         5008.6       1.0132e+7 
         5023.6      1.01164e+7 
        5038.59      1.01003e+7 
        5053.59       1.0084e+7 
        5068.59      1.00674e+7 
        5083.58      1.00505e+7 
        5098.58      1.00332e+7 
        5113.57      1.00157e+7 
        5128.57      9.99802e+6 
        5143.57      9.98009e+6 
        5158.56       9.9619e+6 
        5173.56      9.94352e+6 
        5188.55      9.92489e+6 
        5203.55      9.90607e+6 
        5218.55      9.88703e+6 
        5233.54      9.86781e+6 
        5248.54      9.84839e+6 
        5263.53      9.82879e+6 
        5278.53      9.80903e+6 
        5293.52      9.78923e+6 
        5308.52      9.76925e+6 
        5323.52      9.74912e+6 
        5338.51      9.72879e+6 
        5353.51      9.70828e+6 
        5368.51      9.68773e+6 
         5383.5      9.66677e+6 
         5398.5      9.64563e+6 
        5413.49      9.62433e+6 
        5428.49      9.60291e+6 
        5443.48      9.58135e+6 
        5458.48      9.55968e+6 
        5473.48      9.53788e+6 
        5488.47      9.51604e+6 
        5503.47      9.49405e+6 
        5518.47      9.47196e+6 
        5533.46      9.44972e+6 
        5548.46      9.42739e+6 
        5563.45      9.40495e+6 
        5578.45       9.3824e+6 
        5593.44      9.35972e+6 
        5608.44      9.33697e+6 
        5623.44       9.3141e+6 
        5638.43      9.29113e+6 
        5653.43      9.26808e+6 
        5668.43      9.24505e+6 
        5682.86      9.22268e+6 
        5693.42      9.20628e+6 
        5704.77      9.18859e+6 
        5715.23      9.17226e+6 
        5728.41      9.15162e+6 
         5743.4      9.12805e+6 
         5758.4      9.10443e+6 
         5773.4      9.08027e+6 
        5788.39      9.05649e+6 
        5803.39      9.03264e+6 
        5818.39      9.00874e+6 
        5833.38      8.98477e+6 
        5848.38      8.96073e+6 
        5863.37      8.93664e+6 
        5878.37      8.91251e+6 
        5893.36      8.88832e+6 
        5908.36       8.8641e+6 
        5923.36      8.83981e+6 
        5938.35      8.81547e+6 
        5953.35      8.79109e+6 
        5968.34      8.76668e+6 
        5983.34       8.7422e+6 
        5998.34      8.71773e+6 
        6013.33      8.69313e+6 
        6028.33       8.6685e+6 
        6043.32      8.64387e+6 
        6058.32      8.61918e+6 
        6073.32      8.59449e+6 
        6088.31      8.56973e+6 
        6103.31      8.54497e+6 
         6118.3      8.52019e+6 
         6133.3      8.49537e+6 
         6148.3      8.47055e+6 
        6163.29      8.44567e+6 
        6178.29      8.42079e+6 
        6193.28      8.39591e+6 
        6208.28      8.37099e+6 
        6223.28      8.34602e+6 
        6238.27      8.32107e+6 
        6252.16      8.29792e+6 
        6262.16      8.28124e+6 
        6273.26      8.26267e+6 
        6284.63       8.2437e+6 
        6295.99      8.22466e+6 
        6306.09      8.20772e+6 
        6316.22      8.19073e+6 
        6328.25       8.1705e+6 
        6343.24      8.14518e+6 
        6358.24      8.11976e+6 
        6373.23      8.09422e+6 
        6388.23      8.06846e+6 
        6403.23      8.04245e+6 
        6418.22      8.01606e+6 
        6433.22       7.9891e+6 
        6448.22      7.96124e+6 
        6463.21      7.93189e+6 
        6478.21      7.90004e+6 
         6493.2      7.86334e+6 
         6508.2      7.81625e+6 
        6523.19      7.74246e+6 
         6536.1      7.61308e+6 
        6546.46      7.34869e+6 
        6556.84      6.35142e+6 
        6566.99      5.90217e+6 
         6577.3      7.22233e+6 
        6587.91      7.51089e+6 
        6598.17      7.59973e+6 
        6613.66      7.63841e+6 
        6623.98      7.64148e+6 
         6634.3      7.63693e+6 
        6654.94      7.61692e+6 
        6680.98       7.5828e+6 
        6696.23      7.56084e+6 
        6711.48      7.53806e+6 
        6741.98      7.49135e+6 
        6781.19      7.43006e+6 
        6802.98      7.39569e+6 
        6824.78      7.36119e+6 
        6868.37      7.29264e+6 
        6955.56      7.15561e+6 
        6976.35      7.12303e+6 
        7042.75      7.01929e+6 
        7109.15      6.91615e+6 
        7175.54      6.81484e+6 
        7241.94      6.71424e+6 
        7308.33      6.61443e+6 
        7355.95       6.5434e+6 
        7374.73      6.51569e+6 
        7393.51      6.48786e+6 
        7431.08      6.43301e+6 
        7506.22      6.32418e+6 
        7581.35      6.21655e+6 
         7635.1      6.14031e+6 
        7656.49      6.11015e+6 
        7677.88      6.08008e+6 
        7720.67      6.02093e+6 
        7806.23      5.90384e+6 
        7821.36      5.88332e+6 
         7891.8      5.78845e+6 
        7962.25       5.6947e+6 
        7982.84      5.66775e+6 
        8032.69      5.60284e+6 
        8082.55      5.53853e+6 
        8161.68       5.4381e+6 
        8182.26      5.41221e+6 
        8200.85      5.38893e+6 
        8216.85      5.36904e+6 
        8232.84      5.34925e+6 
        8264.83      5.30983e+6 
        8289.72      5.27932e+6 
        8328.82      5.23166e+6 
        8343.44      5.21394e+6 
        8367.92      5.18441e+6 
        8388.68      5.15959e+6 
        8408.65      5.13584e+6 
        8432.02      5.10814e+6 
        8467.25      5.06663e+6 
        8502.48      5.02542e+6 
        8516.58      5.00905e+6 
        8530.98      4.99234e+6 
        8545.38      4.97575e+6 
        8574.18      4.94292e+6 
        8598.39      4.91527e+6 
         8628.6      4.88128e+6 
        8646.81       4.8608e+6 
        8665.01      4.84013e+6 
        8685.59      4.81744e+6 
        8701.43      4.79985e+6 
        8750.47      4.74512e+6 
        8767.92      4.72656e+6 
        8815.35      4.67491e+6 
        8862.78      4.62295e+6 
        8900.38      4.58462e+6 
        8957.65      4.52471e+6 
        9014.91      4.46178e+6 
        9044.62      4.43502e+6 
        9072.17      4.40709e+6 
        9099.72      4.37925e+6 
        9154.81      4.32456e+6 
         9190.8      4.28903e+6 
         9209.9      4.26977e+6 
        9229.01      4.24247e+6 
        9267.22      4.21489e+6 
         9303.2      4.18058e+6 
        9343.64      4.14216e+6 
        9384.08      4.10408e+6 
        9424.52       4.0667e+6 
        9464.96      4.02956e+6 
        9485.18      4.01106e+6 
         9505.4      3.99249e+6 
        9525.62      3.97305e+6 
        9545.72      3.93516e+6 
        9561.21      3.94019e+6 
        9576.69      3.92822e+6 
        9592.17      3.91493e+6 
        9607.66      3.90139e+6 
        9638.63      3.87421e+6 
        9668.45      3.84817e+6 
         9728.1      3.79709e+6 
        9787.75      3.74663e+6 
         9847.4      3.69687e+6 
        9861.28      3.68537e+6 
        9907.05       3.6477e+6 
        9952.82      3.61035e+6 
        10039.4      3.53219e+6 
        10049.4      3.48481e+6 
        10063.1      3.51711e+6 
        10073.1      3.51293e+6 
        10083.2       3.5063e+6 
        10093.2      3.49904e+6 
        10113.2      3.48393e+6 
        10153.2      3.45336e+6 
        10229.5      3.39556e+6 
        10244.9      3.38409e+6 
        10260.4      3.37281e+6 
        10291.3      3.35041e+6 
        10353.2      3.30599e+6 
          10415      3.26214e+6 
        10476.9      3.21888e+6 
        10538.7      3.17621e+6 
        10600.6      3.13411e+6 
        10662.4      3.09257e+6 
        10724.3      3.05159e+6 
        10786.1      3.01113e+6 
          10848      2.97102e+6 
        10881.6      2.94901e+6 
        10895.7      2.93928e+6 
        10909.8      2.92831e+6 
          10924      2.91082e+6 
        10934.6      2.86096e+6 
        10944.7      2.87713e+6 
        10955.3      2.89454e+6 
        10976.5      2.88825e+6 
        10990.6      2.88047e+6 
        11004.8      2.87217e+6 
          11033      2.85516e+6 
        11089.6      2.82094e+6 
        11146.1        2.787e+6 
        11202.6      2.75347e+6 
        11257.4      2.72137e+6 
        11271.4      2.71353e+6 
        11285.3      2.70579e+6 
        11313.3      2.69039e+6 
        11369.1      2.65985e+6 
          11425      2.62967e+6 
        11480.8      2.59986e+6 
        11536.7      2.57039e+6 
        11592.5      2.54126e+6 
        11648.4      2.51248e+6 
        11704.2      2.48405e+6 
        11760.1      2.45596e+6 
        11815.9       2.4282e+6 
        11871.8      2.40077e+6 
        11927.6      2.37367e+6 
        11983.5       2.3469e+6 
        12039.3      2.32044e+6 
        12095.2      2.29431e+6 
          12151       2.2685e+6 
        12206.9        2.243e+6 
        12240.8      2.22765e+6 
        12262.7      2.21782e+6 
        12284.6      2.20803e+6 
        12328.4      2.18959e+6 
          12416      2.15317e+6 
        12503.6      2.11736e+6 
        12591.1      2.08211e+6 
        12678.7      2.04722e+6 
        12714.5      2.03281e+6 
        12740.4      2.02199e+6 
        12753.3       2.0162e+6 
        12766.3      2.00981e+6 
        12779.2      2.00197e+6 
        12792.2      1.98986e+6 
        12805.1      1.95941e+6 
        12815.6      1.84477e+6 
        12825.8      1.91972e+6 
        12838.7      1.96583e+6 
        12851.6      1.97226e+6 
        12864.6      1.97145e+6 
        12877.5      1.96846e+6 
        12903.4      1.96036e+6 
        12955.2      1.94209e+6 
          13007      1.92336e+6 
        13058.7      1.90466e+6 
        13110.5       1.8861e+6 
        13162.3      1.86771e+6 
        13214.1       1.8495e+6 
        13265.8      1.83148e+6 
        13308.4      1.81682e+6 
        13393.4      1.78956e+6 
        13478.4      1.76272e+6 
        13563.5      1.73627e+6 
        13648.5      1.71025e+6 
        13733.6      1.68463e+6 
        13818.6       1.6594e+6 
        13903.7      1.63457e+6 
        13988.7      1.61014e+6 
        14073.8      1.58608e+6 
        14158.8       1.5624e+6 
        14243.8      1.53907e+6 
        14325.7      1.51697e+6 
        14338.4      1.51362e+6 
        14351.2      1.51033e+6 
        14376.7      1.50378e+6 
        14397.6      1.49841e+6 
        14427.6      1.49076e+6 
        14457.6      1.48316e+6 
        14517.6       1.4682e+6 
        14572.1      1.45476e+6 
        14583.2      1.45203e+6 
        14597.2      1.44866e+6 
        14613.2      1.44486e+6 
        14645.2      1.43729e+6 
        14709.2      1.42227e+6 
        14773.2      1.40742e+6 
        14837.1      1.39273e+6 
        14901.1       1.3782e+6 
        14965.1      1.36384e+6 
        15029.1      1.34969e+6 
        15093.1      1.33568e+6 
        15157.1       1.3218e+6 
          15221      1.30806e+6 
          15285      1.29446e+6 
          15349        1.281e+6 
          15413      1.26767e+6 
        15471.6      1.25559e+6 
        15482.4      1.25337e+6 
        15493.1      1.25105e+6 
        15514.7      1.24642e+6 
        15557.9      1.23722e+6 
        15644.2      1.21903e+6 
        15730.5      1.20112e+6 
        15816.8      1.18348e+6 
        15903.1      1.16612e+6 
        15989.4      1.14903e+6 
        16075.8      1.13222e+6 
        16162.1      1.11567e+6 
        16248.4      1.09938e+6 
        16289.9      1.09164e+6 
        16334.7      1.08335e+6 
        16379.5      1.07513e+6 
        16469.1      1.05591e+6 
        16558.8      1.03712e+6 
        16648.4      1.01873e+6 
          16738      1.00074e+6 
        16827.7          983136 
        16917.3          965914 
        17006.9          949063 
        17096.6          932569 
        17186.2          916428 
        17275.8          900625 
        17327.7          891637 
        17365.5          885159 
        17403.2          878738 
        17478.8          866059 
        17554.3          853605 
        17629.9          841372 
        17705.4          829352 
          17781          817543 
        17856.5          805941 
        17932.1          794540 
        18007.6          783111 
        18083.2          772056 
        18158.7          761170 
        18234.3          750442 
        18309.8          739842 
        18343.7          735114 
        18385.3          729330 
          18427          723540 
        18510.2          711775 
        18551.8          705605 
        18593.4          698891 
        18614.2          695118 
          18635          690824 
        18655.8          685615 
        18666.2          682445 
        18676.6          678681 
          18687          674048 
        18697.4          668126 
        18707.8          660133 
        18718.2          648651 
        18728.6          630618 
          18739          597927 
        18749.4          517395 
          18761          585046 
        18772.7          623770 
        18782.8          639716 
        18792.8          648946 
        18806.3          655949 
        18819.7          659675 
        18833.1          661588 
        18846.5          662402 
        18859.9          662524 
        18886.8          661550 
        18913.6          659668 
        18940.5          657315 
        18994.1          651934 
        19047.8          646163 
        19101.5          640257 
        19155.2          634313 
        19208.9          628378 
        19262.5          622481 
        19316.2          616629 
        19369.9          610826 
        19396.5          607974 
        19423.6          605086 
        19450.7          602212 
        19504.8          596507 
          19559          590981 
        19613.2          585386 
        19667.3          579853 
        19721.5          574387 
        19775.7          568986 
        19829.8          563646 
          19884          558365 
        19938.1          553147 
        19992.3          547991 
        20046.5          542892 
        20100.6          537850 
        20154.8          532868 
          20209          527942 
        20263.1          523072 
        20317.3          518259 
        20371.5          513500 
        20425.6          508793 
        20474.4          504599 
          20572          496343 
        20669.5          488251 
        20767.1          480318 
        20864.6          472549 
        20962.2          464931 
        21059.8          457463 
        21157.3          450146 
        21254.9          442971 
        21352.4          435937 
          21450          429041 
        21464.5          428029 
        21547.5          422280 
        21630.6          416625 
        21713.7          411065 
        21796.8          405595 
        21879.8          400217 
        21962.9          394923 
          22046          389718 
          22129          384597 
        22212.1          379561 
        22295.2          374604 
        22378.3          369728 
        22461.3          364927 
        22544.4          360206 
        22627.5          355559 
        22710.5          350988 
        22784.8          346961 
        22800.8          346100 
        22816.8          345242 
        22848.8          343536 
        22912.8          340156 
        22976.8          336816 
        23040.8          333515 
        23104.8          330257 
        23168.7          327037 
        23232.7          323854 
        23296.7          320713 
        23360.7          317606 
        23424.7          314539 
        23488.6          311506 
        23552.6          308511 
        23616.6          305551 
        23680.6          302626 
        23744.6          299735 
        23808.6          296879 
        23872.5          294056 
        23936.5          291266 
        24000.5          288510 
        24064.5          285785 
        24128.5          283092 
        24192.5          280431 
        24256.4          277800 
        24320.4          275200 
        24384.4          272630 
        24448.4          270090 
        24512.4          267579 
        24576.3          265096 
        24640.3          262642 
        24704.3          260217 
        24768.3          257819 
        24832.3          255448 
        24896.3          253104 
        24960.2          250787 
        25004.4          249202 
        25024.2          248496 
          25044          247793 
        25083.6          246394 
        25162.8          243626 
        25241.9          240896 
        25321.1          238204 
        25400.2          235549 
        25479.4          232932 
        25558.5          230351 
        25637.7          227806 
        25716.9          225295 
          25796          222818 
        25875.2          220375 
        25954.3          217966 
        26033.5          215588 
        26112.7          213243 
        26191.8          210930 
          26271          208648 
        26350.1          206396 
        26429.3          204174 
        26508.4          201982 
        26587.6          199819 
        26666.8          197685 
        26745.9          195579 
        26825.1          193500 
        26904.2          191450 
        26983.4          189425 
        27062.6          187428 
        27141.7          185457 
        27220.9          183511 
        27299.2          181611 
        27377.5          179735 
        27455.8          177884 
        27534.2          176056 
        27612.5          174251 
        27690.8          172469 
        27769.1          170710 
        27847.5          168973 
        27925.8          167258 
        28004.1          165565 
        28082.4          163892 
        28160.8          162241 
        28239.1          160610 
        28317.4          159000 
        28395.7          157410 
          28474          155839 
        28552.4          154288 
        28630.7          152756 
          28709          151242 
        28787.3          149748 
        28865.7          148271 
          28944          146813 
        29022.3          145373 
        29100.6          143951 
          29179          142546 
        29257.3          141158 
        29335.6          139787 
        29413.9          138432 
        29492.3          137093 
        29570.6          135771 
        29648.9          134465 
        29727.2          133174 
        29805.5          131898 
        29883.9          130637 
        29932.6          129861 
        29962.2          129392 
        29991.8          128925 
