# Koester WD models
# teff = 6750 K (value for the effective temperature for the model. Temperatures are given in K)
# logg = 8 log(cm/s2) (value for Log(G) for the model.)
#
# column 1: WAVELENGTH (ANGSTROM), Wavelength in Angstrom
# column 2: FLUX (ERG/CM2/S/A), Flux in erg/cm2/s/A
         899.23        0.391634 
        909.241        0.517656 
        919.251        0.723201 
        929.261         0.98012 
        939.271          1.6328 
         949.28         1.48209 
        959.289         3.97289 
        969.297         5.35733 
        979.305         7.80934 
        989.312         10.5235 
        999.319         13.6772 
        1009.33         17.2739 
        1019.33         19.5493 
        1029.34         22.2022 
        1039.34         33.4199 
        1049.35         41.2416 
        1059.36         49.9416 
        1069.36         60.0713 
        1079.36         71.9579 
        1089.37         85.4243 
        1099.37         101.297 
        1109.38         118.996 
        1119.38         140.881 
        1129.38         165.251 
        1139.39         191.363 
        1149.39         218.012 
        1159.39         239.631 
        1169.39         251.469 
         1179.4         249.384 
         1189.4         266.266 
         1199.4           295.9 
         1209.4          299.07 
        1219.41         330.103 
        1229.41         483.469 
        1239.41         580.262 
        1249.41          672.69 
        1259.41         779.212 
        1269.41          925.51 
        1279.42         1099.27 
        1289.42         1273.17 
        1299.42         1456.56 
        1309.42          1657.3 
        1319.42         1866.76 
        1329.42         2112.44 
        1339.42         2365.45 
        1349.42         2643.24 
        1359.42         2962.86 
        1369.42         3294.27 
        1379.42          3647.8 
        1389.42         4045.93 
        1399.42          4493.8 
        1409.42          4956.3 
        1419.42         5438.44 
        1429.42          5961.8 
        1439.42          6543.4 
        1454.42         7555.91 
        1464.42         8269.58 
        1474.42          8965.1 
        1489.42         10073.6 
        1501.92         11125.9 
        1514.42           12493 
        1529.42         14253.3 
        1544.42         15973.1 
        1559.42         17336.6 
        1570.19         18455.1 
        1584.41         20120.8 
        1599.41         22188.3 
        1611.91         24492.4 
        1624.41           27657 
        1639.41         32649.9 
        1654.41         38873.8 
        1665.56         44410.2 
        1676.33         50488.5 
         1686.9           57609 
         1699.4         68777.6 
         1714.4           84971 
         1729.4          104941 
         1741.9          122738 
        1754.39          138339 
        1767.08          152277 
        1778.14          166530 
        1789.39          188513 
        1804.39          213379 
        1824.38          250469 
        1834.77          271477 
        1846.32          295913 
        1856.32          327407 
        1866.33          356521 
        1877.77          389036 
        1893.03          438601 
        1908.28          494176 
        1919.37          538563 
        1929.76          580635 
        1939.82          659537 
        1949.88          731916 
        1964.16          806507 
        1977.44          881248 
        1995.16          989479 
        2007.92      1.07443e+6 
        2019.05       1.1541e+6 
        2030.18      1.28679e+6 
        2041.42      1.37149e+6 
         2058.5      1.50766e+6 
        2075.57      1.65568e+6 
        2086.11      1.75365e+6 
        2101.18      1.90214e+6 
        2116.25      2.05952e+6 
        2127.56      2.18379e+6 
        2138.86      2.36831e+6 
        2149.94      2.49647e+6 
        2165.47      2.67932e+6 
        2181.01       2.8664e+6 
        2196.54      3.06226e+6 
        2209.46      3.23204e+6 
        2219.93      3.37036e+6 
         2230.4      3.50906e+6 
        2245.04      3.70871e+6 
        2257.62      3.88593e+6 
        2268.63      4.13933e+6 
        2279.64      4.33179e+6 
        2298.51      4.66253e+6 
        2313.13      4.93045e+6 
        2327.76      5.16252e+6 
        2342.38      5.40354e+6 
        2362.35      5.74337e+6 
        2387.69       6.1727e+6 
        2398.48       6.3611e+6 
        2409.27      6.55185e+6 
        2420.07       6.7505e+6 
        2430.86      7.00107e+6 
        2441.65      7.18529e+6 
        2452.45      7.37036e+6 
        2466.76      7.63486e+6 
        2488.39      8.03142e+6 
        2510.01      8.43722e+6 
        2531.64      8.81097e+6 
         2547.3      9.08263e+6 
        2559.23      9.28988e+6 
        2571.17      9.51877e+6 
         2583.1       9.7482e+6 
        2595.04      9.97858e+6 
        2606.97      1.02634e+7 
        2618.91      1.04975e+7 
        2630.84      1.07133e+7 
        2651.76      1.10915e+7 
        2663.58       1.1287e+7 
        2675.41       1.1464e+7 
        2699.06      1.18145e+7 
        2736.61      1.23614e+7 
        2756.11      1.26404e+7 
        2774.67       1.2901e+7 
        2814.61      1.34501e+7 
        2854.55      1.39948e+7 
        2894.49      1.44723e+7 
        2915.87      1.47209e+7 
        2934.43      1.49326e+7 
        2952.98      1.51407e+7 
         2990.1      1.55158e+7 
           3003      1.56423e+7 
        3027.21      1.58748e+7 
        3049.83      1.60859e+7 
        3099.84      1.65347e+7 
        3149.86      1.69514e+7 
        3199.87      1.73114e+7 
        3248.29      1.76348e+7 
        3296.72      1.78834e+7 
        3343.56      1.81014e+7 
        3356.25       1.8156e+7 
        3368.94      1.82086e+7 
        3394.33      1.83095e+7 
        3445.03      1.84932e+7 
        3462.43      1.85487e+7 
        3479.84      1.86013e+7 
        3495.92      1.86461e+7 
        3514.65      1.86937e+7 
         3543.6      1.87616e+7 
        3591.28      1.88554e+7 
        3635.88      1.89265e+7 
        3647.12      1.89412e+7 
        3658.96      1.89568e+7 
        3671.11      1.89713e+7 
        3682.58       1.8984e+7 
         3693.5      1.89958e+7 
        3703.57      1.90033e+7 
        3713.83      1.90151e+7 
        3724.38      1.90239e+7 
        3734.43      1.89971e+7 
        3744.62      1.90386e+7 
        3754.84      1.90463e+7 
        3765.07      1.90526e+7 
         3775.5      1.90641e+7 
        3786.22      1.90808e+7 
        3796.45       1.8964e+7 
        3807.84      1.91217e+7 
        3818.92      1.91471e+7 
        3830.45      1.90212e+7 
        3840.76      1.90522e+7 
        3851.98      1.92346e+7 
        3862.01       1.9271e+7 
        3872.59      1.92436e+7 
        3883.67       1.8879e+7 
        3893.69      1.87668e+7 
        3903.89      1.92722e+7 
        3918.89      1.93912e+7 
        3929.56       1.9409e+7 
        3940.04      1.94011e+7 
        3950.65      1.93323e+7 
        3962.28      1.88517e+7 
        3972.48        1.739e+7 
        3984.18      1.92063e+7 
        3996.36      1.94059e+7 
        4008.87      1.94473e+7 
        4023.86       1.9455e+7 
         4035.9      1.94508e+7 
        4048.86      1.94381e+7 
        4063.85       1.9404e+7 
        4075.42      1.93335e+7 
         4085.7      1.91337e+7 
        4096.23      1.79208e+7 
         4106.3      1.74294e+7 
        4116.69      1.90327e+7 
        4128.84      1.92824e+7 
        4143.83      1.93333e+7 
        4158.83      1.93319e+7 
        4173.82       1.9317e+7 
        4188.82      1.92969e+7 
        4203.81       1.9274e+7 
        4216.52      1.92527e+7 
        4228.81      1.92307e+7 
        4243.81      1.92017e+7 
         4258.8      1.91696e+7 
         4273.8      1.91326e+7 
        4288.79       1.9085e+7 
        4303.79       1.9009e+7 
        4314.07      1.89036e+7 
        4326.14      1.85058e+7 
        4336.17      1.62792e+7 
         4346.5      1.69866e+7 
        4357.43      1.85611e+7 
        4367.98      1.87955e+7 
        4378.77      1.88502e+7 
        4393.77      1.88551e+7 
        4408.76      1.88343e+7 
        4423.76      1.88042e+7 
        4438.75      1.87698e+7 
        4453.75      1.87332e+7 
        4468.74       1.8695e+7 
        4483.74      1.86558e+7 
        4498.74      1.86339e+7 
        4513.73       1.8593e+7 
        4527.19      1.85557e+7 
        4538.73      1.85232e+7 
        4553.72      1.84805e+7 
        4568.72      1.84372e+7 
        4583.72      1.83932e+7 
        4596.53      1.83552e+7 
        4608.71      1.83187e+7 
         4623.7      1.82731e+7 
         4638.7       1.8227e+7 
         4653.7      1.81804e+7 
        4668.69      1.81332e+7 
        4683.69      1.80855e+7 
        4698.68       1.8037e+7 
        4713.68      1.79877e+7 
        4724.83      1.79504e+7 
        4738.67      1.79032e+7 
        4753.67      1.78504e+7 
        4768.67      1.77952e+7 
        4783.66      1.77354e+7 
        4798.66      1.76666e+7 
        4813.65      1.75762e+7 
        4828.65      1.74206e+7 
        4839.16      1.71712e+7 
        4850.22      1.62856e+7 
        4860.28       9.4725e+6 
         4870.5      1.58083e+7 
        4882.91      1.70023e+7 
        4893.63      1.72016e+7 
        4908.63      1.72598e+7 
         4921.7      1.72525e+7 
        4933.62      1.72293e+7 
        4948.62      1.71902e+7 
        4963.61      1.71457e+7 
        4978.61      1.70982e+7 
        4993.61      1.70491e+7 
         5008.6      1.69987e+7 
         5023.6      1.69475e+7 
        5038.59      1.68958e+7 
        5053.59      1.68437e+7 
        5068.59      1.67912e+7 
        5083.58      1.67386e+7 
        5098.58      1.66856e+7 
        5113.57      1.66325e+7 
        5128.57      1.65792e+7 
        5143.57      1.65258e+7 
        5158.56      1.64722e+7 
        5173.56      1.64186e+7 
        5188.55      1.63648e+7 
        5203.55      1.63109e+7 
        5218.55       1.6257e+7 
        5233.54       1.6203e+7 
        5248.54       1.6149e+7 
        5263.53      1.60949e+7 
        5278.53      1.60408e+7 
        5293.52      1.59867e+7 
        5308.52      1.59325e+7 
        5323.52      1.58784e+7 
        5338.51      1.58241e+7 
        5353.51      1.57699e+7 
        5368.51      1.57162e+7 
         5383.5      1.56618e+7 
         5398.5      1.56074e+7 
        5413.49       1.5553e+7 
        5428.49      1.54987e+7 
        5443.48      1.54443e+7 
        5458.48      1.53899e+7 
        5473.48      1.53356e+7 
        5488.47      1.52814e+7 
        5503.47      1.52272e+7 
        5518.47       1.5173e+7 
        5533.46      1.51188e+7 
        5548.46      1.50647e+7 
        5563.45      1.50107e+7 
        5578.45      1.49566e+7 
        5593.44      1.49026e+7 
        5608.44      1.48487e+7 
        5623.44      1.47949e+7 
        5638.43       1.4741e+7 
        5653.43      1.46873e+7 
        5668.43      1.46346e+7 
        5682.86      1.45829e+7 
        5693.42      1.45452e+7 
        5704.77      1.45047e+7 
        5715.23      1.44673e+7 
        5728.41      1.44204e+7 
         5743.4      1.43671e+7 
         5758.4      1.43138e+7 
         5773.4      1.42587e+7 
        5788.39      1.42055e+7 
        5803.39      1.41524e+7 
        5818.39      1.40994e+7 
        5833.38      1.40464e+7 
        5848.38      1.39936e+7 
        5863.37      1.39409e+7 
        5878.37      1.38883e+7 
        5893.36      1.38357e+7 
        5908.36      1.37833e+7 
        5923.36      1.37309e+7 
        5938.35      1.36787e+7 
        5953.35      1.36266e+7 
        5968.34      1.35745e+7 
        5983.34      1.35226e+7 
        5998.34      1.34708e+7 
        6013.33       1.3419e+7 
        6028.33      1.33673e+7 
        6043.32      1.33158e+7 
        6058.32      1.32643e+7 
        6073.32      1.32129e+7 
        6088.31      1.31617e+7 
        6103.31      1.31106e+7 
         6118.3      1.30595e+7 
         6133.3      1.30086e+7 
         6148.3      1.29578e+7 
        6163.29       1.2907e+7 
        6178.29      1.28563e+7 
        6193.28      1.28058e+7 
        6208.28      1.27553e+7 
        6223.28      1.27048e+7 
        6238.27      1.26545e+7 
        6252.16      1.26079e+7 
        6262.16      1.25743e+7 
        6273.26       1.2537e+7 
        6284.63      1.24989e+7 
        6295.99      1.24608e+7 
        6306.09      1.24268e+7 
        6316.22      1.23927e+7 
        6328.25      1.23521e+7 
        6343.24      1.23014e+7 
        6358.24      1.22503e+7 
        6373.23      1.21987e+7 
        6388.23      1.21465e+7 
        6403.23      1.20933e+7 
        6418.22      1.20386e+7 
        6433.22      1.19817e+7 
        6448.22      1.19213e+7 
        6463.21      1.18552e+7 
        6478.21      1.17794e+7 
         6493.2      1.16854e+7 
         6508.2      1.15541e+7 
        6523.19      1.13349e+7 
        6537.09      1.09115e+7 
        6548.06      1.01128e+7 
        6558.19      7.90943e+6 
        6568.58      8.32484e+6 
        6579.13      1.01954e+7 
        6590.04       1.0824e+7 
        6603.34      1.11154e+7 
        6613.66      1.12086e+7 
        6623.98      1.12511e+7 
         6634.3      1.12668e+7 
        6644.62      1.12669e+7 
        6660.33      1.12504e+7 
         6685.9      1.12014e+7 
        6711.48      1.11397e+7 
        6762.62      1.10027e+7 
        6802.75      1.08903e+7 
        6813.77      1.08591e+7 
        6824.78       1.0828e+7 
        6846.81      1.07659e+7 
        6890.86      1.06418e+7 
        6978.98      1.03952e+7 
        7025.03      1.02676e+7 
        7067.09      1.01522e+7 
        7109.15      1.00376e+7 
        7193.26      9.81383e+6 
        7277.38      9.59417e+6 
        7329.48      9.46025e+6 
         7361.5      9.37875e+6 
        7393.51      9.29864e+6 
        7457.55      9.14018e+6 
        7521.58      8.98417e+6 
        7585.61      8.83061e+6 
        7621.41      8.74585e+6 
        7649.65      8.67953e+6 
        7677.88      8.61365e+6 
        7734.35      8.48459e+6 
        7790.83      8.35733e+6 
         7847.3      8.23188e+6 
        7903.77      8.10826e+6 
        7958.24      7.99074e+6 
        7974.27      7.95662e+6 
         7990.3      7.92272e+6 
        8022.35      7.85533e+6 
        8082.55       7.7303e+6 
        8142.75      7.60768e+6 
        8200.85      7.49116e+6 
        8216.85      7.45952e+6 
        8232.84      7.42804e+6 
        8264.83      7.36546e+6 
        8289.72      7.31718e+6 
        8328.82      7.24194e+6 
        8343.44      7.21398e+6 
        8367.92      7.16745e+6 
        8388.68       7.1284e+6 
        8408.65      7.09108e+6 
        8432.02      7.04766e+6 
        8467.25      6.98263e+6 
        8502.48      6.91826e+6 
        8516.58      6.89272e+6 
        8530.98       6.8667e+6 
        8545.38      6.84082e+6 
        8574.18       6.7898e+6 
        8598.39      6.74682e+6 
         8628.6      6.69417e+6 
        8646.81      6.66247e+6 
        8665.01      6.63039e+6 
        8685.59      6.59549e+6 
        8701.43      6.56832e+6 
        8750.47      6.48384e+6 
        8767.92      6.45553e+6 
        8815.35      6.37636e+6 
        8862.78      6.29638e+6 
        8900.38      6.23842e+6 
        8957.65      6.14722e+6 
        9014.91      6.05064e+6 
        9044.62      6.01115e+6 
        9072.17      5.96912e+6 
        9099.72      5.92715e+6 
        9154.81      5.84471e+6 
         9190.8      5.79077e+6 
         9209.9      5.76099e+6 
        9229.01      5.71786e+6 
        9248.11      5.70535e+6 
        9267.22      5.67962e+6 
        9305.43        5.626e+6 
        9379.63      5.52176e+6 
        9397.45       5.4971e+6 
        9415.28      5.47259e+6 
        9450.94      5.42371e+6 
        9498.52      5.35777e+6 
        9510.38      5.34052e+6 
        9522.24      5.32192e+6 
         9534.1      5.29918e+6 
        9544.48      5.26254e+6 
        9554.86       5.2677e+6 
        9565.24      5.26245e+6 
        9580.06      5.24753e+6 
        9591.92      5.23374e+6 
        9615.64      5.20446e+6 
        9657.72      5.15111e+6 
        9668.45      5.13745e+6 
        9679.18      5.12394e+6 
        9700.64      5.09698e+6 
        9743.57      5.04342e+6 
        9829.42      4.93789e+6 
        9877.71      4.87952e+6 
        9915.26      4.83441e+6 
        9952.82       4.7893e+6 
        10006.5      4.72216e+6 
        10017.2      4.70661e+6 
        10027.9      4.68785e+6 
        10038.6      4.65933e+6 
        10048.7       4.5876e+6 
        10058.7      4.63159e+6 
        10069.5      4.63768e+6 
        10085.5      4.62939e+6 
          10107      4.61035e+6 
        10149.8      4.56571e+6 
        10233.9      4.47488e+6 
          10247      4.46103e+6 
        10260.1       4.4473e+6 
        10286.3      4.41997e+6 
        10338.7      4.36581e+6 
        10391.1      4.31231e+6 
        10443.5      4.25947e+6 
        10495.9      4.20735e+6 
        10548.3      4.15592e+6 
        10600.7      4.10518e+6 
        10653.1      4.05504e+6 
        10705.5       4.0055e+6 
        10757.9      3.95646e+6 
        10810.3      3.90754e+6 
        10836.5      3.88276e+6 
        10862.7      3.85703e+6 
        10888.9        3.828e+6 
        10903.6      3.80717e+6 
        10915.1      3.78377e+6 
        10926.6      3.73975e+6 
        10936.6      3.61949e+6 
        10949.2      3.71339e+6 
          10962      3.73981e+6 
        10974.8       3.7434e+6 
        10987.6      3.73956e+6 
        11013.2      3.72373e+6 
        11038.8      3.70409e+6 
          11090      3.66212e+6 
        11141.2      3.61962e+6 
        11192.4       3.5773e+6 
        11226.2      3.54959e+6 
        11243.6      3.53542e+6 
        11260.9      3.52135e+6 
        11295.6      3.49442e+6 
          11365      3.44124e+6 
        11434.5      3.38893e+6 
        11503.9      3.33753e+6 
        11573.3      3.28695e+6 
        11642.7      3.23722e+6 
        11712.2      3.18831e+6 
        11781.6      3.14024e+6 
          11851      3.09298e+6 
        11920.4      3.04652e+6 
        11989.9      3.00083e+6 
        12059.3      2.95583e+6 
        12128.7      2.91166e+6 
        12198.1      2.86823e+6 
        12250.5      2.83595e+6 
        12267.6      2.82553e+6 
        12284.6      2.81515e+6 
        12318.7      2.79541e+6 
          12387      2.75635e+6 
        12455.2      2.71784e+6 
        12523.4       2.6798e+6 
        12591.7      2.64204e+6 
        12659.9      2.60392e+6 
          12694      2.58397e+6 
        12728.1      2.56182e+6 
        12745.2      2.54859e+6 
        12762.2      2.53183e+6 
        12779.3      2.50666e+6 
        12792.1      2.47357e+6 
        12802.7      2.42036e+6 
        12813.4      2.28121e+6 
        12824.4      2.30684e+6 
          12837      2.41426e+6 
        12852.8        2.456e+6 
        12871.7      2.47073e+6 
        12884.3      2.47235e+6 
        12896.9      2.47101e+6 
        12922.2       2.4638e+6 
        12947.4       2.4539e+6 
        12972.7      2.44285e+6 
        13023.1      2.41949e+6 
        13073.6      2.39564e+6 
        13124.1      2.37176e+6 
        13174.6      2.34801e+6 
        13225.1      2.32444e+6 
        13242.8      2.31623e+6 
        13275.6       2.3011e+6 
        13308.4      2.28607e+6 
        13373.9      2.25771e+6 
        13439.5      2.22971e+6 
        13505.1      2.20207e+6 
        13570.7      2.17478e+6 
        13636.2      2.14793e+6 
        13701.8      2.12132e+6 
        13767.4      2.09507e+6 
          13833      2.06918e+6 
        13898.6      2.04362e+6 
        13964.1      2.01842e+6 
        14029.7      1.99355e+6 
        14095.3      1.96902e+6 
        14160.9      1.94482e+6 
        14226.4      1.92094e+6 
          14252      1.91173e+6 
          14292      1.89739e+6 
        14332.1      1.88316e+6 
        14366.7      1.87121e+6 
        14412.2      1.85565e+6 
        14457.6      1.84023e+6 
          14514      1.82139e+6 
        14548.6      1.80992e+6 
        14581.2      1.79917e+6 
        14597.2      1.79397e+6 
        14613.2      1.78879e+6 
        14645.2      1.77847e+6 
        14709.2      1.75803e+6 
        14773.2      1.73784e+6 
        14837.1       1.7179e+6 
        14901.1      1.69818e+6 
        14965.1      1.67871e+6 
        15029.1      1.65947e+6 
        15093.1      1.64047e+6 
        15157.1      1.62171e+6 
          15221      1.60318e+6 
          15285      1.58487e+6 
          15349       1.5668e+6 
          15413      1.54895e+6 
        15471.6       1.5328e+6 
        15482.4      1.52984e+6 
        15493.1      1.52674e+6 
        15514.7      1.52057e+6 
        15557.9      1.50831e+6 
        15644.2      1.48414e+6 
        15730.5       1.4604e+6 
        15816.8      1.43711e+6 
        15903.1      1.41424e+6 
        15989.4       1.3918e+6 
        16075.8      1.36977e+6 
        16162.1      1.34815e+6 
        16248.4      1.32692e+6 
        16289.9      1.31685e+6 
        16334.7      1.30608e+6 
        16379.5      1.29541e+6 
        16469.1      1.27155e+6 
        16558.8      1.24823e+6 
        16648.4      1.22543e+6 
          16738      1.20315e+6 
        16827.7      1.18136e+6 
        16917.3      1.16006e+6 
        17006.9      1.13922e+6 
        17096.6      1.11885e+6 
        17186.2      1.09893e+6 
        17275.8      1.07944e+6 
        17327.7      1.06836e+6 
        17365.5      1.06038e+6 
        17403.2      1.05247e+6 
        17478.8      1.03687e+6 
        17554.3      1.02156e+6 
        17629.9      1.00653e+6 
        17705.4          991776 
          17781          977283 
        17856.5          963049 
        17932.1          949072 
        18007.6          934658 
        18083.2          921024 
        18158.7          907572 
        18234.3          894261 
        18309.8          881016 
        18343.7          875053 
        18385.3          867698 
          18427          860228 
        18510.2          844463 
        18551.8          835623 
        18593.4          825278 
        18614.2          819073 
          18635          811687 
        18655.8          802372 
        18666.2          796620 
        18676.6          789771 
          18687          781452 
        18697.4          771073 
        18707.8          757507 
        18718.2          739166 
        18728.6          712262 
          18739          668079 
        18749.4          573736 
        18760.8          650674 
        18770.8          696717 
        18780.9          722145 
        18794.3          742519 
        18807.7          755440 
        18821.1          763929 
        18834.6          769612 
          18848          773331 
        18861.4          775706 
        18874.8          777101 
        18888.2          777774 
        18915.1          777682 
        18941.9          776341 
        18968.8          774233 
        19022.5          768751 
        19076.1          762402 
        19129.8          755663 
        19183.5          748751 
        19237.2          741774 
        19290.9          734784 
        19344.5          727819 
        19398.2          720895 
        19450.7          714181 
        19503.1          707521 
        19555.6          701295 
          19608          694713 
        19660.5          688210 
        19712.9          681782 
        19765.4          675427 
        19817.9          669144 
        19870.3          662936 
        19922.8          656797 
        19975.2          650728 
        20027.7          644727 
        20080.1          638796 
        20132.6          632934 
          20185          627137 
        20237.5          621404 
        20289.9          615736 
        20342.4          610135 
        20394.9          604593 
        20420.2          601939 
        20447.3          599117 
        20474.4          596312 
        20528.6          590748 
        20582.7          585250 
        20636.9          579815 
        20691.1          574443 
        20745.2          569131 
        20799.4          563881 
        20853.6          558691 
        20907.8          553558 
        20961.9          548484 
        21016.1          543467 
        21070.3          538510 
        21124.5          533606 
        21178.6          528758 
        21232.8          523964 
          21287          519224 
        21341.1          514536 
        21395.3          509899 
        21449.5          505319 
        21503.7          500786 
        21557.8          496303 
        21593.4          493387 
          21612          491870 
        21630.6          490359 
        21667.9          487349 
        21742.4          481402 
        21816.8          475543 
        21891.3          469772 
        21965.8          464089 
        22040.3          458490 
        22114.8          452974 
        22189.3          447542 
        22263.8          442189 
        22338.3          436914 
        22412.8          431718 
        22487.3          426600 
        22561.8          421555 
        22636.3          416585 
        22710.8          411687 
        22783.7          406962 
        22800.8          405856 
        22816.8          404832 
        22848.8          402793 
        22912.8          398753 
        22976.8          394763 
        23040.8          390824 
        23104.8          386931 
        23168.7          383086 
        23232.7          379291 
        23296.7          375540 
        23360.7          371836 
        23424.7          368176 
        23488.6          364560 
        23552.6          360991 
        23616.6          357463 
        23680.6          353976 
        23744.6          350533 
        23808.6          347133 
        23872.5          343772 
        23936.5          340451 
        24000.5          337171 
        24064.5          333929 
        24128.5          330725 
        24192.5          327561 
        24256.4          324432 
        24320.4          321341 
        24384.4          318287 
        24448.4          315268 
        24512.4          312286 
        24576.3          309338 
        24640.3          306424 
        24704.3          303544 
        24768.3          300698 
        24832.3          297886 
        24896.3          295105 
        24960.2          292357 
        25004.4          290477 
        25024.2          289640 
          25044          288806 
        25083.6          287148 
        25162.8          283868 
        25241.9          280634 
        25321.1          277446 
        25400.2          274302 
        25479.4          271203 
        25558.5          268147 
        25637.7          265133 
        25716.9          262161 
          25796          259231 
        25875.2          256341 
        25954.3          253491 
        26033.5          250680 
        26112.7          247908 
        26191.8          245174 
          26271          242477 
        26350.1          239817 
        26429.3          237193 
        26508.4          234604 
        26587.6          232050 
        26666.8          229531 
        26745.9          227046 
        26825.1          224593 
        26904.2          222174 
        26983.4          219786 
        27062.6          217431 
        27141.7          215107 
        27220.9          212813 
        27299.2          210573 
        27377.5          208363 
        27455.8          206181 
        27534.2          204027 
        27612.5          201901 
        27690.8          199802 
        27769.1          197731 
        27847.5          195685 
        27925.8          193667 
        28004.1          191674 
        28082.4          189706 
        28160.8          187764 
        28239.1          185846 
        28317.4          183952 
        28395.7          182082 
          28474          180236 
        28552.4          178413 
        28630.7          176613 
          28709          174835 
        28787.3          173080 
        28865.7          171346 
          28944          169634 
        29022.3          167943 
        29100.6          166273 
          29179          164623 
        29257.3          162994 
        29335.6          161385 
        29413.9          159795 
        29492.3          158225 
        29570.6          156674 
        29648.9          155142 
        29727.2          153628 
        29805.5          152133 
        29883.9          150655 
        29932.6          149745 
        29962.2          149196 
        29991.8          148649 
