# Koester WD models
# teff = 7000 K (value for the effective temperature for the model. Temperatures are given in K)
# logg = 7.25 log(cm/s2) (value for Log(G) for the model.)
#
# column 1: WAVELENGTH (ANGSTROM), Wavelength in Angstrom
# column 2: FLUX (ERG/CM2/S/A), Flux in erg/cm2/s/A
         899.23        0.498552 
        909.241        0.657227 
        919.251         1.51623 
        929.261         2.16694 
        939.271         4.51403 
         949.28          2.0213 
        959.289         9.54432 
        969.297         11.7933 
        979.305         17.2441 
        989.312         22.9037 
        999.319         29.5269 
        1009.33         37.0422 
        1019.33         40.9419 
        1029.34         45.5669 
        1039.34         72.1991 
        1049.35         90.6133 
        1059.36         109.866 
        1069.36         132.891 
        1079.36         158.885 
        1089.37          188.57 
        1099.37         222.724 
        1109.38         260.103 
        1119.38         306.615 
        1129.38         357.535 
        1139.39         410.242 
        1149.39          461.77 
        1159.39         500.594 
        1169.39          521.58 
         1179.4         506.258 
         1189.4         519.158 
         1199.4         560.001 
         1209.4         510.977 
        1219.41         541.017 
        1229.41         932.949 
        1239.41         1136.46 
        1249.41         1316.16 
        1259.41         1523.42 
        1269.41         1811.09 
        1279.42         2144.76 
        1289.42         2468.18 
        1299.42         2811.02 
        1309.42         3181.77 
        1319.42         3566.49 
        1329.42         4018.44 
        1339.42         4478.78 
        1349.42         4981.22 
        1359.42         5558.67 
        1369.42         6156.42 
        1379.42         6783.14 
        1389.42          7487.7 
        1399.42         8291.35 
        1409.42          9112.5 
        1419.42         9941.13 
        1429.42         10839.7 
        1439.42         11861.1 
        1454.42           13648 
        1464.42         14864.4 
        1474.42           16010 
        1489.42         17882.7 
        1501.92           19681 
        1514.42         22041.4 
        1529.42           24991 
        1541.92         27424.9 
        1554.42         29226.1 
        1566.72         31199.3 
        1579.41         33571.7 
        1594.41           36641 
        1604.41         39229.4 
        1616.91         43595.9 
        1629.41         49369.5 
        1641.91         56776.7 
        1654.41         66340.7 
        1665.56         77753.8 
        1676.33           91896 
         1687.1          112633 
        1698.24          154453 
         1709.4          225410 
        1720.76          323760 
         1731.9          441881 
         1744.4          568477 
        1756.89          659257 
        1767.08          719682 
        1778.14          793541 
        1788.76          922356 
        1799.39      1.01224e+6 
        1814.38      1.14164e+6 
           1834      1.32427e+6 
        1846.32      1.44651e+6 
        1856.32      1.61584e+6 
        1866.33      1.75694e+6 
        1877.77      1.89382e+6 
        1893.03      2.09037e+6 
        1908.28      2.30099e+6 
        1919.37      2.46307e+6 
        1929.76       2.6212e+6 
        1939.82      2.96757e+6 
        1949.88      3.26188e+6 
         1960.7      3.44526e+6 
        1974.38      3.68565e+6 
        1997.55      4.11244e+6 
        2008.17      4.31727e+6 
        2019.02       4.5326e+6 
        2029.86      4.91336e+6 
        2049.14      5.28542e+6 
        2067.03      5.63998e+6 
        2084.92      6.00553e+6 
        2102.81      6.37995e+6 
        2116.25      6.66706e+6 
        2126.33      6.88436e+6 
        2136.41      7.19723e+6 
        2148.17       7.4812e+6 
        2158.58      7.69696e+6 
        2186.64      8.28303e+6 
         2214.7      8.87714e+6 
           2227      9.13585e+6 
         2239.3      9.39512e+6 
        2251.61      9.65556e+6 
        2263.91      9.97983e+6 
        2276.22      1.03141e+7 
        2288.52      1.05691e+7 
        2300.83       1.0825e+7 
        2313.13      1.10808e+7 
        2337.75      1.15611e+7 
        2362.35      1.20397e+7 
        2409.27      1.29288e+7 
        2451.59      1.37497e+7 
        2466.76      1.40092e+7 
        2488.39      1.43727e+7 
        2510.01      1.47449e+7 
         2547.3       1.5334e+7 
        2559.23      1.55194e+7 
        2571.17      1.57068e+7 
        2595.04       1.6076e+7 
        2627.89      1.66114e+7 
        2642.78      1.68153e+7 
        2657.67      1.70166e+7 
        2687.45       1.7386e+7 
        2737.93      1.79832e+7 
        2756.11      1.81896e+7 
        2766.75      1.83068e+7 
        2810.65      1.87728e+7 
        2854.55      1.92225e+7 
        2898.45      1.96009e+7 
        2931.71      1.98704e+7 
        2942.34      1.99535e+7 
        2952.98      2.00352e+7 
        2974.26      2.01888e+7 
        3016.81      2.04784e+7 
        3051.42      2.06968e+7 
        3091.41      2.09281e+7 
        3120.64      2.10881e+7 
        3149.86      2.12297e+7 
        3168.31      2.13095e+7 
         3208.3        2.147e+7 
        3248.29      2.16132e+7 
        3309.83      2.17896e+7 
        3322.09      2.18203e+7 
        3346.73      2.18774e+7 
        3383.63      2.19511e+7 
        3445.17      2.20463e+7 
        3469.81       2.2074e+7 
        3495.92      2.20967e+7 
        3506.71      2.21032e+7 
         3543.6      2.21193e+7 
        3591.28      2.21241e+7 
        3635.88      2.21134e+7 
        3647.12      2.21074e+7 
        3658.96      2.21013e+7 
        3671.11      2.20939e+7 
        3682.58      2.20842e+7 
         3693.5      2.20813e+7 
        3703.57      2.20442e+7 
        3713.83      2.20724e+7 
        3724.38      2.20763e+7 
        3734.43      2.16904e+7 
        3744.62      2.21089e+7 
        3754.84      2.21454e+7 
        3765.07      2.21298e+7 
         3775.5      2.21632e+7 
        3786.22      2.23683e+7 
        3796.54      2.11186e+7 
        3807.58      2.24758e+7 
        3818.92      2.26635e+7 
        3829.97      2.18303e+7 
        3840.76      2.18014e+7 
        3851.98       2.2865e+7 
        3862.01      2.29866e+7 
        3872.59       2.2842e+7 
        3883.11      2.15724e+7 
        3893.51      2.09041e+7 
        3903.62      2.28006e+7 
        3913.89      2.31042e+7 
        3928.22      2.31659e+7 
        3938.89      2.31339e+7 
        3950.65      2.29308e+7 
        3961.37      2.19011e+7 
        3971.45      1.64854e+7 
        3981.87      2.23616e+7 
        3992.03      2.29644e+7 
        4003.87      2.31002e+7 
        4015.58      2.31168e+7 
        4028.86      2.31021e+7 
        4043.86      2.30688e+7 
        4058.85      2.30108e+7 
        4073.85      2.28636e+7 
         4085.7      2.24473e+7 
        4095.81       2.0395e+7 
        4106.17      1.93158e+7 
        4116.26      2.22457e+7 
        4128.84      2.27125e+7 
        4143.83      2.27936e+7 
        4158.83      2.27794e+7 
        4173.82      2.27438e+7 
        4188.82      2.27013e+7 
        4203.81      2.26556e+7 
        4216.52      2.26148e+7 
        4228.81       2.2574e+7 
        4243.81      2.25218e+7 
         4258.8      2.24659e+7 
         4273.8      2.24034e+7 
        4288.79      2.23258e+7 
        4303.79      2.22059e+7 
        4314.07      2.20433e+7 
        4324.82      2.15597e+7 
        4334.94      1.91162e+7 
        4345.17      1.84387e+7 
        4356.08      2.14442e+7 
        4367.98      2.18718e+7 
        4378.77      2.19458e+7 
        4393.77      2.19464e+7 
        4408.76      2.19104e+7 
        4423.76      2.18618e+7 
        4438.75      2.18076e+7 
        4453.75      2.17507e+7 
        4468.74      2.16922e+7 
        4483.74      2.16328e+7 
        4498.74      2.15946e+7 
        4513.73      2.15327e+7 
        4527.19      2.14767e+7 
        4538.73      2.14284e+7 
        4553.72      2.13652e+7 
        4568.72      2.13018e+7 
        4583.72       2.1238e+7 
        4596.53      2.11832e+7 
        4608.71      2.11309e+7 
         4623.7       2.1066e+7 
         4638.7      2.10008e+7 
         4653.7      2.09352e+7 
        4668.69      2.08692e+7 
        4683.69      2.08028e+7 
        4698.68      2.07358e+7 
        4713.68      2.06681e+7 
        4724.83      2.06172e+7 
        4738.67      2.05532e+7 
        4753.67      2.04822e+7 
        4768.67      2.04086e+7 
        4783.66      2.03303e+7 
        4798.66      2.02416e+7 
        4813.65      2.01278e+7 
        4828.65       1.9937e+7 
        4839.16      1.96365e+7 
        4850.22      1.85869e+7 
        4860.28      1.01942e+7 
        4870.47      1.80413e+7 
        4880.73      1.93288e+7 
        4891.95      1.96291e+7 
        4903.63      1.96988e+7 
        4915.55      1.96981e+7 
        4928.62      1.96668e+7 
        4943.62      1.96148e+7 
        4958.61      1.95553e+7 
        4973.61      1.94921e+7 
        4988.61      1.94269e+7 
         5003.6      1.93605e+7 
         5018.6      1.92932e+7 
         5033.6      1.92254e+7 
        5048.59      1.91572e+7 
        5063.59      1.90888e+7 
        5078.58      1.90203e+7 
        5093.58      1.89516e+7 
        5108.57      1.88829e+7 
        5123.57      1.88142e+7 
        5138.57      1.87454e+7 
        5153.56      1.86766e+7 
        5168.56      1.86078e+7 
        5183.56       1.8539e+7 
        5198.55      1.84703e+7 
        5213.55      1.84015e+7 
        5228.54      1.83329e+7 
        5243.54      1.82642e+7 
        5258.53      1.81956e+7 
        5273.53       1.8127e+7 
        5288.53      1.80585e+7 
        5303.52      1.79901e+7 
        5318.52      1.79217e+7 
        5333.52      1.78535e+7 
        5348.51      1.77853e+7 
        5363.51      1.77175e+7 
         5378.5      1.76495e+7 
         5393.5      1.75815e+7 
        5408.49      1.75137e+7 
        5423.49      1.74459e+7 
        5438.49      1.73783e+7 
        5453.48      1.73107e+7 
        5468.48      1.72433e+7 
        5483.48       1.7176e+7 
        5498.47      1.71088e+7 
        5513.47      1.70417e+7 
        5528.46      1.69748e+7 
        5543.46       1.6908e+7 
        5558.45      1.68413e+7 
        5573.45      1.67748e+7 
        5588.45      1.67083e+7 
        5603.44       1.6642e+7 
        5618.44      1.65758e+7 
        5633.43      1.65098e+7 
        5648.43      1.64438e+7 
        5663.43      1.63781e+7 
        5673.98       1.6332e+7 
         5686.2      1.62786e+7 
        5698.42      1.62254e+7 
        5708.88      1.61798e+7 
        5723.41      1.61168e+7 
        5738.41      1.60518e+7 
         5753.4      1.59871e+7 
         5768.4      1.59212e+7 
        5783.39      1.58567e+7 
        5798.39      1.57924e+7 
        5813.39      1.57283e+7 
        5828.38      1.56643e+7 
        5843.38      1.56005e+7 
        5858.37      1.55369e+7 
        5873.37      1.54734e+7 
        5888.37      1.54102e+7 
        5903.36      1.53471e+7 
        5918.36      1.52842e+7 
        5933.35      1.52215e+7 
        5948.35      1.51589e+7 
        5963.35      1.50966e+7 
        5978.34      1.50344e+7 
        5993.34      1.49724e+7 
        6008.33      1.49106e+7 
        6023.33      1.48489e+7 
        6038.32      1.47873e+7 
        6053.32       1.4726e+7 
        6068.32      1.46649e+7 
        6083.31      1.46039e+7 
        6098.31      1.45432e+7 
        6113.31      1.44826e+7 
         6128.3      1.44222e+7 
         6143.3      1.43619e+7 
        6158.29      1.43019e+7 
        6173.29      1.42421e+7 
        6188.28      1.41824e+7 
        6203.28      1.41228e+7 
        6218.28      1.40635e+7 
        6233.27      1.40042e+7 
        6244.38      1.39605e+7 
        6256.04      1.39146e+7 
        6266.59      1.38731e+7 
        6278.26      1.38273e+7 
        6290.52      1.37793e+7 
        6302.31      1.37332e+7 
        6312.59      1.36929e+7 
        6323.25      1.36512e+7 
        6338.24      1.35925e+7 
        6353.24      1.35337e+7 
        6368.24      1.34747e+7 
        6383.23      1.34153e+7 
        6398.23      1.33554e+7 
        6413.22      1.32946e+7 
        6428.22      1.32324e+7 
        6443.22       1.3168e+7 
        6458.21      1.30998e+7 
        6473.21      1.30253e+7 
         6488.2      1.29391e+7 
         6503.2      1.28289e+7 
         6518.2      1.26633e+7 
        6532.67      1.23564e+7 
        6543.19      1.18544e+7 
        6553.87         1.04e+7 
        6564.04      7.03249e+6 
        6574.79      1.09447e+7 
           6586      1.19228e+7 
        6598.17      1.22557e+7 
         6608.5      1.23618e+7 
        6623.98      1.24119e+7 
         6634.3      1.24131e+7 
        6654.94      1.23825e+7 
        6675.58      1.23317e+7 
        6711.48      1.22252e+7 
        6741.75      1.21287e+7 
        6783.26      1.19928e+7 
        6824.78      1.18559e+7 
        6907.81       1.1585e+7 
        6990.84       1.1318e+7 
         7038.6      1.11666e+7 
        7073.87      1.10559e+7 
        7109.15      1.09462e+7 
        7179.69      1.07316e+7 
        7250.24      1.05208e+7 
        7320.78      1.03138e+7 
        7389.14      1.01175e+7 
        7406.65       1.0068e+7 
        7424.15      1.00188e+7 
        7459.17      9.92118e+6 
         7529.2       9.7287e+6 
        7599.23      9.53979e+6 
        7660.63      9.37715e+6 
        7677.88      9.33194e+6 
        7695.14      9.28736e+6 
        7729.65      9.19887e+6 
        7798.67      9.02435e+6 
        7867.69      8.85313e+6 
        7911.17      8.74698e+6 
        7936.71      8.68525e+6 
        7962.25      8.62395e+6 
        8013.32      8.50344e+6 
        8046.24      8.42669e+6 
         8064.4      8.38466e+6 
        8082.55      8.34284e+6 
        8118.86      8.26016e+6 
        8180.09      8.12259e+6 
        8191.47       8.0973e+6 
        8202.85      8.07207e+6 
        8216.85      8.04131e+6 
        8232.84      8.00629e+6 
        8264.83      7.93676e+6 
        8289.72      7.88307e+6 
        8328.82      7.79951e+6 
        8343.44       7.7685e+6 
        8367.92      7.71685e+6 
        8388.68      7.67356e+6 
        8408.65      7.63222e+6 
        8432.02      7.58409e+6 
        8467.25      7.51177e+6 
        8502.48      7.44017e+6 
        8516.58      7.41256e+6 
        8530.98      7.38375e+6 
        8545.38      7.35406e+6 
        8574.18      7.29927e+6 
        8598.39      7.24938e+6 
         8628.6      7.19418e+6 
        8646.81      7.15916e+6 
        8665.01      7.11844e+6 
        8701.43      7.05589e+6 
        8725.22      7.01078e+6 
        8737.85      6.98618e+6 
        8750.47      6.95068e+6 
        8775.71       6.9171e+6 
        8786.57      6.89749e+6 
        8800.96      6.87117e+6 
        8815.35      6.84459e+6 
        8825.48      6.82596e+6 
        8844.13      6.79049e+6 
        8858.12      6.75741e+6 
        8869.78      6.73985e+6 
        8881.43      6.72442e+6 
        8892.49      6.70667e+6 
         8916.4      6.66643e+6 
         8953.7      6.60133e+6 
           8969      6.57366e+6 
        8984.31      6.54466e+6 
        8999.61      6.51265e+6 
        9011.08      6.47492e+6 
         9021.6      6.46552e+6 
        9035.95      6.45359e+6 
        9051.25      6.43263e+6 
        9063.99      6.41331e+6 
        9081.85      6.38507e+6 
        9099.72       6.3561e+6 
        9135.44      6.29751e+6 
        9184.77      6.21234e+6 
        9195.83      6.19067e+6 
        9206.89      6.16622e+6 
        9217.95      6.13471e+6 
        9228.96      6.02529e+6 
        9240.16      6.09808e+6 
        9262.55      6.08445e+6 
        9288.14      6.05174e+6 
        9313.74      6.01442e+6 
        9339.33      5.97584e+6 
        9384.08      5.90783e+6 
        9401.22        5.882e+6 
        9437.41      5.82734e+6 
         9455.5      5.79973e+6 
        9473.59      5.77142e+6 
        9491.69      5.74148e+6 
        9509.78       5.7068e+6 
        9523.35      5.67211e+6 
        9536.92      5.61428e+6 
         9547.1        5.478e+6 
        9559.25      5.59537e+6 
        9577.34      5.60366e+6 
        9595.44       5.5898e+6 
        9613.53      5.56869e+6 
        9630.98      5.54614e+6 
        9649.72      5.52091e+6 
        9668.45      5.49531e+6 
        9705.92      5.44429e+6 
        9780.86        5.343e+6 
         9855.8      5.24351e+6 
        9908.65      5.17389e+6 
        9930.74      5.14467e+6 
        9944.61      5.12607e+6 
         9970.8      5.09026e+6 
        9983.89      5.07113e+6 
        9996.99      5.05024e+6 
        10010.1      5.02529e+6 
        10023.2      4.99086e+6 
        10036.3      4.92834e+6 
        10046.9      4.75376e+6 
        10056.9      4.84892e+6 
        10069.7      4.91417e+6 
        10082.5      4.92743e+6 
        10101.7      4.92049e+6 
        10127.3      4.89693e+6 
        10152.9      4.86887e+6 
          10171      4.84826e+6 
        10204.1      4.80984e+6 
        10237.2      4.77123e+6 
        10303.4      4.69643e+6 
        10369.6      4.62267e+6 
        10435.9      4.55016e+6 
        10502.1      4.47875e+6 
        10568.3      4.40863e+6 
        10634.6      4.33964e+6 
        10700.8      4.27169e+6 
          10767      4.20436e+6 
        10800.1      4.17059e+6 
        10833.3      4.13597e+6 
        10860.9       4.1048e+6 
        10880.2       4.0792e+6 
        10899.5      4.04348e+6 
          10914      3.99582e+6 
          10926      3.90528e+6 
        10936.3      3.57466e+6 
        10946.8      3.82718e+6 
        10958.9      3.93283e+6 
        10978.2      3.96896e+6 
        11007.1      3.96284e+6 
        11026.4      3.94955e+6 
          11065      3.91753e+6 
        11142.2       3.8492e+6 
          11178      3.81741e+6 
        11219.4      3.78075e+6 
        11260.9      3.74437e+6 
        11343.9      3.67551e+6 
        11426.8      3.60793e+6 
        11509.8      3.54174e+6 
        11592.7      3.47683e+6 
        11675.7      3.41328e+6 
        11758.6      3.35101e+6 
        11841.6         3.29e+6 
        11924.5      3.23025e+6 
        12007.5      3.17175e+6 
        12090.4      3.11435e+6 
        12173.4      3.05819e+6 
          12228      3.02181e+6 
        12256.3      3.00317e+6 
        12284.6      2.98465e+6 
        12341.2      2.94953e+6 
        12397.8      2.91483e+6 
        12454.4      2.88051e+6 
          12511      2.84653e+6 
        12567.5       2.8128e+6 
        12624.1      2.77891e+6 
        12680.7      2.74365e+6 
          12709      2.72417e+6 
        12737.3      2.70081e+6 
        12751.4      2.68567e+6 
        12765.6      2.66553e+6 
        12779.7      2.63475e+6 
        12790.3      2.59619e+6 
        12800.9      2.52508e+6 
        12811.5      2.34345e+6 
        12822.2      2.23057e+6 
        12833.4      2.47884e+6 
        12844.6      2.55544e+6 
        12860.6      2.59604e+6 
        12879.8      2.61035e+6 
        12892.6       2.6118e+6 
        12905.4      2.61022e+6 
          12931      2.60249e+6 
        12956.6      2.59189e+6 
        12982.2      2.58004e+6 
        13033.4      2.55488e+6 
        13084.5      2.52907e+6 
        13135.7      2.50321e+6 
        13186.9      2.47748e+6 
        13238.1      2.45195e+6 
        13270.2      2.43606e+6 
        13289.3      2.42668e+6 
        13308.4      2.41733e+6 
        13346.5      2.39965e+6 
        13422.7      2.36469e+6 
          13499      2.33023e+6 
        13575.2      2.29628e+6 
        13651.5      2.26292e+6 
        13727.7      2.22999e+6 
          13804      2.19758e+6 
        13880.2      2.16566e+6 
        13956.5      2.13423e+6 
        14032.7      2.10325e+6 
          14109      2.07275e+6 
        14185.2      2.04274e+6 
        14261.5      2.01322e+6 
        14332.1      1.98632e+6 
        14347.7      1.98055e+6 
        14402.7      1.96034e+6 
        14457.6      1.94037e+6 
        14512.6      1.92068e+6 
          14552      1.90671e+6 
        14567.6      1.90122e+6 
        14581.2      1.89644e+6 
        14597.2      1.89086e+6 
        14613.2       1.8853e+6 
        14645.2      1.87426e+6 
        14709.2      1.85241e+6 
        14773.2      1.83083e+6 
        14837.1      1.80953e+6 
        14901.1       1.7885e+6 
        14965.1      1.76774e+6 
        15029.1      1.74724e+6 
        15093.1      1.72701e+6 
        15157.1      1.70704e+6 
          15221      1.68739e+6 
          15285      1.66798e+6 
          15349      1.64879e+6 
          15413      1.62985e+6 
        15471.6       1.6127e+6 
        15482.4      1.60956e+6 
        15493.1      1.60627e+6 
        15514.7       1.5997e+6 
        15557.9      1.58666e+6 
        15644.2      1.56094e+6 
        15730.5       1.5357e+6 
        15816.8      1.51092e+6 
        15903.1      1.48659e+6 
        15989.4      1.46271e+6 
        16075.8      1.43927e+6 
        16162.1      1.41626e+6 
        16248.4      1.39368e+6 
        16289.9      1.38298e+6 
        16334.7      1.37152e+6 
        16379.5      1.36017e+6 
        16469.1      1.33499e+6 
        16558.8      1.31039e+6 
        16648.4      1.28634e+6 
          16738      1.26284e+6 
        16827.7      1.23985e+6 
        16917.3      1.21739e+6 
        17006.9      1.19542e+6 
        17096.6      1.17394e+6 
        17186.2      1.15294e+6 
        17275.8      1.13239e+6 
        17327.7      1.12071e+6 
        17365.5       1.1123e+6 
        17403.2      1.10396e+6 
        17478.8       1.0875e+6 
        17554.3      1.07133e+6 
        17629.9      1.05547e+6 
        17705.4      1.03988e+6 
          17781      1.02459e+6 
        17856.5      1.00957e+6 
        17932.1          994817 
        18007.6          979800 
        18083.2          965446 
        18158.7          951296 
        18234.3          937310 
        18309.8          923418 
        18343.7          917175 
        18385.3          909491 
          18427          901709 
        18510.2          885329 
        18551.8          876200 
        18593.4          865594 
        18614.2          859257 
          18635          851695 
        18655.8          842160 
        18666.2          836239 
        18676.6          829164 
          18687          820534 
        18697.4          809642 
        18707.8          795332 
        18718.2          775496 
        18728.6          745377 
          18739          692190 
        18749.4          577123 
        18759.5          656857 
        18772.3          731014 
          18785          765647 
          18801          788631 
        18813.8          799259 
        18826.6          806142 
        18839.4          810594 
        18852.2          813405 
          18865          815086 
        18890.6          816233 
        18916.2          815567 
        18941.8          813855 
          18993          808731 
        19044.2          802476 
        19095.4          795715 
        19146.5          788731 
        19197.7          781657 
        19248.9          774563 
        19300.1          767482 
        19351.3          760438 
        19402.5          753442 
        19450.7          746914 
        19547.1          734008 
        19643.4          721561 
        19739.8          709101 
        19836.2          696909 
        19932.6          684971 
          20029          673287 
        20125.4          661849 
        20221.8          650649 
        20318.1          639682 
        20354.7          635588 
        20414.5          628944 
        20474.4          622384 
        20534.3          615909 
        20594.1          609513 
          20654          603201 
        20713.8          596969 
        20773.7          590824 
        20833.6          584754 
        20893.4          578760 
        20953.3          572844 
        21013.2          567004 
          21073          561236 
        21132.9          555540 
        21192.8          549917 
        21252.6          544363 
        21312.5          538877 
        21372.3          533461 
        21432.2          528114 
        21492.1          522830 
        21551.9          517612 
          21593          514071 
        21611.8          512460 
        21630.6          510854 
        21668.2          507659 
        21743.5          501345 
        21818.8          495124 
          21894          489001 
        21969.3          482973 
        22044.5          477035 
        22119.8          471189 
          22195          465430 
        22270.3          459760 
        22345.5          454174 
        22420.8          448673 
        22496.1          443254 
        22571.3          437913 
        22646.6          432654 
        22656.8          431944 
        22721.8          427473 
        22784.8          423195 
        22800.8          422117 
        22816.8          421043 
        22848.8          418903 
        22912.8          414665 
        22976.8          410480 
        23040.8          406349 
        23104.8          402268 
        23168.7          398238 
        23232.7          394260 
        23296.7          390330 
        23360.7          386447 
        23424.7          382611 
        23488.6          378826 
        23552.6          375084 
        23616.6          371390 
        23680.6          367739 
        23744.6          364136 
        23808.6          360576 
        23872.5          357058 
        23936.5          353583 
        24000.5          350149 
        24064.5          346760 
        24128.5          343407 
        24192.5          340096 
        24256.4          336826 
        24320.4          333593 
        24384.4          330401 
        24448.4          327244 
        24512.4          324128 
        24576.3          321046 
        24640.3          317998 
        24704.3          314989 
        24768.3          312015 
        24832.3          309076 
        24896.3          306170 
        24960.2          303298 
        25004.4          301335 
        25024.2          300460 
          25044          299589 
        25083.6          297858 
        25162.8          294432 
        25241.9          291055 
        25321.1          287726 
        25400.2          284445 
        25479.4          281209 
        25558.5          278019 
        25637.7          274874 
        25716.9          271773 
          25796          268715 
        25875.2          265701 
        25954.3          262727 
        26033.5          259796 
        26112.7          256904 
        26191.8          254052 
          26271          251240 
        26350.1          248466 
        26429.3          245730 
        26508.4          243031 
        26587.6          240369 
        26666.8          237743 
        26745.9          235153 
        26825.1          232597 
        26904.2          230076 
        26983.4          227589 
        27062.6          225135 
        27141.7          222713 
        27220.9          220324 
        27299.2          217992 
        27377.5          215691 
        27455.8          213421 
        27534.2          211180 
        27612.5          208968 
        27690.8          206785 
        27769.1          204630 
        27847.5          202502 
        27925.8          200402 
        28004.1          198329 
        28082.4          196283 
        28160.8          194263 
        28239.1          192268 
        28317.4          190299 
        28395.7          188355 
          28474          186435 
        28552.4          184539 
        28630.7          182668 
          28709          180820 
        28787.3          178995 
        28865.7          177193 
          28944          175413 
        29022.3          173656 
        29100.6          171920 
          29179          170205 
        29257.3          168512 
        29335.6          166840 
        29413.9          165188 
        29492.3          163556 
        29570.6          161944 
        29648.9          160352 
        29727.2          158780 
        29805.5          157226 
        29883.9          155691 
        29932.6          154746 
        29962.2          154175 
        29991.8          153607 
