# Koester WD models
# teff = 7250 K (value for the effective temperature for the model. Temperatures are given in K)
# logg = 9 log(cm/s2) (value for Log(G) for the model.)
#
# column 1: WAVELENGTH (ANGSTROM), Wavelength in Angstrom
# column 2: FLUX (ERG/CM2/S/A), Flux in erg/cm2/s/A
         899.23         2.62537 
        909.241         3.39836 
        919.251         4.97606 
        929.261         7.36688 
        939.271         11.2161 
         949.28         9.36339 
        959.289         23.7584 
        969.297         30.0911 
        979.305         45.2349 
        989.312         61.8247 
        999.319         80.4213 
        1009.33         99.4198 
        1019.33         101.729 
        1029.34          110.65 
        1039.34         182.438 
        1049.35          225.09 
        1059.36         268.333 
        1069.36         318.551 
        1079.36         375.461 
        1089.37         438.582 
        1099.37         511.646 
        1109.38         590.173 
        1119.38         689.272 
        1129.38         795.857 
        1139.39         902.492 
        1149.39         1001.62 
        1159.39         1062.09 
        1169.39         1071.81 
         1179.4         1042.97 
         1189.4         1106.84 
         1199.4         1219.48 
         1209.4         1234.37 
        1219.41         1351.32 
        1229.41         1910.64 
        1239.41         2264.91 
        1249.41         2595.18 
        1259.41         2978.64 
        1269.41         3502.81 
        1279.42         4136.28 
        1289.42         4753.76 
        1299.42         5410.04 
        1309.42         6105.43 
        1319.42         6815.97 
        1329.42         7659.45 
        1339.42         8504.13 
        1349.42         9412.21 
        1359.42         10471.5 
        1369.42           11561 
        1379.42         12659.6 
        1389.42         13909.9 
        1399.42         15379.2 
        1409.42           16844 
        1419.42         18240.6 
        1429.42           19755 
        1439.42         21555.3 
        1454.42         24765.2 
        1464.42         26827.4 
        1476.35         28957.3 
        1487.11         31194.2 
        1499.42         34110.8 
        1509.42         37178.2 
        1524.42         42316.6 
        1536.92         46484.6 
        1549.42         49494.8 
        1559.42         51519.6 
        1570.19         54406.1 
        1584.41         58595.1 
        1599.41         63969.1 
        1611.91         70165.6 
        1624.41         78968.6 
        1636.91         90813.7 
        1649.41          105742 
        1664.41          128063 
        1676.33          148283 
         1686.9          169281 
         1699.4          201034 
         1714.4          244538 
         1729.4          295008 
         1744.4          345830 
        1759.39          390868 
         1771.7          426631 
        1781.89          461384 
        1794.39          514662 
        1809.39          574981 
           1824          638089 
        1834.77          687949 
        1845.54          739170 
         1856.3          807012 
        1867.07          872467 
        1881.59          963885 
        1893.79      1.04835e+6 
           1906      1.13858e+6 
        1917.04      1.22668e+6 
        1928.66      1.31813e+6 
        1938.68      1.44527e+6 
         1948.7      1.53385e+6 
        1967.15      1.74145e+6 
        1978.63      1.85611e+6 
        1990.11      1.97694e+6 
        2001.59      2.10424e+6 
        2013.07      2.23911e+6 
        2024.93      2.41443e+6 
        2035.02      2.56445e+6 
        2051.03      2.76974e+6 
        2067.03      2.98495e+6 
        2083.04      3.21825e+6 
        2099.04      3.46628e+6 
        2113.84      3.70887e+6 
        2125.91      3.91653e+6 
        2137.97      4.18404e+6 
        2152.46      4.45431e+6 
        2165.47      4.69756e+6 
        2185.66      5.06692e+6 
        2210.45      5.54472e+6 
        2224.92      5.81741e+6 
        2244.42      6.17753e+6 
         2256.6      6.40995e+6 
        2268.79      6.75691e+6 
        2288.28      7.24992e+6 
        2302.42      7.62006e+6 
        2313.13      7.92482e+6 
        2323.85      8.18517e+6 
        2334.56       8.4566e+6 
        2345.27       8.7471e+6 
        2355.99      9.04226e+6 
        2375.09       9.5899e+6 
        2391.83      1.00844e+7 
        2409.27      1.06377e+7 
        2422.36      1.10803e+7 
         2439.8      1.17042e+7 
        2451.59      1.20911e+7 
        2465.39      1.25795e+7 
        2475.96      1.29506e+7 
        2492.99      1.35468e+7 
        2510.01      1.41439e+7 
        2527.04      1.46841e+7 
        2544.07      1.52184e+7 
        2559.23      1.56885e+7 
         2574.4      1.62075e+7 
        2589.56      1.67236e+7 
        2604.73      1.72752e+7 
        2619.89      1.78021e+7 
        2635.06      1.82906e+7 
        2650.22      1.87738e+7 
        2665.11      1.91977e+7 
        2678.36      1.95289e+7 
        2717.23      2.04614e+7 
        2756.11      2.13361e+7 
        2794.99      2.21508e+7 
        2813.18      2.25132e+7 
        2833.86       2.2914e+7 
        2854.55      2.33033e+7 
        2895.92      2.40107e+7 
        2921.59      2.44239e+7 
        2937.29      2.46671e+7 
        2952.98      2.49035e+7 
        2980.12      2.52562e+7 
        3015.77      2.56899e+7 
        3051.42      2.60931e+7 
        3095.58      2.65647e+7 
        3122.72      2.68349e+7 
        3149.86      2.70837e+7 
        3159.97      2.71694e+7 
        3204.13      2.75206e+7 
        3248.29      2.78353e+7 
        3292.45      2.80224e+7 
         3326.5      2.81458e+7 
        3336.62      2.81791e+7 
        3346.73       2.8211e+7 
        3366.96      2.82673e+7 
        3407.42      2.83632e+7 
        3445.17      2.84333e+7 
        3497.73      2.84903e+7 
        3520.67      2.85043e+7 
         3543.6      2.85125e+7 
        3587.66      2.85078e+7 
        3602.15      2.85007e+7 
        3616.63       2.8492e+7 
        3635.88      2.84776e+7 
        3647.12      2.84657e+7 
        3658.96      2.84539e+7 
        3671.11      2.84396e+7 
        3682.58      2.84253e+7 
         3693.5      2.84106e+7 
        3703.57      2.83949e+7 
        3713.83      2.83799e+7 
        3724.38      2.83618e+7 
        3734.43      2.83312e+7 
        3744.62      2.83223e+7 
        3754.84      2.83014e+7 
        3765.07      2.82793e+7 
         3775.5      2.82567e+7 
        3786.22      2.82345e+7 
        3796.45      2.81723e+7 
        3807.84      2.81886e+7 
        3818.92      2.81647e+7 
        3830.45      2.81014e+7 
        3840.76      2.80895e+7 
        3851.98      2.81141e+7 
        3862.01      2.81001e+7 
        3872.59      2.80534e+7 
         3884.4      2.78047e+7 
        3894.46       2.7821e+7 
        3908.89      2.80435e+7 
        3923.89      2.80664e+7 
        3935.81      2.80373e+7 
        3946.58      2.79505e+7 
        3957.31      2.76962e+7 
        3967.38      2.65242e+7 
        3977.86       2.7278e+7 
        3988.87      2.77901e+7 
        4003.87      2.79527e+7 
        4018.86      2.79688e+7 
        4032.38      2.79463e+7 
        4043.86      2.79097e+7 
        4058.85      2.78237e+7 
        4073.85      2.76231e+7 
         4085.7      2.71606e+7 
        4096.23      2.55318e+7 
        4106.54      2.50384e+7 
        4116.69      2.68553e+7 
        4128.84      2.73996e+7 
        4143.83      2.75526e+7 
        4158.83      2.75633e+7 
        4173.82      2.75308e+7 
        4188.82      2.74824e+7 
        4203.81      2.74259e+7 
        4216.52      2.73735e+7 
        4228.81      2.73193e+7 
        4243.81      2.72476e+7 
         4258.8      2.71667e+7 
         4273.8      2.70698e+7 
        4288.79      2.69372e+7 
        4303.79      2.67146e+7 
        4314.07      2.64117e+7 
        4326.14      2.54543e+7 
        4336.17      2.20369e+7 
        4346.52      2.28227e+7 
        4357.43      2.54863e+7 
        4367.98      2.61457e+7 
        4378.77      2.63616e+7 
        4393.77      2.64354e+7 
        4408.76      2.64207e+7 
        4423.76      2.63717e+7 
        4438.75      2.63078e+7 
        4453.75      2.62366e+7 
        4468.74      2.61616e+7 
        4483.74      2.60841e+7 
        4498.74      2.60086e+7 
        4513.73      2.59297e+7 
        4527.19      2.58579e+7 
        4538.73      2.57956e+7 
        4553.72      2.57138e+7 
        4568.72      2.56312e+7 
        4583.72      2.55477e+7 
        4596.53      2.54757e+7 
        4608.71       2.5407e+7 
         4623.7      2.53212e+7 
         4638.7      2.52347e+7 
         4653.7      2.51473e+7 
        4668.69       2.5059e+7 
        4683.69      2.49696e+7 
        4698.68      2.48786e+7 
        4713.68      2.47858e+7 
        4724.83      2.47151e+7 
        4738.67      2.46246e+7 
        4753.67      2.45216e+7 
        4768.67        2.441e+7 
        4783.66      2.42833e+7 
        4798.66      2.41258e+7 
        4813.65      2.38987e+7 
        4828.65      2.34794e+7 
        4839.16      2.28337e+7 
        4850.22      2.09788e+7 
        4860.28      1.27938e+7 
        4870.86      2.01758e+7 
        4881.27      2.23009e+7 
        4891.95      2.30073e+7 
        4903.63      2.32854e+7 
        4915.55      2.33798e+7 
        4928.62      2.33961e+7 
        4943.62      2.33648e+7 
        4958.61      2.33086e+7 
        4973.61      2.32398e+7 
        4988.61       2.3164e+7 
         5003.6       2.3084e+7 
         5018.6      2.30012e+7 
         5033.6      2.29168e+7 
        5048.59      2.28312e+7 
        5063.59      2.27449e+7 
        5078.58      2.26581e+7 
        5093.58      2.25708e+7 
        5108.57      2.24832e+7 
        5123.57      2.23955e+7 
        5138.57      2.23077e+7 
        5153.56      2.22199e+7 
        5168.56       2.2132e+7 
        5183.56      2.20442e+7 
        5198.55      2.19563e+7 
        5213.55      2.18686e+7 
        5228.54      2.17809e+7 
        5243.54      2.16932e+7 
        5258.53      2.16056e+7 
        5273.53      2.15182e+7 
        5288.53       2.1431e+7 
        5303.52       2.1344e+7 
        5318.52      2.12571e+7 
        5333.52      2.11703e+7 
        5348.51      2.10836e+7 
        5363.51      2.09988e+7 
         5378.5      2.09123e+7 
         5393.5      2.08258e+7 
        5408.49      2.07395e+7 
        5423.49      2.06533e+7 
        5438.49      2.05674e+7 
        5453.48      2.04817e+7 
        5468.48      2.03961e+7 
        5483.48      2.03109e+7 
        5498.47      2.02259e+7 
        5513.47      2.01411e+7 
        5528.46      2.00565e+7 
        5543.46      1.99721e+7 
        5558.45      1.98879e+7 
        5573.45      1.98039e+7 
        5588.45      1.97202e+7 
        5603.44      1.96367e+7 
        5618.44      1.95534e+7 
        5633.43      1.94703e+7 
        5648.43      1.93875e+7 
        5663.43       1.9305e+7 
        5673.98       1.9253e+7 
         5686.2      1.91859e+7 
        5698.42       1.9119e+7 
        5708.88      1.90618e+7 
        5723.41      1.89827e+7 
        5738.41      1.89012e+7 
         5753.4        1.882e+7 
         5768.4      1.87322e+7 
        5783.39      1.86513e+7 
        5798.39      1.85706e+7 
        5813.39      1.84903e+7 
        5828.38      1.84101e+7 
        5843.38      1.83302e+7 
        5858.37      1.82506e+7 
        5873.37      1.81712e+7 
        5888.37      1.80921e+7 
        5903.36      1.80132e+7 
        5918.36      1.79346e+7 
        5933.35      1.78562e+7 
        5948.35      1.77781e+7 
        5963.35      1.77001e+7 
        5978.34      1.76225e+7 
        5993.34      1.75451e+7 
        6008.33      1.74679e+7 
        6023.33      1.73909e+7 
        6038.32      1.73142e+7 
        6053.32      1.72376e+7 
        6068.32      1.71613e+7 
        6083.31      1.70852e+7 
        6098.31      1.70094e+7 
        6113.31      1.69337e+7 
         6128.3      1.68582e+7 
         6143.3      1.67829e+7 
        6158.29      1.67078e+7 
        6173.29      1.66328e+7 
        6188.28      1.65579e+7 
        6203.28      1.64831e+7 
        6218.28      1.64084e+7 
        6233.27      1.63337e+7 
        6244.38      1.62784e+7 
        6256.04      1.62202e+7 
        6266.59      1.61675e+7 
        6278.26      1.61091e+7 
        6290.52      1.60476e+7 
        6302.31      1.59882e+7 
        6312.59      1.59362e+7 
        6323.25      1.58819e+7 
        6338.24      1.58048e+7 
        6353.24      1.57266e+7 
        6368.24      1.56469e+7 
        6383.23      1.55651e+7 
        6398.23      1.54802e+7 
        6413.22      1.53911e+7 
        6428.22      1.52958e+7 
        6443.22       1.5191e+7 
        6458.21      1.50719e+7 
        6473.21      1.49297e+7 
         6488.2      1.47481e+7 
         6503.2      1.44946e+7 
         6518.2      1.40978e+7 
        6532.67      1.34106e+7 
        6543.19      1.24914e+7 
        6553.87      1.05826e+7 
        6564.04      7.92693e+6 
        6574.47      1.11586e+7 
        6585.56      1.26504e+7 
        6595.59      1.33063e+7 
         6608.5      1.37566e+7 
        6618.82        1.395e+7 
        6629.14      1.40632e+7 
        6639.46      1.41278e+7 
        6649.78      1.41614e+7 
         6660.1      1.41746e+7 
        6680.74      1.41631e+7 
         6691.3      1.41449e+7 
        6701.39      1.41225e+7 
        6711.48      1.40964e+7 
        6731.66      1.40366e+7 
        6772.02      1.38989e+7 
        6824.78      1.37028e+7 
        6877.54      1.35016e+7 
         6930.3      1.32989e+7 
        6983.06      1.30969e+7 
        7035.82      1.28966e+7 
        7068.02      1.27753e+7 
        7088.58      1.26984e+7 
        7109.15      1.26218e+7 
        7150.27       1.2471e+7 
        7232.53      1.21742e+7 
        7314.78      1.18838e+7 
        7393.51      1.16145e+7 
        7472.25      1.13504e+7 
        7550.98      1.10924e+7 
        7581.55      1.09938e+7 
        7629.72      1.08403e+7 
        7677.88       1.0689e+7 
        7774.21      1.03952e+7 
        7870.55      1.01096e+7 
        7962.25      9.84541e+6 
        8025.35      9.66872e+6 
        8053.95      9.58977e+6 
        8082.55      9.51149e+6 
        8139.75      9.35742e+6 
        8191.03      9.22155e+6 
        8202.85      9.19054e+6 
        8216.85      9.15407e+6 
        8232.84       9.1126e+6 
        8264.83      9.03029e+6 
        8289.72       8.9668e+6 
        8328.82      8.86799e+6 
        8343.44      8.83133e+6 
        8367.92      8.77035e+6 
        8388.68      8.71921e+6 
        8408.65      8.67032e+6 
        8432.02      8.61346e+6 
        8467.25      8.52854e+6 
        8502.48      8.44451e+6 
        8516.58      8.41111e+6 
        8530.98      8.37718e+6 
        8545.38      8.34357e+6 
        8574.18      8.27687e+6 
        8598.39      8.22114e+6 
         8628.6      8.15234e+6 
        8646.81      8.11112e+6 
        8665.01      8.06997e+6 
        8685.59       8.0241e+6 
        8701.43      7.98882e+6 
        8750.47       7.8804e+6 
        8767.92      7.84267e+6 
        8815.35      7.74019e+6 
        8862.78      7.63919e+6 
        8900.38      7.56159e+6 
        8957.65      7.44382e+6 
        9014.91      7.32607e+6 
        9044.62      7.26873e+6 
        9072.17      7.21432e+6 
        9099.72      7.16029e+6 
        9154.81      7.05448e+6 
         9190.8      6.98605e+6 
         9209.9      6.94958e+6 
        9229.01      6.90918e+6 
        9267.22      6.84365e+6 
        9305.43        6.774e+6 
        9379.63      6.64045e+6 
        9397.45      6.60897e+6 
        9415.28      6.57768e+6 
        9450.94      6.51547e+6 
        9498.52       6.4326e+6 
        9522.24      6.39009e+6 
        9545.97      6.33666e+6 
        9569.68      6.31011e+6 
        9593.41      6.27294e+6 
        9613.24      6.24099e+6 
        9640.85      6.19632e+6 
        9668.45      6.15174e+6 
        9723.66      6.06403e+6 
        9778.86      5.97748e+6 
        9834.07      5.89215e+6 
        9889.28      5.80789e+6 
        9936.15      5.73674e+6 
        9952.82      5.71132e+6 
        9969.49      5.68597e+6 
        9979.55      5.67045e+6 
        10002.8       5.6336e+6 
        10026.1      5.59247e+6 
        10037.7      5.56656e+6 
        10049.4      5.52352e+6 
          10061      5.53285e+6 
        10072.6      5.52506e+6 
        10084.3      5.51315e+6 
        10095.9      5.49961e+6 
        10116.3      5.47413e+6 
          10135      5.44975e+6 
        10186.1      5.38152e+6 
        10237.2      5.31284e+6 
        10288.3      5.24596e+6 
        10339.4      5.17986e+6 
        10390.5      5.11458e+6 
        10441.6      5.04995e+6 
        10492.7       4.9864e+6 
        10543.8      4.92369e+6 
        10594.9       4.8619e+6 
          10646      4.80079e+6 
        10697.1      4.74035e+6 
        10748.2      4.68034e+6 
        10799.3      4.62012e+6 
        10850.4      4.55763e+6 
          10865      4.53863e+6 
        10883.3      4.51265e+6 
        10901.5      4.48205e+6 
        10919.8      4.43901e+6 
        10933.5       4.3791e+6 
        10943.8      4.37171e+6 
        10954.1      4.39248e+6 
        10972.3      4.39826e+6 
        10999.7      4.38507e+6 
        11036.3      4.35541e+6 
        11072.8      4.32092e+6 
        11145.9      4.24812e+6 
          11177      4.21683e+6 
          11219      4.17477e+6 
        11260.9      4.13302e+6 
        11344.8      4.05331e+6 
        11428.7      3.97518e+6 
        11512.6      3.89887e+6 
        11596.5      3.82404e+6 
        11680.4      3.75078e+6 
        11764.3      3.67918e+6 
        11848.2      3.60909e+6 
        11932.1      3.54054e+6 
          12016       3.4735e+6 
        12099.9      3.40759e+6 
        12183.8      3.34335e+6 
        12250.9      3.29302e+6 
        12267.8      3.28045e+6 
        12284.6      3.26795e+6 
        12318.4      3.24395e+6 
        12385.9      3.19648e+6 
        12453.4      3.14954e+6 
        12520.9        3.103e+6 
        12588.5      3.05626e+6 
          12656      3.00773e+6 
        12689.7      2.98119e+6 
        12723.5      2.95045e+6 
        12740.4      2.93195e+6 
        12757.2       2.9089e+6 
        12774.1      2.87814e+6 
          12791      2.82999e+6 
        12803.7      2.76803e+6 
        12814.2      2.67268e+6 
        12825.9      2.70516e+6 
        12836.3      2.75844e+6 
        12850.2      2.79358e+6 
        12864.1      2.81263e+6 
        12878.1       2.8225e+6 
          12892       2.8275e+6 
        12905.9      2.82809e+6 
        12919.8      2.82647e+6 
        12947.6      2.81836e+6 
        12975.4      2.80681e+6 
        13003.3      2.79342e+6 
        13058.9      2.76412e+6 
        13114.5      2.73351e+6 
        13170.2      2.70255e+6 
        13225.8      2.67164e+6 
        13254.6      2.65574e+6 
        13281.5      2.64095e+6 
        13308.4      2.62623e+6 
        13362.1      2.59809e+6 
        13415.8      2.57023e+6 
        13469.6      2.54267e+6 
        13523.3      2.51542e+6 
        13577.1      2.48847e+6 
        13630.8       2.4621e+6 
        13684.5      2.43575e+6 
        13738.3      2.40971e+6 
          13792      2.38398e+6 
        13845.8      2.35857e+6 
        13899.5      2.33346e+6 
        13953.3      2.30865e+6 
          14007      2.28415e+6 
        14060.7      2.25994e+6 
        14114.5      2.23602e+6 
        14168.2      2.21238e+6 
          14222      2.18904e+6 
        14275.7      2.16597e+6 
        14326.8      2.14428e+6 
        14337.3       2.1399e+6 
        14347.8      2.13557e+6 
        14363.4      2.12911e+6 
        14410.5      2.10976e+6 
        14457.6       2.0906e+6 
        14520.6      2.06538e+6 
        14551.9      2.05296e+6 
        14581.2      2.04142e+6 
        14597.2      2.03516e+6 
        14613.2      2.02893e+6 
        14645.2      2.01653e+6 
        14709.2      1.99198e+6 
        14773.2      1.96777e+6 
        14837.1      1.94389e+6 
        14901.1      1.92033e+6 
        14965.1      1.89709e+6 
        15029.1      1.87416e+6 
        15093.1      1.85155e+6 
        15157.1      1.82925e+6 
          15221      1.80725e+6 
          15285      1.78555e+6 
          15349      1.76415e+6 
          15413      1.74304e+6 
        15471.6      1.72396e+6 
        15482.4      1.72047e+6 
        15493.1      1.71683e+6 
        15514.7      1.70958e+6 
        15557.9      1.69517e+6 
        15644.2      1.66679e+6 
        15730.5      1.63898e+6 
        15816.8      1.61172e+6 
        15903.1      1.58499e+6 
        15989.4      1.55879e+6 
        16075.8       1.5331e+6 
        16162.1      1.50792e+6 
        16248.4      1.48323e+6 
        16289.9      1.47153e+6 
        16334.7      1.45902e+6 
        16379.5      1.44664e+6 
        16469.1      1.41959e+6 
        16558.8      1.39315e+6 
        16648.4      1.36732e+6 
          16738      1.34208e+6 
        16827.7      1.31741e+6 
        16917.3       1.2933e+6 
        17006.9      1.26973e+6 
        17096.6      1.24669e+6 
        17186.2      1.22417e+6 
        17275.8      1.20215e+6 
        17327.7      1.18963e+6 
        17365.5      1.18061e+6 
        17403.2      1.17168e+6 
        17478.8      1.15406e+6 
        17554.3      1.13677e+6 
        17629.9       1.1198e+6 
        17705.4      1.10314e+6 
          17781      1.08678e+6 
        17856.5      1.07072e+6 
        17932.1      1.05496e+6 
        18007.6      1.03747e+6 
        18083.2      1.02185e+6 
        18158.7      1.00634e+6 
        18234.3          990855 
        18309.8          975223 
        18343.7          968072 
        18385.3          959109 
          18427          949820 
        18468.6          940002 
        18510.2          929308 
        18551.8          917163 
        18572.6          910232 
        18593.4          902419 
        18614.2          893428 
          18635          882740 
        18655.8          869392 
        18666.2          861431 
        18676.6          852138 
          18687          841033 
        18697.4          827687 
        18707.8          810911 
        18718.2          789501 
        18728.6          761227 
          18739          722447 
        18749.4          657821 
        18759.5          702108 
        18771.5          747341 
        18785.3          778304 
          18799          798587 
        18812.8          812576 
        18826.6          822893 
        18840.3          830474 
        18854.1          836245 
        18867.8          840583 
        18881.6          843725 
        18895.3          845943 
        18922.8          848478 
        18950.4          849044 
        18977.9          848337 
        19032.9          844498 
        19087.9          838805 
        19142.9          832145 
          19198          824951 
          19253          817474 
          19308          809846 
          19363          802149 
        19385.5          799008 
        19418.1          794440 
        19450.7          789875 
        19515.9          780793 
        19581.1          772804 
        19646.3          763709 
        19711.5          754746 
        19776.7          745915 
        19841.9          737209 
        19907.1          728630 
        19972.3          720172 
        20037.5          711838 
        20102.7          703623 
        20167.9          695523 
        20233.1          687541 
        20298.3          679671 
        20363.5          671911 
        20383.1          669608 
        20428.7          664265 
        20474.4          658971 
        20565.7          648547 
          20657          638325 
        20748.3          628303 
        20839.6          618473 
        20930.9          608834 
        21022.2          599381 
        21113.5          590110 
        21204.8          581016 
        21296.1          572093 
        21387.4          563338 
        21478.6          554752 
        21509.3          551906 
        21569.9          546323 
        21630.6          540813 
        21691.3          535368 
          21752          529990 
        21812.6          524681 
        21873.3          519437 
          21934          514260 
        21994.7          509145 
        22055.3          504091 
          22116          499102 
        22176.7          494173 
        22237.4          489303 
          22298          484496 
        22358.7          479743 
        22419.4          475050 
          22480          470413 
        22540.7          465832 
        22601.4          461308 
        22662.1          456838 
        22722.7          452418 
          22780          448299 
        22792.8          447382 
        22816.8          445673 
        22848.8          443408 
        22912.8          438918 
        22976.8          434489 
        23040.8          430112 
        23104.8          425789 
        23168.7          421520 
        23232.7          417304 
        23296.7          413141 
        23360.7          409029 
        23424.7          404970 
        23488.6          400958 
        23552.6          396997 
        23616.6          393082 
        23680.6          389218 
        23744.6          385398 
        23808.6          381625 
        23872.5          377899 
        23936.5          374217 
        24000.5          370579 
        24064.5          366985 
        24128.5          363435 
        24192.5          359929 
        24256.4          356461 
        24320.4          353036 
        24384.4          349653 
        24448.4          346310 
        24512.4          343005 
        24576.3          339741 
        24640.3          336515 
        24704.3          333326 
        24768.3          330175 
        24832.3          327059 
        24896.3          323983 
        24960.2          320939 
        25004.4          318859 
        25024.2          317932 
          25044          317009 
        25083.6          315177 
        25162.8          311549 
        25241.9          307974 
        25321.1          304449 
        25400.2          300975 
        25479.4          297549 
        25558.5          294172 
        25637.7          290842 
        25716.9          287559 
          25796          284321 
        25875.2          281129 
        25954.3          277981 
        26033.5          274877 
        26112.7          271816 
        26191.8          268797 
          26271          265819 
        26350.1          262882 
        26429.3          259985 
        26508.4          257128 
        26587.6          254309 
        26666.8          251529 
        26745.9          248787 
        26825.1          246081 
        26904.2          243412 
        26983.4          240779 
        27062.6          238181 
        27141.7          235618 
        27220.9          233089 
        27299.2          230619 
        27377.5          228179 
        27455.8          225771 
        27534.2          223393 
        27612.5          221047 
        27690.8          218732 
        27769.1          216446 
        27847.5          214190 
        27925.8          211964 
        28004.1          209765 
        28082.4          207596 
        28160.8          205454 
        28239.1          203339 
        28317.4          201251 
        28395.7          199190 
          28474          197155 
        28552.4          195146 
        28630.7          193162 
          28709          191203 
        28787.3          189269 
        28865.7          187359 
          28944          185473 
        29022.3          183610 
        29100.6          181771 
          29179          179954 
        29257.3          178160 
        29335.6          176388 
        29413.9          174638 
        29492.3          172909 
        29570.6          171202 
        29648.9          169515 
        29727.2          167849 
        29805.5          166203 
        29883.9          164578 
        29932.6          163576 
        29962.2          162972 
        29991.8          162370 
