# Koester WD models
# teff = 7250 K (value for the effective temperature for the model. Temperatures are given in K)
# logg = 8.5 log(cm/s2) (value for Log(G) for the model.)
#
# column 1: WAVELENGTH (ANGSTROM), Wavelength in Angstrom
# column 2: FLUX (ERG/CM2/S/A), Flux in erg/cm2/s/A
         899.23         1.92328 
        909.241         2.49808 
        919.251         4.04257 
        929.261         6.55644 
        939.271         10.9477 
         949.28         7.10031 
        959.289         22.8229 
        969.297         28.4952 
        979.305         42.4963 
        989.312          57.755 
        999.319          74.927 
        1009.33         92.9327 
        1019.33         95.9973 
        1029.34          104.83 
        1039.34         173.296 
        1049.35         215.784 
        1059.36         258.223 
        1069.36         308.231 
        1079.36         364.161 
        1089.37         426.763 
        1099.37         498.649 
        1109.38         575.885 
        1119.38         673.231 
        1129.38         777.956 
        1139.39         882.813 
        1149.39         980.604 
        1159.39         1042.73 
        1169.39          1057.8 
         1179.4         1019.23 
         1189.4         1061.32 
         1199.4         1156.54 
         1209.4         1127.29 
        1219.41         1218.95 
        1229.41         1847.17 
        1239.41         2214.88 
        1249.41         2545.45 
        1259.41         2930.48 
        1269.41         3457.89 
        1279.42          4088.5 
        1289.42         4699.19 
        1299.42         5345.73 
        1309.42         6030.92 
        1319.42         6731.49 
        1329.42         7564.67 
        1339.42         8395.97 
        1349.42         9295.28 
        1359.42         10336.7 
        1369.42         11408.4 
        1379.42         12500.1 
        1389.42         13734.4 
        1399.42         15179.6 
        1409.42         16625.8 
        1419.42         18012.1 
        1429.42         19515.4 
        1439.42         21294.1 
        1454.42           24455 
        1464.42           26496 
        1476.35         28623.3 
        1487.11         30845.4 
        1499.42         33735.7 
        1509.42         36759.8 
        1524.42         41821.8 
        1536.92         45943.3 
        1549.42         48966.1 
        1559.42           51016 
        1570.19         53888.4 
        1584.41           58034 
        1599.41         63344.9 
        1611.91         69499.3 
        1624.41         78221.6 
        1636.91         89808.4 
        1649.41          104454 
        1661.91          123046 
        1673.25          143184 
         1684.4          167016 
        1696.33          203652 
        1707.09          248315 
         1719.4          310043 
         1734.4          402008 
        1746.89          474974 
        1758.14          531259 
        1769.39          580793 
        1780.02          635007 
        1790.64          720006 
        1804.39          805382 
        1819.38          905800 
        1834.77      1.01784e+6 
        1845.54      1.10046e+6 
        1855.63      1.21649e+6 
        1865.73      1.32651e+6 
        1880.51      1.47283e+6 
        1894.33      1.62405e+6 
        1908.15      1.78726e+6 
        1919.37      1.92909e+6 
        1930.59      2.07792e+6 
        1940.75      2.32495e+6 
        1950.92       2.5449e+6 
        1963.89      2.74014e+6 
        1977.99       2.9636e+6 
        1996.78      3.28142e+6 
        2013.34      3.58082e+6 
        2024.51      3.86092e+6 
        2034.57      4.11882e+6 
        2044.62      4.31171e+6 
        2067.03      4.75848e+6 
        2080.51      5.04502e+6 
        2093.98      5.34143e+6 
        2105.12      5.59398e+6 
        2116.25      5.85486e+6 
        2127.39      6.12146e+6 
        2138.53      6.51491e+6 
        2149.66      6.79187e+6 
         2160.8      7.06202e+6 
        2172.34      7.34193e+6 
        2193.52      7.86158e+6 
         2214.7      8.39817e+6 
        2250.18      9.28048e+6 
        2260.48      9.56367e+6 
        2270.78       1.0002e+7 
        2281.08      1.03012e+7 
        2291.38      1.06047e+7 
        2305.11      1.10182e+7 
        2321.16      1.14831e+7 
        2345.22      1.21481e+7 
        2362.35      1.26323e+7 
        2383.97      1.32357e+7 
        2396.62      1.35918e+7 
        2409.27      1.39511e+7 
        2421.92      1.43378e+7 
        2434.57      1.47646e+7 
        2445.38      1.50552e+7 
        2456.19      1.53442e+7 
        2466.76      1.56467e+7 
        2488.39      1.62418e+7 
        2510.01      1.68447e+7 
        2531.64      1.73909e+7 
         2547.3      1.77811e+7 
        2559.23      1.80752e+7 
        2571.17       1.8389e+7 
        2595.04      1.90086e+7 
        2627.89      1.99092e+7 
        2642.78      2.02581e+7 
        2657.67      2.06028e+7 
        2672.56      2.08925e+7 
        2687.45      2.11769e+7 
        2717.24      2.17284e+7 
        2756.11      2.24144e+7 
        2794.98      2.30554e+7 
        2813.16      2.33421e+7 
        2833.85      2.36639e+7 
        2854.55      2.39816e+7 
        2895.93       2.4522e+7 
        2921.65      2.48382e+7 
        2937.32      2.50237e+7 
        2952.98      2.52041e+7 
        2984.31      2.55243e+7 
        3042.53      2.60652e+7 
        3060.31      2.62172e+7 
         3077.5      2.63585e+7 
        3113.68      2.66397e+7 
        3149.86      2.68921e+7 
        3196.14      2.71594e+7 
        3222.22      2.72949e+7 
        3248.29      2.74197e+7 
        3300.45      2.75911e+7 
        3346.73      2.77113e+7 
        3433.42      2.78552e+7 
        3445.17      2.78677e+7 
        3456.92      2.78773e+7 
        3480.41      2.78921e+7 
        3511.22      2.78989e+7 
        3527.41      2.78978e+7 
         3543.6      2.78941e+7 
        3560.69      2.78864e+7 
        3575.99      2.78771e+7 
        3591.28      2.78653e+7 
        3604.78      2.78526e+7 
        3621.87      2.78347e+7 
        3635.88       2.7818e+7 
        3647.12      2.78019e+7 
        3658.96      2.77855e+7 
        3671.11      2.77667e+7 
        3682.58      2.77481e+7 
         3693.5      2.77299e+7 
        3703.57      2.77092e+7 
        3713.83       2.7693e+7 
        3724.38       2.7673e+7 
        3734.43      2.76195e+7 
        3744.62      2.76331e+7 
        3754.84      2.76128e+7 
        3765.07      2.75908e+7 
         3775.5      2.75722e+7 
        3786.22      2.75592e+7 
        3796.45      2.73964e+7 
        3807.84      2.75417e+7 
        3818.92      2.75345e+7 
        3830.45      2.73624e+7 
        3840.76      2.73765e+7 
        3851.98      2.75683e+7 
        3862.01      2.75923e+7 
        3872.59      2.75007e+7 
         3884.4        2.686e+7 
        3894.99      2.69548e+7 
        3906.47      2.75398e+7 
        3918.01      2.76766e+7 
        3928.33      2.76939e+7 
        3938.55      2.76509e+7 
        3948.88      2.74833e+7 
        3960.58      2.67401e+7 
        3970.61      2.21478e+7 
        3982.23      2.68999e+7 
        3993.87      2.74774e+7 
        4006.31      2.76242e+7 
        4018.62      2.76447e+7 
        4028.86      2.76324e+7 
        4043.86      2.75873e+7 
        4058.85      2.74946e+7 
        4073.85        2.726e+7 
         4085.7      2.66684e+7 
        4096.23      2.43838e+7 
        4106.25       2.3488e+7 
        4116.69      2.63621e+7 
        4128.84      2.70382e+7 
        4143.83      2.72106e+7 
        4158.83      2.72188e+7 
        4173.82      2.71816e+7 
        4188.82      2.71294e+7 
        4203.81      2.70699e+7 
        4216.52      2.70154e+7 
        4228.81      2.69596e+7 
        4243.81      2.68868e+7 
         4258.8      2.68057e+7 
         4273.8      2.67099e+7 
        4288.79      2.65809e+7 
        4303.79      2.63647e+7 
        4314.07      2.60639e+7 
        4324.82      2.52456e+7 
        4334.98      2.20981e+7 
         4345.1      2.10741e+7 
        4356.08       2.5002e+7 
        4367.98      2.58221e+7 
        4378.77      2.60157e+7 
        4393.77      2.60715e+7 
        4408.76      2.60474e+7 
        4423.76      2.59932e+7 
        4438.75      2.59259e+7 
        4453.75      2.58524e+7 
        4468.74      2.57758e+7 
        4483.74      2.56972e+7 
        4498.74      2.56321e+7 
        4513.73       2.5551e+7 
        4527.19      2.54774e+7 
        4538.73      2.54138e+7 
        4553.72      2.53305e+7 
        4568.72      2.52466e+7 
        4583.72       2.5162e+7 
        4596.53      2.50893e+7 
        4608.71        2.502e+7 
         4623.7      2.49338e+7 
         4638.7      2.48471e+7 
         4653.7      2.47597e+7 
        4668.69      2.46717e+7 
        4683.69      2.45828e+7 
        4698.68      2.44928e+7 
        4713.68      2.44014e+7 
        4724.83      2.43321e+7 
        4738.67       2.4244e+7 
        4753.67      2.41446e+7 
        4768.67      2.40384e+7 
        4783.66      2.39202e+7 
        4798.66      2.37766e+7 
        4813.65      2.35745e+7 
        4828.65      2.32047e+7 
        4839.16      2.26231e+7 
        4849.43      2.10802e+7 
         4859.6      1.32836e+7 
         4869.6      1.95799e+7 
        4880.32      2.20595e+7 
        4891.13      2.27402e+7 
        4903.63      2.29857e+7 
        4915.55      2.30479e+7 
        4928.62      2.30446e+7 
        4943.62      2.30005e+7 
        4958.61       2.2937e+7 
        4973.61      2.28637e+7 
        4988.61      2.27851e+7 
         5003.6      2.27033e+7 
         5018.6      2.26193e+7 
         5033.6      2.25341e+7 
        5048.59      2.24481e+7 
        5063.59      2.23616e+7 
        5078.58      2.22748e+7 
        5093.58      2.21878e+7 
        5108.57      2.21007e+7 
        5123.57      2.20135e+7 
        5138.57      2.19263e+7 
        5153.56      2.18391e+7 
        5168.56      2.17519e+7 
        5183.56      2.16648e+7 
        5198.55      2.15778e+7 
        5213.55      2.14908e+7 
        5228.54       2.1404e+7 
        5243.54      2.13172e+7 
        5258.53      2.12306e+7 
        5273.53      2.11441e+7 
        5288.53      2.10578e+7 
        5303.52      2.09717e+7 
        5318.52      2.08857e+7 
        5333.52      2.07999e+7 
        5348.51      2.07142e+7 
        5363.51      2.06299e+7 
         5378.5      2.05444e+7 
         5393.5      2.04591e+7 
        5408.49       2.0374e+7 
        5423.49      2.02891e+7 
        5438.49      2.02044e+7 
        5453.48      2.01199e+7 
        5468.48      2.00356e+7 
        5483.48      1.99515e+7 
        5498.47      1.98677e+7 
        5513.47      1.97841e+7 
        5528.46      1.97007e+7 
        5543.46      1.96175e+7 
        5558.45      1.95346e+7 
        5573.45      1.94519e+7 
        5588.45      1.93694e+7 
        5603.44      1.92872e+7 
        5618.44      1.92052e+7 
        5633.43      1.91234e+7 
        5648.43      1.90419e+7 
        5663.43      1.89606e+7 
        5673.98      1.89066e+7 
         5686.2      1.88406e+7 
        5698.42      1.87748e+7 
        5708.88      1.87186e+7 
        5723.41      1.86407e+7 
        5738.41      1.85606e+7 
         5753.4      1.84808e+7 
         5768.4      1.83967e+7 
        5783.39      1.83173e+7 
        5798.39      1.82381e+7 
        5813.39      1.81591e+7 
        5828.38      1.80804e+7 
        5843.38       1.8002e+7 
        5858.37      1.79238e+7 
        5873.37      1.78459e+7 
        5888.37      1.77683e+7 
        5903.36      1.76909e+7 
        5918.36      1.76137e+7 
        5933.35      1.75368e+7 
        5948.35      1.74602e+7 
        5963.35      1.73839e+7 
        5978.34      1.73078e+7 
        5993.34      1.72319e+7 
        6008.33      1.71563e+7 
        6023.33      1.70808e+7 
        6038.32      1.70057e+7 
        6053.32      1.69307e+7 
        6068.32      1.68561e+7 
        6083.31      1.67816e+7 
        6098.31      1.67074e+7 
        6113.31      1.66334e+7 
         6128.3      1.65596e+7 
         6143.3       1.6486e+7 
        6158.29      1.64127e+7 
        6173.29      1.63395e+7 
        6188.28      1.62665e+7 
        6203.28      1.61937e+7 
        6218.28       1.6121e+7 
        6233.27      1.60484e+7 
        6244.38      1.59946e+7 
        6256.04      1.59382e+7 
        6266.59      1.58873e+7 
        6278.26      1.58308e+7 
        6290.52      1.57714e+7 
        6302.31      1.57143e+7 
        6312.59      1.56644e+7 
        6323.25      1.56125e+7 
        6338.24       1.5539e+7 
        6353.24      1.54649e+7 
        6368.24      1.53898e+7 
        6383.23      1.53133e+7 
        6398.23      1.52349e+7 
        6413.22      1.51534e+7 
        6428.22      1.50677e+7 
        6443.22      1.49753e+7 
        6458.21      1.48726e+7 
        6473.21      1.47528e+7 
         6488.2      1.46032e+7 
         6503.2      1.43974e+7 
         6518.2       1.4074e+7 
        6532.67      1.34964e+7 
        6543.19      1.26497e+7 
        6553.87      1.07333e+7 
        6564.04      7.84716e+6 
        6574.47      1.13193e+7 
        6585.55      1.27852e+7 
        6595.59      1.33733e+7 
         6608.5      1.37331e+7 
        6618.82      1.38749e+7 
        6629.14      1.39503e+7 
        6639.46       1.3987e+7 
        6649.78      1.39999e+7 
        6670.42      1.39849e+7 
        6691.06      1.39402e+7 
        6711.48      1.38813e+7 
         6752.3       1.3743e+7 
        6824.78      1.34728e+7 
        6897.26      1.31973e+7 
        6969.74      1.29229e+7 
        7042.22       1.2652e+7 
        7109.15      1.24059e+7 
        7176.07      1.21659e+7 
           7243      1.19302e+7 
        7309.93      1.16988e+7 
        7360.21      1.15278e+7 
        7376.86      1.14734e+7 
        7393.51      1.14175e+7 
        7426.82      1.13074e+7 
        7493.43      1.10904e+7 
        7560.04      1.08775e+7 
        7575.42       1.0829e+7 
        7626.65      1.06689e+7 
        7677.88      1.05111e+7 
        7729.11       1.0357e+7 
        7780.35      1.02053e+7 
        7831.58      1.00558e+7 
        7882.81      9.90858e+6 
        7905.84      9.84314e+6 
        7934.04       9.7636e+6 
        7962.25      9.68471e+6 
        8018.66      9.52983e+6 
         8067.6      9.39754e+6 
        8082.55      9.35752e+6 
         8097.5      9.31781e+6 
         8127.4      9.23892e+6 
        8171.58      9.12366e+6 
        8187.21      9.08322e+6 
        8200.85       9.0481e+6 
        8216.85      9.00723e+6 
        8232.84      8.96661e+6 
        8264.83       8.8859e+6 
        8289.72      8.82367e+6 
        8328.82      8.72681e+6 
        8343.44       8.6909e+6 
        8367.92      8.63112e+6 
        8388.68      8.58095e+6 
        8408.65      8.53304e+6 
        8432.02      8.47727e+6 
        8467.25      8.39399e+6 
        8502.48      8.31155e+6 
        8516.58      8.27888e+6 
        8530.98      8.24558e+6 
        8545.38      8.21256e+6 
        8574.18      8.14725e+6 
        8598.39      8.09246e+6 
         8628.6      8.02517e+6 
        8646.81      7.98473e+6 
        8665.01      7.94408e+6 
        8685.59      7.89941e+6 
        8701.43      7.86485e+6 
        8750.47      7.75775e+6 
        8767.92      7.72147e+6 
        8815.35      7.62097e+6 
        8862.78      7.52028e+6 
        8900.38      7.44605e+6 
        8957.65      7.33059e+6 
        9014.91      7.21061e+6 
        9044.62      7.15878e+6 
        9072.17      7.10572e+6 
        9099.72      7.05281e+6 
        9154.81      6.94895e+6 
         9190.8      6.88106e+6 
         9209.9      6.84387e+6 
        9229.01      6.79435e+6 
        9267.22      6.74148e+6 
         9303.2      6.67833e+6 
        9343.64      6.60715e+6 
        9384.08      6.53633e+6 
        9424.52      6.46659e+6 
        9464.96      6.39685e+6 
        9485.18      6.36151e+6 
         9505.4      6.32506e+6 
        9525.62      6.28498e+6 
        9545.72      6.21489e+6 
        9561.21      6.22167e+6 
        9576.69      6.20392e+6 
        9592.17       6.1824e+6 
        9607.66      6.15944e+6 
        9638.63      6.11172e+6 
        9668.45      6.06506e+6 
         9728.1      5.97248e+6 
        9787.75      5.88097e+6 
         9847.4      5.79077e+6 
        9861.28      5.76988e+6 
        9907.05      5.70117e+6 
        9952.82      5.63178e+6 
         9975.7      5.59624e+6 
        9998.59      5.55845e+6 
          10010      5.53759e+6 
        10021.5      5.51419e+6 
        10032.9      5.48481e+6 
        10044.4      5.43307e+6 
        10054.4      5.41821e+6 
        10073.1      5.43483e+6 
        10083.2      5.42914e+6 
        10103.2      5.41105e+6 
        10129.3      5.38123e+6 
        10143.2      5.36402e+6 
        10183.3      5.31265e+6 
        10237.2      5.24197e+6 
        10291.1      5.17282e+6 
          10345      5.10443e+6 
          10399      5.03695e+6 
        10452.9      4.97022e+6 
        10506.8      4.90459e+6 
        10560.7      4.83997e+6 
        10614.6      4.77626e+6 
        10668.6       4.7133e+6 
        10722.5      4.65094e+6 
        10776.4      4.58858e+6 
        10830.3       4.5244e+6 
        10857.3      4.48959e+6 
        10870.8      4.47036e+6 
        10884.3      4.44894e+6 
        10897.7      4.42314e+6 
        10911.2      4.38865e+6 
        10921.3      4.35026e+6 
        10931.4        4.277e+6 
        10941.4      4.21712e+6 
        10954.5      4.30351e+6 
        10967.9      4.32563e+6 
        10988.1      4.33065e+6 
        11001.6      4.32572e+6 
          11015      4.31771e+6 
          11042      4.29641e+6 
        11095.8      4.24627e+6 
        11149.6      4.19343e+6 
        11203.5      4.14034e+6 
        11253.7      4.09111e+6 
        11268.1      4.07732e+6 
        11282.6      4.06378e+6 
        11311.4      4.03685e+6 
        11369.2      3.98354e+6 
        11426.9      3.93098e+6 
        11484.6      3.87933e+6 
        11542.4      3.82828e+6 
        11600.1      3.77799e+6 
        11657.9      3.72844e+6 
        11715.6      3.67962e+6 
        11773.3      3.63156e+6 
        11831.1      3.58421e+6 
        11888.8      3.53756e+6 
        11946.5       3.4916e+6 
        12004.3      3.44639e+6 
          12062      3.40159e+6 
        12119.8      3.35767e+6 
        12177.5      3.31438e+6 
        12235.2      3.27169e+6 
        12284.6      3.23565e+6 
        12383.4      3.16739e+6 
        12482.2      3.10027e+6 
          12581      3.03345e+6 
        12630.4      2.99919e+6 
        12679.8      2.96241e+6 
        12704.5      2.94166e+6 
        12729.2      2.91706e+6 
        12741.5      2.90232e+6 
        12753.9      2.88442e+6 
        12766.2      2.86196e+6 
        12778.6      2.83108e+6 
        12790.9      2.78439e+6 
        12803.3      2.70265e+6 
        12814.1       2.5305e+6 
        12825.2      2.58875e+6 
        12839.7      2.71032e+6 
        12854.3      2.76143e+6 
        12868.8      2.78732e+6 
        12888.2      2.80159e+6 
        12907.6      2.80436e+6 
          12927       2.8016e+6 
        12965.8      2.78774e+6 
        13004.6      2.76931e+6 
        13082.2      2.72795e+6 
        13159.8      2.68516e+6 
        13237.4      2.64243e+6 
        13308.4      2.60376e+6 
        13379.3      2.56703e+6 
        13450.3      2.53082e+6 
        13521.3      2.49516e+6 
        13592.3      2.46004e+6 
        13663.3      2.42567e+6 
        13734.3      2.39163e+6 
        13805.3      2.35825e+6 
        13876.3      2.32539e+6 
        13947.3      2.29305e+6 
        14018.3      2.26122e+6 
        14089.3      2.22989e+6 
        14160.3      2.19906e+6 
        14231.3      2.16871e+6 
        14272.5      2.15132e+6 
        14302.3      2.13885e+6 
        14332.1      2.12646e+6 
        14391.6      2.10231e+6 
        14444.8      2.08105e+6 
        14457.6      2.07594e+6 
        14470.5      2.07085e+6 
        14496.3      2.06072e+6 
        14512.4       2.0544e+6 
        14547.8      2.04061e+6 
        14581.2      2.02769e+6 
        14597.2      2.02155e+6 
        14613.2      2.01544e+6 
        14645.2      2.00326e+6 
        14709.2      1.97916e+6 
        14773.2      1.95537e+6 
        14837.1       1.9319e+6 
        14901.1      1.90873e+6 
        14965.1      1.88586e+6 
        15029.1       1.8633e+6 
        15093.1      1.84103e+6 
        15157.1      1.81906e+6 
          15221      1.79737e+6 
          15285      1.77597e+6 
          15349      1.75487e+6 
          15413      1.73404e+6 
        15471.6      1.71521e+6 
        15482.4      1.71177e+6 
        15493.1      1.70816e+6 
        15514.7      1.70098e+6 
        15557.9      1.68672e+6 
        15644.2      1.65863e+6 
        15730.5      1.63108e+6 
        15816.8      1.60408e+6 
        15903.1      1.57759e+6 
        15989.4      1.55162e+6 
        16075.8      1.52616e+6 
        16162.1      1.50118e+6 
        16248.4      1.47669e+6 
        16289.9      1.46509e+6 
        16334.7      1.45268e+6 
        16379.5      1.44039e+6 
        16469.1      1.41342e+6 
        16558.8      1.38707e+6 
        16648.4      1.36133e+6 
          16738      1.33617e+6 
        16827.7      1.31159e+6 
        16917.3      1.28756e+6 
        17006.9      1.26407e+6 
        17096.6      1.24111e+6 
        17186.2      1.21866e+6 
        17275.8      1.19671e+6 
        17327.7      1.18424e+6 
        17365.5      1.17525e+6 
        17403.2      1.16635e+6 
        17478.8      1.14881e+6 
        17554.3      1.13159e+6 
        17629.9       1.1147e+6 
        17705.4      1.09811e+6 
          17781      1.08183e+6 
        17856.5      1.06584e+6 
        17932.1      1.05015e+6 
        18007.6      1.03329e+6 
        18083.2      1.01784e+6 
        18158.7      1.00255e+6 
        18234.3          987311 
        18309.8          972009 
        18343.7          965047 
        18385.3          956367 
          18427          947416 
        18468.6          938020 
        18510.2          927851 
        18551.8          916352 
        18572.6          909796 
        18593.4          902426 
        18614.2          893906 
          18635          883727 
        18655.8          870937 
        18666.2          863181 
        18676.6          854064 
          18687          843097 
        18697.4          829732 
        18707.8          812589 
        18718.2          790315 
        18728.6          758358 
          18739          708662 
        18749.4          623345 
        18760.9          690444 
        18773.7          748048 
        18786.4          779439 
        18799.2          799988 
          18812          814555 
        18824.8          825076 
        18837.6          832723 
        18850.4          838290 
        18863.2          842384 
          18876          845283 
        18888.8          847278 
        18914.4          849374 
          18940          849663 
        18965.6          848777 
        19016.8          844859 
          19068          839305 
        19119.2          832918 
        19170.3          826088 
        19221.5          819019 
        19272.7          811832 
        19323.9          804593 
        19375.1          797346 
        19401.9          793557 
        19426.3          790114 
        19450.7          786680 
        19499.5          779841 
        19597.1          766992 
        19694.7          753527 
        19792.3          740354 
        19889.9          727464 
        19987.5          714854 
        20085.1          702507 
        20182.7          690428 
        20280.2          678603 
        20377.8          667026 
        20474.4          655814 
        20570.9          644834 
        20667.5          634077 
          20764          623543 
        20860.6          613223 
        20957.1          603114 
        21053.7          593211 
        21150.2          583507 
        21246.8          574000 
        21343.3          564686 
        21439.8          555556 
        21536.4          546606 
        21630.6          538045 
        21724.8          529647 
        21819.1          521413 
        21913.3          513333 
        22007.5          505410 
        22101.7          497638 
        22195.9          490013 
        22290.2          482533 
        22384.4          475194 
        22478.6          467990 
        22572.8          460925 
          22667          453988 
        22735.7          449018 
        22761.3          447184 
        22784.8          445500 
        22800.8          444363 
        22816.8          443228 
        22848.8          440973 
        22912.8          436499 
        22976.8          432082 
        23040.8          427722 
        23104.8          423414 
        23168.7          419161 
        23232.7          414960 
        23296.7          410814 
        23360.7          406717 
        23424.7          402667 
        23488.6          398671 
        23552.6          394725 
        23616.6          390824 
        23680.6          386972 
        23744.6          383167 
        23808.6          379407 
        23872.5          375697 
        23936.5          372027 
        24000.5          368405 
        24064.5          364827 
        24128.5          361289 
        24192.5          357796 
        24256.4          354347 
        24320.4          350935 
        24384.4          347564 
        24448.4          344237 
        24512.4          340944 
        24576.3          337693 
        24640.3          334482 
        24704.3          331306 
        24768.3          328168 
        24832.3          325067 
        24896.3          322004 
        24960.2          318975 
        25004.4          316902 
        25024.2          315981 
          25044          315061 
        25083.6          313237 
        25162.8          309625 
        25241.9          306065 
        25321.1          302555 
        25400.2          299095 
        25479.4          295685 
        25558.5          292322 
        25637.7          289006 
        25716.9          285738 
          25796          282515 
        25875.2          279337 
        25954.3          276203 
        26033.5          273113 
        26112.7          270065 
        26191.8          267060 
          26271          264096 
        26350.1          261173 
        26429.3          258290 
        26508.4          255447 
        26587.6          252642 
        26666.8          249875 
        26745.9          247146 
        26825.1          244454 
        26904.2          241798 
        26983.4          239177 
        27062.6          236592 
        27141.7          234042 
        27220.9          231525 
        27299.2          229068 
        27377.5          226641 
        27455.8          224246 
        27534.2          221883 
        27612.5          219552 
        27690.8          217251 
        27769.1          214980 
        27847.5          212738 
        27925.8          210526 
        28004.1          208341 
        28082.4          206186 
        28160.8          204057 
        28239.1          201956 
        28317.4          199882 
        28395.7          197834 
          28474          195812 
        28552.4          193816 
        28630.7          191845 
          28709          189899 
        28787.3          187978 
        28865.7          186081 
          28944          184207 
        29022.3          182357 
        29100.6          180529 
          29179          178725 
        29257.3          176943 
        29335.6          175183 
        29413.9          173445 
        29492.3          171728 
        29570.6          170032 
        29648.9          168357 
        29727.2          166702 
        29805.5          165068 
        29883.9          163453 
        29932.6          162459 
        29962.2          161858 
        29991.8          161260 
