# Koester WD models
# teff = 7000 K (value for the effective temperature for the model. Temperatures are given in K)
# logg = 8.5 log(cm/s2) (value for Log(G) for the model.)
#
# column 1: WAVELENGTH (ANGSTROM), Wavelength in Angstrom
# column 2: FLUX (ERG/CM2/S/A), Flux in erg/cm2/s/A
         899.23          1.0487 
        909.241         1.37123 
        919.251         1.98445 
        929.261         2.76758 
        939.271         4.36125 
         949.28         3.90412 
        959.289         9.94584 
        969.297         13.0022 
        979.305         19.1718 
        989.312         25.9535 
        999.319         33.6622 
        1009.33         42.0992 
        1019.33          45.528 
        1029.34          50.678 
        1039.34         79.3654 
        1049.35          97.837 
        1059.36         117.557 
        1069.36         140.413 
        1079.36         166.837 
        1089.37         196.412 
        1099.37         230.994 
        1109.38         268.872 
        1119.38         316.132 
        1129.38         367.884 
        1139.39         421.624 
        1149.39         474.333 
        1159.39         512.884 
        1169.39         529.465 
         1179.4         521.385 
         1189.4         554.431 
         1199.4         612.815 
         1209.4          618.68 
        1219.41          678.82 
        1229.41         981.456 
        1239.41         1170.82 
        1249.41         1349.14 
        1259.41         1555.22 
        1269.41         1836.56 
        1279.42         2172.25 
        1289.42         2504.26 
        1299.42          2855.6 
        1309.42         3234.46 
        1319.42         3625.99 
        1329.42         4087.34 
        1339.42         4555.91 
        1349.42         5066.32 
        1359.42          5655.4 
        1369.42         6263.49 
        1379.42         6898.25 
        1389.42         7614.44 
        1399.42         8433.73 
        1409.42          9267.1 
        1419.42         10104.7 
        1429.42         11012.1 
        1439.42         12047.8 
        1454.42         13866.3 
        1464.42         15099.2 
        1476.35         16458.9 
        1487.11         17819.4 
        1499.42         19557.5 
        1509.42         21340.2 
        1524.42         24356.4 
        1536.92         26901.1 
        1549.42         28917.9 
        1559.42           30322 
        1570.19         32159.2 
        1584.41         34859.4 
        1599.41         38252.7 
        1611.91         42074.7 
        1624.41         47382.8 
        1639.41         55928.8 
        1654.41         66886.7 
        1665.56         76856.2 
        1676.33         87766.7 
         1686.9          100523 
         1699.4          120298 
         1711.9          143182 
         1724.4          169446 
         1739.4          204144 
        1751.89          229855 
        1764.39          253185 
        1775.55          275310 
        1786.89          306390 
        1799.39          340787 
        1814.38          382102 
           1834          442010 
        1846.32          482084 
        1857.09          532566 
        1870.14          587051 
        1880.85          635431 
        1891.56          687365 
        1902.26          742930 
        1912.97          802642 
        1925.77          876354 
        1936.16          955716 
        1946.96      1.05193e+6 
        1960.15       1.1745e+6 
        1972.67      1.26841e+6 
        1988.97      1.39862e+6 
        2005.27      1.54004e+6 
        2015.62      1.63664e+6 
        2026.58      1.78319e+6 
        2040.84      1.94004e+6 
        2058.32      2.12149e+6 
        2075.74      2.31662e+6 
         2087.5      2.45747e+6 
        2101.88      2.64003e+6 
        2116.25      2.83222e+6 
        2127.03      2.98326e+6 
        2137.82       3.1934e+6 
        2152.19      3.41262e+6 
        2165.47      3.61271e+6 
        2180.71      3.84154e+6 
        2192.04      4.01797e+6 
        2203.36       4.1994e+6 
         2214.7      4.38613e+6 
        2226.02       4.5648e+6 
        2237.35      4.74563e+6 
        2248.68      4.93214e+6 
        2260.01       5.1295e+6 
        2271.72      5.44608e+6 
        2287.33      5.77459e+6 
        2302.94      6.11558e+6 
        2313.13      6.35148e+6 
        2323.33      6.55333e+6 
        2333.53      6.76052e+6 
        2345.48      7.01602e+6 
        2362.35      7.38592e+6 
        2379.22      7.76237e+6 
        2394.25      8.10506e+6 
        2409.27      8.46311e+6 
        2422.45       8.8039e+6 
        2439.32      9.25928e+6 
        2451.59      9.55217e+6 
        2466.76      9.94201e+6 
        2488.39      1.04949e+7 
        2510.01      1.10527e+7 
        2531.64      1.15625e+7 
         2547.3        1.193e+7 
        2559.23      1.22086e+7 
        2571.17      1.25164e+7 
         2583.1      1.28234e+7 
        2606.97      1.34913e+7 
        2630.84      1.40927e+7 
        2651.76      1.45989e+7 
        2663.58      1.48577e+7 
        2675.41      1.50891e+7 
        2699.06      1.55433e+7 
        2736.61      1.62413e+7 
        2756.11      1.65919e+7 
        2774.67      1.69164e+7 
        2814.61      1.75898e+7 
        2854.55      1.82409e+7 
        2894.49       1.8819e+7 
        2915.87      1.91154e+7 
        2934.43      1.93656e+7 
        2952.98      1.96093e+7 
         2990.1      2.00373e+7 
           3003        2.018e+7 
        3027.21      2.04397e+7 
        3049.83      2.06728e+7 
        3099.84      2.11637e+7 
        3149.86      2.16113e+7 
        3199.87      2.19979e+7 
        3248.29      2.23384e+7 
        3296.72      2.25727e+7 
        3343.56      2.27705e+7 
        3356.25      2.28184e+7 
        3368.94      2.28639e+7 
        3394.33      2.29494e+7 
        3445.03      2.30982e+7 
        3462.43      2.31399e+7 
        3479.84      2.31784e+7 
        3495.92      2.32104e+7 
        3514.65      2.32434e+7 
         3543.6      2.32877e+7 
        3591.28      2.33392e+7 
        3635.88      2.33671e+7 
        3647.12      2.33704e+7 
        3658.96       2.3374e+7 
        3671.11      2.33759e+7 
        3682.58      2.33767e+7 
         3693.5      2.33768e+7 
        3703.57      2.33742e+7 
        3713.83       2.3374e+7 
        3724.38      2.33709e+7 
        3734.43      2.33451e+7 
        3744.62      2.33614e+7 
        3754.84      2.33559e+7 
        3765.07      2.33494e+7 
         3775.5       2.3344e+7 
        3786.22      2.33409e+7 
        3796.45      2.32683e+7 
        3807.84        2.334e+7 
        3818.92      2.33399e+7 
        3830.45      2.32552e+7 
        3840.76      2.32704e+7 
        3851.98      2.33717e+7 
        3862.01       2.3387e+7 
        3872.59      2.33464e+7 
         3884.4      2.29756e+7 
        3895.31        2.307e+7 
        3905.49       2.3371e+7 
        3918.89      2.34608e+7 
        3929.56      2.34709e+7 
        3940.04      2.34462e+7 
        3950.65      2.33389e+7 
        3962.28       2.2783e+7 
        3972.45      2.14112e+7 
        3984.18      2.31378e+7 
        3996.36      2.34037e+7 
        4008.87      2.34616e+7 
        4023.86      2.34662e+7 
         4035.9      2.34528e+7 
        4048.86      2.34244e+7 
        4063.85      2.33567e+7 
        4075.42      2.32302e+7 
         4085.7      2.29074e+7 
        4096.23      2.13682e+7 
        4106.54      2.08807e+7 
        4116.69      2.27154e+7 
        4128.84      2.31238e+7 
        4143.83      2.32183e+7 
        4158.83      2.32192e+7 
        4173.82      2.31945e+7 
        4188.82      2.31608e+7 
        4203.81      2.31223e+7 
        4216.52      2.30868e+7 
        4228.81      2.30503e+7 
        4243.81      2.30023e+7 
         4258.8       2.2949e+7 
         4273.8      2.28868e+7 
        4288.79      2.28047e+7 
        4303.79      2.26697e+7 
        4314.07      2.24816e+7 
        4326.14      2.18209e+7 
        4336.17      1.88828e+7 
        4346.56      1.97115e+7 
        4357.43      2.18899e+7 
        4367.98      2.23104e+7 
        4378.77       2.2425e+7 
        4393.77      2.24507e+7 
        4408.76      2.24275e+7 
        4423.76      2.23861e+7 
        4438.75      2.23368e+7 
        4453.75      2.22835e+7 
        4468.74      2.22279e+7 
        4483.74      2.21708e+7 
        4498.74      2.21198e+7 
        4513.73      2.20614e+7 
        4527.19      2.20082e+7 
        4538.73      2.19621e+7 
        4553.72      2.19015e+7 
        4568.72      2.18402e+7 
        4583.72      2.17782e+7 
        4596.53      2.17247e+7 
        4608.71      2.16735e+7 
         4623.7      2.16096e+7 
         4638.7      2.15451e+7 
         4653.7        2.148e+7 
        4668.69      2.14142e+7 
        4683.69      2.13477e+7 
        4698.68      2.12801e+7 
        4713.68      2.12114e+7 
        4724.83      2.11593e+7 
        4738.67      2.10931e+7 
        4753.67      2.10186e+7 
        4768.67      2.09394e+7 
        4783.66      2.08519e+7 
        4798.66      2.07475e+7 
        4813.65      2.06035e+7 
        4828.65       2.0343e+7 
        4839.16      1.99263e+7 
        4850.22      1.85843e+7 
        4860.28      1.08632e+7 
        4870.86      1.80026e+7 
        4882.28      1.96409e+7 
        4892.79      2.00269e+7 
        4903.63      2.01549e+7 
        4915.55      2.01901e+7 
        4928.62      2.01798e+7 
        4943.62      2.01409e+7 
        4958.61      2.00889e+7 
        4973.61      2.00302e+7 
        4988.61      1.99679e+7 
         5003.6      1.99032e+7 
         5018.6       1.9837e+7 
         5033.6      1.97698e+7 
        5048.59       1.9702e+7 
        5063.59      1.96337e+7 
        5078.58      1.95651e+7 
        5093.58      1.94962e+7 
        5108.57       1.9427e+7 
        5123.57      1.93577e+7 
        5138.57      1.92883e+7 
        5153.56      1.92188e+7 
        5168.56      1.91492e+7 
        5183.56      1.90796e+7 
        5198.55      1.90099e+7 
        5213.55      1.89403e+7 
        5228.54      1.88705e+7 
        5243.54      1.88009e+7 
        5258.53      1.87312e+7 
        5273.53      1.86615e+7 
        5288.53       1.8592e+7 
        5303.52      1.85225e+7 
        5318.52      1.84531e+7 
        5333.52      1.83837e+7 
        5348.51      1.83144e+7 
        5363.51       1.8246e+7 
         5378.5      1.81766e+7 
         5393.5      1.81073e+7 
        5408.49       1.8038e+7 
        5423.49      1.79688e+7 
        5438.49      1.78997e+7 
        5453.48      1.78307e+7 
        5468.48      1.77618e+7 
        5483.48      1.76931e+7 
        5498.47      1.76245e+7 
        5513.47       1.7556e+7 
        5528.46      1.74876e+7 
        5543.46      1.74193e+7 
        5558.45      1.73511e+7 
        5573.45      1.72831e+7 
        5588.45      1.72152e+7 
        5603.44      1.71474e+7 
        5618.44      1.70798e+7 
        5633.43      1.70123e+7 
        5648.43      1.69449e+7 
        5663.43      1.68777e+7 
        5673.98      1.68331e+7 
         5686.2      1.67785e+7 
        5698.42      1.67239e+7 
        5708.88      1.66773e+7 
        5723.41      1.66126e+7 
        5738.41      1.65461e+7 
         5753.4      1.64797e+7 
         5768.4      1.64099e+7 
        5783.39      1.63437e+7 
        5798.39      1.62777e+7 
        5813.39      1.62119e+7 
        5828.38      1.61462e+7 
        5843.38      1.60807e+7 
        5858.37      1.60154e+7 
        5873.37      1.59502e+7 
        5888.37      1.58852e+7 
        5903.36      1.58204e+7 
        5918.36      1.57557e+7 
        5933.35      1.56912e+7 
        5948.35      1.56269e+7 
        5963.35      1.55627e+7 
        5978.34      1.54988e+7 
        5993.34      1.54349e+7 
        6008.33      1.53712e+7 
        6023.33      1.53077e+7 
        6038.32      1.52443e+7 
        6053.32      1.51811e+7 
        6068.32       1.5118e+7 
        6083.31      1.50551e+7 
        6098.31      1.49924e+7 
        6113.31      1.49298e+7 
         6128.3      1.48674e+7 
         6143.3      1.48051e+7 
        6158.29      1.47429e+7 
        6173.29      1.46809e+7 
        6188.28       1.4619e+7 
        6203.28      1.45572e+7 
        6218.28      1.44955e+7 
        6233.27      1.44338e+7 
        6244.38      1.43881e+7 
        6256.04      1.43402e+7 
        6266.59      1.42969e+7 
        6278.26      1.42489e+7 
        6290.52      1.41983e+7 
        6302.31      1.41497e+7 
        6312.59      1.41072e+7 
        6323.25      1.40629e+7 
        6338.24      1.40003e+7 
        6353.24      1.39371e+7 
        6368.24      1.38731e+7 
        6383.23       1.3808e+7 
        6398.23      1.37412e+7 
        6413.22       1.3672e+7 
        6428.22      1.35992e+7 
        6443.22      1.35211e+7 
        6458.21      1.34344e+7 
        6473.21      1.33336e+7 
         6488.2      1.32081e+7 
         6503.2      1.30353e+7 
         6518.2       1.2762e+7 
        6532.67      1.22659e+7 
        6543.19      1.15455e+7 
        6553.87      9.88113e+6 
        6564.04      7.05649e+6 
        6574.65      1.04482e+7 
        6584.68      1.16025e+7 
        6595.59      1.21624e+7 
         6608.5      1.24676e+7 
        6618.82      1.25852e+7 
        6629.14      1.26465e+7 
        6639.46      1.26751e+7 
        6649.78      1.26839e+7 
        6670.42      1.26675e+7 
        6691.06      1.26268e+7 
        6711.48      1.25745e+7 
         6752.3      1.24532e+7 
        6824.78      1.22177e+7 
        6897.26      1.19777e+7 
        6969.74      1.17384e+7 
        7042.22      1.15018e+7 
        7109.15      1.12866e+7 
        7176.07      1.10765e+7 
           7243      1.08698e+7 
        7309.93      1.06665e+7 
        7360.21      1.05162e+7 
        7376.86      1.04682e+7 
        7393.51       1.0419e+7 
        7426.82       1.0322e+7 
        7493.43      1.01308e+7 
        7560.04      9.94298e+6 
        7575.42       9.9001e+6 
        7626.65      9.75854e+6 
        7677.88      9.61899e+6 
        7729.11      9.48258e+6 
        7780.35      9.34812e+6 
        7831.58      9.21552e+6 
        7882.81      9.08483e+6 
        7905.84      9.02668e+6 
        7934.04      8.95599e+6 
        7962.25      8.88584e+6 
        8018.66      8.74805e+6 
         8067.6       8.6303e+6 
        8082.55      8.59464e+6 
         8097.5      8.55924e+6 
         8127.4      8.48893e+6 
        8171.58      8.38617e+6 
        8187.21      8.35007e+6 
        8200.85      8.31875e+6 
        8216.85      8.28227e+6 
        8232.84      8.24599e+6 
        8264.83      8.17395e+6 
        8289.72      8.11835e+6 
        8328.82       8.0318e+6 
        8343.44      7.99966e+6 
        8367.92      7.94619e+6 
        8388.68      7.90133e+6 
        8408.65      7.85844e+6 
        8432.02      7.80855e+6 
        8467.25      7.73397e+6 
        8502.48      7.66015e+6 
        8516.58      7.63083e+6 
        8530.98      7.60099e+6 
        8545.38       7.5714e+6 
        8574.18      7.51284e+6 
        8598.39      7.46373e+6 
         8628.6      7.40329e+6 
        8646.81        7.367e+6 
        8665.01      7.33062e+6 
        8685.59      7.29038e+6 
        8701.43      7.25931e+6 
        8750.47       7.1634e+6 
        8767.92      7.13044e+6 
        8815.35      7.04006e+6 
        8862.78      6.95021e+6 
        8900.38      6.88254e+6 
        8957.65      6.77852e+6 
        9014.91       6.6724e+6 
        9044.62      6.62367e+6 
        9072.17       6.5756e+6 
        9099.72      6.52782e+6 
        9154.81      6.43411e+6 
         9190.8      6.37319e+6 
         9209.9      6.34027e+6 
        9229.01       6.2998e+6 
        9267.22      6.24703e+6 
        9305.43      6.18567e+6 
        9379.63      6.06736e+6 
        9397.45       6.0394e+6 
        9415.28      6.01163e+6 
        9450.94      5.95627e+6 
        9498.52      5.88194e+6 
        9522.24      5.84258e+6 
         9534.1      5.81961e+6 
        9545.97      5.78245e+6 
        9557.83       5.7837e+6 
        9569.68      5.77111e+6 
        9581.55       5.7559e+6 
        9605.27      5.72313e+6 
        9636.96      5.67796e+6 
        9652.71      5.65534e+6 
        9668.45      5.63278e+6 
        9699.94      5.58811e+6 
        9762.91       5.4997e+6 
        9825.88      5.41262e+6 
        9888.86      5.32679e+6 
        9950.84      5.24266e+6 
        9966.69      5.22108e+6 
        9979.12      5.20386e+6 
        9996.68      5.17879e+6 
        10014.2      5.15165e+6 
        10031.8      5.11784e+6 
          10045       5.0733e+6 
        10055.9      5.06648e+6 
        10073.5       5.0688e+6 
        10091.1      5.05432e+6 
        10108.6      5.03616e+6 
        10126.2      5.01634e+6 
        10161.3      4.97477e+6 
        10225.9      4.89683e+6 
        10237.2      4.88326e+6 
        10248.5      4.86997e+6 
          10271      4.84349e+6 
        10316.2       4.7909e+6 
        10406.4      4.68748e+6 
        10496.7      4.58625e+6 
        10586.9      4.48755e+6 
        10677.2      4.39091e+6 
        10767.4      4.29594e+6 
        10817.5      4.24307e+6 
        10837.6      4.22126e+6 
        10857.7      4.19864e+6 
        10877.8      4.17401e+6 
        10887.8      4.16035e+6 
        10897.9      4.14467e+6 
        10907.9      4.12579e+6 
          10918      4.10003e+6 
          10928      4.05686e+6 
          10938      3.95181e+6 
        10950.8      4.04163e+6 
        10963.6      4.05969e+6 
        10976.4      4.06214e+6 
        10989.2      4.05834e+6 
        11014.8      4.04222e+6 
        11040.4      4.02149e+6 
        11091.6      3.97591e+6 
        11142.8      3.92903e+6 
          11194      3.88222e+6 
        11229.4      3.85005e+6 
        11245.2      3.83582e+6 
        11260.9      3.82165e+6 
        11292.4      3.79442e+6 
        11355.4       3.7406e+6 
        11418.5       3.6876e+6 
        11481.5      3.63551e+6 
        11544.5      3.58412e+6 
        11607.6      3.53354e+6 
        11670.6      3.48377e+6 
        11733.6      3.43483e+6 
        11796.6      3.38664e+6 
        11859.7       3.3392e+6 
        11922.7      3.29251e+6 
        11985.7      3.24658e+6 
        12048.7      3.20122e+6 
        12111.8       3.1567e+6 
        12174.8      3.11287e+6 
          12191       3.1017e+6 
        12237.8      3.06973e+6 
        12284.6      3.03812e+6 
        12378.2      2.97828e+6 
        12471.9      2.91956e+6 
        12565.5      2.86156e+6 
        12612.3      2.83243e+6 
        12659.1      2.80252e+6 
        12687.3      2.78344e+6 
        12705.9      2.76993e+6 
          12720      2.75875e+6 
        12736.3      2.74423e+6 
        12752.7      2.72656e+6 
          12769      2.70311e+6 
        12785.4       2.6666e+6 
        12797.6      2.61845e+6 
        12807.8      2.54172e+6 
        12818.1      2.34987e+6 
        12829.8       2.5374e+6 
        12842.1      2.59594e+6 
        12858.4      2.63016e+6 
        12874.8      2.64426e+6 
        12899.3      2.64829e+6 
        12915.6      2.64544e+6 
          12932      2.64054e+6 
        12964.7      2.62732e+6 
        13030.1      2.59582e+6 
        13095.4      2.56241e+6 
        13160.8      2.52877e+6 
        13226.2      2.49533e+6 
        13274.8      2.47069e+6 
        13291.6      2.46225e+6 
        13308.4      2.45384e+6 
        13341.9       2.4378e+6 
        13408.9      2.40604e+6 
        13475.9       2.3747e+6 
          13543      2.34378e+6 
          13610      2.31329e+6 
        13677.1      2.28334e+6 
        13744.1      2.25367e+6 
        13811.1      2.22443e+6 
        13878.2      2.19561e+6 
        13945.2       2.1672e+6 
        14012.3       2.1392e+6 
        14079.3      2.11161e+6 
        14146.3      2.08441e+6 
        14213.4       2.0576e+6 
        14228.8       2.0515e+6 
        14280.4      2.03118e+6 
        14332.1      2.01108e+6 
        14383.7      1.99156e+6 
        14413.1      1.98054e+6 
        14435.4      1.97224e+6 
        14457.6      1.96396e+6 
        14502.2      1.94759e+6 
        14581.2      1.91892e+6 
        14597.2       1.9132e+6 
        14613.2       1.9075e+6 
        14645.2      1.89616e+6 
        14709.2      1.87369e+6 
        14773.2      1.85152e+6 
        14837.1      1.82964e+6 
        14901.1      1.80803e+6 
        14965.1      1.78671e+6 
        15029.1      1.76566e+6 
        15093.1      1.74488e+6 
        15157.1      1.72437e+6 
          15221      1.70413e+6 
          15285      1.68416e+6 
          15349      1.66444e+6 
          15413      1.64499e+6 
        15471.6       1.6274e+6 
        15482.4      1.62418e+6 
        15493.1      1.62081e+6 
        15514.7       1.6141e+6 
        15557.9      1.60078e+6 
        15644.2      1.57453e+6 
        15730.5      1.54878e+6 
        15816.8      1.52352e+6 
        15903.1      1.49875e+6 
        15989.4      1.47445e+6 
        16075.8      1.45061e+6 
        16162.1      1.42723e+6 
        16248.4      1.40429e+6 
        16289.9      1.39342e+6 
        16334.7      1.38178e+6 
        16379.5      1.37027e+6 
        16469.1      1.34482e+6 
        16558.8      1.31996e+6 
        16648.4      1.29565e+6 
          16738       1.2719e+6 
        16827.7      1.24869e+6 
        16917.3      1.22599e+6 
        17006.9       1.2038e+6 
        17096.6      1.18211e+6 
        17186.2       1.1609e+6 
        17275.8      1.14015e+6 
        17327.7      1.12836e+6 
        17365.5      1.11986e+6 
        17403.2      1.11145e+6 
        17478.8      1.09485e+6 
        17554.3      1.07856e+6 
        17629.9      1.06257e+6 
        17705.4      1.04687e+6 
          17781      1.03146e+6 
        17856.5      1.01632e+6 
        17932.1      1.00146e+6 
        18007.6          985694 
        18083.2          971110 
        18158.7          956684 
        18234.3          942355 
        18309.8          928008 
        18343.7          921501 
        18385.3          913418 
          18427          905127 
        18468.6          896482 
        18510.2          887208 
        18551.8          876828 
        18593.4          864381 
        18614.2          856800 
          18635          847731 
        18655.8          836349 
        18666.2          829421 
        18676.6          821250 
          18687          811429 
        18697.4          799422 
        18707.8          783984 
        18718.2          763624 
        18728.6          734888 
          18739          691713 
        18749.4          611989 
        18760.1          671041 
        18771.3          720345 
          18784          751365 
        18796.8          770491 
        18809.6          783617 
        18828.8          796639 
        18841.6          802400 
        18854.4          806569 
        18867.2          809532 
          18880          811549 
        18905.6          813591 
        18931.2          813836 
        18956.8          812897 
          19008          808966 
        19059.2          803516 
        19110.4          797311 
        19161.5          790717 
        19212.7          783918 
        19263.9          777026 
        19315.1          770095 
        19366.3          763168 
        19384.3          760737 
        19417.5          756263 
        19450.7          751808 
        19517.1          742955 
        19583.5          734778 
        19649.9          726025 
        19716.2          717402 
        19782.6          708904 
          19849          700528 
        19915.4          692278 
        19981.8          684145 
        20048.2          676130 
        20114.6          668232 
          20181          660451 
        20247.4          652776 
        20313.8          645214 
        20380.2          637759 
        20418.8          633477 
        20446.6          630414 
        20474.4          627367 
          20530          621325 
        20585.6          615356 
        20641.3          609460 
        20696.9          603632 
        20752.5          597873 
        20808.1          592184 
        20863.8          586560 
        20919.4          581003 
          20975          575508 
        21030.6          570080 
        21086.3          564714 
        21141.9          559411 
        21197.5          554171 
        21253.1          548990 
        21308.8          543869 
        21364.4          538808 
          21420          533804 
        21475.6          528859 
        21531.3          523967 
        21543.2          522931 
        21586.9          519136 
        21630.6          515375 
        21718.1          507952 
        21805.5          500663 
          21893          493500 
        21980.4          486466 
        22067.9          479555 
        22155.3          472766 
        22242.8          466093 
        22330.2          459540 
        22417.7          453096 
        22505.2          446769 
        22592.6          440549 
        22680.1          434435 
        22748.2          429745 
        22767.5          428425 
        22784.8          427247 
        22800.8          426163 
        22816.8          425083 
        22848.8          422931 
        22912.8          418671 
        22976.8          414461 
        23040.8          410305 
        23104.8          406199 
        23168.7          402143 
        23232.7          398137 
        23296.7          394182 
        23360.7          390277 
        23424.7          386419 
        23488.6          382605 
        23552.6          378842 
        23616.6          375122 
        23680.6          371449 
        23744.6          367818 
        23808.6          364233 
        23872.5          360693 
        23936.5          357193 
        24000.5          353734 
        24064.5          350319 
        24128.5          346942 
        24192.5          343609 
        24256.4          340313 
        24320.4          337055 
        24384.4          333838 
        24448.4          330659 
        24512.4          327517 
        24576.3          324410 
        24640.3          321341 
        24704.3          318309 
        24768.3          315312 
        24832.3          312349 
        24896.3          309421 
        24960.2          306527 
        25004.4          304548 
        25024.2          303666 
          25044          302789 
        25083.6          301044 
        25162.8          297591 
        25241.9          294188 
        25321.1          290833 
        25400.2          287525 
        25479.4          284264 
        25558.5          281048 
        25637.7          277877 
        25716.9          274751 
          25796          271668 
        25875.2          268627 
        25954.3          265629 
        26033.5          262672 
        26112.7          259756 
        26191.8          256880 
          26271          254043 
        26350.1          251245 
        26429.3          248486 
        26508.4          245763 
        26587.6          243078 
        26666.8          240429 
        26745.9          237816 
        26825.1          235238 
        26904.2          232694 
        26983.4          230185 
        27062.6          227709 
        27141.7          225266 
        27220.9          222855 
        27299.2          220501 
        27377.5          218176 
        27455.8          215882 
        27534.2          213617 
        27612.5          211382 
        27690.8          209176 
        27769.1          206999 
        27847.5          204849 
        27925.8          202727 
        28004.1          200632 
        28082.4          198564 
        28160.8          196523 
        28239.1          194508 
        28317.4          192518 
        28395.7          190553 
          28474          188613 
        28552.4          186698 
        28630.7          184807 
          28709          182939 
        28787.3          181095 
        28865.7          179274 
          28944          177475 
        29022.3          175699 
        29100.6          173945 
          29179          172213 
        29257.3          170502 
        29335.6          168812 
        29413.9          167143 
        29492.3          165494 
        29570.6          163865 
        29648.9          162256 
        29727.2          160667 
        29805.5          159097 
        29883.9          157546 
        29932.6          156591 
        29962.2          156014 
        29991.8          155440 
