# Koester WD models
# teff = 8000 K (value for the effective temperature for the model. Temperatures are given in K)
# logg = 9 log(cm/s2) (value for Log(G) for the model.)
#
# column 1: WAVELENGTH (ANGSTROM), Wavelength in Angstrom
# column 2: FLUX (ERG/CM2/S/A), Flux in erg/cm2/s/A
         899.23         13.4736 
        909.241           17.13 
        919.251         30.0859 
        929.261         49.9218 
        939.271         113.201 
         949.28         45.3102 
        959.289         267.167 
        969.297         243.428 
        979.305         408.178 
        989.312         598.838 
        999.319         768.022 
        1009.33         870.919 
        1019.33         722.441 
        1029.34         755.735 
        1039.34         1444.13 
        1049.35         1887.63 
        1059.36         2215.42 
        1069.36         2661.98 
        1079.36         3076.01 
        1089.37         3572.02 
        1099.37            4082 
        1109.38         4589.52 
        1119.38         5260.13 
        1129.38          5936.1 
        1139.39         6528.26 
        1149.39            6946 
        1159.39         7011.22 
        1169.39         6791.02 
         1179.4         6394.33 
         1189.4         6523.17 
         1199.4         6943.52 
         1209.4         6384.63 
        1219.41         6649.59 
        1229.41         10673.8 
        1239.41         12701.4 
        1249.41         14400.6 
        1259.41         16398.5 
        1269.41         19119.6 
        1279.42         22384.5 
        1289.42         25471.8 
        1299.42         28706.9 
        1309.42         32079.1 
        1319.42         35410.1 
        1329.42         39338.1 
        1339.42         43244.7 
        1349.42         47360.5 
        1359.42         52031.7 
        1369.42           56828 
        1379.42         61586.8 
        1389.42           66981 
        1399.42         73234.9 
        1409.42         79259.6 
        1419.42         84744.1 
        1429.42         90890.7 
        1439.42         98448.4 
        1451.92          109595 
        1464.42          118963 
        1476.35          126253 
        1489.42          136550 
        1501.92          148760 
        1514.42          165406 
        1529.42          183797 
        1541.92          196840 
        1554.42          202988 
        1566.72          212554 
        1579.41          224248 
        1594.41          239978 
        1604.41          254409 
        1616.91          279965 
        1629.41          316691 
        1641.91          367243 
        1654.41          437014 
        1665.56          522786 
        1676.33          631005 
         1686.8          787704 
           1698      1.08193e+6 
         1708.2       1.4803e+6 
         1719.4      1.98398e+6 
           1730      2.48757e+6 
         1740.6      2.98847e+6 
        1753.19       3.5009e+6 
        1764.39      3.83067e+6 
        1775.55      4.14131e+6 
        1786.23      4.56992e+6 
        1797.92      5.00795e+6 
        1809.67      5.39908e+6 
        1821.41      5.80579e+6 
        1831.55      6.16779e+6 
        1844.41      6.63526e+6 
        1854.86      7.17442e+6 
         1865.3      7.70319e+6 
        1879.83       8.3026e+6 
        1898.41      9.11511e+6 
        1908.89      9.58789e+6 
        1919.37      1.00716e+7 
        1929.85      1.05546e+7 
           1940      1.14017e+7 
        1950.15      1.20569e+7 
        1960.96      1.25616e+7 
        1983.85      1.36572e+7 
        1999.11       1.4414e+7 
        2010.91      1.50118e+7 
        2021.26      1.56153e+7 
        2031.61      1.64493e+7 
         2045.4      1.71382e+7 
         2059.2       1.7832e+7 
         2082.7      1.90311e+7 
        2111.82      2.05345e+7 
        2125.11      2.12188e+7 
        2136.18      2.19954e+7 
        2147.25      2.26394e+7 
        2160.53      2.32899e+7 
        2175.36      2.39948e+7 
        2195.14      2.49203e+7 
         2214.7      2.58322e+7 
         2243.7      2.71162e+7 
        2253.81       2.7563e+7 
        2263.91      2.81487e+7 
        2274.02      2.87829e+7 
        2284.13      2.92524e+7 
        2294.23        2.972e+7 
        2313.13      3.06027e+7 
        2332.03      3.13993e+7 
        2350.94      3.22016e+7 
        2361.11       3.2628e+7 
        2385.19      3.36081e+7 
        2409.27      3.45657e+7 
        2451.59      3.62876e+7 
        2466.76      3.68289e+7 
        2488.39      3.75706e+7 
        2510.01      3.83299e+7 
        2531.64      3.89869e+7 
         2547.3      3.94458e+7 
        2559.23      3.97861e+7 
        2571.17      4.01342e+7 
        2595.04      4.08061e+7 
        2627.89      4.17728e+7 
        2642.78      4.21256e+7 
        2657.67      4.24677e+7 
        2678.36      4.28705e+7 
        2717.24      4.35698e+7 
        2756.11      4.41978e+7 
        2794.98       4.4747e+7 
        2813.16      4.49813e+7 
        2833.85      4.52389e+7 
        2854.55      4.54903e+7 
        2895.93      4.58635e+7 
        2921.65      4.60645e+7 
        2937.32      4.61761e+7 
        2952.98      4.62794e+7 
        2984.31      4.64437e+7 
        3042.53       4.6669e+7 
        3060.31       4.6718e+7 
         3077.5      4.67566e+7 
        3113.68      4.68154e+7 
        3149.86      4.68393e+7 
        3196.14      4.68012e+7 
        3222.22      4.67604e+7 
        3248.29      4.67061e+7 
        3300.45      4.65292e+7 
        3346.73      4.63328e+7 
        3433.42       4.5872e+7 
        3445.17      4.58016e+7 
        3456.92      4.57284e+7 
        3480.41      4.55776e+7 
        3511.22      4.53659e+7 
        3527.41      4.52496e+7 
         3543.6      4.51302e+7 
        3560.69      4.50011e+7 
        3575.99       4.4883e+7 
        3591.28       4.4762e+7 
        3604.78      4.46524e+7 
        3621.87      4.45129e+7 
        3635.88       4.4397e+7 
        3647.12      4.43015e+7 
        3658.96      4.42025e+7 
        3671.11      4.40979e+7 
        3682.58      4.39996e+7 
         3693.5       4.3905e+7 
        3703.57      4.38155e+7 
        3713.83      4.37263e+7 
        3724.38       4.3633e+7 
        3734.43      4.35202e+7 
        3744.62      4.34577e+7 
        3754.84      4.33678e+7 
        3765.07      4.32758e+7 
         3775.5      4.31872e+7 
        3786.22      4.31202e+7 
        3796.45      4.27467e+7 
        3807.84      4.29716e+7 
        3818.92      4.29025e+7 
        3830.45      4.25588e+7 
        3840.76      4.25255e+7 
        3851.98      4.27885e+7 
        3862.01      4.27684e+7 
        3872.59      4.25347e+7 
         3884.4       4.1469e+7 
        3894.99      4.15636e+7 
        3906.47      4.25045e+7 
        3918.01      4.27477e+7 
        3928.33       4.2747e+7 
        3938.55      4.25793e+7 
        3948.88      4.21087e+7 
        3960.58       4.0585e+7 
        3970.61      3.39732e+7 
         3980.9      4.05589e+7 
        3991.38      4.18963e+7 
        4003.87      4.24407e+7 
        4018.86      4.25764e+7 
        4032.38      4.25331e+7 
        4043.86      4.24206e+7 
        4058.85      4.21052e+7 
        4073.85      4.13189e+7 
        4085.65      3.97383e+7 
        4096.17      3.54871e+7 
        4106.54      3.41598e+7 
        4116.69      3.89831e+7 
        4127.38      4.06321e+7 
        4138.83      4.12859e+7 
           4151      4.15297e+7 
        4163.83      4.15721e+7 
        4178.82      4.15105e+7 
        4193.82      4.14015e+7 
        4208.81      4.12686e+7 
         4221.1       4.1147e+7 
        4233.81      4.10091e+7 
         4248.8      4.08256e+7 
         4263.8      4.06007e+7 
         4278.8       4.0295e+7 
        4293.79      3.98093e+7 
        4308.79      3.88816e+7 
        4320.85      3.72084e+7 
        4331.09      3.34887e+7 
        4341.19      1.94284e+7 
        4351.76      3.39653e+7 
        4363.77      3.73096e+7 
        4378.77      3.85656e+7 
        4393.77      3.89344e+7 
        4408.76      3.90114e+7 
        4423.76      3.89595e+7 
        4438.75      3.88505e+7 
        4453.75      3.87154e+7 
        4468.74      3.85678e+7 
        4483.74      3.84129e+7 
        4498.74      3.82721e+7 
        4513.73        3.811e+7 
        4527.19       3.7963e+7 
        4538.73      3.78361e+7 
        4553.72      3.76699e+7 
        4568.72      3.75031e+7 
        4583.72      3.73353e+7 
        4596.53      3.71914e+7 
        4608.71      3.70548e+7 
         4623.7      3.68851e+7 
         4638.7      3.67145e+7 
         4653.7       3.6543e+7 
        4668.69      3.63699e+7 
        4683.69      3.61943e+7 
        4698.68      3.60155e+7 
        4713.68      3.58321e+7 
        4724.83       3.5691e+7 
        4738.67      3.55082e+7 
        4753.67      3.52961e+7 
        4768.67      3.50586e+7 
        4783.66      3.47755e+7 
        4798.66      3.44039e+7 
        4813.65      3.38425e+7 
        4828.65      3.28234e+7 
        4840.48      3.11221e+7 
        4850.99       2.7418e+7 
        4861.03      1.38608e+7 
        4871.21       2.6636e+7 
        4882.01      3.05736e+7 
        4893.63      3.21005e+7 
        4904.68      3.27143e+7 
        4915.55      3.29874e+7 
        4928.62       3.3113e+7 
        4943.62      3.31202e+7 
        4958.61      3.30562e+7 
        4973.61       3.2955e+7 
        4988.61      3.28334e+7 
         5003.6      3.27002e+7 
         5018.6      3.25592e+7 
         5033.6      3.24134e+7 
        5048.59      3.22648e+7 
        5063.59      3.21143e+7 
        5078.58      3.19629e+7 
        5093.58      3.18108e+7 
        5108.57      3.16585e+7 
        5123.57      3.15061e+7 
        5138.57       3.1354e+7 
        5153.56      3.12021e+7 
        5168.56      3.10505e+7 
        5183.56      3.08992e+7 
        5198.55      3.07483e+7 
        5213.55       3.0598e+7 
        5228.54       3.0448e+7 
        5243.54      3.02986e+7 
        5258.53      3.01496e+7 
        5273.53      3.00012e+7 
        5288.53      2.98534e+7 
        5303.52      2.97061e+7 
        5318.52      2.95595e+7 
        5333.52      2.94133e+7 
        5348.51      2.92678e+7 
        5363.51       2.9126e+7 
         5378.5      2.89814e+7 
         5393.5      2.88373e+7 
        5408.49      2.86939e+7 
        5423.49      2.85511e+7 
        5438.49       2.8409e+7 
        5453.48      2.82674e+7 
        5468.48      2.81265e+7 
        5483.48      2.79862e+7 
        5498.47      2.78466e+7 
        5513.47      2.77076e+7 
        5528.46      2.75692e+7 
        5543.46      2.74314e+7 
        5558.45      2.72943e+7 
        5573.45      2.71578e+7 
        5588.45      2.70219e+7 
        5603.44      2.68867e+7 
        5618.44      2.67521e+7 
        5633.43      2.66181e+7 
        5648.43      2.64847e+7 
        5663.43      2.63519e+7 
        5673.98      2.62692e+7 
         5686.2      2.61617e+7 
        5698.42      2.60546e+7 
        5708.88      2.59632e+7 
        5723.41      2.58368e+7 
        5738.41      2.57069e+7 
         5753.4      2.55777e+7 
         5768.4      2.54376e+7 
        5783.39      2.53094e+7 
        5798.39      2.51817e+7 
        5813.39      2.50547e+7 
        5828.38      2.49282e+7 
        5843.38      2.48024e+7 
        5858.37      2.46771e+7 
        5873.37      2.45525e+7 
        5888.37      2.44284e+7 
        5903.36      2.43049e+7 
        5918.36       2.4182e+7 
        5933.35      2.40596e+7 
        5948.35      2.39378e+7 
        5963.35      2.38165e+7 
        5978.34      2.36959e+7 
        5993.34      2.35757e+7 
        6008.33      2.34561e+7 
        6023.33      2.33369e+7 
        6038.32      2.32183e+7 
        6053.32      2.31002e+7 
        6068.32      2.29826e+7 
        6083.31      2.28655e+7 
        6098.31      2.27488e+7 
        6113.31      2.26326e+7 
         6128.3      2.25168e+7 
         6143.3      2.24013e+7 
        6158.29      2.22863e+7 
        6173.29      2.21716e+7 
        6188.28      2.20571e+7 
        6203.28      2.19429e+7 
        6218.28      2.18288e+7 
        6233.27      2.17148e+7 
        6244.38      2.16304e+7 
        6256.04      2.15417e+7 
        6266.59      2.14614e+7 
        6278.26      2.13724e+7 
        6290.52      2.12786e+7 
        6302.31       2.1188e+7 
        6312.59      2.11086e+7 
        6323.25      2.10256e+7 
        6338.24      2.09077e+7 
        6353.24      2.07878e+7 
        6368.24      2.06652e+7 
        6383.23      2.05388e+7 
        6398.23       2.0407e+7 
        6413.22      2.02677e+7 
        6428.22      2.01173e+7 
        6443.22      1.99505e+7 
        6458.21      1.97586e+7 
        6473.21      1.95274e+7 
         6488.2      1.92317e+7 
         6503.2      1.88225e+7 
         6518.2      1.82021e+7 
        6530.43      1.73828e+7 
        6541.53      1.61137e+7 
        6551.59      1.40139e+7 
        6561.85      1.03755e+7 
        6572.47       1.3407e+7 
        6583.18      1.57106e+7 
        6593.31      1.68458e+7 
        6603.34      1.74907e+7 
        6613.66      1.78869e+7 
        6623.98      1.81317e+7 
         6634.3      1.82833e+7 
        6644.62      1.83735e+7 
        6654.94      1.84234e+7 
        6665.26      1.84455e+7 
         6685.9      1.84355e+7 
        6701.62      1.83977e+7 
        6721.34      1.83287e+7 
         6736.2      1.82665e+7 
        6780.49      1.80527e+7 
        6824.78      1.78181e+7 
        6913.35      1.73338e+7 
        7001.93      1.68493e+7 
        7071.86      1.64728e+7 
         7090.5      1.63736e+7 
        7109.15       1.6275e+7 
        7146.44      1.60807e+7 
        7221.02      1.56988e+7 
         7295.6      1.53259e+7 
        7346.84      1.50751e+7 
        7370.18      1.49664e+7 
        7393.51      1.48542e+7 
        7440.19      1.46341e+7 
        7533.55      1.42043e+7 
        7575.92      1.40138e+7 
         7626.9      1.37883e+7 
        7677.88      1.35667e+7 
        7728.86      1.33506e+7 
        7779.84      1.31382e+7 
        7830.82      1.29296e+7 
         7881.8      1.27246e+7 
        7903.32      1.26392e+7 
        7932.78      1.25232e+7 
        7962.25      1.24084e+7 
        8021.18      1.21834e+7 
        8077.68       1.1972e+7 
        8097.18      1.19002e+7 
        8108.49      1.18587e+7 
        8155.67      1.16876e+7 
        8200.85      1.15263e+7 
        8216.85        1.147e+7 
        8232.84       1.1414e+7 
        8264.83      1.13029e+7 
        8289.72      1.12174e+7 
        8328.82      1.10844e+7 
        8343.44      1.10351e+7 
        8367.92      1.09532e+7 
        8388.68      1.08845e+7 
        8408.65      1.08189e+7 
        8432.02      1.07427e+7 
        8467.25       1.0629e+7 
        8502.48      1.05166e+7 
        8516.58       1.0472e+7 
        8530.98      1.04267e+7 
        8545.38      1.03818e+7 
        8574.18      1.02928e+7 
        8598.39      1.02185e+7 
         8628.6       1.0127e+7 
        8646.81      1.00721e+7 
        8665.01      1.00173e+7 
        8685.59      9.95646e+6 
        8701.43      9.90971e+6 
        8750.47      9.76526e+6 
        8767.92      9.71569e+6 
        8815.35      9.58032e+6 
        8862.78      9.44532e+6 
        8900.38      9.34482e+6 
        8957.65      9.18976e+6 
        9014.91      9.02972e+6 
        9044.62      8.95916e+6 
        9072.17       8.8886e+6 
        9099.72      8.81801e+6 
        9154.81      8.67931e+6 
         9190.8      8.58817e+6 
         9209.9      8.53744e+6 
        9229.01      8.47479e+6 
        9267.22      8.40228e+6 
        9305.43      8.31422e+6 
        9379.63      8.14178e+6 
        9397.45      8.10075e+6 
        9415.28      8.05988e+6 
        9450.94      7.97785e+6 
        9498.52      7.86554e+6 
        9522.24      7.80312e+6 
         9534.1      7.76357e+6 
        9545.97       7.7046e+6 
        9557.83      7.70937e+6 
        9569.68       7.6975e+6 
        9581.55      7.67912e+6 
        9605.27      7.63611e+6 
        9636.96      7.57385e+6 
        9652.71       7.5423e+6 
        9668.45      7.51045e+6 
        9699.94      7.44689e+6 
        9762.91      7.32007e+6 
        9825.88      7.19428e+6 
        9888.86      7.06896e+6 
        9950.84      6.94163e+6 
        9966.69      6.90764e+6 
        9979.12      6.88009e+6 
        9996.68      6.83874e+6 
        10014.2      6.79234e+6 
        10031.8      6.73306e+6 
          10045      6.64862e+6 
        10055.9      6.64139e+6 
        10066.9      6.66275e+6 
        10080.1      6.66137e+6 
        10097.7      6.64752e+6 
        10132.8      6.60335e+6 
        10167.9       6.5505e+6 
        10237.2      6.43781e+6 
        10306.5      6.32437e+6 
        10375.8      6.21171e+6 
        10445.1      6.09997e+6 
        10514.4      5.99083e+6 
        10583.7      5.88379e+6 
          10653      5.77767e+6 
        10722.2      5.67142e+6 
        10791.5      5.56128e+6 
        10826.2      5.50175e+6 
        10843.5      5.46904e+6 
        10860.8      5.43367e+6 
        10878.2      5.39276e+6 
        10895.5      5.34357e+6 
        10912.8      5.27552e+6 
        10925.8        5.189e+6 
        10936.3       5.0218e+6 
          10948      5.11822e+6 
        10962.5      5.18611e+6 
          10977      5.21153e+6 
        10991.5      5.22032e+6 
          11006       5.2201e+6 
        11020.4       5.2142e+6 
        11049.4      5.19315e+6 
        11078.3      5.16494e+6 
        11107.3      5.13358e+6 
        11165.2      5.06563e+6 
        11185.3      5.04131e+6 
        11223.1      4.99523e+6 
        11260.9      4.94898e+6 
        11336.5      4.85945e+6 
          11412       4.7712e+6 
        11487.6      4.68521e+6 
        11563.1      4.60017e+6 
        11638.7      4.51689e+6 
        11714.3      4.43539e+6 
        11789.8       4.3556e+6 
        11865.4       4.2775e+6 
        11940.9      4.20103e+6 
        12016.5      4.12617e+6 
        12092.1       4.0519e+6 
        12167.6      3.97983e+6 
        12201.7      3.94776e+6 
        12243.2      3.90915e+6 
        12284.6      3.87085e+6 
        12367.5      3.79712e+6 
        12450.4      3.72392e+6 
        12533.3      3.64984e+6 
        12574.8      3.61148e+6 
        12616.2      3.57083e+6 
        12657.7      3.52622e+6 
        12678.4      3.50087e+6 
        12699.1       3.4725e+6 
        12719.8      3.43926e+6 
        12740.6      3.39782e+6 
        12750.9      3.37269e+6 
        12761.3      3.34196e+6 
        12771.6      3.30631e+6 
          12782      3.25884e+6 
        12792.4      3.19644e+6 
        12802.7      3.10157e+6 
        12813.1      2.91808e+6 
        12824.4      2.93447e+6 
        12837.2      3.07918e+6 
        12853.2      3.17301e+6 
          12866      3.21778e+6 
        12885.2      3.25576e+6 
          12898      3.26977e+6 
        12910.8      3.27819e+6 
        12936.4       3.2846e+6 
          12962      3.28168e+6 
        12987.6      3.27373e+6 
        13038.8      3.24919e+6 
        13089.9      3.21928e+6 
        13141.1      3.18683e+6 
        13192.3      3.15341e+6 
        13243.5      3.11954e+6 
          13281      3.09466e+6 
        13294.7      3.08561e+6 
        13308.4      3.07656e+6 
        13335.7      3.05901e+6 
        13390.3      3.02411e+6 
          13445      2.98952e+6 
        13499.6      2.95538e+6 
        13554.3      2.92174e+6 
          13609      2.88849e+6 
        13663.6      2.85626e+6 
        13718.3      2.82373e+6 
        13772.9      2.79163e+6 
        13827.6      2.75994e+6 
        13882.2      2.72866e+6 
        13936.9      2.69779e+6 
        13991.6      2.66733e+6 
        14046.2      2.63726e+6 
        14100.9      2.60759e+6 
        14155.5       2.5783e+6 
        14210.2       2.5494e+6 
        14264.8      2.52087e+6 
        14306.9      2.49915e+6 
        14319.5      2.49271e+6 
        14332.1      2.48628e+6 
        14357.2      2.47357e+6 
        14407.5      2.44837e+6 
        14457.6      2.42349e+6 
        14507.8      2.39894e+6 
        14532.8      2.38683e+6 
          14558      2.37467e+6 
        14581.2      2.36355e+6 
        14597.2       2.3559e+6 
        14613.2      2.34828e+6 
        14645.2      2.33312e+6 
        14709.2      2.30314e+6 
        14773.2      2.27361e+6 
        14837.1      2.24452e+6 
        14901.1      2.21586e+6 
        14965.1      2.18762e+6 
        15029.1       2.1598e+6 
        15093.1       2.1324e+6 
        15157.1       2.1054e+6 
          15221       2.0788e+6 
          15285       2.0526e+6 
          15349      2.02679e+6 
          15413      2.00136e+6 
        15471.6      1.97841e+6 
        15482.4      1.97421e+6 
        15493.1      1.96985e+6 
        15514.7      1.96115e+6 
        15557.9       1.9439e+6 
        15644.2      1.90994e+6 
        15730.5       1.8767e+6 
        15816.8      1.84416e+6 
        15903.1       1.8123e+6 
        15989.4      1.78111e+6 
        16075.8      1.75058e+6 
        16162.1      1.72069e+6 
        16248.4      1.69147e+6 
        16289.9      1.67764e+6 
        16334.7      1.66286e+6 
        16379.5      1.64823e+6 
        16469.1      1.61672e+6 
        16558.8      1.58595e+6 
        16648.4      1.55589e+6 
          16738      1.52654e+6 
        16827.7      1.49789e+6 
        16917.3      1.46992e+6 
        17006.9      1.44259e+6 
        17096.6      1.41589e+6 
        17186.2      1.38981e+6 
        17275.8      1.36431e+6 
        17327.7      1.34983e+6 
        17365.5       1.3394e+6 
        17403.2      1.32906e+6 
        17478.8      1.30872e+6 
        17554.3      1.28877e+6 
        17629.9      1.26918e+6 
        17705.4      1.24997e+6 
          17781      1.23112e+6 
        17856.5      1.21262e+6 
        17932.1      1.19446e+6 
        18007.6      1.17311e+6 
        18083.2      1.15484e+6 
        18158.7      1.13661e+6 
        18234.3      1.11822e+6 
        18309.8      1.09941e+6 
        18343.7      1.09068e+6 
        18385.3      1.07961e+6 
          18427      1.06795e+6 
        18468.6      1.05539e+6 
        18510.2      1.04141e+6 
        18551.8      1.02519e+6 
        18572.6      1.01588e+6 
        18593.4      1.00531e+6 
        18614.2          993161 
          18635          978788 
        18645.4          970410 
        18655.8          960944 
        18666.2          950275 
        18676.6          938281 
          18687          924194 
        18697.4          907528 
        18707.8          886466 
        18718.2          860108 
        18728.6          824445 
          18739          775131 
        18749.4          705718 
        18759.5          746920 
        18769.8          790623 
        18780.1          823952 
        18793.9          857290 
        18807.6          881594 
        18821.4          899042 
          18842          917015 
        18855.8          925931 
        18869.5          932572 
        18883.3          937602 
        18897.1          941422 
        18910.8          944281 
        18938.3          947765 
        18965.8          949135 
        18993.3          949022 
        19048.4          945855 
        19103.4          940329 
        19158.4          933439 
        19213.4          925774 
        19268.5          917650 
        19323.5          909262 
        19378.5          900723 
        19416.4          894798 
        19433.5          892115 
        19450.7          889432 
        19484.9          884066 
        19553.4          875238 
        19621.9          864249 
        19690.4          853432 
          19759          842782 
        19827.5          832296 
          19896          821973 
        19964.5          811806 
          20033          801794 
        20101.5          791936 
          20170          782228 
        20238.5          772665 
          20307          763250 
        20375.5          753976 
        20413.6          748871 
          20444          744840 
        20474.4          740832 
        20535.1          732896 
        20595.9          725064 
        20656.6          717336 
        20717.4          709711 
        20778.1          702184 
        20838.9          694757 
        20899.6          687428 
        20960.4          680193 
        21021.1          673052 
        21081.9          666005 
        21142.6          659050 
        21203.4          652182 
        21264.1          645406 
        21324.9          638714 
        21385.6          632110 
        21446.4          625592 
        21507.1          619155 
        21567.9          612799 
        21626.6          606726 
        21642.5          605099 
        21658.4          603472 
        21690.2          600239 
        21753.8          593836 
        21817.4          587519 
          21881          581283 
        21944.6          575128 
        22008.2          569056 
        22071.8          563061 
        22135.3          557146 
        22198.9          551306 
        22262.5          545544 
        22326.1          539854 
        22389.7          534237 
        22453.3          528695 
        22516.9          523223 
        22580.4          517819 
          22644          512485 
        22707.6          507216 
        22755.6          503289 
        22771.2          502017 
        22784.8          500911 
        22800.8          499617 
        22816.8          498329 
        22848.8          495759 
        22912.8          490670 
        22976.8          485646 
        23040.8          480686 
        23104.8          475791 
        23168.7          470953 
        23232.7          466178 
        23296.7          461465 
        23360.7          456806 
        23424.7          452210 
        23488.6          447668 
        23552.6          443184 
        23616.6          438755 
        23680.6          434382 
        23744.6          430062 
        23808.6          425793 
        23872.5          421580 
        23936.5          417417 
        24000.5          413305 
        24064.5          409243 
        24128.5          405231 
        24192.5          401266 
        24256.4          397349 
        24320.4          393481 
        24384.4          389658 
        24448.4          385882 
        24512.4          382150 
        24576.3          378465 
        24640.3          374820 
        24704.3          371223 
        24768.3          367667 
        24832.3          364151 
        24896.3          360680 
        24960.2          357249 
        25004.4          354903 
        25024.2          353856 
          25044          352817 
        25083.6          350753 
        25162.8          346665 
        25241.9          342638 
        25321.1          338670 
        25400.2          334762 
        25479.4          330910 
        25558.5          327115 
        25637.7          323374 
        25716.9          319682 
          25796          316047 
        25875.2          312461 
        25954.3          308925 
        26033.5          305440 
        26112.7          302003 
        26191.8          298614 
          26271          295272 
        26350.1          291976 
        26429.3          288727 
        26508.4          285521 
        26587.6          282360 
        26666.8          279243 
        26745.9          276168 
        26825.1          273134 
        26904.2          270143 
        26983.4          267192 
        27062.6          264281 
        27141.7          261409 
        27220.9          258576 
        27299.2          255810 
        27377.5          253074 
        27455.8          250374 
        27534.2          247710 
        27612.5          245081 
        27690.8          242486 
        27769.1          239926 
        27847.5          237399 
        27925.8          234906 
        28004.1          232445 
        28082.4          230015 
        28160.8          227617 
        28239.1          225251 
        28317.4          222915 
        28395.7          220608 
          28474          218332 
        28552.4          216084 
        28630.7          213866 
          28709          211675 
        28787.3          209513 
        28865.7          207377 
          28944          205269 
        29022.3          203188 
        29100.6          201133 
          29179          199103 
        29257.3          197099 
        29335.6          195120 
        29413.9          193165 
        29492.3          191235 
        29570.6          189328 
        29648.9          187446 
        29727.2          185586 
        29805.5          183750 
        29883.9          181936 
        29932.6          180818 
        29962.2          180144 
        29991.8          179472 
