# Koester WD models
# teff = 8250 K (value for the effective temperature for the model. Temperatures are given in K)
# logg = 8 log(cm/s2) (value for Log(G) for the model.)
#
# column 1: WAVELENGTH (ANGSTROM), Wavelength in Angstrom
# column 2: FLUX (ERG/CM2/S/A), Flux in erg/cm2/s/A
         899.23         11.5514 
        909.241         14.7111 
        919.251         44.4997 
        929.261         66.0225 
        939.271         222.232 
         949.28         41.1492 
        959.289         571.182 
        969.297         462.235 
        979.305         772.684 
        989.312         1263.05 
        999.319         1812.81 
        1009.33         1724.58 
        1019.33         1335.05 
        1029.34         1389.77 
        1039.34         2718.71 
        1049.35          4170.5 
        1059.36          4900.1 
        1069.36         6936.29 
        1079.36          7831.8 
        1089.37           10570 
        1099.37         11719.7 
        1109.38         12275.2 
        1119.38         13756.2 
        1129.38           14840 
        1139.39           15192 
        1149.39         14864.6 
        1159.39         13970.7 
        1169.39         13090.1 
         1179.4         12357.9 
         1189.4         12578.6 
         1199.4         13273.5 
         1209.4         11562.6 
        1219.41         11527.5 
        1229.41         19930.9 
        1239.41         23722.6 
        1249.41         26781.2 
        1259.41         30335.8 
        1269.41         35110.1 
        1279.42         40865.8 
        1289.42         46379.3 
        1299.42         52120.3 
        1309.42         58180.4 
        1319.42         64016.9 
        1329.42         70932.8 
        1339.42         77798.1 
        1349.42         85025.6 
        1359.42         92993.7 
        1369.42          101156 
        1379.42          109350 
        1389.42          118644 
        1399.42          129090 
        1409.42          139050 
        1419.42          148006 
        1429.42          158471 
        1439.42          171424 
        1451.92          190165 
        1464.42          204276 
        1476.35          215077 
        1489.42          231233 
        1501.92          251812 
        1514.42          279844 
        1529.42          309961 
        1541.92          328158 
        1554.42          334511 
        1566.72          348365 
        1579.41          365760 
        1594.41          389806 
        1604.41          412161 
        1616.91          452091 
        1629.41          511951 
        1641.91          604772 
        1653.16          746216 
        1663.78      1.03334e+6 
        1673.92      1.65339e+6 
        1684.01      2.75287e+6 
         1694.4      4.50652e+6 
        1708.84      7.55597e+6 
         1719.4       9.5632e+6 
        1730.76      1.13448e+7 
         1741.9       1.2854e+7 
        1754.39      1.40569e+7 
        1767.08      1.48634e+7 
        1778.14      1.55215e+7 
        1789.39      1.66233e+7 
        1804.39      1.75062e+7 
           1834      1.92746e+7 
        1846.32      2.00161e+7 
        1857.09      2.10431e+7 
        1870.14      2.19269e+7 
        1880.85      2.25629e+7 
        1902.26      2.38385e+7 
        1919.37      2.48572e+7 
        1932.19      2.57224e+7 
        1942.88      2.66659e+7 
        1953.58       2.7372e+7 
        1964.22      2.79668e+7 
        1980.59      2.88749e+7 
         1999.2      2.98959e+7 
        2013.16      3.06534e+7 
        2027.12      3.16952e+7 
        2041.08       3.2485e+7 
        2055.04      3.31771e+7 
        2067.03      3.37618e+7 
        2083.16      3.45333e+7 
        2104.67      3.55386e+7 
        2116.25      3.60693e+7 
        2127.84      3.65892e+7 
        2139.43      3.73331e+7 
        2151.01      3.78169e+7 
         2162.6      3.82926e+7 
        2182.73      3.90934e+7 
        2196.79      3.96387e+7 
         2214.7      4.03176e+7 
         2232.6      4.09723e+7 
        2263.91      4.21661e+7 
        2288.52      4.30668e+7 
        2313.13      4.38227e+7 
        2337.74      4.45296e+7 
        2362.35      4.52044e+7 
        2409.27      4.63881e+7 
        2456.14      4.75025e+7 
        2469.49      4.77682e+7 
        2481.09      4.79907e+7 
        2498.55      4.83654e+7 
        2510.01      4.85687e+7 
        2521.47      4.87622e+7 
        2544.39      4.91323e+7 
        2559.23      4.93591e+7 
        2588.91      4.97817e+7 
        2638.89      5.04508e+7 
        2657.67      5.06453e+7 
         2671.9      5.07772e+7 
           2714      5.11235e+7 
        2756.11      5.14065e+7 
        2826.09       5.1727e+7 
        2840.32      5.17838e+7 
        2854.55      5.18294e+7 
           2883      5.18759e+7 
        2926.83      5.19041e+7 
        2939.91      5.19032e+7 
        2952.98      5.18975e+7 
        2979.14      5.18683e+7 
        3011.48      5.18099e+7 
        3031.45      5.17621e+7 
        3051.42      5.17056e+7 
        3091.36      5.15626e+7 
        3149.86      5.12988e+7 
        3168.41      5.11957e+7 
        3208.35      5.09554e+7 
        3248.29      5.06902e+7 
        3309.63       5.0235e+7 
        3322.49      5.01342e+7 
        3346.73      4.99384e+7 
        3383.83       4.9624e+7 
        3445.17       4.9072e+7 
         3469.4      4.88427e+7 
        3495.92       4.8585e+7 
         3506.5      4.84798e+7 
         3543.6      4.81028e+7 
        3591.28      4.76011e+7 
        3635.88      4.71173e+7 
        3647.12      4.69916e+7 
        3658.96      4.68606e+7 
        3671.11      4.67233e+7 
        3682.58      4.65939e+7 
         3693.5      4.64733e+7 
        3703.57      4.63407e+7 
        3713.83      4.62389e+7 
        3724.38      4.61271e+7 
        3734.43      4.57498e+7 
        3744.62      4.60199e+7 
        3754.84      4.59719e+7 
        3765.07      4.58239e+7 
        3775.56      4.57815e+7 
        3786.57      4.61824e+7 
        3796.92      4.28011e+7 
        3807.55      4.63068e+7 
        3818.92      4.66272e+7 
        3829.97      4.41403e+7 
        3840.23      4.37533e+7 
        3850.38      4.69863e+7 
        3862.01      4.75486e+7 
        3872.59      4.65801e+7 
        3883.11      4.22183e+7 
        3893.26      4.01646e+7 
        3904.25      4.64767e+7 
        3916.39      4.81967e+7 
        3928.22      4.84798e+7 
        3938.89      4.81113e+7 
        3950.65      4.64274e+7 
        3961.77      4.13462e+7 
        3971.88      2.99546e+7 
        3982.23      4.36323e+7 
        3993.87      4.70893e+7 
        4005.52      4.82759e+7 
        4017.18      4.85907e+7 
        4028.86      4.86221e+7 
        4039.13      4.85285e+7 
        4053.86      4.81553e+7 
        4068.85      4.70918e+7 
        4080.56      4.50734e+7 
        4091.24      4.03098e+7 
         4101.3      1.89397e+7 
        4111.66      3.95853e+7 
        4122.41      4.45054e+7 
        4133.78      4.63407e+7 
        4143.83      4.70315e+7 
        4158.83      4.73429e+7 
        4173.82      4.73256e+7 
        4188.82      4.72081e+7 
        4203.81      4.70475e+7 
        4216.52      4.68914e+7 
        4228.81      4.67252e+7 
        4243.81       4.6499e+7 
         4258.8      4.62235e+7 
         4273.8      4.58459e+7 
        4288.79      4.52502e+7 
        4303.79      4.41988e+7 
        4314.07      4.28278e+7 
        4324.82      3.97462e+7 
        4334.94      3.12107e+7 
        4345.14      2.94127e+7 
        4356.08      3.93645e+7 
        4368.77      4.24674e+7 
        4379.56       4.3436e+7 
        4393.77      4.39377e+7 
        4408.76      4.40835e+7 
        4423.76      4.40366e+7 
        4438.75      4.39028e+7 
        4453.75      4.37319e+7 
        4468.74      4.35459e+7 
        4483.74      4.33518e+7 
        4498.74      4.31812e+7 
        4513.73      4.29789e+7 
        4527.19      4.27957e+7 
        4538.73       4.2638e+7 
        4553.72      4.24322e+7 
        4568.72      4.22261e+7 
        4583.72      4.20191e+7 
        4596.53      4.18422e+7 
        4608.71      4.16745e+7 
         4623.7      4.14668e+7 
         4638.7      4.12585e+7 
         4653.7      4.10493e+7 
        4668.69      4.08388e+7 
        4683.69      4.06258e+7 
        4698.68      4.04097e+7 
        4713.68      4.01879e+7 
        4724.83      4.00179e+7 
        4738.67      3.97971e+7 
        4753.67      3.95407e+7 
        4768.67      3.92514e+7 
        4783.66      3.89089e+7 
        4798.66      3.84547e+7 
        4813.65      3.77711e+7 
        4828.65      3.65421e+7 
        4840.48      3.45129e+7 
        4850.99      3.01743e+7 
        4861.03      1.48756e+7 
        4871.21      2.96292e+7 
        4882.01       3.4025e+7 
        4893.63      3.57535e+7 
        4908.63      3.65986e+7 
         4921.7      3.68616e+7 
        4933.62      3.69326e+7 
        4948.62      3.69021e+7 
        4963.61      3.68056e+7 
        4978.61      3.66728e+7 
        4993.61      3.65198e+7 
         5008.6      3.63545e+7 
         5023.6      3.61817e+7 
        5038.59      3.60049e+7 
        5053.59      3.58252e+7 
        5068.59      3.56442e+7 
        5083.58      3.54623e+7 
        5098.58      3.52804e+7 
        5113.57      3.50988e+7 
        5128.57      3.49172e+7 
        5143.57      3.47363e+7 
        5158.56      3.45559e+7 
        5173.56      3.43759e+7 
        5188.55      3.41969e+7 
        5203.55      3.40184e+7 
        5218.55      3.38406e+7 
        5233.54      3.36634e+7 
        5248.54      3.34872e+7 
        5263.53      3.33119e+7 
        5278.53      3.31369e+7 
        5293.52      3.29628e+7 
        5308.52      3.27897e+7 
        5323.52      3.26173e+7 
        5338.51      3.24457e+7 
        5353.51      3.22748e+7 
        5368.51      3.21071e+7 
         5383.5      3.19377e+7 
         5398.5      3.17694e+7 
        5413.49      3.16016e+7 
        5428.49      3.14348e+7 
        5443.48      3.12689e+7 
        5458.48      3.11038e+7 
        5473.48      3.09395e+7 
        5488.47      3.07761e+7 
        5503.47      3.06135e+7 
        5518.47      3.04518e+7 
        5533.46      3.02908e+7 
        5548.46      3.01308e+7 
        5563.45      2.99715e+7 
        5578.45      2.98131e+7 
        5593.44      2.96555e+7 
        5608.44      2.94987e+7 
        5623.44      2.93428e+7 
        5638.43      2.91877e+7 
        5653.43      2.90333e+7 
        5668.43      2.88805e+7 
        5682.86      2.87334e+7 
        5693.42      2.86264e+7 
        5704.77      2.85117e+7 
        5715.23      2.84064e+7 
        5728.41      2.82745e+7 
         5743.4       2.8125e+7 
         5758.4      2.79763e+7 
         5773.4       2.7822e+7 
        5788.39      2.76748e+7 
        5803.39      2.75283e+7 
        5818.39      2.73827e+7 
        5833.38      2.72378e+7 
        5848.38      2.70937e+7 
        5863.37      2.69504e+7 
        5878.37      2.68078e+7 
        5893.36       2.6666e+7 
        5908.36       2.6525e+7 
        5923.36      2.63847e+7 
        5938.35      2.62452e+7 
        5953.35      2.61064e+7 
        5968.34      2.59684e+7 
        5983.34      2.58313e+7 
        5998.34      2.56948e+7 
        6013.33       2.5559e+7 
        6028.33      2.54239e+7 
        6043.32      2.52895e+7 
        6058.32      2.51558e+7 
        6073.32      2.50228e+7 
        6088.31      2.48904e+7 
        6103.31      2.47587e+7 
         6118.3      2.46276e+7 
         6133.3      2.44971e+7 
         6148.3      2.43672e+7 
        6163.29      2.42379e+7 
        6178.29      2.41091e+7 
        6193.28      2.39808e+7 
        6208.28      2.38529e+7 
        6223.28      2.37254e+7 
        6238.27      2.35983e+7 
        6252.16      2.34808e+7 
        6262.16      2.33964e+7 
        6273.26      2.33027e+7 
        6284.63      2.32068e+7 
        6295.99      2.31109e+7 
        6306.09      2.30256e+7 
        6316.22      2.29397e+7 
        6328.25      2.28375e+7 
        6343.24      2.27093e+7 
        6358.24      2.25798e+7 
        6373.23      2.24484e+7 
        6388.23      2.23141e+7 
        6403.23      2.21755e+7 
        6418.22      2.20306e+7 
        6433.22       2.1876e+7 
        6448.22      2.17064e+7 
        6463.21      2.15134e+7 
        6478.21      2.12828e+7 
         6493.2      2.09876e+7 
         6508.2      2.05703e+7 
        6523.19      1.99024e+7 
        6537.09       1.8764e+7 
        6548.06       1.6953e+7 
        6558.19      1.33256e+7 
        6569.28      1.40965e+7 
        6579.49      1.71893e+7 
        6590.04      1.85988e+7 
        6603.34      1.94286e+7 
        6613.66      1.97541e+7 
        6623.98      1.99382e+7 
        6639.46      2.00693e+7 
        6649.78      2.01002e+7 
         6660.1       2.0104e+7 
        6680.74      2.00612e+7 
         6691.3      2.00226e+7 
        6701.39      1.99788e+7 
        6711.48      1.99302e+7 
        6731.66       1.9823e+7 
        6772.02      1.95864e+7 
        6824.78      1.92595e+7 
        6877.54      1.89291e+7 
         6930.3      1.86001e+7 
        6983.06      1.82745e+7 
        7035.82      1.79538e+7 
        7068.02      1.77606e+7 
        7088.58      1.76383e+7 
        7109.15      1.75168e+7 
        7150.27      1.72779e+7 
        7232.53      1.68102e+7 
        7314.78      1.63559e+7 
        7393.51      1.59356e+7 
        7472.25      1.55274e+7 
        7550.98      1.51306e+7 
        7581.55      1.49797e+7 
        7629.72      1.47452e+7 
        7677.88      1.45148e+7 
        7774.21      1.40688e+7 
        7870.55      1.36381e+7 
        7962.25      1.32418e+7 
        8025.35      1.29778e+7 
        8053.95      1.28602e+7 
        8082.55      1.27437e+7 
        8139.75      1.25149e+7 
        8191.03      1.23137e+7 
        8202.85      1.22679e+7 
        8216.85       1.2214e+7 
        8232.84      1.21527e+7 
        8264.83      1.20313e+7 
        8289.72      1.19378e+7 
        8328.82      1.17925e+7 
        8343.44      1.17387e+7 
        8367.92      1.16493e+7 
        8388.68      1.15743e+7 
        8408.65      1.15028e+7 
        8432.02      1.14197e+7 
        8467.25      1.12955e+7 
        8502.48      1.11727e+7 
        8516.58      1.11245e+7 
        8530.98      1.10748e+7 
        8545.38      1.10257e+7 
        8574.18      1.09308e+7 
        8598.39      1.08483e+7 
         8628.6      1.07521e+7 
        8646.81      1.06915e+7 
        8665.01      1.06279e+7 
        8701.43      1.05177e+7 
        8750.47      1.03474e+7 
        8783.66      1.02582e+7 
        8799.51      1.02101e+7 
        8815.35      1.01601e+7 
        8831.29      1.01087e+7 
        8847.03      1.00527e+7 
        8862.78        9.987e+6 
        8878.53      9.95967e+6 
        8894.27      9.92363e+6 
        8925.77      9.83818e+6 
        8957.26      9.74343e+6 
        8988.75      9.63536e+6 
        9001.83      9.57828e+6 
        9014.91      9.50596e+6 
        9027.99      9.50388e+6 
        9041.06      9.48877e+6 
        9060.68      9.44988e+6 
        9073.94      9.41871e+6 
        9086.83      9.38623e+6 
        9099.72      9.35255e+6 
        9125.49      9.28246e+6 
        9151.27      9.20798e+6 
        9177.05       9.1252e+6 
        9189.94      9.07785e+6 
        9202.83      9.02234e+6 
        9215.71       8.9492e+6 
        9228.19      8.84145e+6 
        9241.22      8.87569e+6 
        9254.24      8.88534e+6 
        9267.26      8.87644e+6 
        9280.28      8.85841e+6 
        9306.32      8.80956e+6 
        9332.72      8.75128e+6 
         9358.4      8.69043e+6 
        9384.08      8.62732e+6 
        9435.45       8.4944e+6 
        9461.14      8.42123e+6 
        9486.82      8.33769e+6 
        9499.66      8.28749e+6 
         9512.5      8.22422e+6 
        9525.35      8.13503e+6 
        9538.19      7.99004e+6 
        9548.88      7.87849e+6 
        9559.57      7.99598e+6 
        9575.13      8.05894e+6 
        9598.46       8.0694e+6 
        9614.01      8.05357e+6 
        9645.12      8.00462e+6 
        9668.45      7.96083e+6 
        9715.11      7.86517e+6 
        9808.43      7.66536e+6 
        9850.69      7.57435e+6 
        9901.75      7.45682e+6 
        9927.29      7.39374e+6 
        9952.82      7.32312e+6 
        9978.35      7.24162e+6 
        9992.51      7.18542e+6 
        10003.9      7.13085e+6 
        10015.3      7.06173e+6 
        10026.6      6.96422e+6 
          10038      6.80161e+6 
        10049.4      6.49282e+6 
        10062.2      6.76473e+6 
        10076.4      6.89243e+6 
        10093.4      6.94801e+6 
        10104.8      6.96133e+6 
        10116.2      6.96362e+6 
        10138.9      6.95112e+6 
        10161.6      6.92771e+6 
        10177.1      6.90726e+6 
        10207.1      6.86199e+6 
        10237.2      6.81248e+6 
        10297.3      6.70915e+6 
        10357.4      6.60435e+6 
        10417.6      6.50046e+6 
        10477.7       6.3965e+6 
        10537.8      6.29512e+6 
          10598      6.19535e+6 
        10658.1      6.09532e+6 
        10718.2       5.9935e+6 
        10778.4      5.88452e+6 
        10808.4      5.82307e+6 
        10838.5      5.75103e+6 
        10853.5      5.70768e+6 
        10868.6      5.65584e+6 
        10883.6      5.58927e+6 
        10898.6      5.49716e+6 
        10909.9      5.39402e+6 
        10921.2       5.2284e+6 
        10932.5      4.86859e+6 
        10942.5      4.76115e+6 
        10952.8      5.12381e+6 
          10964      5.28334e+6 
        10975.3      5.36675e+6 
        10990.2      5.42314e+6 
        11005.2      5.44903e+6 
        11020.2       5.4594e+6 
        11035.2      5.45959e+6 
        11065.1      5.44473e+6 
          11095      5.41818e+6 
          11125      5.38598e+6 
        11184.9      5.31316e+6 
        11228.6      5.25711e+6 
        11244.7      5.23612e+6 
        11260.9      5.21514e+6 
        11293.2      5.17414e+6 
        11357.9      5.09252e+6 
        11422.6      5.01194e+6 
        11487.2      4.93343e+6 
        11551.9       4.8553e+6 
        11616.5      4.77858e+6 
        11681.2      4.70331e+6 
        11745.8      4.62939e+6 
        11810.5      4.55685e+6 
        11875.2      4.48566e+6 
        11939.8      4.41576e+6 
        12004.5      4.34712e+6 
        12069.1      4.27885e+6 
        12133.8       4.2125e+6 
        12198.4      4.14725e+6 
        12241.6       4.1043e+6 
        12263.1        4.083e+6 
        12284.6       4.0618e+6 
        12327.7      4.02055e+6 
        12413.8      3.93855e+6 
          12500      3.85599e+6 
        12586.1      3.76887e+6 
        12629.2      3.72031e+6 
        12650.7      3.69326e+6 
        12672.3        3.663e+6 
        12693.8      3.62848e+6 
        12715.3      3.58641e+6 
        12726.1       3.5609e+6 
        12736.9      3.53228e+6 
        12747.6      3.49776e+6 
        12758.4      3.45525e+6 
        12769.2      3.40256e+6 
        12779.9      3.33081e+6 
        12790.7      3.22676e+6 
        12801.5      3.06025e+6 
        12812.2      2.73234e+6 
        12823.6      2.69116e+6 
        12834.8      3.02018e+6 
          12846      3.17992e+6 
        12858.8      3.27963e+6 
        12871.6      3.33766e+6 
        12890.8      3.38632e+6 
        12903.6      3.40439e+6 
        12916.4      3.41563e+6 
        12929.2      3.42233e+6 
          12942      3.42522e+6 
        12954.8      3.42547e+6 
        12980.4      3.42069e+6 
          13006      3.41111e+6 
        13031.6      3.39848e+6 
        13082.7      3.36823e+6 
        13133.9      3.33442e+6 
        13185.1      3.29905e+6 
        13236.3      3.26311e+6 
        13266.6      3.24168e+6 
        13287.5      3.22695e+6 
        13308.4      3.21222e+6 
        13350.1      3.18344e+6 
        13433.5      3.12635e+6 
          13517       3.0702e+6 
        13600.4      3.01512e+6 
        13683.9      2.96166e+6 
        13767.3      2.90881e+6 
        13850.8      2.85707e+6 
        13934.2      2.80641e+6 
        14017.7      2.75681e+6 
        14101.1      2.70824e+6 
        14184.6      2.66067e+6 
          14204      2.64976e+6 
          14268       2.6141e+6 
        14332.1      2.57901e+6 
        14396.1      2.54461e+6 
        14457.6      2.51209e+6 
        14519.2      2.48007e+6 
        14578.1      2.44983e+6 
        14589.2      2.44419e+6 
        14613.2      2.43199e+6 
        14645.2      2.41585e+6 
        14709.2      2.38398e+6 
        14773.2       2.3526e+6 
        14837.1      2.32169e+6 
        14901.1      2.29126e+6 
        14965.1      2.26129e+6 
        15029.1      2.23178e+6 
        15093.1      2.20272e+6 
        15157.1       2.1741e+6 
          15221      2.14592e+6 
          15285      2.11817e+6 
          15349      2.09084e+6 
          15413      2.06392e+6 
        15471.6      2.03962e+6 
        15482.4      2.03518e+6 
        15493.1      2.03059e+6 
        15514.7      2.02145e+6 
        15557.9      2.00331e+6 
        15644.2      1.96761e+6 
        15730.5      1.93269e+6 
        15816.8      1.89852e+6 
        15903.1      1.86508e+6 
        15989.4      1.83235e+6 
        16075.8      1.80032e+6 
        16162.1      1.76897e+6 
        16248.4      1.73829e+6 
        16289.9      1.72377e+6 
        16334.7      1.70826e+6 
        16379.5      1.69291e+6 
        16469.1       1.6607e+6 
        16558.8      1.62925e+6 
        16648.4      1.59854e+6 
          16738      1.56853e+6 
        16827.7      1.53923e+6 
        16917.3      1.51059e+6 
        17006.9      1.48262e+6 
        17096.6      1.45529e+6 
        17186.2      1.42858e+6 
        17275.8      1.40247e+6 
        17327.7      1.38764e+6 
        17365.5      1.37696e+6 
        17403.2      1.36638e+6 
        17478.8      1.34557e+6 
        17554.3      1.32516e+6 
        17629.9      1.30513e+6 
        17705.4      1.28547e+6 
          17781      1.26617e+6 
        17856.5      1.24723e+6 
        17932.1      1.22865e+6 
        18007.6      1.20806e+6 
        18083.2      1.18956e+6 
        18158.7      1.17116e+6 
        18234.3      1.15269e+6 
        18309.8      1.13391e+6 
        18343.7      1.12525e+6 
        18385.3      1.11431e+6 
          18427      1.10282e+6 
        18468.6      1.09045e+6 
        18510.2      1.07668e+6 
        18551.8      1.06065e+6 
        18572.6      1.05132e+6 
        18593.4      1.04071e+6 
        18614.2      1.02842e+6 
          18635      1.01375e+6 
        18645.4      1.00518e+6 
        18655.8          995489 
        18666.2          984456 
        18676.6          971786 
          18687          956756 
        18697.4          938513 
        18707.8          915174 
        18718.2          885577 
        18728.6          845698 
          18739          793321 
        18749.4          723380 
        18760.1          769426 
        18770.5          820088 
        18780.8          860580 
        18794.5          897767 
        18808.3          922849 
          18822          939943 
        18835.8          952119 
        18849.6          961243 
        18863.3          968013 
        18877.1          973014 
        18890.8          976693 
        18904.6          979338 
        18932.1          982382 
        18959.6          983218 
        18987.1          982530 
        19042.1          978276 
        19097.2          971776 
        19152.2          964076 
        19207.2          955710 
        19262.2          946973 
        19317.3          938042 
        19372.3          929019 
          19404          923814 
        19427.3          919971 
        19450.7          916136 
        19497.4          908454 
        19590.8          894311 
        19684.3          879008 
        19777.7          864026 
        19871.2          849358 
        19964.6          834998 
          20058          820936 
        20151.5          807166 
        20244.9          793683 
        20338.4          780475 
        20389.2          773404 
        20431.8          767541 
        20474.4          761736 
        20559.6          750263 
        20644.8          739003 
          20730          727951 
        20815.2          717106 
        20900.4          706459 
        20985.6          696007 
        21070.8          685747 
          21156          675672 
        21241.2          665782 
        21326.4          656068 
        21411.7          646530 
        21496.9          637165 
        21533.5          633188 
        21582.1          627967 
        21630.6          622799 
        21727.7          612607 
        21824.8          602623 
        21921.9          592837 
          22019          583249 
        22116.2          573853 
        22213.3          564645 
        22310.4          555619 
        22407.5          546769 
        22504.6          538095 
        22601.7          529591 
        22698.8          521253 
        22784.8          513999 
        22800.8          512664 
        22816.8          511335 
        22848.8          508684 
        22912.8          503437 
        22976.8          498253 
        23040.8          493139 
        23104.8          488090 
        23168.7          483105 
        23232.7          478182 
        23296.7          473319 
        23360.7          468521 
        23424.7          463781 
        23488.6          459106 
        23552.6          454488 
        23616.6          449929 
        23680.6          445428 
        23744.6          440979 
        23808.6          436590 
        23872.5          432252 
        23936.5          427967 
        24000.5          423738 
        24064.5          419557 
        24128.5          415429 
        24192.5          411351 
        24256.4          407323 
        24320.4          403343 
        24384.4          399413 
        24448.4          395530 
        24512.4          391691 
        24576.3          387902 
        24640.3          384157 
        24704.3          380456 
        24768.3          376799 
        24832.3          373187 
        24896.3          369618 
        24960.2          366090 
        25004.4          363677 
        25024.2          362606 
          25044          361534 
        25083.6          359411 
        25162.8          355210 
        25241.9          351070 
        25321.1          346989 
        25400.2          342968 
        25479.4          339003 
        25558.5          335095 
        25637.7          331243 
        25716.9          327448 
          25796          323703 
        25875.2          320015 
        25954.3          316377 
        26033.5          312791 
        26112.7          309255 
        26191.8          305768 
          26271          302330 
        26350.1          298940 
        26429.3          295597 
        26508.4          292300 
        26587.6          289049 
        26666.8          285843 
        26745.9          282680 
        26825.1          279561 
        26904.2          276485 
        26983.4          273451 
        27062.6          270457 
        27141.7          267504 
        27220.9          264590 
        27299.2          261746 
        27377.5          258941 
        27455.8          256173 
        27534.2          253442 
        27612.5          250747 
        27690.8          248088 
        27769.1          245464 
        27847.5          242873 
        27925.8          240317 
        28004.1          237795 
        28082.4          235305 
        28160.8          232847 
        28239.1          230421 
        28317.4          228026 
        28395.7          225662 
          28474          223329 
        28552.4          221025 
        28630.7          218752 
          28709          216507 
        28787.3          214290 
        28865.7          212102 
          28944          209941 
        29022.3          207808 
        29100.6          205701 
          29179          203620 
        29257.3          201566 
        29335.6          199538 
        29413.9          197535 
        29492.3          195557 
        29570.6          193603 
        29648.9          191673 
        29727.2          189768 
        29805.5          187885 
        29883.9          186027 
        29932.6          184881 
        29962.2          184190 
        29991.8          183502 
