# Koester WD models
# teff = 8500 K (value for the effective temperature for the model. Temperatures are given in K)
# logg = 9 log(cm/s2) (value for Log(G) for the model.)
#
# column 1: WAVELENGTH (ANGSTROM), Wavelength in Angstrom
# column 2: FLUX (ERG/CM2/S/A), Flux in erg/cm2/s/A
         899.23         34.4953 
        909.241         43.4058 
        919.251         86.7523 
        929.261         143.165 
        939.271         393.962 
         949.28         111.352 
        959.289         978.634 
        969.297          803.93 
        979.305         1355.67 
        989.312         2219.59 
        999.319         3113.48 
        1009.33         3033.22 
        1019.33         2258.22 
        1029.34         2332.61 
        1039.34         4705.76 
        1049.35          6914.8 
        1059.36            8041 
        1069.36         10490.3 
        1079.36         11836.7 
        1089.37         14398.8 
        1099.37         16034.9 
        1109.38         17315.9 
        1119.38         19470.5 
        1129.38         21359.3 
        1139.39         22538.8 
        1149.39         22723.4 
        1159.39         21766.3 
        1169.39         20310.8 
         1179.4         18809.2 
         1189.4         19020.3 
         1199.4         20035.8 
         1209.4         17882.8 
        1219.41         18104.7 
        1229.41           29838 
        1239.41         35406.7 
        1249.41         39875.3 
        1259.41         45124.6 
        1269.41         52286.8 
        1279.42         60983.3 
        1289.42         69172.2 
        1299.42         77538.9 
        1309.42         86383.4 
        1319.42         94817.7 
        1329.42          104580 
        1339.42          114508 
        1349.42          124821 
        1359.42          135978 
        1369.42          147459 
        1379.42          159179 
        1389.42          172382 
        1399.42          186699 
        1409.42          200231 
        1419.42          212847 
        1429.42          227832 
        1439.42          245925 
        1451.92          271171 
        1464.42          289988 
        1476.35          305155 
        1489.42          327329 
        1501.92          356260 
        1514.42          394107 
        1529.42          434686 
        1541.92          457975 
        1554.42          465920 
        1566.72          483629 
        1579.41          505533 
        1594.41          536380 
        1604.41          566263 
        1616.91          621140 
        1629.41          703487 
        1641.91          824539 
        1653.16          986721 
        1664.41      1.25166e+6 
         1674.6      1.68222e+6 
         1685.2      2.46108e+6 
        1695.37      3.71358e+6 
        1705.44      5.43326e+6 
        1716.88      7.47976e+6 
         1726.9       9.1284e+6 
         1739.4      1.10159e+7 
        1751.89      1.25681e+7 
        1764.39      1.35749e+7 
        1775.55      1.43372e+7 
        1786.89      1.54979e+7 
        1799.39       1.6517e+7 
        1814.38      1.75841e+7 
           1834      1.90253e+7 
        1846.32      1.99344e+7 
        1857.09      2.12319e+7 
        1870.14      2.23437e+7 
        1880.85      2.31562e+7 
        1902.26      2.48027e+7 
        1919.37      2.61342e+7 
        1930.06      2.69983e+7 
        1940.75      2.84122e+7 
        1950.77      2.93174e+7 
        1961.99      3.01533e+7 
        1981.78      3.16233e+7 
        1998.52      3.28623e+7 
        2012.99      3.39289e+7 
        2025.05      3.51569e+7 
        2036.12      3.61905e+7 
        2051.57      3.72489e+7 
        2067.03      3.82875e+7 
        2079.64      3.91238e+7 
        2097.95      4.03148e+7 
        2116.25      4.14819e+7 
        2134.56      4.28249e+7 
        2152.86      4.40797e+7 
        2165.47      4.47913e+7 
         2190.7       4.6155e+7 
         2214.7      4.74123e+7 
        2261.45       4.9804e+7 
        2276.21      5.07911e+7 
        2290.97      5.14659e+7 
        2308.14       5.2234e+7 
        2328.11      5.30653e+7 
        2348.07       5.3857e+7 
        2362.35      5.44061e+7 
        2372.58      5.47828e+7 
        2390.93      5.54387e+7 
        2409.27      5.60693e+7 
        2435.73      5.70862e+7 
        2445.96      5.73837e+7 
        2456.19      5.76734e+7 
        2466.76      5.79702e+7 
        2488.39      5.85445e+7 
        2510.01      5.91568e+7 
         2547.3      5.99831e+7 
        2559.23      6.02284e+7 
        2571.17      6.04694e+7 
        2595.04      6.09249e+7 
        2627.89      6.15994e+7 
        2642.78      6.18155e+7 
        2657.67      6.20194e+7 
        2687.45      6.23553e+7 
        2737.93      6.28221e+7 
        2756.11      6.29603e+7 
        2766.75      6.30307e+7 
        2810.65      6.32673e+7 
        2854.55      6.34548e+7 
        2898.45      6.34888e+7 
        2931.71       6.3469e+7 
        2942.34      6.34545e+7 
        2952.98      6.34366e+7 
        2974.26       6.3381e+7 
        3016.81      6.32308e+7 
        3051.42      6.30697e+7 
        3091.41      6.28391e+7 
        3120.64      6.26537e+7 
        3149.86       6.2437e+7 
        3168.31      6.22827e+7 
         3208.3      6.19252e+7 
        3248.29      6.15375e+7 
        3309.83      6.08731e+7 
        3322.09      6.07336e+7 
        3346.73      6.04486e+7 
        3383.63      6.00101e+7 
        3445.17      5.92416e+7 
        3469.81      5.89218e+7 
        3495.92      5.85756e+7 
        3506.71      5.84292e+7 
         3543.6      5.79203e+7 
        3591.28      5.72445e+7 
        3635.88      5.65964e+7 
        3647.12       5.6429e+7 
        3658.96      5.62549e+7 
        3671.11      5.60727e+7 
        3682.58      5.59021e+7 
         3693.5      5.57391e+7 
        3703.57      5.55858e+7 
        3713.83      5.54328e+7 
        3724.38      5.52735e+7 
        3734.43      5.50875e+7 
        3744.62      5.49798e+7 
        3754.84      5.48349e+7 
        3765.07      5.46709e+7 
         3775.5      5.45255e+7 
        3786.22      5.44686e+7 
        3796.45      5.37473e+7 
        3807.84      5.42497e+7 
        3818.92      5.41846e+7 
        3830.45      5.32908e+7 
        3840.76      5.32563e+7 
        3851.98      5.40791e+7 
        3862.01      5.40844e+7 
        3872.59      5.35931e+7 
        3883.67      5.15196e+7 
        3893.94      5.10562e+7 
        3904.25      5.34228e+7 
        3915.94       5.4146e+7 
        3928.22      5.42135e+7 
        3938.89      5.38557e+7 
        3950.65      5.26704e+7 
        3961.37      4.96903e+7 
         3971.7      4.24527e+7 
        3981.92      5.05837e+7 
        3992.64      5.28529e+7 
        4003.87      5.38045e+7 
        4018.86      5.41497e+7 
        4032.38      5.41142e+7 
        4043.86      5.39201e+7 
        4058.85      5.33021e+7 
        4071.35      5.20973e+7 
        4082.28      4.99906e+7 
        4092.86      4.50552e+7 
         4103.3      3.31011e+7 
        4113.31      4.62845e+7 
        4123.84      5.00267e+7 
           4134      5.15608e+7 
        4146.66      5.24574e+7 
        4158.83      5.27423e+7 
        4173.82      5.27753e+7 
        4188.82      5.26691e+7 
        4203.81      5.25001e+7 
        4216.52      5.23261e+7 
        4228.81      5.21322e+7 
        4243.81      5.18558e+7 
         4258.8      5.15061e+7 
         4273.8      5.10138e+7 
        4288.79      5.02272e+7 
        4303.79      4.88675e+7 
        4314.07       4.7182e+7 
        4324.82      4.37313e+7 
        4334.92       3.5009e+7 
        4344.92      3.22491e+7 
        4355.47      4.27759e+7 
        4366.07      4.61977e+7 
        4378.77      4.79134e+7 
        4393.77      4.87324e+7 
        4408.76      4.90136e+7 
        4423.76      4.90299e+7 
        4438.75      4.89193e+7 
        4453.75      4.87493e+7 
        4468.74      4.85508e+7 
        4483.74      4.83365e+7 
        4498.74      4.81534e+7 
        4513.73      4.79241e+7 
        4527.19      4.77151e+7 
        4538.73      4.75345e+7 
        4553.72      4.72982e+7 
        4568.72      4.70604e+7 
        4583.72      4.68214e+7 
        4596.53      4.66162e+7 
        4608.71      4.64214e+7 
         4623.7      4.61792e+7 
         4638.7      4.59351e+7 
         4653.7      4.56894e+7 
        4668.69      4.54406e+7 
        4683.69      4.51865e+7 
        4698.68       4.4926e+7 
        4713.68      4.46555e+7 
        4724.83      4.44444e+7 
        4738.67      4.41658e+7 
        4753.67      4.38356e+7 
        4768.67      4.34545e+7 
        4783.66      4.29836e+7 
        4798.66      4.23484e+7 
        4813.65      4.13839e+7 
        4828.65      3.97097e+7 
        4840.48      3.71126e+7 
        4850.99      3.19842e+7 
        4861.03      1.69537e+7 
        4871.36      3.12333e+7 
        4882.23      3.65128e+7 
        4892.33      3.85816e+7 
        4903.18      3.96969e+7 
        4913.63      4.02561e+7 
        4925.16      4.05768e+7 
        4938.62      4.07232e+7 
        4953.62       4.0732e+7 
        4968.61      4.06516e+7 
        4983.61      4.05215e+7 
         4998.6      4.03641e+7 
         5013.6      4.01869e+7 
         5028.6      3.99981e+7 
        5043.59      3.98021e+7 
        5058.59      3.96013e+7 
        5073.58      3.93975e+7 
        5088.58      3.91923e+7 
        5103.58      3.89865e+7 
        5118.57      3.87804e+7 
        5133.57      3.85744e+7 
        5148.56      3.83689e+7 
        5163.56      3.81638e+7 
        5178.56      3.79592e+7 
        5193.55      3.77553e+7 
        5208.55      3.75521e+7 
        5223.54      3.73498e+7 
        5238.54      3.71481e+7 
        5253.54      3.69473e+7 
        5268.53      3.67478e+7 
        5283.53       3.6549e+7 
        5298.52      3.63511e+7 
        5313.52      3.61541e+7 
        5328.52       3.5958e+7 
        5343.51      3.57629e+7 
        5358.51      3.55688e+7 
         5373.5      3.53803e+7 
         5388.5      3.51877e+7 
         5403.5      3.49964e+7 
        5418.49      3.48057e+7 
        5433.49      3.46163e+7 
        5448.48      3.44278e+7 
        5463.48      3.42402e+7 
        5478.48      3.40536e+7 
        5493.47      3.38683e+7 
        5508.47      3.36835e+7 
        5523.46      3.35001e+7 
        5538.46      3.33178e+7 
        5553.46      3.31363e+7 
        5568.45      3.29556e+7 
        5583.45      3.27762e+7 
        5598.44      3.25978e+7 
        5613.44      3.24203e+7 
        5628.44      3.22434e+7 
        5643.43      3.20678e+7 
        5658.43      3.18934e+7 
        5673.42      3.17339e+7 
         5686.2      3.15865e+7 
        5698.42      3.14461e+7 
        5708.88      3.13263e+7 
        5723.41      3.11609e+7 
        5738.41      3.09911e+7 
         5753.4      3.08222e+7 
         5768.4      3.06385e+7 
        5783.39      3.04711e+7 
        5798.39      3.03047e+7 
        5813.39      3.01392e+7 
        5828.38      2.99747e+7 
        5843.38       2.9811e+7 
        5858.37      2.96482e+7 
        5873.37      2.94864e+7 
        5888.37      2.93254e+7 
        5903.36      2.91654e+7 
        5918.36      2.90062e+7 
        5933.35      2.88478e+7 
        5948.35      2.86903e+7 
        5963.35      2.85337e+7 
        5978.34      2.83779e+7 
        5993.34      2.82229e+7 
        6008.33      2.80687e+7 
        6023.33      2.79152e+7 
        6038.32      2.77625e+7 
        6053.32      2.76106e+7 
        6068.32      2.74594e+7 
        6083.31      2.73088e+7 
        6098.31      2.71588e+7 
        6113.31      2.70095e+7 
         6128.3      2.68608e+7 
         6143.3      2.67127e+7 
        6158.29      2.65651e+7 
        6173.29      2.64178e+7 
        6188.28       2.6271e+7 
        6203.28      2.61245e+7 
        6218.28      2.59781e+7 
        6233.27      2.58317e+7 
        6244.38      2.57233e+7 
        6256.04      2.56094e+7 
        6266.59      2.55064e+7 
        6278.26       2.5392e+7 
        6290.52      2.52713e+7 
        6302.31      2.51548e+7 
        6312.59      2.50525e+7 
        6323.25      2.49455e+7 
        6338.24      2.47931e+7 
        6353.24      2.46378e+7 
        6368.24      2.44784e+7 
        6383.23      2.43134e+7 
        6398.23      2.41404e+7 
        6413.22      2.39563e+7 
        6428.22      2.37562e+7 
        6443.22      2.35324e+7 
        6458.21      2.32728e+7 
        6473.21      2.29594e+7 
         6488.2      2.25595e+7 
         6503.2      2.20209e+7 
         6518.2      2.12206e+7 
        6532.67      1.99283e+7 
        6543.19      1.83359e+7 
        6554.64      1.52637e+7 
        6564.69      1.28109e+7 
        6575.67      1.65235e+7 
        6586.28      1.86949e+7 
        6598.17      1.99844e+7 
         6608.5      2.06315e+7 
        6618.82      2.10345e+7 
        6629.14      2.12921e+7 
        6644.62      2.15129e+7 
        6654.94      2.15926e+7 
        6665.26      2.16347e+7 
        6675.58      2.16498e+7 
         6685.9       2.1645e+7 
        6701.62      2.16099e+7 
        6721.34      2.15349e+7 
         6736.2      2.14635e+7 
        6780.49       2.1209e+7 
        6824.78      2.09234e+7 
        6913.35      2.03277e+7 
        7001.93      1.97296e+7 
        7071.86      1.92652e+7 
         7090.5      1.91429e+7 
        7109.15      1.90213e+7 
        7146.44      1.87819e+7 
        7221.02      1.83119e+7 
         7295.6      1.78541e+7 
        7346.84      1.75466e+7 
        7370.18      1.74139e+7 
        7393.51      1.72766e+7 
        7440.19      1.70073e+7 
        7533.55      1.64826e+7 
        7575.92      1.62504e+7 
         7626.9       1.5976e+7 
        7677.88      1.57071e+7 
        7728.86      1.54449e+7 
        7779.84      1.51876e+7 
        7830.82      1.49351e+7 
         7881.8      1.46874e+7 
        7903.32      1.45843e+7 
        7932.78      1.44444e+7 
        7962.25       1.4306e+7 
        8021.18      1.40348e+7 
        8077.68      1.37804e+7 
        8097.18       1.3694e+7 
        8108.49      1.36441e+7 
        8155.67      1.34385e+7 
        8200.85      1.32449e+7 
        8216.85      1.31773e+7 
        8232.84      1.31101e+7 
        8264.83       1.2977e+7 
        8289.72      1.28745e+7 
        8328.82      1.27153e+7 
        8343.44      1.26563e+7 
        8367.92      1.25583e+7 
        8388.68      1.24762e+7 
        8408.65      1.23977e+7 
        8432.02      1.23067e+7 
        8467.25      1.21708e+7 
        8502.48      1.20367e+7 
        8516.58      1.19835e+7 
        8530.98      1.19294e+7 
        8545.38      1.18759e+7 
        8574.18      1.17699e+7 
        8598.39      1.16814e+7 
         8628.6      1.15726e+7 
        8646.81      1.15072e+7 
        8665.01      1.14418e+7 
        8685.59      1.13697e+7 
        8701.43      1.13143e+7 
        8750.47       1.1142e+7 
        8767.92      1.10834e+7 
        8815.35       1.0923e+7 
        8862.78      1.07619e+7 
        8900.38      1.06443e+7 
        8957.65      1.04609e+7 
        9014.91      1.02685e+7 
        9044.62      1.01864e+7 
        9072.17      1.01056e+7 
        9099.72      1.00231e+7 
        9154.81       9.8586e+6 
         9190.8      9.74685e+6 
         9209.9      9.68204e+6 
        9229.01      9.60938e+6 
        9248.11      9.57086e+6 
        9267.22      9.52782e+6 
        9305.43      9.43009e+6 
        9379.63      9.22962e+6 
        9397.45      9.18115e+6 
        9415.28      9.13267e+6 
        9450.94      9.03415e+6 
        9498.52       8.8941e+6 
        9522.24      8.80824e+6 
         9534.1      8.75276e+6 
        9545.97      8.68572e+6 
        9557.83       8.6861e+6 
        9569.68       8.6827e+6 
        9581.55      8.67023e+6 
        9605.27      8.62939e+6 
        9628.99      8.58019e+6 
        9652.71      8.52766e+6 
        9668.45      8.49176e+6 
        9699.94      8.41922e+6 
        9762.91      8.27244e+6 
        9825.88      8.12501e+6 
        9888.86      7.97578e+6 
        9950.84       7.8176e+6 
        9966.69      7.77353e+6 
        9982.54      7.72646e+6 
        9998.39      7.67406e+6 
        10014.2      7.61264e+6 
        10030.1      7.53191e+6 
        10042.5      7.43822e+6 
        10052.8      7.38491e+6 
          10063      7.42591e+6 
        10076.7      7.45154e+6 
        10090.4      7.45688e+6 
          10104      7.45139e+6 
        10131.4      7.42286e+6 
        10158.7      7.38321e+6 
        10189.5      7.33188e+6 
        10213.3      7.28988e+6 
        10237.2      7.24615e+6 
        10284.9       7.1579e+6 
        10380.3      6.97952e+6 
        10475.7      6.80155e+6 
        10571.1      6.62929e+6 
        10666.5      6.45717e+6 
        10714.2      6.36917e+6 
        10761.9      6.27715e+6 
        10776.6      6.24753e+6 
        10809.6      6.17571e+6 
        10837.1      6.10986e+6 
        10857.3      6.05347e+6 
        10877.5       5.9858e+6 
        10887.6      5.94559e+6 
        10897.7      5.89636e+6 
        10907.8      5.83645e+6 
        10917.9       5.7549e+6 
          10928      5.62719e+6 
          10938      5.39091e+6 
        10950.8      5.59332e+6 
        10963.6      5.69941e+6 
        10976.4      5.75006e+6 
        10995.6      5.78399e+6 
        11008.4      5.79347e+6 
        11021.2      5.79423e+6 
          11034      5.79074e+6 
        11046.8      5.78436e+6 
        11072.4      5.76397e+6 
        11123.6      5.70947e+6 
        11174.8      5.64532e+6 
          11191      5.62389e+6 
          11226       5.5767e+6 
        11260.9      5.52879e+6 
        11330.8      5.43458e+6 
        11400.7      5.34102e+6 
        11470.6      5.25036e+6 
        11540.5      5.15934e+6 
        11610.4      5.07018e+6 
        11680.3      4.98285e+6 
        11750.2       4.8973e+6 
        11820.1      4.81349e+6 
          11890      4.73133e+6 
        11959.9      4.65085e+6 
        12029.8      4.57036e+6 
        12099.7      4.49267e+6 
        12169.6      4.41633e+6 
        12194.5      4.38953e+6 
        12239.5      4.34121e+6 
        12284.6      4.29327e+6 
        12374.8          4.2e+6 
        12464.9        4.106e+6 
        12555.1      4.00735e+6 
        12600.2       3.9531e+6 
        12645.3      3.89196e+6 
        12667.8      3.85674e+6 
        12690.3      3.81628e+6 
        12712.9      3.76944e+6 
        12724.2      3.74117e+6 
        12735.4      3.70947e+6 
        12746.7      3.67315e+6 
          12758      3.62823e+6 
        12769.2      3.57454e+6 
        12780.5      3.50184e+6 
        12791.8      3.40527e+6 
          12803      3.25862e+6 
        12813.4      3.03143e+6 
        12824.2       3.0386e+6 
        12835.4      3.22425e+6 
        12846.7      3.34979e+6 
        12857.9      3.42751e+6 
        12872.9      3.49417e+6 
        12887.9      3.53549e+6 
        12910.4      3.56916e+6 
        12925.4      3.58211e+6 
        12940.4      3.58836e+6 
        12955.4       3.5915e+6 
        12985.4      3.58943e+6 
        13015.4      3.57962e+6 
        13045.4      3.56612e+6 
        13105.4      3.53074e+6 
        13165.4      3.49009e+6 
        13225.4      3.44705e+6 
        13262.5      3.41994e+6 
        13285.4      3.40304e+6 
        13308.4       3.3861e+6 
        13354.2       3.3529e+6 
          13446      3.28686e+6 
        13537.8      3.22183e+6 
        13629.6      3.15934e+6 
        13721.3      3.09665e+6 
        13813.1      3.03543e+6 
        13904.9      2.97566e+6 
        13996.7      2.91737e+6 
        14088.4      2.86066e+6 
        14180.2      2.80524e+6 
        14211.9      2.78641e+6 
          14272      2.75108e+6 
        14332.1      2.71629e+6 
        14392.2      2.68206e+6 
        14446.9      2.65133e+6 
        14457.6      2.64534e+6 
        14468.4      2.63938e+6 
        14482.5      2.63158e+6 
        14532.8      2.60391e+6 
        14581.2      2.57765e+6 
        14597.2      2.56901e+6 
        14613.2      2.56039e+6 
        14645.2      2.54326e+6 
        14709.2       2.5094e+6 
        14773.2      2.47607e+6 
        14837.1      2.44326e+6 
        14901.1      2.41097e+6 
        14965.1      2.37918e+6 
        15029.1      2.34789e+6 
        15093.1      2.31708e+6 
        15157.1      2.28676e+6 
          15221      2.25691e+6 
          15285      2.22751e+6 
          15349      2.19857e+6 
          15413      2.17007e+6 
        15471.6      2.14436e+6 
        15482.4      2.13967e+6 
        15493.1       2.1348e+6 
        15514.7      2.12511e+6 
        15557.9      2.10588e+6 
        15644.2      2.06805e+6 
        15730.5      2.03105e+6 
        15816.8      1.99485e+6 
        15903.1      1.95943e+6 
        15989.4      1.92478e+6 
        16075.8      1.89088e+6 
        16162.1      1.85769e+6 
        16248.4      1.82521e+6 
        16289.9      1.80984e+6 
        16334.7      1.79342e+6 
        16379.5      1.77718e+6 
        16469.1      1.74294e+6 
        16558.8      1.70952e+6 
        16648.4      1.67688e+6 
          16738      1.64502e+6 
        16827.7      1.61389e+6 
        16917.3      1.58349e+6 
        17006.9      1.55379e+6 
        17096.6      1.52478e+6 
        17186.2      1.49644e+6 
        17275.8      1.46875e+6 
        17327.7      1.45302e+6 
        17365.5      1.44169e+6 
        17403.2      1.43047e+6 
        17478.8      1.40842e+6 
        17554.3      1.38678e+6 
        17629.9      1.36555e+6 
        17705.4      1.34473e+6 
          17781      1.32429e+6 
        17856.5      1.30424e+6 
        17932.1      1.28457e+6 
        18007.6      1.26027e+6 
        18083.2       1.2402e+6 
        18158.7      1.22006e+6 
        18234.3      1.19961e+6 
        18309.8      1.17849e+6 
        18343.7      1.16861e+6 
        18385.3      1.15598e+6 
          18427      1.14252e+6 
        18468.6      1.12788e+6 
        18510.2      1.11145e+6 
        18551.8      1.09216e+6 
        18572.6      1.08107e+6 
        18593.4      1.06849e+6 
        18614.2      1.05395e+6 
          18635      1.03723e+6 
        18645.4      1.02757e+6 
        18655.8      1.01669e+6 
        18666.2      1.00449e+6 
        18676.6          990283 
          18687          973620 
        18697.4          954102 
        18707.8          930760 
        18718.2          901744 
        18728.6          865980 
          18739          821816 
        18749.4          758459 
        18759.5          792768 
        18770.7          835912 
        18783.4          876957 
        18796.2          908913 
          18809          932783 
        18821.8          951353 
        18834.6          965550 
        18847.4          976420 
        18860.2          984952 
          18873          991562 
        18885.8          996834 
        18898.6      1.00105e+6 
        18924.2      1.00719e+6 
        18949.8      1.01067e+6 
        18975.4      1.01243e+6 
          19001      1.01278e+6 
        19026.6      1.01207e+6 
        19052.2      1.01058e+6 
        19103.4      1.00598e+6 
        19154.5          999853 
        19205.7          992775 
        19256.9          985103 
        19308.1          977057 
        19359.3          968773 
        19370.3          966973 
        19410.5          960347 
        19450.7          953678 
        19531.1          940279 
        19611.5          929117 
        19691.8          915388 
        19772.2          901910 
        19852.6          888678 
          19933          875684 
        20013.4          862923 
        20093.8          850395 
        20174.2          838089 
        20254.6          826003 
          20335          814134 
        20356.3          811018 
        20415.4          802473 
        20474.4          794044 
        20533.4          785715 
        20592.5          777494 
        20651.5          769379 
        20710.6          761371 
        20769.6          753464 
        20828.6          745657 
        20887.7          737954 
        20946.7          730345 
        21005.8          722836 
        21064.8          715419 
        21123.8          708099 
        21182.9          700870 
        21241.9          693736 
          21301          686686 
          21360          679728 
          21419          672857 
        21478.1          666071 
        21537.1          659370 
        21561.7          656605 
        21596.2          652754 
        21630.6          648927 
        21699.5          641353 
        21768.5          633889 
        21837.4          626531 
        21906.3          619280 
        21975.3          612130 
        22044.2          605096 
        22113.1          598162 
        22182.1          591329 
          22251          584591 
        22319.9          577946 
        22388.9          571396 
        22457.8          564940 
        22526.7          558572 
        22595.7          552295 
        22664.6          546106 
        22680.2          544714 
        22733.5          539999 
        22784.8          535510 
        22800.8          534118 
        22816.8          532732 
        22848.8          529971 
        22912.8          524505 
        22976.8          519107 
        23040.8          513779 
        23104.8          508520 
        23168.7          503327 
        23232.7          498197 
        23296.7          493133 
        23360.7          488134 
        23424.7          483199 
        23488.6          478323 
        23552.6          473510 
        23616.6          468754 
        23680.6          464060 
        23744.6          459423 
        23808.6          454846 
        23872.5          450322 
        23936.5          445855 
        24000.5          441444 
        24064.5          437087 
        24128.5          432783 
        24192.5          428529 
        24256.4          424332 
        24320.4          420182 
        24384.4          416082 
        24448.4          412032 
        24512.4          408033 
        24576.3          404081 
        24640.3          400176 
        24704.3          396318 
        24768.3          392507 
        24832.3          388741 
        24896.3          385018 
        24960.2          381339 
        25004.4          378826 
        25024.2          377707 
          25044          376592 
        25083.6          374380 
        25162.8          370004 
        25241.9          365691 
        25321.1          361440 
        25400.2          357252 
        25479.4          353121 
        25558.5          349050 
        25637.7          345035 
        25716.9          341080 
          25796          337178 
        25875.2          333332 
        25954.3          329541 
        26033.5          325805 
        26112.7          322120 
        26191.8          318485 
          26271          314904 
        26350.1          311370 
        26429.3          307886 
        26508.4          304450 
        26587.6          301062 
        26666.8          297720 
        26745.9          294424 
        26825.1          291173 
        26904.2          287967 
        26983.4          284804 
        27062.6          281684 
        27141.7          278607 
        27220.9          275571 
        27299.2          272607 
        27377.5          269673 
        27455.8          266778 
        27534.2          263922 
        27612.5          261103 
        27690.8          258322 
        27769.1          255578 
        27847.5          252869 
        27925.8          250196 
        28004.1          247558 
        28082.4          244955 
        28160.8          242385 
        28239.1          239849 
        28317.4          237346 
        28395.7          234875 
          28474          232436 
        28552.4          230029 
        28630.7          227652 
          28709          225306 
        28787.3          222990 
        28865.7          220703 
          28944          218446 
        29022.3          216217 
        29100.6          214016 
          29179          211843 
        29257.3          209698 
        29335.6          207579 
        29413.9          205487 
        29492.3          203421 
        29570.6          201380 
        29648.9          199365 
        29727.2          197376 
        29805.5          195410 
        29883.9          193469 
        29932.6          192274 
        29962.2          191552 
        29991.8          190834 
