# Koester WD models
# teff = 8250 K (value for the effective temperature for the model. Temperatures are given in K)
# logg = 7 log(cm/s2) (value for Log(G) for the model.)
#
# column 1: WAVELENGTH (ANGSTROM), Wavelength in Angstrom
# column 2: FLUX (ERG/CM2/S/A), Flux in erg/cm2/s/A
         899.23          5.4784 
        909.241         7.03434 
        919.251         43.5004 
        929.261          55.745 
        939.271         238.702 
         949.28         22.3419 
        959.289         630.172 
        969.297         493.698 
        979.305         824.121 
        989.312         1351.39 
        999.319         2046.29 
        1009.33         1816.21 
        1019.33         1432.81 
        1029.34         1485.49 
        1039.34         2848.68 
        1049.35         4744.56 
        1059.36         5652.51 
        1069.36         10115.4 
        1079.36           11377 
        1089.37         26373.5 
        1099.37         29888.5 
        1109.38         28505.7 
        1119.38         29934.4 
        1129.38         29254.7 
        1139.39         25837.6 
        1149.39         20968.6 
        1159.39         17112.2 
        1169.39         15005.8 
         1179.4         14093.2 
         1189.4         14497.7 
         1199.4         15345.6 
         1209.4         13447.5 
        1219.41         13295.9 
        1229.41         22519.1 
        1239.41         26793.7 
        1249.41         30239.6 
        1259.41         34186.5 
        1269.41         39509.3 
        1279.42         46225.4 
        1289.42         52817.1 
        1299.42         59734.9 
        1309.42         67134.6 
        1319.42         74039.2 
        1329.42         82466.8 
        1339.42         90726.7 
        1349.42           99357 
        1359.42          108897 
        1369.42          118553 
        1379.42          127995 
        1389.42          138975 
        1399.42          151373 
        1409.42          163168 
        1419.42          172916 
        1429.42          185009 
        1439.42          200899 
        1450.67          222728 
        1461.92          235890 
        1472.88          245229 
        1483.27          255089 
        1494.42          273225 
        1506.92          302416 
        1516.92          331972 
        1529.42          361211 
        1541.92          377582 
        1554.42          376184 
        1566.72          388056 
        1579.41          405039 
        1591.91          425073 
        1604.41          454579 
        1616.91          500449 
        1629.41          576451 
        1640.66          700402 
        1651.28          981220 
        1661.91       1.9258e+6 
        1673.25      4.25095e+6 
        1683.61      7.12139e+6 
         1694.4      1.04545e+7 
         1706.9      1.40251e+7 
         1719.4       1.6644e+7 
         1734.4      1.88441e+7 
        1746.89      2.02315e+7 
        1759.39       2.1083e+7 
         1771.7      2.18404e+7 
        1781.89      2.24791e+7 
        1794.39       2.3358e+7 
        1809.39      2.41653e+7 
           1824      2.49483e+7 
        1834.77       2.5522e+7 
        1845.54      2.60905e+7 
         1856.3      2.68582e+7 
        1867.07      2.74953e+7 
        1888.59      2.85715e+7 
        1906.98      2.94774e+7 
        1919.37      3.00799e+7 
        1931.76      3.07246e+7 
        1944.47      3.15042e+7 
        1956.53      3.21074e+7 
        1968.59      3.26471e+7 
        1980.65      3.31774e+7 
        1991.72      3.36571e+7 
        2004.77      3.42154e+7 
        2017.81      3.47652e+7 
        2032.34      3.55405e+7 
         2043.9      3.59904e+7 
        2055.47      3.64321e+7 
        2067.03       3.6866e+7 
        2090.16      3.77054e+7 
        2116.25      3.86174e+7 
        2140.86       3.9542e+7 
        2165.47      4.03035e+7 
        2190.09      4.10242e+7 
         2214.7      4.17141e+7 
        2263.91      4.30298e+7 
        2313.13      4.41859e+7 
        2362.35       4.5167e+7 
        2409.27      4.59895e+7 
        2456.14      4.67265e+7 
        2469.49      4.69049e+7 
        2481.09      4.70535e+7 
        2498.55      4.73077e+7 
        2510.01      4.74409e+7 
        2521.47      4.75662e+7 
        2544.39      4.78028e+7 
        2559.23      4.79457e+7 
        2588.91      4.82011e+7 
        2638.89      4.85788e+7 
        2657.67      4.86875e+7 
         2671.9      4.87578e+7 
           2714       4.8929e+7 
        2756.11      4.90472e+7 
        2826.09      4.91172e+7 
        2840.32      4.91201e+7 
        2854.55      4.91157e+7 
           2883      4.90776e+7 
        2926.83       4.8984e+7 
        2939.91      4.89485e+7 
        2952.98      4.89093e+7 
        2979.14      4.88147e+7 
        3011.48      4.86796e+7 
        3031.45      4.85869e+7 
        3051.42       4.8487e+7 
        3091.36      4.82615e+7 
        3149.86      4.78867e+7 
        3168.41      4.77535e+7 
        3208.35      4.74519e+7 
        3248.29      4.71308e+7 
        3309.63       4.6597e+7 
        3322.49      4.64802e+7 
        3346.73      4.62556e+7 
        3383.83      4.58996e+7 
        3445.17      4.52901e+7 
         3469.4      4.50442e+7 
        3495.92      4.47705e+7 
         3506.5      4.46599e+7 
         3543.6      4.42672e+7 
        3591.28      4.37511e+7 
        3635.88      4.32569e+7 
        3647.12      4.31297e+7 
        3658.96      4.29955e+7 
        3671.11      4.28582e+7 
        3682.58      4.27291e+7 
         3693.5       4.2632e+7 
        3703.57      4.23606e+7 
        3713.83      4.24225e+7 
        3724.38      4.24297e+7 
        3734.43      4.05209e+7 
        3744.65      4.29754e+7 
        3755.23      4.32296e+7 
        3765.97      4.23012e+7 
        3776.07      4.32095e+7 
        3786.22      4.50542e+7 
        3796.26      3.54054e+7 
        3806.54      4.48268e+7 
        3816.64      4.69323e+7 
        3826.86      4.35861e+7 
        3837.05      3.11133e+7 
        3847.46      4.62201e+7 
        3857.52      4.87537e+7 
         3868.9      4.82322e+7 
        3879.53      4.31831e+7 
        3889.58      2.10566e+7 
        3900.14      4.44284e+7 
        3911.28      4.91659e+7 
        3921.79      5.03179e+7 
        3933.45      5.03522e+7 
        3943.88       4.9295e+7 
        3954.55      4.59436e+7 
        3964.84      3.53206e+7 
        3974.94      3.43816e+7 
        3985.59      4.57384e+7 
        3997.03      4.92335e+7 
        4008.87      5.04131e+7 
        4020.13      5.06733e+7 
        4032.38      5.06635e+7 
        4043.86      5.04914e+7 
        4058.85      4.98596e+7 
        4071.35      4.84855e+7 
        4082.28      4.57733e+7 
        4092.83       3.8772e+7 
        4102.97      2.02484e+7 
        4113.19      4.10512e+7 
        4123.84        4.615e+7 
        4134.22      4.80532e+7 
         4144.6      4.88672e+7 
        4158.83      4.91914e+7 
        4173.82      4.91618e+7 
        4188.82      4.90217e+7 
        4203.81      4.88373e+7 
        4216.52      4.86592e+7 
        4228.81      4.84726e+7 
        4243.81      4.82194e+7 
         4258.8      4.79112e+7 
         4273.8      4.74836e+7 
        4288.79      4.68163e+7 
        4303.79      4.56238e+7 
        4314.07      4.40756e+7 
        4324.82      4.05903e+7 
        4334.94      3.09496e+7 
        4345.14      2.92091e+7 
        4356.08      4.02366e+7 
        4366.17      4.32783e+7 
        4378.37      4.47102e+7 
        4388.77      4.52298e+7 
        4402.56      4.54855e+7 
        4413.76      4.55182e+7 
        4424.36      4.54617e+7 
        4434.95      4.53589e+7 
        4447.55      4.52037e+7 
        4458.75      4.50526e+7 
        4469.37      4.49037e+7 
        4479.99      4.47514e+7 
        4493.58      4.45531e+7 
        4503.74      4.44171e+7 
        4515.31      4.42446e+7 
        4525.47      4.40929e+7 
        4536.01      4.39349e+7 
        4548.72      4.37439e+7 
        4563.72      4.35183e+7 
        4578.72      4.32921e+7 
        4593.71      4.30662e+7 
         4604.8      4.28994e+7 
         4618.7      4.26898e+7 
         4633.7      4.24633e+7 
         4648.7      4.22365e+7 
        4663.69      4.20091e+7 
        4678.69      4.17797e+7 
        4693.69      4.15485e+7 
        4708.68      4.13126e+7 
        4720.98      4.11137e+7 
        4733.68      4.09013e+7 
        4748.67      4.06343e+7 
        4763.67      4.03396e+7 
        4778.66      3.99994e+7 
        4793.66      3.95671e+7 
        4808.65      3.89444e+7 
        4823.65      3.78904e+7 
        4834.97      3.63913e+7 
        4845.43      3.35522e+7 
        4855.74      2.58147e+7 
        4866.13      2.45813e+7 
        4876.61      3.30005e+7 
        4888.63      3.59238e+7 
        4903.63      3.72062e+7 
        4915.55      3.75882e+7 
        4928.62      3.77343e+7 
        4943.62      3.77315e+7 
        4958.61      3.76394e+7 
        4973.61       3.7504e+7 
        4988.61      3.73432e+7 
         5003.6      3.71672e+7 
         5018.6      3.69828e+7 
         5033.6      3.67937e+7 
        5048.59      3.66014e+7 
        5063.59      3.64082e+7 
        5078.58      3.62144e+7 
        5093.58      3.60206e+7 
        5108.57      3.58267e+7 
        5123.57      3.56335e+7 
        5138.57      3.54412e+7 
        5153.56      3.52493e+7 
        5168.56      3.50583e+7 
        5183.56      3.48679e+7 
        5198.55      3.46785e+7 
        5213.55        3.449e+7 
        5228.54      3.43024e+7 
        5243.54      3.41158e+7 
        5258.53      3.39308e+7 
        5273.53      3.37464e+7 
        5288.53      3.35632e+7 
        5303.52       3.3381e+7 
        5318.52      3.31997e+7 
        5333.52      3.30194e+7 
        5348.51      3.28397e+7 
        5363.51      3.26628e+7 
         5378.5      3.24853e+7 
         5393.5      3.23085e+7 
        5408.49      3.21328e+7 
        5423.49      3.19582e+7 
        5438.49      3.17844e+7 
        5453.48      3.16113e+7 
        5468.48      3.14395e+7 
        5483.48      3.12686e+7 
        5498.47      3.10987e+7 
        5513.47      3.09296e+7 
        5528.46      3.07616e+7 
        5543.46      3.05944e+7 
        5558.45      3.04282e+7 
        5573.45      3.02629e+7 
        5588.45      3.00986e+7 
        5603.44      2.99352e+7 
        5618.44      2.97727e+7 
        5633.43      2.96111e+7 
        5648.43      2.94504e+7 
        5663.43      2.92907e+7 
        5673.98      2.91788e+7 
         5686.2      2.90498e+7 
        5698.42      2.89214e+7 
        5708.88       2.8812e+7 
        5723.41      2.86607e+7 
        5738.41      2.85055e+7 
         5753.4      2.83511e+7 
         5768.4      2.81942e+7 
        5783.39      2.80415e+7 
        5798.39      2.78897e+7 
        5813.39      2.77387e+7 
        5828.38      2.75886e+7 
        5843.38      2.74394e+7 
        5858.37      2.72911e+7 
        5873.37      2.71435e+7 
        5888.37      2.69969e+7 
        5903.36       2.6851e+7 
        5918.36       2.6706e+7 
        5933.35      2.65618e+7 
        5948.35      2.64185e+7 
        5963.35      2.62759e+7 
        5978.34      2.61342e+7 
        5993.34      2.59932e+7 
        6008.33       2.5853e+7 
        6023.33      2.57136e+7 
        6038.32      2.55749e+7 
        6053.32       2.5437e+7 
        6068.32      2.52999e+7 
        6083.31      2.51635e+7 
        6098.31      2.50279e+7 
        6113.31       2.4893e+7 
         6128.3      2.47588e+7 
         6143.3      2.46253e+7 
        6158.29      2.44925e+7 
        6173.29      2.43603e+7 
        6188.28      2.42288e+7 
        6203.28      2.40979e+7 
        6218.28      2.39675e+7 
        6233.27      2.38377e+7 
        6244.38      2.37418e+7 
        6256.04      2.36414e+7 
        6266.59      2.35508e+7 
        6278.26      2.34507e+7 
        6290.52      2.33456e+7 
        6302.31      2.32448e+7 
        6312.59      2.31568e+7 
        6323.25      2.30655e+7 
        6338.24      2.29369e+7 
        6353.24      2.28078e+7 
        6368.24      2.26777e+7 
        6383.23      2.25459e+7 
        6398.23      2.24115e+7 
        6413.22      2.22729e+7 
        6428.22      2.21278e+7 
        6443.22      2.19726e+7 
        6458.21      2.18011e+7 
        6473.21      2.16036e+7 
         6488.2      2.13609e+7 
         6503.2      2.10322e+7 
         6518.2      2.05275e+7 
        6532.67      1.96496e+7 
        6543.19      1.84352e+7 
        6553.87       1.5738e+7 
        6564.04       1.1733e+7 
        6574.47      1.65548e+7 
        6584.73      1.85129e+7 
        6595.59      1.94348e+7 
         6608.5      1.99495e+7 
        6618.82      2.01485e+7 
        6629.14      2.02506e+7 
        6639.46       2.0295e+7 
        6649.78      2.03037e+7 
        6670.42        2.026e+7 
        6691.06      2.01724e+7 
        6711.48      2.00633e+7 
         6752.3      1.98162e+7 
        6824.78      1.93481e+7 
        6897.26      1.88791e+7 
        6969.74      1.84174e+7 
        7042.22       1.7966e+7 
        7109.15      1.75592e+7 
        7176.07      1.71643e+7 
           7243       1.6779e+7 
        7309.93      1.64031e+7 
        7360.21       1.6127e+7 
        7376.86      1.60377e+7 
        7393.51      1.59479e+7 
        7426.82      1.57709e+7 
        7493.43      1.54235e+7 
        7560.04      1.50847e+7 
        7575.42      1.50077e+7 
        7626.65      1.47543e+7 
        7677.88      1.45058e+7 
        7729.11      1.42633e+7 
        7780.35      1.40253e+7 
        7831.58      1.37919e+7 
        7882.81      1.35629e+7 
        7905.84      1.34614e+7 
        7934.04      1.33382e+7 
        7962.25      1.32163e+7 
        8018.66      1.29773e+7 
         8067.6      1.27738e+7 
        8082.55      1.27124e+7 
         8097.5      1.26515e+7 
         8127.4      1.25306e+7 
        8171.58      1.23544e+7 
        8187.21      1.22928e+7 
        8200.85      1.22393e+7 
        8216.85       1.2177e+7 
        8232.84      1.21151e+7 
        8264.83      1.19925e+7 
        8289.72      1.18981e+7 
        8328.82      1.17514e+7 
        8343.44      1.16971e+7 
        8367.92      1.16067e+7 
        8388.68      1.15319e+7 
        8408.65      1.14603e+7 
        8432.02      1.13769e+7 
        8467.25      1.12508e+7 
        8502.48      1.11246e+7 
        8516.58      1.10797e+7 
        8530.98       1.1028e+7 
        8545.38       1.0973e+7 
        8574.18      1.08896e+7 
        8598.39      1.07892e+7 
         8622.6      1.07356e+7 
        8646.81      1.06484e+7 
        8665.01      1.05519e+7 
        8683.22       1.0535e+7 
        8701.43      1.04899e+7 
        8719.64      1.04252e+7 
        8735.05      1.03501e+7 
        8746.61      1.02634e+7 
        8758.18      1.02496e+7 
        8769.74       1.0255e+7 
         8781.3      1.02385e+7 
        8793.49      1.02095e+7 
        8804.42       1.0177e+7 
        8815.35      1.01389e+7 
        8837.21      1.00429e+7 
        8849.99      9.95244e+6 
        8862.78      9.81236e+6 
        8875.57      9.87924e+6 
        8894.75      9.89445e+6 
        8907.54      9.87635e+6 
        8933.12      9.81396e+6 
        8958.69      9.72775e+6 
        8971.48       9.6713e+6 
        8984.27      9.59961e+6 
        8997.06      9.49757e+6 
        9009.85      9.31243e+6 
        9019.97      9.28319e+6 
        9032.62      9.40046e+6 
        9042.75       9.4326e+6 
        9052.87      9.44146e+6 
        9062.99      9.43694e+6 
        9073.11      9.42585e+6 
        9087.01      9.40137e+6 
        9099.72      9.37392e+6 
        9112.43      9.34149e+6 
        9137.85      9.26682e+6 
        9148.39      9.23104e+6 
        9163.27      9.17194e+6 
        9178.62      9.09881e+6 
         9188.7      9.03852e+6 
        9198.77      8.96124e+6 
        9208.85      8.85295e+6 
        9218.93      8.67843e+6 
        9229.01      8.34869e+6 
        9240.35      8.64733e+6 
        9252.94      8.77733e+6 
        9263.02       8.8204e+6 
         9273.1      8.83843e+6 
        9283.18      8.84475e+6 
        9303.33      8.83174e+6 
        9323.49      8.80174e+6 
        9343.52      8.76184e+6 
         9363.8      8.71644e+6 
        9384.08      8.66791e+6 
        9424.65      8.56068e+6 
        9444.93      8.49964e+6 
        9465.21      8.42914e+6 
        9475.35      8.38714e+6 
        9485.49      8.33904e+6 
        9495.64      8.27998e+6 
        9505.77      8.20242e+6 
        9515.92      8.09397e+6 
        9526.06      7.93142e+6 
         9536.2      7.66124e+6 
        9546.26      7.05796e+6 
        9557.12      7.65587e+6 
        9571.21      7.90952e+6 
        9589.99      8.03044e+6 
        9608.78      8.06029e+6 
        9627.57      8.05435e+6 
        9646.35      8.03217e+6 
        9661.83      8.00776e+6 
        9675.08      7.98382e+6 
        9688.33      7.95803e+6 
        9714.83      7.90412e+6 
        9767.83       7.7908e+6 
        9820.83      7.67516e+6 
        9873.83      7.55669e+6 
        9900.85      7.49044e+6 
        9926.83      7.42082e+6 
        9952.82      7.33904e+6 
        9965.81      7.29167e+6 
        9978.81      7.23484e+6 
         9991.8      7.16519e+6 
        10004.8         7.07e+6 
        10017.8      6.93293e+6 
        10030.8      6.69602e+6 
        10042.1      6.22626e+6 
        10052.2      5.82103e+6 
        10062.3      6.46603e+6 
        10073.9      6.72753e+6 
        10088.3      6.86721e+6 
        10105.6      6.93745e+6 
        10117.1      6.95501e+6 
        10128.6      6.96277e+6 
        10151.7      6.95464e+6 
        10174.7      6.93258e+6 
        10197.8      6.90158e+6 
        10237.2      6.83925e+6 
          10316      6.70253e+6 
        10394.7      6.56398e+6 
        10473.5      6.42632e+6 
        10552.3       6.2927e+6 
        10631.1         6.16e+6 
        10709.8      6.02598e+6 
        10749.2      5.95558e+6 
        10788.6      5.87842e+6 
        10808.3       5.8357e+6 
          10828      5.78703e+6 
        10847.7      5.72863e+6 
        10867.4      5.65304e+6 
        10887.1      5.54233e+6 
        10901.8      5.40982e+6 
        10914.1      5.22579e+6 
        10925.2      4.90905e+6 
        10936.3       4.1016e+6 
        10946.6      4.66187e+6 
        10958.8      5.09447e+6 
        10969.8      5.26148e+6 
        10987.5      5.38774e+6 
        11005.1      5.44042e+6 
        11031.6      5.46423e+6 
        11049.3      5.46241e+6 
        11066.9      5.45296e+6 
        11102.2       5.4217e+6 
        11137.6      5.38255e+6 
        11155.5      5.36088e+6 
        11208.2      5.29377e+6 
        11260.9      5.22466e+6 
        11313.6       5.1568e+6 
        11366.3      5.08947e+6 
          11419       5.0229e+6 
        11471.8        4.958e+6 
        11524.5      4.89312e+6 
        11577.2      4.82926e+6 
        11629.9      4.76636e+6 
        11682.6      4.70444e+6 
        11735.3      4.64346e+6 
          11788      4.58343e+6 
        11840.8       4.5243e+6 
        11893.5      4.46609e+6 
        11946.2      4.40875e+6 
        11998.9       4.3523e+6 
        12051.6        4.296e+6 
        12104.3      4.24112e+6 
          12157      4.18705e+6 
        12209.8      4.13371e+6 
        12240.3      4.10311e+6 
        12262.5      4.08102e+6 
        12284.6      4.05909e+6 
        12328.9      4.01631e+6 
        12417.6      3.93167e+6 
        12506.2      3.84663e+6 
        12550.5      3.80277e+6 
        12594.9      3.75678e+6 
        12639.2      3.70589e+6 
        12661.3      3.67698e+6 
        12683.5      3.64412e+6 
        12705.7      3.60473e+6 
        12716.7      3.58126e+6 
        12727.8      3.55408e+6 
        12738.9       3.5221e+6 
          12750       3.4829e+6 
        12761.1      3.43392e+6 
        12772.1      3.36967e+6 
        12783.2       3.2808e+6 
        12794.3      3.14473e+6 
        12805.4      2.90387e+6 
        12816.5      2.43673e+6 
        12827.3      2.77137e+6 
        12838.5      3.05303e+6 
        12851.3      3.21152e+6 
        12867.3       3.3125e+6 
        12880.1      3.35839e+6 
        12892.9      3.38752e+6 
        12905.7      3.40558e+6 
        12918.5      3.41639e+6 
        12931.3       3.4222e+6 
        12956.9      3.42399e+6 
        12982.4      3.41783e+6 
          13008      3.40712e+6 
        13059.2      3.37825e+6 
        13110.4       3.3447e+6 
        13161.6       3.3091e+6 
        13212.8      3.27272e+6 
          13264      3.23612e+6 
        13308.4      3.20446e+6 
          13397      3.14266e+6 
        13485.7      3.08187e+6 
        13574.3      3.02229e+6 
          13663      2.96436e+6 
        13751.6      2.90725e+6 
        13840.3      2.85143e+6 
          13929      2.79686e+6 
        14017.6      2.74353e+6 
        14106.3       2.6914e+6 
          14195      2.64043e+6 
        14235.1       2.6177e+6 
        14283.6       2.5906e+6 
        14332.1      2.56383e+6 
        14400.3      2.52678e+6 
          14429      2.51142e+6 
        14457.6      2.49617e+6 
        14514.9      2.46599e+6 
        14561.3      2.44191e+6 
        14572.2      2.43624e+6 
        14583.2      2.43058e+6 
        14597.2      2.42336e+6 
        14613.2      2.41514e+6 
        14645.2       2.3988e+6 
        14709.2       2.3665e+6 
        14773.2      2.33472e+6 
        14837.1      2.30345e+6 
        14901.1      2.27268e+6 
        14965.1      2.24241e+6 
        15029.1      2.21261e+6 
        15093.1      2.18329e+6 
        15157.1      2.15443e+6 
          15221      2.12604e+6 
          15285      2.09808e+6 
          15349      2.07058e+6 
          15413      2.04351e+6 
        15471.6      2.01909e+6 
        15482.4      2.01463e+6 
        15493.1      2.01012e+6 
        15514.7      2.00111e+6 
        15557.9      1.98326e+6 
        15644.2      1.94812e+6 
        15730.5       1.9138e+6 
        15816.8      1.88024e+6 
        15903.1      1.84739e+6 
        15989.4      1.81522e+6 
        16075.8      1.78372e+6 
        16162.1      1.75289e+6 
        16248.4      1.72269e+6 
        16289.9      1.70839e+6 
        16334.7      1.69312e+6 
        16379.5      1.67801e+6 
        16469.1      1.64653e+6 
        16558.8      1.61578e+6 
        16648.4      1.58574e+6 
          16738      1.55638e+6 
        16827.7      1.52769e+6 
        16917.3      1.49965e+6 
        17006.9      1.47225e+6 
        17096.6      1.44546e+6 
        17186.2      1.41927e+6 
        17275.8      1.39366e+6 
        17327.7       1.3791e+6 
        17365.5      1.36862e+6 
        17403.2      1.35823e+6 
        17478.8      1.33758e+6 
        17554.3      1.31731e+6 
        17629.9      1.29742e+6 
        17705.4       1.2779e+6 
          17781      1.25874e+6 
        17856.5      1.23993e+6 
        17932.1      1.22149e+6 
        18007.6      1.20191e+6 
        18083.2      1.18374e+6 
        18158.7      1.16574e+6 
        18234.3      1.14777e+6 
        18309.8      1.12961e+6 
        18343.7      1.12131e+6 
        18385.3       1.1109e+6 
          18427      1.10005e+6 
        18468.6      1.08842e+6 
        18510.2      1.07556e+6 
        18551.8       1.0606e+6 
        18572.6      1.05191e+6 
        18593.4      1.04205e+6 
        18614.2       1.0305e+6 
          18635      1.01653e+6 
        18645.4       1.0083e+6 
        18655.8          998879 
        18666.2          988031 
        18676.6          975326 
          18687          960008 
        18697.4          941526 
        18707.8          918212 
        18718.2          888323 
        18728.6          848296 
          18739          795715 
        18749.4          724366 
        18759.7          770972 
          18770          824677 
        18780.3          865022 
        18790.7          894496 
          18801          915875 
        18814.7          936242 
        18828.5          950756 
        18842.2          960966 
          18856          968365 
        18869.8          973633 
        18883.5          977371 
          18911          981641 
        18938.5          983026 
          18966          982568 
        18993.6          980862 
        19021.1          978289 
        19076.1          971478 
        19131.1          963448 
        19186.1          954796 
        19241.2          945839 
        19296.2          936722 
        19351.2          927546 
        19361.8          925777 
        19406.2          918372 
        19450.7          910993 
        19539.5          896293 
        19628.4          882398 
        19717.2          867987 
        19806.1          853866 
        19894.9          840030 
        19983.8          826471 
        20072.6          813182 
        20161.5          800154 
        20250.3          787387 
        20339.2          774871 
        20381.6          768977 
          20428          762600 
        20474.4          756288 
        20567.2          743832 
        20659.9          731627 
        20752.7          719667 
        20845.5          707952 
        20938.3          696469 
        21031.1          685216 
        21123.8          674189 
        21216.6          663382 
        21309.4          652788 
        21402.2          642402 
        21494.9          632220 
        21544.8          626829 
        21587.7          622240 
        21630.6          617687 
        21716.4          608702 
        21802.2          599878 
          21888          591210 
        21973.8          582699 
        22059.6          574337 
        22145.4          566124 
        22231.2          558057 
          22317          550131 
        22402.9          542346 
        22488.7          534696 
        22574.5          527178 
        22660.3          519792 
        22705.3          515966 
        22746.1          512532 
        22784.8          509293 
        22800.8          507964 
        22816.8          506642 
        22848.8          504003 
        22912.8          498781 
        22976.8          493626 
        23040.8          488533 
        23104.8          483510 
        23168.7          478549 
        23232.7          473652 
        23296.7          468817 
        23360.7          464042 
        23424.7          459326 
        23488.6          454670 
        23552.6          450074 
        23616.6          445534 
        23680.6          441051 
        23744.6          436625 
        23808.6          432252 
        23872.5          427935 
        23936.5          423672 
        24000.5          419459 
        24064.5          415300 
        24128.5          411190 
        24192.5          407132 
        24256.4          403123 
        24320.4          399164 
        24384.4          395250 
        24448.4          391386 
        24512.4          387569 
        24576.3          383799 
        24640.3          380073 
        24704.3          376391 
        24768.3          372753 
        24832.3          369159 
        24896.3          365609 
        24960.2          362100 
        25004.4          359700 
        25024.2          358632 
          25044          357570 
        25083.6          355465 
        25162.8          351305 
        25241.9          347203 
        25321.1          343162 
        25400.2          339179 
        25479.4          335255 
        25558.5          331385 
        25637.7          327571 
        25716.9          323810 
          25796          320103 
        25875.2          316449 
        25954.3          312848 
        26033.5          309297 
        26112.7          305797 
        26191.8          302348 
          26271          298948 
        26350.1          295595 
        26429.3          292289 
        26508.4          289028 
        26587.6          285813 
        26666.8          282643 
        26745.9          279516 
        26825.1          276432 
        26904.2          273391 
        26983.4          270390 
        27062.6          267431 
        27141.7          264512 
        27220.9          261633 
        27299.2          258822 
        27377.5          256051 
        27455.8          253317 
        27534.2          250620 
        27612.5          247957 
        27690.8          245330 
        27769.1          242738 
        27847.5          240179 
        27925.8          237654 
        28004.1          235162 
        28082.4          232702 
        28160.8          230275 
        28239.1          227878 
        28317.4          225513 
        28395.7          223178 
          28474          220873 
        28552.4          218598 
        28630.7          216351 
          28709          214134 
        28787.3          211944 
        28865.7          209782 
          28944          207648 
        29022.3          205541 
        29100.6          203460 
          29179          201405 
        29257.3          199376 
        29335.6          197372 
        29413.9          195393 
        29492.3          193439 
        29570.6          191509 
        29648.9          189603 
        29727.2          187720 
        29805.5          185860 
        29883.9          184024 
        29932.6          182893 
        29962.2          182210 
        29991.8          181530 
