# Koester WD models
# teff = 8250 K (value for the effective temperature for the model. Temperatures are given in K)
# logg = 8.5 log(cm/s2) (value for Log(G) for the model.)
#
# column 1: WAVELENGTH (ANGSTROM), Wavelength in Angstrom
# column 2: FLUX (ERG/CM2/S/A), Flux in erg/cm2/s/A
         899.23         15.9792 
        909.241         20.2775 
        919.251         46.2141 
        929.261         74.2927 
        939.271         217.042 
         949.28          54.479 
        959.289         547.526 
        969.297         452.722 
        979.305          759.37 
        989.312         1235.06 
        999.319         1725.49 
        1009.33         1701.63 
        1019.33         1304.92 
        1029.34         1359.51 
        1039.34         2688.87 
        1049.35         3940.37 
        1059.36         4601.68 
        1069.36         5993.15 
        1079.36         6796.33 
        1089.37         8260.76 
        1099.37         9241.78 
        1109.38         10025.3 
        1119.38         11342.9 
        1129.38           12516 
        1139.39           13283 
        1149.39         13512.1 
        1159.39         13079.9 
        1169.39         12403.9 
         1179.4         11655.5 
         1189.4         11830.3 
         1199.4         12483.9 
         1209.4         10983.1 
        1219.41         11074.5 
        1229.41         18874.9 
        1239.41         22457.6 
        1249.41           25366 
        1259.41         28762.9 
        1269.41         33357.4 
        1279.42           38881 
        1289.42         44117.7 
        1299.42         49553.6 
        1309.42         55267.5 
        1319.42         60804.3 
        1329.42         67319.6 
        1339.42         73815.8 
        1349.42           80650 
        1359.42           88199 
        1369.42         95949.6 
        1379.42          103752 
        1389.42          112568 
        1399.42          122476 
        1409.42          131940 
        1419.42          140579 
        1429.42          150561 
        1439.42          162779 
        1451.92          180394 
        1464.42          194204 
        1476.35          205015 
        1489.42          220699 
        1501.92          240244 
        1514.42          266499 
        1529.42          295014 
        1541.92          313129 
        1554.42          320477 
        1566.72          334171 
        1579.41          351064 
        1594.41          374198 
        1604.41          395750 
        1616.91          434265 
        1629.41          490908 
        1641.91          574063 
        1653.16          687402 
        1664.41          880199 
         1674.6      1.21276e+6 
        1685.57       1.8829e+6 
        1695.84      2.97752e+6 
        1706.28      4.51704e+6 
        1716.92      6.12793e+6 
         1729.4      7.83454e+6 
         1741.9      9.35865e+6 
        1753.14      1.04138e+7 
        1764.39      1.10943e+7 
        1775.55      1.17124e+7 
        1786.89      1.26785e+7 
        1799.39      1.35042e+7 
        1814.38      1.43647e+7 
           1834      1.55232e+7 
        1846.32       1.6259e+7 
        1856.32      1.72393e+7 
        1866.33      1.80064e+7 
        1877.77      1.87023e+7 
        1893.03      1.96476e+7 
        1907.06       2.0533e+7 
        1919.37      2.13159e+7 
        1931.67      2.22004e+7 
        1942.44      2.32981e+7 
        1952.63      2.40515e+7 
        1962.82      2.46734e+7 
        1974.36      2.53773e+7 
        1992.82      2.64985e+7 
        2017.04      2.79648e+7 
        2027.81      2.90238e+7 
        2040.88      2.98367e+7 
        2053.96      3.05632e+7 
        2067.03      3.12797e+7 
        2093.18       3.2688e+7 
        2116.25      3.39022e+7 
        2159.33      3.63589e+7 
        2171.62      3.69319e+7 
        2183.91      3.74943e+7 
        2202.28      3.83202e+7 
         2214.7      3.88681e+7 
        2227.11      3.94009e+7 
        2239.98      3.99428e+7 
        2251.95      4.04389e+7 
        2263.91      4.10619e+7 
        2275.88      4.16883e+7 
         2286.5      4.20917e+7 
        2299.82      4.25893e+7 
        2313.13      4.30769e+7 
        2339.77      4.39823e+7 
        2362.35      4.47187e+7 
        2405.79      4.60338e+7 
        2419.74      4.64381e+7 
        2433.68       4.6942e+7 
        2447.64      4.72929e+7 
        2460.79      4.76168e+7 
        2488.39      4.82605e+7 
        2510.01      4.87924e+7 
         2547.3      4.95373e+7 
        2559.23      4.97606e+7 
        2571.17      4.99793e+7 
        2595.04      5.03955e+7 
        2627.89       5.1005e+7 
        2642.78      5.12102e+7 
        2657.67      5.14062e+7 
        2687.45      5.17467e+7 
        2737.93      5.22419e+7 
        2756.11      5.23961e+7 
        2766.75      5.24778e+7 
        2810.65      5.27706e+7 
        2854.55      5.30222e+7 
        2898.45       5.3147e+7 
        2931.71      5.32032e+7 
        2942.34      5.32145e+7 
        2952.98      5.32227e+7 
        2974.26      5.32242e+7 
        3016.81      5.31912e+7 
        3051.42      5.31306e+7 
        3091.41      5.30216e+7 
        3120.64      5.29264e+7 
        3149.86      5.28036e+7 
        3168.31      5.27109e+7 
         3208.3      5.24891e+7 
        3248.29      5.22397e+7 
        3309.83      5.17967e+7 
        3322.09      5.17021e+7 
        3346.73      5.15045e+7 
        3383.63      5.11954e+7 
        3445.17      5.06503e+7 
        3469.81        5.042e+7 
        3495.92      5.01687e+7 
        3506.71      5.00616e+7 
         3543.6      4.96874e+7 
        3591.28      4.91848e+7 
        3635.88      4.86978e+7 
        3647.12      4.85712e+7 
        3658.96      4.84393e+7 
        3671.11      4.83007e+7 
        3682.58      4.81707e+7 
         3693.5      4.80472e+7 
        3703.57      4.79259e+7 
        3713.83      4.78125e+7 
        3724.38      4.76922e+7 
        3734.43      4.74899e+7 
        3744.62       4.7493e+7 
        3754.84      4.73978e+7 
        3765.07      4.72703e+7 
         3775.5      4.71786e+7 
        3786.22      4.72668e+7 
        3796.45      4.60149e+7 
        3807.84      4.72185e+7 
        3818.92      4.72715e+7 
        3830.45       4.5904e+7 
        3840.76      4.59813e+7 
        3851.98       4.7466e+7 
        3862.01      4.76074e+7 
        3872.59      4.69913e+7 
        3883.67      4.40863e+7 
        3893.76      4.34102e+7 
        3903.82      4.68261e+7 
        3913.89      4.78565e+7 
        3928.22      4.81283e+7 
        3938.89      4.78144e+7 
        3950.65      4.65443e+7 
        3961.77      4.28353e+7 
        3971.88      3.43838e+7 
        3981.92      4.42578e+7 
        3992.64      4.68261e+7 
        4003.87      4.78342e+7 
        4018.86      4.81682e+7 
        4032.38      4.81496e+7 
        4043.86       4.8001e+7 
        4058.85      4.75087e+7 
        4071.35      4.64981e+7 
        4082.28      4.45852e+7 
        4092.86      3.97396e+7 
        4102.94      2.53989e+7 
        4113.31      4.11461e+7 
        4123.84      4.47071e+7 
           4134      4.60579e+7 
        4146.66      4.67645e+7 
        4158.83      4.69564e+7 
        4173.82      4.69451e+7 
        4188.82      4.68352e+7 
        4203.81      4.66822e+7 
        4216.52       4.6532e+7 
        4228.81      4.63708e+7 
        4243.81      4.61494e+7 
         4258.8      4.58792e+7 
         4273.8      4.55116e+7 
        4288.79      4.49298e+7 
        4303.79      4.39063e+7 
        4314.07      4.25793e+7 
        4324.82      3.96482e+7 
        4334.94       3.1649e+7 
        4345.27      2.99309e+7 
        4356.08      3.91898e+7 
        4367.98      4.20863e+7 
        4378.77      4.31017e+7 
        4393.77      4.36518e+7 
        4408.76       4.3801e+7 
        4423.76      4.37608e+7 
        4438.75      4.36361e+7 
        4453.75       4.3474e+7 
        4468.74      4.32952e+7 
        4483.74       4.3107e+7 
        4498.74      4.29547e+7 
        4513.73      4.27571e+7 
        4527.19      4.25783e+7 
        4538.73      4.24241e+7 
        4553.72      4.22227e+7 
        4568.72      4.20204e+7 
        4583.72      4.18177e+7 
        4596.53       4.1644e+7 
        4608.71      4.14791e+7 
         4623.7      4.12746e+7 
         4638.7      4.10694e+7 
         4653.7       4.0863e+7 
        4668.69       4.0655e+7 
        4683.69      4.04442e+7 
        4698.68      4.02297e+7 
        4713.68      4.00088e+7 
        4724.83      3.98385e+7 
        4738.67      3.96171e+7 
        4753.67      3.93594e+7 
        4768.67      3.90679e+7 
        4783.66      3.87182e+7 
        4798.66      3.82542e+7 
        4813.65      3.75521e+7 
        4828.65      3.62942e+7 
        4840.48      3.42342e+7 
        4850.99      2.98646e+7 
        4861.03      1.49921e+7 
        4871.21      2.92191e+7 
        4882.01      3.37121e+7 
        4893.63      3.54984e+7 
        4908.63      3.63903e+7 
         4921.7      3.66784e+7 
        4933.62      3.67645e+7 
        4948.62      3.67478e+7 
        4963.61      3.66605e+7 
        4978.61      3.65345e+7 
        4993.61      3.63875e+7 
         5008.6      3.62276e+7 
         5023.6      3.60592e+7 
        5038.59      3.58858e+7 
        5053.59      3.57099e+7 
        5068.59      3.55317e+7 
        5083.58       3.5353e+7 
        5098.58      3.51739e+7 
        5113.57      3.49945e+7 
        5128.57      3.48158e+7 
        5143.57       3.4637e+7 
        5158.56      3.44589e+7 
        5173.56      3.42814e+7 
        5188.55      3.41042e+7 
        5203.55      3.39279e+7 
        5218.55      3.37523e+7 
        5233.54      3.35773e+7 
        5248.54       3.3403e+7 
        5263.53      3.32293e+7 
        5278.53      3.30565e+7 
        5293.52      3.28843e+7 
        5308.52      3.27131e+7 
        5323.52      3.25425e+7 
        5338.51      3.23729e+7 
        5353.51      3.22038e+7 
        5368.51      3.20383e+7 
         5383.5      3.18708e+7 
         5398.5       3.1704e+7 
        5413.49      3.15381e+7 
        5428.49      3.13728e+7 
        5443.48      3.12085e+7 
        5458.48      3.10449e+7 
        5473.48      3.08821e+7 
        5488.47      3.07201e+7 
        5503.47       3.0559e+7 
        5518.47      3.03986e+7 
        5533.46      3.02391e+7 
        5548.46      3.00804e+7 
        5563.45      2.99225e+7 
        5578.45      2.97655e+7 
        5593.44      2.96092e+7 
        5608.44      2.94537e+7 
        5623.44       2.9299e+7 
        5638.43      2.91451e+7 
        5653.43       2.8992e+7 
        5668.43      2.88442e+7 
        5682.86      2.86981e+7 
        5693.42      2.85918e+7 
        5704.77      2.84779e+7 
        5715.23      2.83734e+7 
        5728.41      2.82422e+7 
         5743.4      2.80937e+7 
         5758.4       2.7946e+7 
         5773.4      2.77898e+7 
        5788.39      2.76434e+7 
        5803.39      2.74979e+7 
        5818.39      2.73531e+7 
        5833.38      2.72091e+7 
        5848.38      2.70659e+7 
        5863.37      2.69234e+7 
        5878.37      2.67816e+7 
        5893.36      2.66406e+7 
        5908.36      2.65003e+7 
        5923.36      2.63608e+7 
        5938.35       2.6222e+7 
        5953.35      2.60839e+7 
        5968.34      2.59466e+7 
        5983.34      2.58099e+7 
        5998.34       2.5674e+7 
        6013.33      2.55386e+7 
        6028.33       2.5404e+7 
        6043.32        2.527e+7 
        6058.32      2.51367e+7 
        6073.32       2.5004e+7 
        6088.31      2.48719e+7 
        6103.31      2.47404e+7 
         6118.3      2.46095e+7 
         6133.3      2.44792e+7 
         6148.3      2.43494e+7 
        6163.29      2.42201e+7 
        6178.29      2.40912e+7 
        6193.28      2.39628e+7 
        6208.28      2.38347e+7 
        6223.28      2.37069e+7 
        6238.27      2.35793e+7 
        6252.16      2.34614e+7 
        6262.16      2.33765e+7 
        6273.26      2.32822e+7 
        6284.63      2.31856e+7 
        6295.99      2.30888e+7 
        6306.09      2.30026e+7 
        6316.22      2.29157e+7 
        6328.25       2.2812e+7 
        6343.24      2.26815e+7 
        6358.24      2.25493e+7 
        6373.23      2.24143e+7 
        6388.23      2.22756e+7 
        6403.23      2.21313e+7 
        6418.22      2.19791e+7 
        6433.22       2.1815e+7 
        6448.22      2.16326e+7 
        6463.21       2.1422e+7 
        6478.21      2.11666e+7 
         6493.2      2.08355e+7 
         6508.2       2.0366e+7 
        6523.19      1.96281e+7 
         6534.9      1.86517e+7 
         6546.5      1.68703e+7 
        6556.59      1.37666e+7 
        6566.69      1.27563e+7 
        6576.87      1.61553e+7 
        6587.66      1.79807e+7 
        6598.17      1.88829e+7 
         6608.5      1.93777e+7 
        6618.82      1.96694e+7 
        6629.14      1.98458e+7 
        6639.46      1.99472e+7 
        6649.78      2.00009e+7 
         6660.1      2.00224e+7 
        6680.74      2.00044e+7 
         6691.3      1.99749e+7 
        6701.39      1.99383e+7 
        6711.48      1.98956e+7 
        6731.66      1.97977e+7 
        6772.02      1.95732e+7 
        6824.78      1.92551e+7 
        6877.54        1.893e+7 
         6930.3      1.86046e+7 
        6983.06      1.82816e+7 
        7035.82      1.79628e+7 
        7068.02      1.77706e+7 
        7088.58      1.76489e+7 
        7109.15      1.75279e+7 
        7150.27        1.729e+7 
        7232.53       1.6824e+7 
        7314.78      1.63712e+7 
        7393.51      1.59529e+7 
        7472.25      1.55454e+7 
        7550.98      1.51495e+7 
        7581.55      1.49987e+7 
        7629.72      1.47647e+7 
        7677.88      1.45347e+7 
        7774.21      1.40894e+7 
        7870.55      1.36593e+7 
        7962.25      1.32636e+7 
        8025.35          1.3e+7 
        8053.95      1.28824e+7 
        8082.55      1.27661e+7 
        8139.75      1.25377e+7 
        8191.03      1.23368e+7 
        8202.85      1.22911e+7 
        8216.85      1.22373e+7 
        8232.84      1.21762e+7 
        8264.83      1.20549e+7 
        8289.72      1.19616e+7 
        8328.82      1.18165e+7 
        8343.44      1.17628e+7 
        8367.92      1.16735e+7 
        8388.68      1.15986e+7 
        8408.65      1.15271e+7 
        8432.02      1.14441e+7 
        8467.25      1.13201e+7 
        8502.48      1.11977e+7 
        8516.58      1.11492e+7 
        8530.98      1.10998e+7 
        8545.38      1.10509e+7 
        8574.18      1.09546e+7 
        8598.39      1.08734e+7 
         8628.6      1.07748e+7 
        8646.81      1.07149e+7 
        8665.01      1.06543e+7 
        8685.59      1.05896e+7 
        8701.43      1.05391e+7 
        8750.47      1.03788e+7 
        8767.92      1.03273e+7 
        8815.35      1.01813e+7 
        8862.78      1.00282e+7 
        8900.38      9.92746e+6 
        8957.65      9.76011e+6 
        8986.28      9.67183e+6 
        9014.91      9.56873e+6 
        9043.54      9.50938e+6 
        9072.17      9.43656e+6 
        9099.72      9.36229e+6 
        9154.81      9.21033e+6 
         9190.8      9.10223e+6 
         9209.9      9.03478e+6 
        9229.01      8.94543e+6 
        9248.11       8.9324e+6 
        9267.22      8.90211e+6 
         9303.2      8.82502e+6 
        9343.64      8.72832e+6 
        9384.08      8.62813e+6 
        9424.52      8.52622e+6 
        9464.96      8.41912e+6 
        9485.18      8.36103e+6 
         9505.4      8.29487e+6 
        9515.51      8.25488e+6 
        9525.62      8.20656e+6 
        9535.73      8.14317e+6 
        9545.84      8.05181e+6 
        9561.21      8.09874e+6 
        9576.69       8.1087e+6 
        9592.17      8.09802e+6 
        9607.66      8.07641e+6 
        9638.63      8.02061e+6 
        9668.45      7.96114e+6 
         9728.1      7.83535e+6 
        9787.75       7.7073e+6 
         9847.4      7.57922e+6 
        9861.28      7.54868e+6 
        9907.05      7.44491e+6 
        9929.93      7.39057e+6 
        9952.82      7.33204e+6 
         9975.7      7.26855e+6 
        9998.59      7.19249e+6 
          10010      7.14502e+6 
        10021.5      7.08593e+6 
        10032.9       7.0049e+6 
        10044.4      6.86278e+6 
        10054.4       6.8307e+6 
        10066.9      6.93318e+6 
        10076.9      6.96739e+6 
        10086.9      6.98389e+6 
        10096.9      6.98998e+6 
        10106.9      6.98828e+6 
          10127      6.97506e+6 
          10147      6.95222e+6 
          10167      6.92526e+6 
          10207      6.86268e+6 
        10237.2      6.81188e+6 
        10297.5      6.70793e+6 
        10357.8        6.603e+6 
        10418.1      6.49908e+6 
        10478.3      6.39509e+6 
        10538.6      6.29368e+6 
        10598.9       6.1939e+6 
        10659.2       6.0939e+6 
        10719.5      5.99227e+6 
        10779.8      5.88449e+6 
        10809.9      5.82451e+6 
        10840.1      5.75612e+6 
        10855.2      5.71606e+6 
        10870.2      5.66922e+6 
        10885.3      5.61129e+6 
        10900.4      5.53373e+6 
        10911.7      5.44963e+6 
          10923      5.32044e+6 
        10934.3      5.04003e+6 
        10946.6      5.12884e+6 
        10957.6      5.30087e+6 
        10968.7      5.38237e+6 
        10985.2      5.44074e+6 
        10996.2      5.45723e+6 
        11007.2      5.46797e+6 
        11029.3      5.46936e+6 
        11051.3      5.45974e+6 
        11073.4      5.44215e+6 
        11117.5      5.39694e+6 
        11150.4      5.35802e+6 
        11161.6      5.34438e+6 
        11205.7      5.28884e+6 
        11260.9      5.21753e+6 
        11316.1      5.14769e+6 
        11371.4      5.07832e+6 
        11426.6      5.00977e+6 
        11481.9      4.94304e+6 
        11537.1      4.87622e+6 
        11592.4      4.81047e+6 
        11647.6      4.74575e+6 
        11702.8      4.68204e+6 
        11758.1      4.61934e+6 
        11813.3       4.5576e+6 
        11868.6      4.49684e+6 
        11923.8      4.43703e+6 
          11979      4.37815e+6 
        12034.3      4.31925e+6 
        12089.5      4.26201e+6 
        12144.8      4.20562e+6 
          12200      4.14998e+6 
        12225.9      4.12422e+6 
        12255.2      4.09507e+6 
        12284.6       4.0661e+6 
        12343.4      4.00993e+6 
        12402.2      3.95401e+6 
        12460.9      3.89787e+6 
        12519.7      3.84079e+6 
        12578.5      3.78088e+6 
        12607.9      3.74864e+6 
        12637.3      3.71393e+6 
        12666.6      3.67478e+6 
          12696      3.62823e+6 
        12710.7      3.60064e+6 
        12725.4      3.56781e+6 
        12740.1      3.52911e+6 
        12754.8      3.47975e+6 
        12769.5      3.41463e+6 
        12780.5      3.34636e+6 
        12791.5      3.24897e+6 
        12802.6      3.09565e+6 
        12813.6      2.78992e+6 
        12823.8      2.79594e+6 
        12835.2      3.06336e+6 
        12846.6      3.20364e+6 
        12859.6      3.29358e+6 
        12872.7      3.34639e+6 
        12892.2       3.3921e+6 
        12905.2      3.40879e+6 
        12918.3       3.4195e+6 
        12931.3      3.42547e+6 
        12944.3      3.42776e+6 
        12970.4      3.42606e+6 
        12996.5       3.4183e+6 
        13022.6      3.40674e+6 
        13074.7      3.37771e+6 
        13126.8      3.34413e+6 
          13179      3.30866e+6 
        13231.1      3.27238e+6 
        13258.2      3.25337e+6 
        13283.3      3.23575e+6 
        13308.4      3.21815e+6 
        13358.5      3.18378e+6 
        13408.6      3.14964e+6 
        13458.8      3.11577e+6 
        13508.9      3.08226e+6 
        13559.1      3.04913e+6 
        13609.2      3.01637e+6 
        13659.4      2.98469e+6 
        13709.5      2.95262e+6 
        13759.7      2.92099e+6 
        13809.8       2.8899e+6 
          13860      2.85919e+6 
        13910.1      2.82885e+6 
        13960.3      2.79889e+6 
        14010.4      2.76931e+6 
        14060.6      2.74008e+6 
        14110.7      2.71122e+6 
        14160.9      2.68271e+6 
          14211      2.65456e+6 
        14261.2      2.62675e+6 
        14290.6      2.61059e+6 
        14311.3      2.59928e+6 
        14332.1      2.58803e+6 
        14373.5      2.56579e+6 
        14455.2      2.52262e+6 
        14474.6      2.51251e+6 
          14494      2.50245e+6 
        14532.7      2.48248e+6 
        14581.2      2.45772e+6 
        14597.2       2.4496e+6 
        14613.2       2.4415e+6 
        14645.2       2.4254e+6 
        14709.2      2.39357e+6 
        14773.2      2.36225e+6 
        14837.1       2.3314e+6 
        14901.1      2.30102e+6 
        14965.1       2.2711e+6 
        15029.1      2.24163e+6 
        15093.1       2.2126e+6 
        15157.1      2.18402e+6 
          15221      2.15587e+6 
          15285      2.12814e+6 
          15349      2.10084e+6 
          15413      2.07394e+6 
        15471.6      2.04967e+6 
        15482.4      2.04523e+6 
        15493.1      2.04063e+6 
        15514.7      2.03146e+6 
        15557.9      2.01327e+6 
        15644.2      1.97747e+6 
        15730.5      1.94245e+6 
        15816.8      1.90818e+6 
        15903.1      1.87464e+6 
        15989.4      1.84182e+6 
        16075.8      1.80969e+6 
        16162.1      1.77825e+6 
        16248.4      1.74747e+6 
        16289.9      1.73291e+6 
        16334.7      1.71734e+6 
        16379.5      1.70195e+6 
        16469.1       1.6694e+6 
        16558.8      1.63761e+6 
        16648.4      1.60657e+6 
          16738      1.57626e+6 
        16827.7      1.54666e+6 
        16917.3      1.51774e+6 
        17006.9      1.48949e+6 
        17096.6      1.46189e+6 
        17186.2      1.43492e+6 
        17275.8      1.40856e+6 
        17327.7      1.39359e+6 
        17365.5       1.3828e+6 
        17403.2      1.37212e+6 
        17478.8      1.35114e+6 
        17554.3      1.33055e+6 
        17629.9      1.31034e+6 
        17705.4      1.29052e+6 
          17781      1.27106e+6 
        17856.5      1.25197e+6 
        17932.1      1.23323e+6 
        18007.6      1.21173e+6 
        18083.2      1.19294e+6 
        18158.7       1.1742e+6 
        18234.3      1.15533e+6 
        18309.8      1.13603e+6 
        18343.7      1.12709e+6 
        18385.3      1.11574e+6 
          18427      1.10376e+6 
        18468.6      1.09084e+6 
        18510.2      1.07641e+6 
        18551.8      1.05954e+6 
        18572.6      1.04978e+6 
        18593.4      1.03871e+6 
        18614.2      1.02587e+6 
          18635      1.01061e+6 
        18655.8          991584 
        18666.2          980447 
        18676.6          967673 
          18687          952578 
        18697.4          934190 
        18707.8          911310 
        18718.2          882615 
        18728.6          844539 
          18739          794788 
        18749.4          725595 
        18760.9          772116 
        18776.9          839807 
        18789.6          878622 
        18802.4          905787 
        18815.2          925406 
          18828          939578 
        18840.8          950096 
        18853.6          958406 
        18866.4          964946 
        18879.2          969913 
          18892          973721 
        18917.6          978791 
        18943.2          981295 
        18968.8          982109 
        18994.4          981682 
          19020          980321 
        19045.6          978270 
        19096.8          972772 
          19148          966074 
        19199.1          958657 
        19250.3          950803 
        19301.5          942695 
        19352.7          934442 
        19403.9          926113 
        19450.7          918479 
        19544.3          903227 
        19637.8          889379 
        19731.4          874180 
          19825          859301 
        19918.6          844737 
        20012.2          830474 
        20105.8          816506 
        20199.4          802831 
          20293          789441 
        20386.5          776325 
        20474.4          764258 
        20562.2          752405 
        20650.1          740778 
          20738          729374 
        20825.8          718187 
        20913.7          707210 
        21001.5          696441 
        21089.4          685873 
        21177.2          675505 
        21265.1          665326 
          21353          655343 
        21440.8          645538 
        21528.7          635918 
        21602.4          627976 
        21616.5          626474 
        21630.6          624973 
        21658.8          621985 
        21715.2          616063 
        21771.6          610210 
        21827.9          604427 
        21884.3          598709 
        21940.7          593060 
        21997.1          587478 
        22053.5          581958 
        22109.9          576504 
        22166.2          571113 
        22222.6          565782 
          22279          560517 
        22335.4          555308 
        22391.8          550162 
        22448.1          545073 
        22504.5          540043 
        22560.9          535070 
        22617.3          530156 
        22673.7          525296 
          22730          520490 
          22786          515774 
        22805.1          514178 
        22823.7          512626 
        22860.9          509544 
        22935.2          503450 
        23009.6          497443 
        23083.9          491527 
        23158.3          485697 
        23232.6          479954 
        23306.9          474293 
        23381.3          468719 
        23455.6          463231 
          23530          457824 
        23604.3          452493 
        23678.7          447240 
          23753          442063 
        23827.4          436961 
        23901.7          431931 
        23976.1          426974 
        24050.4          422086 
        24124.8          417266 
        24199.1          412519 
        24273.5          407835 
        24347.8          403217 
        24422.2          398668 
        24496.5          394179 
        24570.9          389752 
        24645.2          385389 
        24719.6          381085 
        24793.9          376840 
        24868.2          372656 
        24942.6          368528 
        24989.9          365933 
        25016.9          364456 
          25044          362989 
        25098.2          360080 
        25152.3          357199 
        25206.4          354347 
        25260.6          351522 
        25314.7          348726 
        25368.9          345958 
          25423          343216 
        25477.2          340502 
        25531.3          337812 
        25585.5          335151 
        25639.6          332516 
        25693.7          329908 
        25747.9          327323 
          25802          324765 
        25856.2          322230 
        25910.3          319720 
        25964.5          317235 
        26018.6          314772 
        26072.8          312334 
        26126.9          309920 
          26181          307528 
        26235.2          305160 
        26289.3          302813 
        26343.5          300490 
        26397.6          298188 
        26451.8          295908 
        26505.9          293651 
        26560.1          291414 
        26614.2          289198 
        26668.3          287004 
        26722.5          284830 
        26776.6          282676 
        26830.8          280543 
        26884.9          278429 
        26939.1          276335 
        26993.2          274261 
        27047.4          272205 
        27101.5          270168 
        27155.6          268151 
        27209.8          266152 
        27228.7          265459 
        27263.9          264171 
        27299.2          262891 
        27369.7          260351 
        27440.2          257841 
        27510.8          255361 
        27581.3          252910 
        27651.8          250489 
        27722.3          248097 
        27792.9          245733 
        27863.4          243396 
        27933.9          241087 
        28004.4          238806 
          28075          236551 
        28145.5          234323 
          28216          232120 
        28286.5          229944 
        28357.1          227792 
        28427.6          225666 
        28498.1          223564 
        28568.6          221486 
        28639.1          219432 
        28709.7          217402 
        28780.2          215395 
        28850.7          213411 
        28921.2          211450 
        28991.8          209511 
        29062.3          207594 
        29132.8          205699 
        29203.3          203825 
        29273.9          201973 
        29344.4          200141 
        29414.9          198330 
        29485.4          196539 
          29556          194768 
        29626.5          193018 
          29697          191286 
        29767.5          189574 
        29838.1          187880 
        29908.6          186206 
        29966.4          184847 
        29979.1          184550 
        29991.8          184254 
