# Koester WD models
# teff = 8750 K (value for the effective temperature for the model. Temperatures are given in K)
# logg = 7 log(cm/s2) (value for Log(G) for the model.)
#
# column 1: WAVELENGTH (ANGSTROM), Wavelength in Angstrom
# column 2: FLUX (ERG/CM2/S/A), Flux in erg/cm2/s/A
         899.23         14.0014 
        909.241         17.7935 
        919.251         145.549 
        929.261         184.633 
        939.271         829.176 
         949.28         56.9008 
        959.289         2266.87 
        969.297         1644.54 
        979.305         2795.08 
        989.312         4592.76 
        999.319         7087.81 
        1009.33         5960.01 
        1019.33         4583.96 
        1029.34            4638 
        1039.34         9008.11 
        1049.35         15504.4 
        1059.36         18513.2 
        1069.36         40690.2 
        1079.36         45525.1 
        1089.37          193652 
        1099.37          234039 
        1109.38          222508 
        1119.38          214283 
        1129.38          192687 
        1139.39          153057 
        1149.39          103315 
        1159.39         65311.5 
        1169.39           48585 
         1179.4         42284.6 
         1189.4         42862.9 
         1199.4         44928.9 
         1209.4         39518.1 
        1219.41         38979.3 
        1229.41         62790.1 
        1239.41         75678.5 
        1249.41         85561.3 
        1259.41         96944.5 
        1269.41          113444 
        1279.42          136177 
        1289.42          158978 
        1299.42          182356 
        1309.42          209683 
        1319.42          232593 
        1329.42          260645 
        1339.42          291543 
        1349.42          322629 
        1359.42          351111 
        1369.42          381157 
        1379.42          411699 
        1389.42          447815 
        1399.42          475879 
        1409.42          513211 
        1419.42          544938 
        1429.42          601379 
        1439.42          674085 
        1450.05          742864 
        1460.67          726556 
        1472.88          716820 
        1483.27          725695 
        1494.42          779071 
        1505.57          894757 
        1516.72      1.01959e+6 
        1526.92      1.10771e+6 
        1538.17      1.08819e+6 
        1549.42          985926 
        1559.42          958239 
        1570.19          966555 
        1584.41          986243 
        1596.91      1.02831e+6 
        1608.16      1.10205e+6 
        1619.41      1.23467e+6 
        1630.66      1.50775e+6 
        1641.28      2.26835e+6 
        1651.91      4.89787e+6 
        1663.16       1.0977e+7 
        1673.25      1.75862e+7 
         1684.4      2.39043e+7 
        1694.79      2.87391e+7 
        1705.17      3.25595e+7 
         1716.9      3.55876e+7 
         1729.4      3.78116e+7 
         1744.4      3.98266e+7 
        1759.39       4.1147e+7 
         1771.7      4.20779e+7 
        1784.39      4.30461e+7 
        1799.39      4.41234e+7 
           1824      4.56838e+7 
        1834.77      4.63539e+7 
        1845.54       4.7012e+7 
           1864      4.83516e+7 
        1876.29      4.90531e+7 
        1888.59      4.97405e+7 
        1906.98      5.07439e+7 
        1919.37      5.14034e+7 
        1931.76       5.2087e+7 
        1944.47      5.28689e+7 
        1956.53      5.34932e+7 
         1967.6      5.40181e+7 
        1992.71      5.51582e+7 
        2017.81      5.62433e+7 
        2042.42      5.73686e+7 
        2067.03      5.82894e+7 
        2091.64      5.91493e+7 
        2116.25      5.99589e+7 
        2165.42      6.14728e+7 
        2178.22      6.18068e+7 
        2191.02      6.21288e+7 
         2214.7      6.26961e+7 
        2260.18      6.36691e+7 
        2275.12       6.4003e+7 
        2290.06      6.42635e+7 
        2313.13      6.46383e+7 
        2356.21      6.52399e+7 
         2368.5      6.53897e+7 
        2380.79      6.55295e+7 
        2401.46      6.57457e+7 
        2417.09      6.58911e+7 
        2432.72      6.60444e+7 
        2451.59      6.61795e+7 
        2466.76      6.62728e+7 
        2488.39      6.63841e+7 
        2510.01      6.65191e+7 
         2547.3       6.6604e+7 
        2559.23      6.66184e+7 
        2571.17      6.66238e+7 
        2595.04      6.66175e+7 
        2627.89      6.65864e+7 
        2642.78      6.65493e+7 
        2657.67      6.65044e+7 
        2687.45      6.63797e+7 
        2737.93      6.61026e+7 
        2756.11      6.59832e+7 
        2766.75       6.5905e+7 
        2810.65      6.55496e+7 
        2854.55      6.51491e+7 
        2931.71      6.43031e+7 
        2942.34      6.41771e+7 
        2952.98      6.40489e+7 
        2974.26      6.37812e+7 
        3016.81      6.32217e+7 
        3051.42      6.27448e+7 
        3091.41       6.2168e+7 
        3120.64      6.17408e+7 
        3149.86      6.13035e+7 
        3168.31      6.10195e+7 
         3208.3      6.03933e+7 
        3248.29      5.97547e+7 
        3309.83      5.87428e+7 
        3322.09      5.85386e+7 
        3346.73      5.81257e+7 
        3383.63      5.74981e+7 
        3445.17      5.64375e+7 
        3469.81      5.60064e+7 
        3495.92      5.55481e+7 
        3506.71      5.53583e+7 
         3543.6      5.47068e+7 
        3591.28      5.38601e+7 
        3635.88      5.30634e+7 
        3647.12      5.28608e+7 
        3658.96      5.26503e+7 
        3671.11      5.24344e+7 
        3682.58      5.22315e+7 
         3693.5      5.20662e+7 
        3703.57      5.18014e+7 
        3713.83      5.18611e+7 
        3724.38      5.18099e+7 
        3734.43      4.95602e+7 
        3744.65      5.23839e+7 
        3755.23      5.27901e+7 
        3765.57      5.15793e+7 
        3776.07      5.26603e+7 
        3786.47        5.568e+7 
        3796.59      4.04254e+7 
        3807.24       5.5916e+7 
         3817.5      5.88166e+7 
        3827.86      5.17794e+7 
         3837.9      3.94229e+7 
        3848.23      5.82759e+7 
        3858.91      6.21036e+7 
        3870.49      6.03327e+7 
         3880.7      5.07477e+7 
           3891      3.22233e+7 
         3901.5      5.62474e+7 
        3912.59      6.31086e+7 
        3923.89      6.50269e+7 
        3935.81      6.47363e+7 
        3946.05      6.21432e+7 
        3956.25      5.55185e+7 
        3966.46      3.57265e+7 
         3976.6      4.40294e+7 
        3986.85      5.78078e+7 
        3998.87       6.3654e+7 
        4011.96      6.57834e+7 
        4023.86      6.62452e+7 
         4035.9       6.6211e+7 
        4048.86      6.56964e+7 
        4063.85      6.38262e+7 
        4075.42      6.04923e+7 
        4085.65      5.45959e+7 
        4096.01      3.93239e+7 
        4106.14      3.55245e+7 
        4116.27      5.27963e+7 
        4126.95      5.92382e+7 
        4138.83       6.2448e+7 
        4153.83       6.4042e+7 
        4168.82        6.437e+7 
        4183.82      6.43024e+7 
        4198.82      6.40941e+7 
        4213.81      6.38076e+7 
        4224.95      6.35582e+7 
        4238.81      6.32022e+7 
         4253.8      6.27178e+7 
         4268.8      6.20025e+7 
        4283.79      6.08291e+7 
        4298.79      5.89111e+7 
        4311.29      5.60312e+7 
        4322.32      5.10173e+7 
         4332.8      3.96683e+7 
        4343.33       2.8332e+7 
        4354.64      4.75568e+7 
        4365.62      5.37278e+7 
        4376.17      5.63602e+7 
        4388.37      5.78706e+7 
        4398.76      5.84889e+7 
        4412.56       5.8881e+7 
        4423.76      5.89174e+7 
        4434.35      5.88313e+7 
        4444.95      5.86749e+7 
        4457.55      5.84515e+7 
        4468.74      5.82348e+7 
        4479.36      5.80189e+7 
        4489.99      5.77975e+7 
        4503.58      5.75194e+7 
        4513.73      5.72998e+7 
        4524.16      5.70727e+7 
        4534.49      5.68465e+7 
        4548.72      5.65333e+7 
        4563.72      5.62022e+7 
        4578.72      5.58704e+7 
        4593.71      5.55383e+7 
         4604.8      5.52939e+7 
         4618.7      5.49851e+7 
         4633.7      5.46505e+7 
         4648.7      5.43141e+7 
        4663.69      5.39757e+7 
        4678.69       5.3633e+7 
        4693.69      5.32839e+7 
        4708.68       5.2923e+7 
        4720.98      5.26138e+7 
        4733.68      5.22758e+7 
        4748.67      5.18391e+7 
        4763.67      5.13352e+7 
        4778.66      5.07289e+7 
        4793.66      4.99296e+7 
        4808.65       4.8755e+7 
        4823.65      4.68195e+7 
        4834.97      4.42163e+7 
        4845.43      3.96909e+7 
        4855.74      2.92868e+7 
        4866.13      2.79393e+7 
        4876.28      3.87308e+7 
        4886.59      4.31193e+7 
        4898.63      4.55031e+7 
        4913.63      4.68254e+7 
        4925.16      4.72854e+7 
        4938.62      4.75078e+7 
        4953.62      4.75292e+7 
        4968.61      4.74362e+7 
        4983.61      4.72687e+7 
         4998.6      4.70582e+7 
         5013.6      4.68214e+7 
         5028.6      4.65694e+7 
        5043.59      4.63083e+7 
        5058.59      4.60422e+7 
        5073.58      4.57736e+7 
        5088.58      4.55038e+7 
        5103.58      4.52336e+7 
        5118.57      4.49637e+7 
        5133.57      4.46948e+7 
        5148.56      4.44268e+7 
        5163.56      4.41598e+7 
        5178.56       4.3894e+7 
        5193.55      4.36298e+7 
        5208.55      4.33672e+7 
        5223.54      4.31058e+7 
        5238.54      4.28457e+7 
        5253.54      4.25874e+7 
        5268.53      4.23308e+7 
        5283.53      4.20754e+7 
        5298.52      4.18218e+7 
        5313.52      4.15696e+7 
        5328.52      4.13192e+7 
        5343.51        4.107e+7 
        5358.51      4.08228e+7 
         5373.5        4.058e+7 
         5388.5      4.03355e+7 
         5403.5      4.00924e+7 
        5418.49      3.98511e+7 
        5433.49      3.96114e+7 
        5448.48      3.93733e+7 
        5463.48      3.91364e+7 
        5478.48      3.89014e+7 
        5493.47      3.86683e+7 
        5508.47      3.84364e+7 
        5523.46      3.82065e+7 
        5538.46      3.79781e+7 
        5553.46      3.77509e+7 
        5568.45      3.75257e+7 
        5583.45      3.73014e+7 
        5598.44       3.7079e+7 
        5613.44      3.68578e+7 
        5628.44      3.66382e+7 
        5643.43      3.64199e+7 
        5658.43      3.62031e+7 
        5673.42      3.59879e+7 
         5686.2      3.58057e+7 
        5698.42      3.56323e+7 
        5708.88      3.54843e+7 
        5723.41      3.52804e+7 
        5738.41      3.50712e+7 
         5753.4      3.48632e+7 
         5768.4      3.46515e+7 
        5783.39      3.44463e+7 
        5798.39      3.42424e+7 
        5813.39      3.40398e+7 
        5828.38      3.38387e+7 
        5843.38      3.36389e+7 
        5858.37      3.34404e+7 
        5873.37      3.32431e+7 
        5888.37       3.3047e+7 
        5903.36      3.28523e+7 
        5918.36      3.26587e+7 
        5933.35      3.24668e+7 
        5948.35      3.22758e+7 
        5963.35       3.2086e+7 
        5978.34      3.18978e+7 
        5993.34      3.17103e+7 
        6008.33      3.15243e+7 
        6023.33      3.13394e+7 
        6038.32      3.11556e+7 
        6053.32       3.0973e+7 
        6068.32      3.07915e+7 
        6083.31      3.06111e+7 
        6098.31      3.04317e+7 
        6113.31      3.02534e+7 
         6128.3      3.00762e+7 
         6143.3      2.98999e+7 
        6158.29      2.97246e+7 
        6173.29      2.95502e+7 
        6188.28      2.93767e+7 
        6203.28       2.9204e+7 
        6218.28      2.90321e+7 
        6233.27      2.88608e+7 
        6244.38      2.87342e+7 
        6256.04      2.86017e+7 
        6266.59      2.84821e+7 
        6278.26      2.83499e+7 
        6290.52       2.8211e+7 
        6302.31      2.80774e+7 
        6312.59      2.79608e+7 
        6323.25      2.78395e+7 
        6338.24      2.76683e+7 
        6353.24      2.74959e+7 
        6368.24      2.73213e+7 
        6383.23      2.71433e+7 
        6398.23        2.696e+7 
        6413.22      2.67687e+7 
        6428.22      2.65652e+7 
        6443.22      2.63428e+7 
        6458.21      2.60907e+7 
        6473.21       2.5793e+7 
         6488.2      2.54196e+7 
         6503.2      2.49082e+7 
         6518.2      2.41287e+7 
        6532.67      2.28272e+7 
        6543.19      2.11351e+7 
        6554.64      1.75349e+7 
        6564.75      1.43351e+7 
        6575.14      1.90095e+7 
        6585.99      2.14908e+7 
        6598.17      2.28212e+7 
         6608.5      2.34242e+7 
        6618.82      2.37713e+7 
        6629.14      2.39714e+7 
        6639.46      2.40807e+7 
        6649.78      2.41315e+7 
         6660.1       2.4144e+7 
        6680.74      2.40972e+7 
         6691.3      2.40492e+7 
        6701.39      2.39933e+7 
        6711.48      2.39305e+7 
        6731.66      2.37906e+7 
        6772.02      2.34799e+7 
        6824.78      2.30514e+7 
        6877.54      2.26191e+7 
         6930.3      2.21899e+7 
        6983.06      2.17668e+7 
        7035.82      2.13513e+7 
        7068.02      2.11018e+7 
        7088.58       2.0944e+7 
        7109.15      2.07875e+7 
        7150.27      2.04794e+7 
        7232.53      1.98785e+7 
        7314.78      1.92975e+7 
        7393.51       1.8761e+7 
        7472.25      1.82418e+7 
        7550.98      1.77393e+7 
        7581.55      1.75485e+7 
        7629.72      1.72528e+7 
        7677.88      1.69629e+7 
        7774.21      1.64019e+7 
        7870.55      1.58625e+7 
        7962.25      1.53683e+7 
        8025.35      1.50395e+7 
        8053.95      1.48932e+7 
        8082.55      1.47486e+7 
        8139.75      1.44646e+7 
        8191.03      1.42155e+7 
        8202.85      1.41588e+7 
        8216.85      1.40921e+7 
        8232.84      1.40164e+7 
        8264.83      1.38664e+7 
        8289.72       1.3751e+7 
        8328.82      1.35719e+7 
        8343.44      1.35056e+7 
        8367.92      1.33953e+7 
        8388.68      1.33049e+7 
        8408.65      1.32184e+7 
        8432.02      1.31175e+7 
        8467.25      1.29646e+7 
        8502.48      1.28111e+7 
        8516.58      1.27554e+7 
        8530.98      1.26917e+7 
        8545.38       1.2627e+7 
        8574.18      1.25268e+7 
        8598.39      1.24054e+7 
         8622.6      1.23439e+7 
        8646.81      1.22331e+7 
        8665.01      1.21137e+7 
        8683.22      1.20992e+7 
        8701.43      1.20519e+7 
        8719.64      1.19679e+7 
        8737.85      1.18379e+7 
        8750.47      1.17186e+7 
        8763.09      1.17478e+7 
        8773.94      1.17543e+7 
        8794.65      1.17159e+7 
        8815.35      1.16315e+7 
         8825.7      1.15756e+7 
        8836.05      1.15027e+7 
         8846.4      1.14034e+7 
        8856.75      1.12589e+7 
        8868.81      1.12192e+7 
        8883.88       1.1315e+7 
        8895.93      1.13342e+7 
        8907.99      1.13265e+7 
        8920.04      1.13038e+7 
        8944.15      1.12205e+7 
         8956.2      1.11638e+7 
        8968.26      1.10903e+7 
        8980.32      1.09953e+7 
        8992.37      1.08619e+7 
        9003.64      1.06753e+7 
        9014.91      1.04065e+7 
        9026.18      1.06056e+7 
        9040.26       1.0743e+7 
        9057.17       1.0801e+7 
        9068.44      1.08082e+7 
        9079.71       1.0799e+7 
        9099.72      1.07606e+7 
        9119.73       1.0699e+7 
        9139.74      1.06209e+7 
        9159.75      1.05164e+7 
        9169.76      1.04533e+7 
        9179.76      1.03738e+7 
        9189.77      1.02768e+7 
        9199.77      1.01465e+7 
        9209.78      9.96639e+6 
        9219.78      9.67218e+6 
        9230.07      9.31099e+6 
        9243.79      9.76925e+6 
        9256.45      9.95747e+6 
        9269.12      1.00495e+7 
        9286.01      1.01015e+7 
         9302.9      1.01107e+7 
        9319.79      1.00973e+7 
        9336.68      1.00678e+7 
        9356.83      1.00219e+7 
        9370.46      9.98599e+6 
        9384.08      9.94738e+6 
        9411.34      9.85923e+6 
        9438.59      9.75534e+6 
        9452.22      9.69288e+6 
        9465.84       9.6216e+6 
        9479.47      9.53216e+6 
         9493.1      9.41846e+6 
        9506.72      9.25014e+6 
        9516.94      9.06114e+6 
        9527.16      8.78433e+6 
        9537.38       8.3293e+6 
        9547.51      7.79882e+6 
        9557.91      8.44224e+6 
        9568.52      8.78289e+6 
        9582.67      9.01373e+6 
        9596.82      9.12337e+6 
        9610.97      9.16949e+6 
        9625.12      9.18602e+6 
        9638.39      9.18344e+6 
        9653.42      9.17087e+6 
        9668.45      9.14942e+6 
        9698.51      9.08935e+6 
        9728.57      9.01995e+6 
        9758.63       8.9454e+6 
        9818.75      8.78892e+6 
        9848.81         8.71e+6 
        9878.87      8.61968e+6 
        9908.93      8.51698e+6 
        9925.16      8.45469e+6 
        9938.99      8.39412e+6 
        9952.82      8.32575e+6 
        9966.65      8.24822e+6 
        9980.48      8.15096e+6 
        9994.31       8.0284e+6 
        10008.1      7.85049e+6 
        10018.5       7.6641e+6 
        10028.9      7.37768e+6 
        10039.3      6.88226e+6 
        10049.4       6.0782e+6 
        10059.7      6.85307e+6 
        10072.5       7.3681e+6 
        10085.3      7.60598e+6 
        10098.1      7.73601e+6 
        10110.9      7.80937e+6 
        10123.7      7.85059e+6 
        10136.4      7.87079e+6 
        10149.2      7.87864e+6 
        10174.8      7.87274e+6 
        10200.4      7.84559e+6 
        10214.6      7.82571e+6 
        10225.9      7.80771e+6 
        10237.2      7.78823e+6 
        10259.7      7.74648e+6 
        10304.8      7.65666e+6 
          10395      7.47049e+6 
        10485.2       7.2824e+6 
        10575.4      7.10069e+6 
        10665.6      6.91603e+6 
        10710.6      6.81898e+6 
        10755.7      6.71299e+6 
        10778.3      6.65308e+6 
        10800.8      6.58651e+6 
        10823.4      6.50922e+6 
        10834.6      6.46345e+6 
        10845.9      6.41114e+6 
        10857.2      6.35208e+6 
        10868.5      6.27866e+6 
        10879.7      6.18756e+6 
          10891      6.06833e+6 
        10902.3      5.90535e+6 
        10913.6      5.66049e+6 
        10924.8      5.24467e+6 
        10935.1      4.56857e+6 
        10945.9      4.90824e+6 
        10957.8      5.44526e+6 
        10969.7      5.72436e+6 
        10981.5      5.87811e+6 
        10993.4      5.97672e+6 
        11009.3      6.05108e+6 
        11025.1      6.09035e+6 
          11041      6.10936e+6 
        11056.8      6.11593e+6 
        11072.7      6.11332e+6 
        11104.3      6.09296e+6 
          11136      6.06063e+6 
        11167.7      6.02055e+6 
        11199.4      5.97666e+6 
        11260.9      5.88577e+6 
        11322.4      5.79366e+6 
        11383.9      5.70177e+6 
        11445.4      5.61293e+6 
        11506.9      5.52308e+6 
        11568.3      5.43496e+6 
        11629.8      5.34853e+6 
        11691.3      5.26374e+6 
        11752.8      5.18055e+6 
        11814.3      5.09896e+6 
        11875.8      5.01891e+6 
        11937.3      4.94037e+6 
        11998.7      4.86328e+6 
        12060.2      4.78625e+6 
        12121.7      4.71173e+6 
        12183.2      4.63844e+6 
        12204.7      4.61305e+6 
        12244.7       4.5663e+6 
        12284.6       4.5199e+6 
        12364.5      4.42873e+6 
        12444.4      4.33738e+6 
        12524.3      4.24338e+6 
        12564.2      4.19327e+6 
        12604.1      4.13899e+6 
        12644.1      4.07675e+6 
        12664.1       4.0405e+6 
          12684       3.9989e+6 
          12704      3.94917e+6 
          12724       3.8865e+6 
        12743.9      3.80337e+6 
        12758.9      3.71751e+6 
        12773.9      3.59665e+6 
        12788.9      3.41516e+6 
        12801.4      3.17411e+6 
        12811.7      2.86928e+6 
          12822       2.7756e+6 
        12832.6      3.09551e+6 
        12845.3      3.33772e+6 
          12858      3.48494e+6 
        12870.7       3.5779e+6 
        12887.6      3.65449e+6 
        12904.6      3.69992e+6 
        12921.5      3.72684e+6 
        12938.4      3.74192e+6 
        12955.4      3.74902e+6 
        12972.3      3.75084e+6 
        13006.2      3.74387e+6 
          13040      3.72813e+6 
        13073.9      3.70755e+6 
        13141.6      3.65886e+6 
        13209.4      3.60561e+6 
        13245.8      3.57626e+6 
        13277.1      3.55097e+6 
        13308.4      3.52562e+6 
        13370.9      3.47532e+6 
        13433.4      3.42544e+6 
        13495.9      3.37621e+6 
        13558.5       3.3277e+6 
          13621      3.28073e+6 
        13683.5      3.23364e+6 
          13746      3.18733e+6 
        13808.6      3.14188e+6 
        13871.1      3.09716e+6 
        13933.6      3.05322e+6 
        13996.1      3.01004e+6 
        14058.7      2.96759e+6 
        14121.2      2.92586e+6 
        14183.7      2.88485e+6 
        14246.2      2.84452e+6 
        14285.5      2.81956e+6 
        14299.7      2.81059e+6 
        14332.1      2.79027e+6 
        14378.7      2.76129e+6 
        14457.6      2.71301e+6 
          14490      2.69349e+6 
        14536.6      2.66571e+6 
        14581.2      2.63944e+6 
        14597.2      2.63006e+6 
        14613.2       2.6207e+6 
        14645.2      2.60212e+6 
        14709.2      2.56544e+6 
        14773.2      2.52938e+6 
        14837.1      2.49393e+6 
        14901.1      2.45909e+6 
        14965.1      2.42484e+6 
        15029.1      2.39117e+6 
        15093.1      2.35807e+6 
        15157.1      2.32552e+6 
          15221      2.29353e+6 
          15285      2.26206e+6 
          15349      2.23112e+6 
          15413       2.2007e+6 
        15471.6      2.17328e+6 
        15482.4      2.16828e+6 
        15493.1      2.16328e+6 
        15514.7      2.15334e+6 
        15557.9      2.13363e+6 
        15644.2      2.09485e+6 
        15730.5      2.05692e+6 
        15816.8      2.01983e+6 
        15903.1      1.98354e+6 
        15989.4      1.94804e+6 
        16075.8      1.91331e+6 
        16162.1      1.87933e+6 
        16248.4      1.84609e+6 
        16289.9      1.83036e+6 
        16334.7      1.81357e+6 
        16379.5      1.79696e+6 
        16469.1      1.76325e+6 
        16558.8      1.73032e+6 
        16648.4      1.69814e+6 
          16738      1.66671e+6 
        16827.7      1.63599e+6 
        16917.3      1.60597e+6 
        17006.9      1.57663e+6 
        17096.6      1.54795e+6 
        17186.2      1.51991e+6 
        17275.8       1.4925e+6 
        17327.7      1.47692e+6 
        17365.5       1.4657e+6 
        17403.2      1.45458e+6 
        17478.8       1.4324e+6 
        17554.3      1.41064e+6 
        17629.9      1.38928e+6 
        17705.4      1.36832e+6 
          17781      1.34774e+6 
        17856.5      1.32755e+6 
        17932.1      1.30773e+6 
        18007.6      1.28618e+6 
        18083.2       1.2665e+6 
        18158.7      1.24693e+6 
        18234.3      1.22731e+6 
        18309.8      1.20731e+6 
        18343.7      1.19808e+6 
        18385.3       1.1864e+6 
          18427      1.17408e+6 
        18468.6      1.16063e+6 
        18510.2      1.14545e+6 
        18551.8      1.12745e+6 
        18572.6      1.11683e+6 
        18593.4      1.10463e+6 
        18614.2      1.09029e+6 
          18635      1.07284e+6 
        18645.4      1.06262e+6 
        18655.8      1.05108e+6 
        18666.2      1.03788e+6 
        18676.6      1.02248e+6 
          18687      1.00473e+6 
        18697.4          983454 
        18707.8          957912 
        18718.2          927137 
        18728.6          890211 
          18739          845418 
        18749.1          790924 
        18759.4          823996 
        18771.5          874729 
        18783.6          914222 
        18795.6          945019 
        18807.7          968836 
        18819.8          986941 
        18837.9      1.00679e+6 
          18850      1.01639e+6 
        18862.1      1.02386e+6 
        18874.1      1.02973e+6 
        18886.2      1.03428e+6 
        18898.3      1.03774e+6 
        18922.4      1.04222e+6 
        18946.6      1.04435e+6 
        18970.8      1.04477e+6 
        19019.1       1.0423e+6 
        19067.4       1.0371e+6 
        19115.7      1.03042e+6 
        19212.3      1.01488e+6 
        19308.9          998119 
        19360.3          989020 
        19405.5          981013 
        19450.7          973011 
          19541          957011 
        19631.3          942047 
        19721.7          926264 
          19812          910807 
        19902.3          895671 
        19992.6          880843 
          20083          866316 
        20173.3          852085 
        20263.6          838142 
          20354          824480 
        20414.2          815526 
        20444.3          811093 
        20474.4          806692 
        20534.6          797952 
        20594.8          789328 
          20655          780821 
        20715.2          772427 
        20775.4          764142 
        20835.6          755968 
        20895.8          747903 
          20956          739942 
        21016.2          732088 
        21076.4          724335 
        21136.7          716685 
        21196.9          709133 
        21257.1          701681 
        21317.3          694327 
        21377.5          687063 
        21437.7          679897 
        21497.9          672822 
        21558.1          665839 
          21606          660347 
        21618.3          658943 
        21630.6          657545 
        21655.3          654752 
        21704.5          649210 
        21803.1          638299 
        21901.6          627618 
        22000.2          617156 
        22098.8          606912 
        22197.3          596887 
        22295.9          587066 
        22394.4          577447 
          22493          568022 
        22591.5          558786 
        22690.1          549738 
        22784.8          541208 
        22800.8          539785 
        22816.8          538365 
        22848.8          535541 
        22912.8          529949 
        22976.8          524426 
        23040.8          518979 
        23104.8          513597 
        23168.7          508288 
        23232.7          503048 
        23296.7          497870 
        23360.7          492762 
        23424.7          487720 
        23488.6          482740 
        23552.6          477824 
        23616.6          472967 
        23680.6          468176 
        23744.6          463441 
        23808.6          458767 
        23872.5          454152 
        23936.5          449593 
        24000.5          445091 
        24064.5          440646 
        24128.5          436257 
        24192.5          431922 
        24256.4          427637 
        24320.4          423408 
        24384.4          419230 
        24448.4          415102 
        24512.4          411027 
        24576.3          407000 
        24640.3          403019 
        24704.3          399089 
        24768.3          395209 
        24832.3          391373 
        24896.3          387585 
        24960.2          383840 
        25004.4          381279 
        25024.2          380139 
          25044          379002 
        25083.6          376765 
        25162.8          372335 
        25241.9          367972 
        25321.1          363671 
        25400.2          359433 
        25479.4          355254 
        25558.5          351139 
        25637.7          347080 
        25716.9          343081 
          25796          339138 
        25875.2          335252 
        25954.3          331422 
        26033.5          327646 
        26112.7          323923 
        26191.8          320254 
          26271          316635 
        26350.1          313066 
        26429.3          309548 
        26508.4          306080 
        26587.6          302659 
        26666.8          299286 
        26745.9          295960 
        26825.1          292679 
        26904.2          289444 
        26983.4          286253 
        27062.6          283106 
        27141.7          280002 
        27220.9          276940 
        27299.2          273951 
        27377.5          271005 
        27455.8          268098 
        27534.2          265230 
        27612.5          262400 
        27690.8          259607 
        27769.1          256851 
        27847.5          254132 
        27925.8          251448 
        28004.1          248799 
        28082.4          246185 
        28160.8          243608 
        28239.1          241064 
        28317.4          238552 
        28395.7          236074 
          28474          233627 
        28552.4          231212 
        28630.7          228828 
          28709          226474 
        28787.3          224150 
        28865.7          221856 
          28944          219592 
        29022.3          217356 
        29100.6          215148 
          29179          212968 
        29257.3          210816 
        29335.6          208690 
        29413.9          206591 
        29492.3          204519 
        29570.6          202472 
        29648.9          200451 
        29727.2          198454 
        29805.5          196482 
        29883.9          194535 
        29932.6          193336 
        29962.2          192612 
        29991.8          191891 
