# Koester WD models
# teff = 8750 K (value for the effective temperature for the model. Temperatures are given in K)
# logg = 8.5 log(cm/s2) (value for Log(G) for the model.)
#
# column 1: WAVELENGTH (ANGSTROM), Wavelength in Angstrom
# column 2: FLUX (ERG/CM2/S/A), Flux in erg/cm2/s/A
         899.23          38.624 
        909.241         48.5407 
        919.251         132.381 
        929.261          210.46 
        939.271         718.576 
         949.28         128.018 
        959.289         1891.41 
        969.297         1435.51 
        979.305         2420.51 
        989.312         4018.29 
        999.319         5877.51 
        1009.33         5299.74 
        1019.33         3963.43 
        1029.34         4049.45 
        1039.34         8057.34 
        1049.35         12812.6 
        1059.36         15033.5 
        1069.36         23513.7 
        1079.36         26284.4 
        1089.37           43130 
        1099.37         47537.6 
        1109.38         47476.7 
        1119.38         51407.1 
        1129.38         52988.3 
        1139.39         50970.8 
        1149.39         45833.6 
        1159.39         40481.3 
        1169.39         36249.6 
         1179.4         33278.9 
         1189.4         33568.9 
         1199.4         35169.5 
         1209.4         30979.3 
        1219.41           30806 
        1229.41         51107.1 
        1239.41         60790.1 
        1249.41         68305.8 
        1259.41         77068.6 
        1269.41         89016.7 
        1279.42          103758 
        1289.42          117779 
        1299.42          131950 
        1309.42          147229 
        1319.42          161316 
        1329.42          177598 
        1339.42          194402 
        1349.42          211765 
        1359.42          229677 
        1369.42          248225 
        1379.42          267612 
        1389.42          289546 
        1399.42          311728 
        1409.42          332641 
        1419.42          352380 
        1429.42          377528 
        1439.42          407788 
        1451.92          447784 
        1464.42          472401 
        1476.35          493092 
        1486.92          518341 
        1496.92          552433 
        1509.42          610817 
        1524.42          680164 
        1536.92          720999 
        1549.42          725064 
        1559.42          734416 
        1570.19          757740 
        1584.41          791012 
        1596.91          831777 
        1609.41          895043 
        1621.91          995385 
        1634.41      1.15712e+6 
        1645.66      1.40118e+6 
        1656.28      1.87377e+6 
        1666.91      3.05483e+6 
         1677.1      5.21281e+6 
         1688.1      8.52657e+6 
        1698.95      1.26095e+7 
         1709.4      1.65746e+7 
         1721.9      2.04191e+7 
         1734.4      2.34475e+7 
        1746.89      2.59255e+7 
        1759.39      2.75029e+7 
         1771.7       2.8661e+7 
        1781.89       2.9724e+7 
        1793.14      3.11936e+7 
        1804.39      3.21617e+7 
           1834      3.47121e+7 
        1846.32      3.57683e+7 
        1857.09      3.72053e+7 
        1870.14      3.84324e+7 
        1880.85      3.93092e+7 
        1902.26      4.10474e+7 
        1919.37      4.24181e+7 
        1932.19      4.35764e+7 
        1942.88      4.48198e+7 
        1953.58      4.57406e+7 
        1964.22      4.65254e+7 
        1980.59      4.77148e+7 
         1999.2      4.90377e+7 
        2013.16      5.00091e+7 
        2027.12       5.1344e+7 
        2041.08      5.23458e+7 
        2055.04      5.32139e+7 
        2067.03      5.39415e+7 
        2083.16      5.48918e+7 
        2104.67      5.61164e+7 
        2116.25      5.67566e+7 
        2127.84      5.73787e+7 
        2139.43      5.82809e+7 
        2151.01      5.88527e+7 
         2162.6       5.9411e+7 
        2182.73      6.03403e+7 
        2196.79      6.09664e+7 
         2214.7       6.1738e+7 
         2232.6      6.24734e+7 
        2263.91      6.38048e+7 
        2288.52      6.47969e+7 
        2313.13      6.56021e+7 
        2337.74      6.63394e+7 
        2362.35       6.7029e+7 
        2409.27      6.81986e+7 
        2456.14      6.92687e+7 
        2469.49      6.95071e+7 
        2481.09      6.97031e+7 
        2498.55      7.00591e+7 
        2510.01      7.02294e+7 
        2521.47      7.03874e+7 
        2544.39      7.06796e+7 
        2559.23      7.08523e+7 
        2588.91      7.11546e+7 
        2638.89      7.16091e+7 
        2657.67      7.17103e+7 
         2671.9      7.17675e+7 
           2714      7.18822e+7 
        2756.11      7.19164e+7 
        2826.09      7.17882e+7 
        2840.32      7.17527e+7 
        2854.55      7.17037e+7 
           2883      7.15501e+7 
        2926.83      7.12614e+7 
        2939.91      7.11637e+7 
        2952.98      7.10613e+7 
        2979.14      7.08347e+7 
        3011.48      7.05297e+7 
        3031.45      7.03283e+7 
        3051.42      7.01172e+7 
        3091.36      6.96607e+7 
        3149.86       6.8935e+7 
        3168.41      6.86909e+7 
        3208.35      6.81477e+7 
        3248.29      6.75807e+7 
        3309.63      6.66602e+7 
        3322.49      6.64613e+7 
        3346.73      6.60818e+7 
        3383.83      6.54871e+7 
        3445.17      6.44768e+7 
         3469.4      6.40681e+7 
        3495.92      6.36151e+7 
         3506.5      6.34322e+7 
         3543.6      6.27844e+7 
        3591.28      6.19362e+7 
        3635.88      6.11291e+7 
        3647.12      6.09227e+7 
        3658.96      6.07069e+7 
        3671.11      6.04813e+7 
        3682.58      6.02702e+7 
         3693.5      6.00691e+7 
        3703.57      5.98759e+7 
        3713.83      5.96921e+7 
        3724.38      5.95027e+7 
        3734.43      5.92011e+7 
        3744.62      5.91904e+7 
        3754.84      5.90525e+7 
        3765.07      5.88012e+7 
         3775.5      5.86686e+7 
        3786.22      5.89155e+7 
        3796.45      5.66303e+7 
        3806.86      5.87578e+7 
        3817.44      5.91088e+7 
        3827.86       5.7521e+7 
        3837.97      5.45588e+7 
        3848.91      5.90745e+7 
        3862.01      5.96959e+7 
        3872.59      5.85596e+7 
        3883.67      5.33823e+7 
        3893.94       5.2632e+7 
        3904.25      5.84632e+7 
        3915.94      6.03739e+7 
        3928.22      6.07047e+7 
        3938.89      6.00949e+7 
        3950.65      5.77843e+7 
        3961.77      5.15991e+7 
        3971.88      3.96274e+7 
        3982.23      5.42767e+7 
        3993.87       5.8738e+7 
        4005.52      6.04989e+7 
        4017.18      6.10616e+7 
        4028.86      6.11577e+7 
        4039.13      6.10144e+7 
        4053.86      6.03519e+7 
        4068.85      5.85024e+7 
        4080.56       5.5391e+7 
        4091.24      4.88973e+7 
         4101.3      2.60657e+7 
        4111.66      4.78421e+7 
        4122.41      5.45682e+7 
        4133.78       5.7455e+7 
        4143.83      5.87701e+7 
        4158.83      5.95071e+7 
        4173.82      5.96318e+7 
        4188.82       5.9537e+7 
        4203.81      5.93459e+7 
        4216.52       5.9138e+7 
        4228.81      5.88992e+7 
        4243.81      5.85511e+7 
         4258.8      5.80924e+7 
         4273.8      5.74183e+7 
        4288.79      5.63008e+7 
        4303.79       5.4392e+7 
        4314.07      5.20851e+7 
        4324.82      4.74547e+7 
        4334.92      3.62458e+7 
        4344.92      3.33917e+7 
        4356.08       4.6898e+7 
        4366.17      5.10273e+7 
        4378.37      5.32974e+7 
        4388.77      5.42525e+7 
        4402.56      5.48921e+7 
        4413.76      5.50815e+7 
        4424.36      5.51032e+7 
        4434.95      5.50369e+7 
        4447.55      5.48918e+7 
        4458.75      5.47313e+7 
        4469.37      5.45626e+7 
        4479.99      5.43832e+7 
        4493.58      5.41447e+7 
        4503.74      5.39968e+7 
        4515.31      5.37847e+7 
        4525.47      5.35965e+7 
        4536.01      5.33995e+7 
        4548.72      5.31605e+7 
        4563.72      5.28768e+7 
        4578.72      5.25915e+7 
        4593.71      5.23053e+7 
         4604.8      5.20945e+7 
         4618.7      5.18272e+7 
         4633.7      5.15375e+7 
         4648.7      5.12457e+7 
        4663.69      5.09513e+7 
        4678.69        5.065e+7 
        4693.69      5.03415e+7 
        4708.68      5.00208e+7 
        4720.98       4.9744e+7 
        4733.68      4.94389e+7 
        4748.67      4.90478e+7 
        4763.67      4.85986e+7 
        4778.66      4.80497e+7 
        4793.66      4.73265e+7 
        4808.65      4.62675e+7 
        4823.65      4.45572e+7 
        4834.97      4.22918e+7 
        4845.43       3.8334e+7 
        4855.74      2.88674e+7 
        4866.13      2.73388e+7 
        4876.23      3.73347e+7 
        4888.63      4.17389e+7 
        4898.98      4.33973e+7 
        4913.63      4.45437e+7 
        4925.16      4.49772e+7 
        4938.62      4.51959e+7 
        4953.62      4.52399e+7 
        4968.61      4.51692e+7 
        4983.61      4.50303e+7 
         4998.6      4.48553e+7 
         5013.6      4.46543e+7 
         5028.6      4.44369e+7 
        5043.59      4.42094e+7 
        5058.59      4.39763e+7 
        5073.58      4.37385e+7 
        5088.58      4.34994e+7 
        5103.58      4.32594e+7 
        5118.57      4.30191e+7 
        5133.57      4.27794e+7 
        5148.56      4.25397e+7 
        5163.56      4.23009e+7 
        5178.56      4.20631e+7 
        5193.55      4.18259e+7 
        5208.55        4.159e+7 
        5223.54       4.1355e+7 
        5238.54      4.11209e+7 
        5253.54      4.08885e+7 
        5268.53      4.06566e+7 
        5283.53      4.04263e+7 
        5298.52       4.0197e+7 
        5313.52      3.99689e+7 
        5328.52      3.97421e+7 
        5343.51      3.95165e+7 
        5358.51      3.92922e+7 
         5373.5      3.90739e+7 
         5388.5      3.88518e+7 
         5403.5      3.86306e+7 
        5418.49       3.8411e+7 
        5433.49      3.81927e+7 
        5448.48      3.79753e+7 
        5463.48      3.77594e+7 
        5478.48      3.75449e+7 
        5493.47      3.73315e+7 
        5508.47      3.71192e+7 
        5523.46      3.69084e+7 
        5538.46      3.66988e+7 
        5553.46      3.64902e+7 
        5568.45      3.62832e+7 
        5583.45      3.60771e+7 
        5598.44      3.58726e+7 
        5613.44       3.5669e+7 
        5628.44      3.54667e+7 
        5643.43      3.52656e+7 
        5658.43      3.50658e+7 
        5673.42      3.48726e+7 
         5686.2      3.47042e+7 
        5698.42      3.45437e+7 
        5708.88       3.4407e+7 
        5723.41      3.42179e+7 
        5738.41      3.40241e+7 
         5753.4      3.38312e+7 
         5768.4      3.36267e+7 
        5783.39       3.3436e+7 
        5798.39      3.32462e+7 
        5813.39      3.30577e+7 
        5828.38      3.28705e+7 
        5843.38      3.26842e+7 
        5858.37      3.24991e+7 
        5873.37      3.23151e+7 
        5888.37      3.21319e+7 
        5903.36      3.19503e+7 
        5918.36      3.17694e+7 
        5933.35      3.15897e+7 
        5948.35      3.14109e+7 
        5963.35      3.12332e+7 
        5978.34      3.10566e+7 
        5993.34       3.0881e+7 
        6008.33      3.07063e+7 
        6023.33      3.05326e+7 
        6038.32      3.03599e+7 
        6053.32      3.01881e+7 
        6068.32      3.00172e+7 
        6083.31       2.9847e+7 
        6098.31      2.96777e+7 
        6113.31      2.95092e+7 
         6128.3      2.93415e+7 
         6143.3      2.91745e+7 
        6158.29      2.90082e+7 
        6173.29      2.88425e+7 
        6188.28      2.86773e+7 
        6203.28      2.85125e+7 
        6218.28       2.8348e+7 
        6233.27      2.81838e+7 
        6244.38      2.80621e+7 
        6256.04      2.79345e+7 
        6266.59      2.78192e+7 
        6278.26      2.76914e+7 
        6290.52      2.75568e+7 
        6302.31      2.74268e+7 
        6312.59      2.73129e+7 
        6323.25       2.7194e+7 
        6338.24      2.70249e+7 
        6353.24       2.6853e+7 
        6368.24      2.66772e+7 
        6383.23      2.64958e+7 
        6398.23      2.63066e+7 
        6413.22       2.6106e+7 
        6428.22      2.58888e+7 
        6443.22      2.56468e+7 
        6458.21      2.53673e+7 
        6473.21      2.50305e+7 
         6488.2      2.46044e+7 
         6503.2      2.40258e+7 
         6518.2      2.31775e+7 
        6530.43      2.20813e+7 
        6541.53      2.04435e+7 
        6551.59      1.77947e+7 
        6561.66      1.35232e+7 
        6572.47      1.71105e+7 
        6583.18      1.99764e+7 
        6593.31      2.14018e+7 
        6603.34      2.22358e+7 
        6613.66      2.27556e+7 
        6623.98      2.30829e+7 
         6634.3      2.32905e+7 
        6644.62      2.34197e+7 
        6654.94      2.34937e+7 
        6665.26      2.35296e+7 
         6685.9      2.35238e+7 
        6701.62      2.34747e+7 
        6721.34      2.33813e+7 
         6736.2      2.32959e+7 
        6780.49      2.29996e+7 
        6824.78      2.26739e+7 
        6913.35      2.20018e+7 
        7001.93      2.13319e+7 
        7071.86      2.08134e+7 
         7090.5      2.06771e+7 
        7109.15      2.05416e+7 
        7146.44      2.02748e+7 
        7221.02      1.97519e+7 
         7295.6      1.92435e+7 
        7346.84      1.89026e+7 
        7370.18      1.87537e+7 
        7393.51      1.86017e+7 
        7440.19      1.83035e+7 
        7533.55      1.77233e+7 
        7575.92      1.74668e+7 
         7626.9      1.71639e+7 
        7677.88       1.6867e+7 
        7728.86      1.65774e+7 
        7779.84      1.62938e+7 
        7830.82      1.60158e+7 
         7881.8      1.57433e+7 
        7903.32      1.56299e+7 
        7932.78      1.54761e+7 
        7962.25      1.53241e+7 
        8021.18      1.50262e+7 
        8077.68      1.47469e+7 
        8097.18       1.4652e+7 
        8108.49      1.45973e+7 
        8155.67      1.43717e+7 
        8200.85      1.41596e+7 
        8216.85      1.40855e+7 
        8232.84      1.40118e+7 
        8264.83       1.3866e+7 
        8289.72      1.37537e+7 
        8328.82      1.35794e+7 
        8343.44      1.35149e+7 
        8367.92      1.34077e+7 
        8388.68      1.33178e+7 
        8408.65       1.3232e+7 
        8432.02      1.31324e+7 
        8467.25      1.29839e+7 
        8502.48      1.28372e+7 
        8516.58      1.27792e+7 
        8530.98        1.272e+7 
        8545.38      1.26617e+7 
        8574.18      1.25468e+7 
        8598.39      1.24498e+7 
         8628.6      1.23324e+7 
        8646.81      1.22605e+7 
        8665.01      1.21881e+7 
        8685.59      1.21114e+7 
        8701.43      1.20516e+7 
        8750.47      1.18583e+7 
        8767.92      1.17977e+7 
        8815.35      1.16248e+7 
        8862.78      1.14378e+7 
        8900.38      1.13244e+7 
        8957.65      1.11261e+7 
        8986.28      1.10148e+7 
        9000.59      1.09516e+7 
        9014.91      1.08846e+7 
        9029.22      1.08556e+7 
        9043.54      1.08239e+7 
        9057.85      1.07863e+7 
        9072.17      1.07452e+7 
        9086.49      1.07015e+7 
        9099.72      1.06598e+7 
        9126.18      1.05746e+7 
        9154.15      1.04795e+7 
         9179.1      1.03863e+7 
        9204.06      1.02759e+7 
        9216.53      1.02053e+7 
        9229.01      1.01292e+7 
        9241.49       1.0128e+7 
        9253.96      1.01208e+7 
        9266.44      1.01045e+7 
        9278.92      1.00813e+7 
        9297.63      1.00392e+7 
        9322.58      9.97584e+6 
         9360.9      9.86894e+6 
        9372.49      9.83529e+6 
        9384.08      9.80114e+6 
        9407.27      9.73143e+6 
        9430.57      9.65914e+6 
        9453.65      9.58223e+6 
        9476.73      9.49999e+6 
        9499.81       9.4031e+6 
        9511.34      9.34228e+6 
        9522.89      9.26424e+6 
        9534.42      9.15881e+6 
        9544.52      9.03601e+6 
        9554.62      9.07166e+6 
        9564.72      9.11929e+6 
         9577.7      9.14816e+6 
        9589.24      9.15193e+6 
        9600.78      9.14408e+6 
        9612.32      9.12953e+6 
         9635.4      9.08944e+6 
        9668.45      9.02052e+6 
        9734.56      8.86309e+6 
        9800.66      8.69734e+6 
        9866.77      8.52631e+6 
        9912.93      8.39327e+6 
        9932.87      8.33072e+6 
        9952.82      8.26151e+6 
        9972.77      8.18548e+6 
        9992.71      8.09268e+6 
        10012.7      7.97214e+6 
        10024.2      7.87396e+6 
        10036.8      7.70856e+6 
        10049.3      7.49502e+6 
        10065.3      7.68066e+6 
        10078.1      7.77073e+6 
        10090.9      7.81245e+6 
        10103.7      7.83174e+6 
        10116.5      7.83768e+6 
        10129.3      7.83466e+6 
        10142.1       7.8247e+6 
        10167.7      7.79794e+6 
        10193.3      7.76008e+6 
        10218.9      7.71764e+6 
        10237.2      7.68421e+6 
        10273.8      7.61472e+6 
        10347.1      7.46942e+6 
        10420.4      7.32337e+6 
        10493.7      7.17515e+6 
        10566.9      7.03258e+6 
        10640.2      6.88807e+6 
        10713.5      6.73784e+6 
        10750.1      6.65672e+6 
        10786.8      6.56769e+6 
        10823.4      6.46417e+6 
        10841.7      6.40194e+6 
          10860      6.32915e+6 
        10878.4      6.23515e+6 
        10892.1      6.14583e+6 
        10905.8      6.02259e+6 
        10919.6      5.82071e+6 
          10931      5.51428e+6 
        10941.2      5.30568e+6 
        10953.8      5.69263e+6 
        10966.3      5.86711e+6 
        10978.8      5.95951e+6 
        10997.7       6.0307e+6 
        11010.2      6.05771e+6 
        11022.7      6.07059e+6 
        11035.3      6.07659e+6 
        11060.4      6.07355e+6 
        11085.4       6.0584e+6 
        11110.5      6.03629e+6 
        11135.6      6.00817e+6 
        11185.8      5.94493e+6 
        11210.9      5.91022e+6 
        11235.9      5.87472e+6 
        11260.9      5.83862e+6 
        11310.9       5.7668e+6 
        11410.8      5.62317e+6 
        11510.8      5.48403e+6 
        11610.7      5.34611e+6 
        11710.6      5.21231e+6 
        11810.6      5.08244e+6 
        11910.5       4.9564e+6 
        12010.4      4.83406e+6 
        12110.4      4.71273e+6 
          12136      4.68261e+6 
        12210.3      4.59621e+6 
        12284.6      4.51104e+6 
          12359      4.42776e+6 
        12433.3      4.34379e+6 
        12507.6      4.25686e+6 
        12544.8      4.21115e+6 
        12581.9      4.16214e+6 
        12619.1      4.10785e+6 
        12656.2      4.04596e+6 
        12674.8      4.00943e+6 
        12693.4      3.96799e+6 
          12712      3.92005e+6 
        12730.6      3.86011e+6 
        12749.1      3.78421e+6 
        12767.7      3.67711e+6 
        12781.7      3.56008e+6 
        12793.3      3.41821e+6 
        12804.9      3.18884e+6 
        12815.1      2.87304e+6 
        12825.9      3.00205e+6 
        12837.5      3.27367e+6 
        12849.2      3.43464e+6 
        12864.8      3.55851e+6 
        12880.4      3.63171e+6 
          12896      3.67802e+6 
        12919.3      3.71764e+6 
        12934.9      3.73212e+6 
        12950.5      3.74016e+6 
        12981.6      3.74481e+6 
        13012.8      3.73821e+6 
        13043.9      3.72583e+6 
        13106.2      3.68983e+6 
        13168.5      3.64616e+6 
        13230.9      3.59926e+6 
          13278      3.56272e+6 
        13293.2      3.55085e+6 
        13308.4      3.53894e+6 
        13338.7      3.51547e+6 
        13399.5      3.46857e+6 
        13460.2      3.42192e+6 
          13521      3.37577e+6 
        13581.7      3.33021e+6 
        13642.5      3.28664e+6 
        13703.3      3.24216e+6 
          13764      3.19842e+6 
        13824.8      3.15535e+6 
        13885.5      3.11302e+6 
        13946.3      3.07136e+6 
          14007      3.03038e+6 
        14067.8      2.99005e+6 
        14128.5      2.95039e+6 
        14189.3      2.91135e+6 
        14250.1      2.87306e+6 
        14289.6      2.84853e+6 
        14310.8      2.83544e+6 
        14332.1      2.82242e+6 
        14374.6      2.79657e+6 
        14457.6      2.74688e+6 
        14498.2      2.72299e+6 
        14540.7      2.69821e+6 
        14581.2      2.67484e+6 
        14597.2      2.66564e+6 
        14613.2      2.65647e+6 
        14645.2      2.63823e+6 
        14709.2       2.6022e+6 
        14773.2      2.56676e+6 
        14837.1      2.53188e+6 
        14901.1      2.49758e+6 
        14965.1      2.46383e+6 
        15029.1      2.43062e+6 
        15093.1      2.39794e+6 
        15157.1      2.36578e+6 
          15221      2.33414e+6 
          15285        2.303e+6 
          15349      2.27235e+6 
          15413       2.2422e+6 
        15471.6        2.215e+6 
        15482.4      2.21004e+6 
        15493.1      2.20492e+6 
        15514.7      2.19473e+6 
        15557.9      2.17452e+6 
        15644.2      2.13479e+6 
        15730.5      2.09594e+6 
        15816.8      2.05796e+6 
        15903.1      2.02082e+6 
        15989.4      1.98449e+6 
        16075.8      1.94897e+6 
        16162.1      1.91422e+6 
        16248.4      1.88023e+6 
        16289.9      1.86416e+6 
        16334.7      1.84698e+6 
        16379.5         1.83e+6 
        16469.1      1.79474e+6 
        16558.8      1.76033e+6 
        16648.4      1.72672e+6 
          16738      1.69391e+6 
        16827.7      1.66187e+6 
        16917.3      1.63058e+6 
        17006.9      1.60002e+6 
        17096.6      1.57016e+6 
        17186.2      1.54099e+6 
        17275.8      1.51249e+6 
        17327.7       1.4963e+6 
        17365.5      1.48464e+6 
        17403.2       1.4731e+6 
        17478.8      1.45044e+6 
        17554.3      1.42822e+6 
        17629.9      1.40642e+6 
        17705.4      1.38502e+6 
          17781      1.36403e+6 
        17856.5      1.34342e+6 
        17932.1      1.32321e+6 
        18007.6      1.29892e+6 
        18083.2      1.27838e+6 
        18158.7       1.2578e+6 
        18234.3      1.23692e+6 
        18309.8      1.21533e+6 
        18343.7      1.20522e+6 
        18385.3      1.19228e+6 
          18427      1.17848e+6 
        18468.6       1.1634e+6 
        18510.2      1.14631e+6 
        18551.8      1.12616e+6 
        18572.6      1.11443e+6 
        18593.4      1.10131e+6 
        18614.2      1.08623e+6 
          18635      1.06837e+6 
        18645.4      1.05801e+6 
        18655.8      1.04628e+6 
        18666.2      1.03294e+6 
        18676.6      1.01764e+6 
          18687          999784 
        18697.4          978873 
        18707.8          953222 
        18718.2          922334 
        18728.6          885049 
          18739          841674 
        18749.4          783658 
        18760.7          824279 
        18773.5          872628 
        18786.2          912768 
          18799          944093 
        18811.8          967482 
        18824.6          985681 
        18837.4          999451 
        18850.2      1.01034e+6 
          18863      1.01875e+6 
        18875.8      1.02527e+6 
        18888.6      1.03048e+6 
        18901.4      1.03457e+6 
          18927      1.04028e+6 
        18952.6       1.0435e+6 
        18978.2      1.04503e+6 
        19003.8      1.04519e+6 
        19029.4      1.04429e+6 
          19055      1.04259e+6 
        19106.2      1.03751e+6 
        19157.3      1.03095e+6 
        19208.5      1.02346e+6 
        19259.7       1.0154e+6 
        19310.9      1.00698e+6 
        19362.1          998345 
        19375.9          995992 
        19413.3          989577 
        19450.7          983130 
        19525.5          970171 
        19600.3          959270 
          19675          946040 
        19749.8          933034 
        19824.6          920248 
        19899.4          907678 
        19974.2          895319 
          20049          883168 
        20123.8          871220 
        20198.6          859471 
        20273.4          847916 
        20348.2          836556 
        20371.5          833044 
          20423          825381 
        20474.4          817804 
        20525.8          810298 
        20577.3          802875 
        20628.7          795536 
        20680.1          788285 
        20731.5          781129 
          20783          774051 
        20834.4          767051 
        20885.8          760133 
        20937.3          753291 
        20988.7          746524 
        21040.1          739833 
        21091.6          733216 
          21143          726672 
        21194.4          720204 
        21245.8          713804 
        21297.3          707474 
        21348.7          701216 
        21400.1          695024 
        21451.6          688901 
          21503          682844 
        21554.4          676856 
        21581.1          673774 
        21605.9          670931 
        21630.6          668101 
        21680.1          662474 
        21779.2          651400 
        21878.3          640555 
        21977.3          629933 
        22076.4          619528 
        22175.4          609337 
        22274.5          599353 
        22373.5          589573 
        22472.6          579988 
        22571.7          570598 
        22670.7          561396 
        22752.7          553919 
        22769.8          552377 
        22784.8          551023 
        22800.8          549584 
        22816.8          548151 
        22848.8          545302 
        22912.8          539653 
        22976.8          534080 
        23040.8          528576 
        23104.8          523144 
        23168.7          517782 
        23232.7          512485 
        23296.7          507257 
        23360.7          502096 
        23424.7          497000 
        23488.6          491967 
        23552.6          486997 
        23616.6          482090 
        23680.6          477246 
        23744.6          472458 
        23808.6          467730 
        23872.5          463061 
        23936.5          458449 
        24000.5          453894 
        24064.5          449395 
        24128.5          444953 
        24192.5          440564 
        24256.4          436226 
        24320.4          431944 
        24384.4          427715 
        24448.4          423534 
        24512.4          419406 
        24576.3          415328 
        24640.3          411297 
        24704.3          407317 
        24768.3          403384 
        24832.3          399494 
        24896.3          395655 
        24960.2          391860 
        25004.4          389265 
        25024.2          388109 
          25044          386959 
        25083.6          384675 
        25162.8          380158 
        25241.9          375709 
        25321.1          371321 
        25400.2          366998 
        25479.4          362735 
        25558.5          358534 
        25637.7          354397 
        25716.9          350316 
          25796          346291 
        25875.2          342327 
        25954.3          338419 
        26033.5          334564 
        26112.7          330763 
        26191.8          327018 
          26271          323323 
        26350.1          319682 
        26429.3          316091 
        26508.4          312548 
        26587.6          309056 
        26666.8          305611 
        26745.9          302215 
        26825.1          298864 
        26904.2          295560 
        26983.4          292301 
        27062.6          289087 
        27141.7          285916 
        27220.9          282789 
        27299.2          279736 
        27377.5          276719 
        27455.8          273743 
        27534.2          270807 
        27612.5          267909 
        27690.8          265050 
        27769.1          262229 
        27847.5          259445 
        27925.8          256698 
        28004.1          253986 
        28082.4          251311 
        28160.8          248670 
        28239.1          246063 
        28317.4          243490 
        28395.7          240951 
          28474          238445 
        28552.4          235970 
        28630.7          233528 
          28709          231117 
        28787.3          228737 
        28865.7          226387 
          28944          224067 
        29022.3          221777 
        29100.6          219516 
          29179          217283 
        29257.3          215078 
        29335.6          212901 
        29413.9          210751 
        29492.3          208628 
        29570.6          206531 
        29648.9          204461 
        29727.2          202416 
        29805.5          200397 
        29883.9          198402 
        29932.6          197174 
        29962.2          196432 
        29991.8          195695 
