# Koester WD models
# teff = 8000 K (value for the effective temperature for the model. Temperatures are given in K)
# logg = 8.75 log(cm/s2) (value for Log(G) for the model.)
#
# column 1: WAVELENGTH (ANGSTROM), Wavelength in Angstrom
# column 2: FLUX (ERG/CM2/S/A), Flux in erg/cm2/s/A
         899.23         11.5601 
        909.241          14.722 
        919.251         27.6661 
        929.261          46.264 
        939.271         113.157 
         949.28         39.4933 
        959.289         273.869 
        969.297         242.636 
        979.305         407.838 
        989.312         641.887 
        999.319         866.838 
        1009.33         913.786 
        1019.33         718.913 
        1029.34         753.652 
        1039.34          1477.2 
        1049.35         2022.93 
        1059.36         2359.15 
        1069.36         2874.72 
        1079.36         3290.82 
        1089.37         3821.81 
        1099.37         4333.17 
        1109.38         4821.21 
        1119.38         5509.69 
        1129.38         6184.29 
        1139.39          6742.2 
        1149.39         7101.92 
        1159.39         7113.45 
        1169.39         6889.01 
         1179.4         6504.01 
         1189.4         6620.18 
         1199.4         7024.57 
         1209.4         6337.28 
        1219.41         6540.76 
        1229.41         10827.9 
        1239.41           12905 
        1249.41           14632 
        1259.41         16657.4 
        1269.41         19405.4 
        1279.42         22692.9 
        1289.42         25806.2 
        1299.42           29072 
        1309.42         32480.6 
        1319.42         35845.6 
        1329.42         39823.5 
        1339.42         43766.8 
        1349.42           47936 
        1359.42         52649.3 
        1369.42         57488.9 
        1379.42         62309.1 
        1389.42           67761 
        1399.42         74075.9 
        1409.42         80166.8 
        1419.42           85708 
        1429.42           91923 
        1439.42         99560.2 
        1451.92          110825 
        1464.42          120273 
        1476.35          127636 
        1489.42          138038 
        1501.92          150378 
        1514.42          167178 
        1529.42          185753 
        1541.92          198894 
        1554.42          205142 
        1566.72          214878 
        1579.41          226782 
        1594.41          242766 
        1604.41          257343 
        1616.91          283042 
        1629.41          319877 
        1641.91          371006 
        1654.41          443326 
        1665.56          536449 
        1676.33          664494 
         1686.4          860024 
         1697.4      1.25627e+6 
         1709.4      1.92073e+6 
         1721.4      2.68291e+6 
         1734.4      3.50457e+6 
        1746.89      4.21542e+6 
        1758.14       4.7193e+6 
        1769.39      5.09394e+6 
        1780.02      5.46266e+6 
        1790.64      6.07857e+6 
        1804.39       6.5905e+6 
        1824.38       7.3687e+6 
        1834.77      7.79128e+6 
        1846.32      8.26478e+6 
        1856.32      8.93745e+6 
        1866.33      9.47944e+6 
        1877.77      9.99127e+6 
        1893.03      1.07008e+7 
         1906.2      1.13312e+7 
        1919.37      1.19786e+7 
        1930.89      1.25907e+7 
        1940.98      1.34561e+7 
        1951.06      1.40706e+7 
        1961.52      1.45929e+7 
        1975.66      1.53082e+7 
         1989.8      1.60293e+7 
        2005.51      1.68433e+7 
        2017.81       1.7489e+7 
        2028.58      1.84534e+7 
        2039.35      1.90299e+7 
        2050.11      1.95777e+7 
        2060.88      2.01248e+7 
        2073.38       2.0762e+7 
        2092.58      2.17432e+7 
        2104.41      2.23466e+7 
        2116.25      2.29491e+7 
        2128.09      2.35448e+7 
        2139.93       2.4455e+7 
        2151.77      2.50143e+7 
        2163.61        2.557e+7 
        2176.69      2.61686e+7 
        2191.63      2.68467e+7 
         2214.7      2.78826e+7 
        2257.72       2.9729e+7 
        2273.21      3.07001e+7 
        2285.61      3.12227e+7 
        2298.01      3.17408e+7 
        2313.13      3.23707e+7 
        2324.43      3.28007e+7 
        2343.39      3.35151e+7 
        2362.35      3.42173e+7 
        2391.29       3.5238e+7 
        2409.27      3.58591e+7 
        2427.25      3.65873e+7 
        2445.23      3.71704e+7 
        2456.19      3.74968e+7 
        2466.76      3.78163e+7 
        2488.39      3.84405e+7 
        2510.01      3.90855e+7 
         2547.3      4.00277e+7 
        2559.23      4.03154e+7 
        2571.17      4.06054e+7 
        2595.04      4.11659e+7 
        2627.89      4.19883e+7 
        2642.78      4.22789e+7 
        2657.67      4.25604e+7 
        2687.45      4.30436e+7 
        2737.93      4.37803e+7 
        2756.11      4.40213e+7 
        2766.75      4.41538e+7 
        2810.65      4.46555e+7 
        2854.55      4.51174e+7 
        2898.45      4.54378e+7 
        2931.71      4.56411e+7 
        2942.34      4.56992e+7 
        2952.98      4.57542e+7 
        2974.26      4.58449e+7 
        3016.81      4.59895e+7 
        3051.42      4.60721e+7 
        3091.41       4.6128e+7 
        3120.64      4.61528e+7 
        3149.86      4.61465e+7 
        3168.31      4.61255e+7 
         3208.3      4.60573e+7 
        3248.29      4.59593e+7 
        3309.83      4.57322e+7 
        3322.09      4.56797e+7 
        3346.73      4.55663e+7 
        3383.63        4.538e+7 
        3445.17      4.50275e+7 
        3469.81       4.4872e+7 
        3495.92      4.46989e+7 
        3506.71      4.46232e+7 
         3543.6      4.43612e+7 
        3591.28      4.40024e+7 
        3635.88      4.36477e+7 
        3647.12      4.35538e+7 
        3658.96      4.34561e+7 
        3671.11      4.33537e+7 
        3682.58      4.32566e+7 
         3693.5      4.31642e+7 
        3703.57       4.3075e+7 
        3713.83      4.29889e+7 
        3724.38      4.28981e+7 
        3734.43      4.27722e+7 
        3744.62      4.27323e+7 
        3754.84      4.26471e+7 
        3765.07      4.25557e+7 
         3775.5      4.24709e+7 
        3786.22      4.24483e+7 
        3796.45       4.1928e+7 
        3807.84      4.23433e+7 
        3818.92      4.23157e+7 
        3830.45      4.17323e+7 
        3840.76      4.17075e+7 
        3851.98      4.23163e+7 
        3862.01      4.23474e+7 
        3872.59      4.20301e+7 
        3883.67      4.05781e+7 
         3894.1      4.02548e+7 
        3904.25      4.19302e+7 
        3918.89      4.24935e+7 
        3929.56      4.25073e+7 
        3940.04      4.22855e+7 
        3950.65      4.15875e+7 
        3961.37        3.952e+7 
         3971.7      3.36323e+7 
        3982.23      4.01976e+7 
        3992.62      4.16732e+7 
        4003.87        4.225e+7 
        4018.86      4.24231e+7 
        4032.38      4.23889e+7 
        4043.86       4.2278e+7 
        4058.85        4.195e+7 
        4073.85      4.11011e+7 
        4085.65      3.93387e+7 
        4096.17      3.43429e+7 
        4106.29      3.25145e+7 
        4116.69      3.86064e+7 
        4127.38      4.04169e+7 
        4138.83      4.11197e+7 
           4151      4.13807e+7 
        4163.83      4.14247e+7 
        4178.82      4.13616e+7 
        4193.82      4.12513e+7 
        4208.81      4.11175e+7 
         4221.1      4.09956e+7 
        4233.81      4.08583e+7 
         4248.8      4.06767e+7 
         4263.8       4.0454e+7 
         4278.8      4.01505e+7 
        4293.79      3.96692e+7 
        4308.79      3.87446e+7 
        4320.85      3.70504e+7 
        4331.09      3.31655e+7 
        4341.18      1.78729e+7 
        4351.91      3.38928e+7 
        4363.77      3.72078e+7 
        4378.77       3.8444e+7 
        4393.77      3.87984e+7 
        4408.76      3.88678e+7 
        4423.76      3.88106e+7 
        4438.75      3.86981e+7 
        4453.75      3.85605e+7 
        4468.74      3.84116e+7 
        4483.74      3.82561e+7 
        4498.74      3.81298e+7 
        4513.73      3.79674e+7 
        4527.19      3.78201e+7 
        4538.73      3.76928e+7 
        4553.72       3.7527e+7 
        4568.72      3.73601e+7 
        4583.72      3.71927e+7 
        4596.53      3.70491e+7 
        4608.71      3.69128e+7 
         4623.7      3.67438e+7 
         4638.7      3.65741e+7 
         4653.7      3.64032e+7 
        4668.69       3.6231e+7 
        4683.69       3.6057e+7 
        4698.68      3.58801e+7 
        4713.68      3.56985e+7 
        4724.83      3.55594e+7 
        4738.67      3.53794e+7 
        4753.67      3.51717e+7 
        4768.67      3.49402e+7 
        4783.66      3.46668e+7 
        4798.66        3.431e+7 
        4813.65      3.37743e+7 
        4828.65      3.28029e+7 
        4840.48      3.11668e+7 
        4850.99       2.7543e+7 
        4861.03      1.36137e+7 
        4871.97      2.73067e+7 
        4884.48      3.10982e+7 
        4897.46       3.2354e+7 
        4908.63        3.278e+7 
         4921.7      3.29795e+7 
        4933.62      3.30257e+7 
        4948.62      3.29914e+7 
        4963.61       3.2905e+7 
        4978.61      3.27913e+7 
        4993.61      3.26622e+7 
         5008.6       3.2524e+7 
         5023.6      3.23795e+7 
        5038.59      3.22318e+7 
        5053.59      3.20816e+7 
        5068.59      3.19305e+7 
        5083.58      3.17785e+7 
        5098.58      3.16261e+7 
        5113.57      3.14737e+7 
        5128.57      3.13217e+7 
        5143.57      3.11697e+7 
        5158.56       3.1018e+7 
        5173.56      3.08667e+7 
        5188.55      3.07159e+7 
        5203.55      3.05654e+7 
        5218.55      3.04155e+7 
        5233.54       3.0266e+7 
        5248.54       3.0117e+7 
        5263.53      2.99687e+7 
        5278.53      2.98208e+7 
        5293.52      2.96735e+7 
        5308.52      2.95268e+7 
        5323.52      2.93807e+7 
        5338.51      2.92351e+7 
        5353.51      2.90902e+7 
        5368.51      2.89483e+7 
         5383.5      2.88043e+7 
         5398.5       2.8661e+7 
        5413.49      2.85182e+7 
        5428.49      2.83761e+7 
        5443.48      2.82346e+7 
        5458.48      2.80937e+7 
        5473.48      2.79535e+7 
        5488.47      2.78138e+7 
        5503.47      2.76749e+7 
        5518.47      2.75365e+7 
        5533.46      2.73988e+7 
        5548.46      2.72617e+7 
        5563.45      2.71252e+7 
        5578.45      2.69894e+7 
        5593.44      2.68542e+7 
        5608.44      2.67196e+7 
        5623.44      2.65856e+7 
        5638.43      2.64523e+7 
        5653.43      2.63196e+7 
        5668.43      2.61945e+7 
        5682.86      2.60677e+7 
        5693.42      2.59754e+7 
        5704.77      2.58765e+7 
        5715.23      2.57856e+7 
        5728.41      2.56716e+7 
         5743.4      2.55425e+7 
         5758.4       2.5414e+7 
         5773.4      2.52768e+7 
        5788.39      2.51492e+7 
        5803.39      2.50223e+7 
        5818.39      2.48959e+7 
        5833.38      2.47702e+7 
        5848.38      2.46451e+7 
        5863.37      2.45205e+7 
        5878.37      2.43966e+7 
        5893.36      2.42732e+7 
        5908.36      2.41505e+7 
        5923.36      2.40283e+7 
        5938.35      2.39067e+7 
        5953.35      2.37857e+7 
        5968.34      2.36653e+7 
        5983.34      2.35454e+7 
        5998.34      2.34261e+7 
        6013.33      2.33073e+7 
        6028.33       2.3189e+7 
        6043.32      2.30713e+7 
        6058.32       2.2954e+7 
        6073.32      2.28373e+7 
        6088.31      2.27211e+7 
        6103.31      2.26053e+7 
         6118.3        2.249e+7 
         6133.3      2.23752e+7 
         6148.3      2.22608e+7 
        6163.29      2.21467e+7 
        6178.29      2.20331e+7 
        6193.28      2.19197e+7 
        6208.28      2.18066e+7 
        6223.28      2.16937e+7 
        6238.27      2.15809e+7 
        6252.16      2.14766e+7 
        6262.16      2.14014e+7 
        6273.26      2.13179e+7 
        6284.63      2.12324e+7 
        6295.99      2.11466e+7 
        6306.09      2.10701e+7 
        6316.22      2.09931e+7 
        6328.25       2.0901e+7 
        6343.24      2.07851e+7 
        6358.24      2.06675e+7 
        6373.23      2.05473e+7 
        6388.23      2.04236e+7 
        6403.23      2.02949e+7 
        6418.22      2.01589e+7 
        6433.22      2.00121e+7 
        6448.22       1.9849e+7 
        6463.21      1.96605e+7 
        6478.21      1.94313e+7 
         6493.2      1.91331e+7 
         6508.2      1.87082e+7 
        6523.19      1.80392e+7 
         6534.9      1.71494e+7 
         6546.5      1.55177e+7 
        6556.59      1.26517e+7 
        6566.69      1.16753e+7 
        6576.87      1.48301e+7 
        6587.48      1.64979e+7 
        6598.17      1.73576e+7 
         6608.5      1.78133e+7 
        6618.82       1.8083e+7 
        6629.14      1.82471e+7 
        6639.46       1.8342e+7 
        6649.78      1.83929e+7 
         6660.1      1.84142e+7 
        6680.74      1.84011e+7 
         6691.3       1.8376e+7 
        6701.39      1.83443e+7 
        6711.48      1.83071e+7 
        6731.66      1.82213e+7 
        6772.02       1.8023e+7 
        6824.78      1.77405e+7 
        6877.54       1.7451e+7 
         6930.3      1.71604e+7 
        6983.06      1.68717e+7 
        7035.82      1.65863e+7 
        7068.02       1.6414e+7 
        7088.58      1.63048e+7 
        7109.15      1.61963e+7 
        7150.27      1.59829e+7 
        7232.53      1.55643e+7 
        7314.78      1.51568e+7 
        7393.51      1.47804e+7 
        7472.25       1.4413e+7 
        7550.98      1.40554e+7 
        7581.55      1.39192e+7 
        7629.72      1.37075e+7 
        7677.88      1.34993e+7 
        7774.21      1.30962e+7 
        7870.55      1.27062e+7 
        7962.25       1.2347e+7 
        8025.35      1.21075e+7 
        8053.95      1.20006e+7 
        8082.55      1.18949e+7 
        8139.75       1.1687e+7 
        8191.03      1.15041e+7 
        8202.85      1.14624e+7 
        8216.85      1.14134e+7 
        8232.84      1.13577e+7 
        8264.83      1.12472e+7 
        8289.72      1.11621e+7 
        8328.82      1.10298e+7 
        8343.44      1.09808e+7 
        8367.92      1.08993e+7 
        8388.68       1.0831e+7 
        8408.65      1.07657e+7 
        8432.02      1.06899e+7 
        8467.25      1.05767e+7 
        8502.48      1.04649e+7 
        8516.58      1.04206e+7 
        8530.98      1.03755e+7 
        8545.38      1.03308e+7 
        8574.18      1.02425e+7 
        8598.39      1.01684e+7 
         8628.6      1.00776e+7 
        8646.81       1.0023e+7 
        8665.01      9.96818e+6 
        8685.59      9.90808e+6 
        8701.43      9.86165e+6 
        8750.47       9.7172e+6 
        8767.92      9.66844e+6 
        8815.35      9.53398e+6 
        8862.78      9.39839e+6 
        8900.38      9.30025e+6 
        8957.65      9.14631e+6 
        9014.91      8.98351e+6 
        9044.62      8.91597e+6 
        9072.17      8.84735e+6 
        9099.72      8.77764e+6 
        9154.81      8.63938e+6 
         9190.8      8.54648e+6 
         9209.9      8.49286e+6 
        9229.01      8.42748e+6 
        9248.11      8.39873e+6 
        9267.22      8.36157e+6 
        9305.43      8.27744e+6 
        9379.63      8.10735e+6 
        9397.45      8.06648e+6 
        9415.28       8.0257e+6 
        9450.94      7.94314e+6 
        9498.52      7.82722e+6 
        9510.38      7.79464e+6 
        9522.24      7.75772e+6 
         9534.1      7.71208e+6 
        9545.97      7.64862e+6 
        9557.83      7.65436e+6 
        9569.68       7.6505e+6 
        9581.55      7.63828e+6 
        9605.27      7.60105e+6 
        9636.96      7.54199e+6 
        9652.71      7.51145e+6 
        9668.45      7.48032e+6 
        9699.94      7.41771e+6 
        9762.91      7.29204e+6 
        9825.88      7.16695e+6 
        9888.86      7.04172e+6 
        9950.84      6.91238e+6 
        9966.69      6.87707e+6 
        9982.54      6.83962e+6 
        9998.39      6.79859e+6 
        10014.2      6.75043e+6 
        10030.1      6.68613e+6 
        10042.5       6.6069e+6 
        10052.8      6.55157e+6 
        10066.4       6.6014e+6 
        10080.1      6.61582e+6 
        10093.8      6.61368e+6 
        10107.4      6.60341e+6 
        10121.1      6.58933e+6 
        10148.4      6.55333e+6 
          10169       6.5232e+6 
        10203.1      6.46983e+6 
        10237.2       6.4145e+6 
        10305.4      6.30376e+6 
        10373.6      6.19349e+6 
        10441.8      6.08404e+6 
          10510      5.97707e+6 
        10578.2      5.87214e+6 
        10646.4      5.76806e+6 
        10714.6      5.66391e+6 
        10782.8      5.55606e+6 
        10816.9      5.49757e+6 
          10851      5.43109e+6 
          10868       5.3921e+6 
        10885.1      5.34467e+6 
        10902.1      5.28199e+6 
        10914.9      5.21391e+6 
        10927.7      5.09632e+6 
        10938.1       4.8569e+6 
        10950.1      5.04958e+6 
        10961.2      5.12893e+6 
          10976      5.17467e+6 
        10998.3      5.19487e+6 
        11013.1      5.19531e+6 
        11042.7      5.17942e+6 
        11072.3      5.15322e+6 
        11101.9      5.12243e+6 
        11161.2      5.05407e+6 
        11179.9      5.03164e+6 
        11220.4      4.98253e+6 
        11260.9      4.93321e+6 
        11341.9      4.83774e+6 
        11422.9      4.74377e+6 
        11503.9      4.65223e+6 
        11584.9      4.56194e+6 
        11665.8      4.47369e+6 
        11746.8      4.38742e+6 
        11827.8       4.3031e+6 
        11908.8      4.22067e+6 
        11989.8      4.14009e+6 
        12070.8      4.06048e+6 
        12151.7      3.98319e+6 
        12180.8      3.95583e+6 
        12232.7      3.90748e+6 
        12284.6       3.8597e+6 
        12336.5      3.81367e+6 
        12388.4      3.76796e+6 
        12440.3      3.72235e+6 
        12492.2      3.67657e+6 
        12544.1      3.63002e+6 
          12596      3.58129e+6 
        12647.9      3.52769e+6 
        12673.8      3.49691e+6 
        12699.8      3.46147e+6 
        12725.7      3.41708e+6 
        12738.7       3.3899e+6 
        12751.7      3.35692e+6 
        12764.6      3.31501e+6 
        12777.6       3.2595e+6 
        12790.6      3.17838e+6 
        12803.6      3.04036e+6 
        12814.9      2.77655e+6 
          12826      2.85542e+6 
        12838.8      3.04902e+6 
        12851.6      3.14593e+6 
        12864.4       3.1999e+6 
        12877.2      3.23147e+6 
          12890      3.25302e+6 
        12902.8      3.26525e+6 
        12915.6       3.2725e+6 
        12928.4      3.27612e+6 
          12954      3.27527e+6 
        12979.6      3.26854e+6 
        13030.8      3.24501e+6 
        13081.9      3.21548e+6 
        13133.1      3.18312e+6 
        13184.3      3.14973e+6 
        13235.5      3.11588e+6 
          13265      3.09629e+6 
        13286.7      3.08193e+6 
        13308.4       3.0676e+6 
        13351.7      3.03979e+6 
        13438.3      2.98473e+6 
          13525      2.93063e+6 
        13611.6      2.87773e+6 
        13698.3      2.82656e+6 
        13784.9      2.77582e+6 
        13871.6      2.72611e+6 
        13958.2      2.67742e+6 
        14044.9      2.62973e+6 
        14131.5      2.58302e+6 
        14218.2      2.53727e+6 
        14277.5      2.50645e+6 
        14304.8      2.49245e+6 
        14332.1      2.47854e+6 
        14386.6      2.45117e+6 
        14424.6      2.43229e+6 
        14441.1      2.42414e+6 
        14457.6      2.41602e+6 
        14490.7      2.39989e+6 
        14530.2      2.38073e+6 
        14556.7        2.368e+6 
        14581.2      2.35629e+6 
        14597.2      2.34867e+6 
        14613.2      2.34107e+6 
        14645.2      2.32596e+6 
        14709.2      2.29608e+6 
        14773.2      2.26664e+6 
        14837.1      2.23763e+6 
        14901.1      2.20905e+6 
        14965.1      2.18089e+6 
        15029.1      2.15315e+6 
        15093.1      2.12582e+6 
        15157.1      2.09889e+6 
          15221      2.07234e+6 
          15285      2.04617e+6 
          15349      2.02039e+6 
          15413        1.995e+6 
        15471.6      1.97207e+6 
        15482.4      1.96789e+6 
        15493.1      1.96353e+6 
        15514.7      1.95485e+6 
        15557.9      1.93763e+6 
        15644.2      1.90373e+6 
        15730.5      1.87056e+6 
        15816.8      1.83809e+6 
        15903.1      1.80629e+6 
        15989.4      1.77517e+6 
        16075.8       1.7447e+6 
        16162.1      1.71487e+6 
        16248.4      1.68565e+6 
        16289.9      1.67183e+6 
        16334.7      1.65706e+6 
        16379.5      1.64249e+6 
        16469.1      1.61109e+6 
        16558.8      1.58048e+6 
        16648.4       1.5506e+6 
          16738      1.52141e+6 
        16827.7       1.4929e+6 
        16917.3      1.46505e+6 
        17006.9      1.43784e+6 
        17096.6      1.41126e+6 
        17186.2      1.38528e+6 
        17275.8       1.3599e+6 
        17327.7      1.34547e+6 
        17365.5      1.33509e+6 
        17403.2       1.3248e+6 
        17478.8      1.30456e+6 
        17554.3       1.2847e+6 
        17629.9      1.26522e+6 
        17705.4       1.2461e+6 
          17781      1.22734e+6 
        17856.5      1.20894e+6 
        17932.1      1.19086e+6 
        18007.6      1.17015e+6 
        18083.2      1.15206e+6 
        18158.7      1.13404e+6 
        18234.3      1.11592e+6 
        18309.8      1.09743e+6 
        18343.7      1.08889e+6 
        18385.3      1.07808e+6 
          18427      1.06671e+6 
        18468.6      1.05452e+6 
        18510.2      1.04098e+6 
        18551.8       1.0253e+6 
        18572.6      1.01628e+6 
        18593.4      1.00604e+6 
        18614.2          994239 
          18635          980259 
        18645.4          972081 
        18655.8          962867 
        18666.2          952471 
        18676.6          940439 
          18687          926654 
        18697.4          910283 
        18707.8          889265 
        18718.2          862615 
        18728.6          827078 
          18739          777510 
        18749.4          702049 
          18761          747234 
        18771.3          794012 
        18781.6          831309 
        18791.9          858365 
        18805.7          884308 
        18819.5          901932 
        18833.2          914731 
          18847          924546 
        18860.7          931960 
        18874.5          937445 
        18888.2          941551 
        18915.8          946763 
        18943.3          949173 
        18970.8          949713 
        18998.3          948953 
        19025.8          947259 
        19080.8          942003 
        19135.9          935221 
        19190.9          927574 
        19245.9          919431 
        19300.9          911012 
          19356          902435 
        19371.3          900032 
          19411          893789 
        19450.7          887541 
        19530.1          875062 
        19609.5          864017 
        19688.8          851500 
        19768.2          839204 
        19847.6          827131 
          19927          815268 
        20006.4          803619 
        20085.8          792171 
        20165.2          780928 
        20244.6          769882 
          20324          759028 
        20403.4          748362 
        20474.4          738975 
        20545.4          729729 
        20616.5          720625 
        20687.5          711662 
        20758.5          702834 
        20829.5          694144 
        20900.6          685587 
        20971.6          677158 
        21042.6          668858 
        21113.7          660683 
        21184.7          652634 
        21255.7          644705 
        21326.7          636895 
        21397.8          629201 
        21468.8          621624 
        21539.8          614156 
        21591.1          608838 
        21610.9          606802 
        21630.6          604775 
        21670.1          600742 
        21749.2          592781 
        21828.2          584946 
        21907.3          577239 
        21986.3          569662 
        22065.3          562204 
        22144.4          554868 
        22223.4          547649 
        22302.4          540546 
        22381.5          533556 
        22460.5          526675 
        22539.6          519908 
        22618.6          513248 
        22697.6          506692 
        22766.5          501062 
        22776.7          500239 
        22786.8          499419 
        22800.8          498288 
        22816.8          497000 
        22848.8          494436 
        22912.8          489360 
        22976.8          484346 
        23040.8          479394 
        23104.8          474506 
        23168.7          469681 
        23232.7          464918 
        23296.7          460212 
        23360.7          455565 
        23424.7          450976 
        23488.6          446445 
        23552.6          441969 
        23616.6          437548 
        23680.6          433185 
        23744.6          428875 
        23808.6          424615 
        23872.5          420408 
        23936.5          416255 
        24000.5          412152 
        24064.5          408096 
        24128.5          404094 
        24192.5          400138 
        24256.4          396230 
        24320.4          392369 
        24384.4          388555 
        24448.4          384785 
        24512.4          381063 
        24576.3          377384 
        24640.3          373749 
        24704.3          370158 
        24768.3          366611 
        24832.3          363105 
        24896.3          359640 
        24960.2          356222 
        25004.4          353885 
        25024.2          352845 
          25044          351808 
        25083.6          349750 
        25162.8          345682 
        25241.9          341670 
        25321.1          337715 
        25400.2          333816 
        25479.4          329977 
        25558.5          326188 
        25637.7          322456 
        25716.9          318777 
          25796          315149 
        25875.2          311573 
        25954.3          308047 
        26033.5          304570 
        26112.7          301142 
        26191.8          297762 
          26271          294428 
        26350.1          291141 
        26429.3          287900 
        26508.4          284703 
        26587.6          281550 
        26666.8          278440 
        26745.9          275373 
        26825.1          272348 
        26904.2          269365 
        26983.4          266421 
        27062.6          263518 
        27141.7          260654 
        27220.9          257828 
        27299.2          255070 
        27377.5          252343 
        27455.8          249652 
        27534.2          246996 
        27612.5          244376 
        27690.8          241790 
        27769.1          239238 
        27847.5          236719 
        27925.8          234233 
        28004.1          231780 
        28082.4          229359 
        28160.8          226968 
        28239.1          224609 
        28317.4          222280 
        28395.7          219982 
          28474          217712 
        28552.4          215472 
        28630.7          213260 
          28709          211077 
        28787.3          208921 
        28865.7          206791 
          28944          204689 
        29022.3          202614 
        29100.6          200564 
          29179          198540 
        29257.3          196541 
        29335.6          194568 
        29413.9          192619 
        29492.3          190694 
        29570.6          188793 
        29648.9          186915 
        29727.2          185061 
        29805.5          183230 
        29883.9          181421 
        29932.6          180306 
        29962.2          179634 
        29991.8          178965 
