# Koester WD models
# teff = 8000 K (value for the effective temperature for the model. Temperatures are given in K)
# logg = 7.5 log(cm/s2) (value for Log(G) for the model.)
#
# column 1: WAVELENGTH (ANGSTROM), Wavelength in Angstrom
# column 2: FLUX (ERG/CM2/S/A), Flux in erg/cm2/s/A
         899.23         4.97013 
        909.241         6.38849 
        919.244         24.2141 
        929.253         33.6562 
        939.271         117.116 
         949.28         18.9426 
        959.289         299.126 
        969.297         248.774 
        979.305         413.751 
        989.312         672.935 
        999.319         967.441 
        1009.33         932.717 
        1019.33         737.225 
        1029.34         774.717 
        1039.34         1498.34 
        1049.35         2301.62 
        1059.36         2718.04 
        1069.36          3818.2 
        1079.36         4333.76 
        1089.37         5780.56 
        1099.37         6432.98 
        1109.38          6775.1 
        1119.38         7655.15 
        1129.38         8330.37 
        1139.39         8597.16 
        1149.39         8506.21 
        1159.39         8071.51 
        1169.39         7660.71 
         1179.4         7330.69 
         1189.4         7499.96 
         1199.4         7941.47 
         1209.4         6875.69 
        1219.41         6852.44 
        1229.41         12101.9 
        1239.41         14431.8 
        1249.41         16343.1 
        1259.41         18554.4 
        1269.41         21499.8 
        1279.42         25032.2 
        1289.42         28447.3 
        1299.42         32054.9 
        1309.42         35845.6 
        1319.42         39557.7 
        1329.42         44004.3 
        1339.42         48367.3 
        1349.42         52992.7 
        1359.42         58216.5 
        1369.42         63551.9 
        1379.42         68833.9 
        1389.42         74841.8 
        1399.42         81847.3 
        1409.42           88575 
        1419.42           94501 
        1429.42          101254 
        1439.42          109740 
        1451.92          122419 
        1464.42          132417 
        1476.35          139840 
        1489.42          150903 
        1501.92          164424 
        1514.42          183334 
        1529.42          203895 
        1541.92          217502 
        1554.42          222888 
        1566.72          233116 
        1579.41          245938 
        1594.41          263336 
        1604.41          279011 
        1616.91          306373 
        1629.41          346728 
        1641.91          409230 
        1653.16          505567 
        1663.78          705388 
        1673.83      1.15235e+6 
        1683.87      1.98787e+6 
         1694.4      3.40787e+6 
        1704.74      5.16299e+6 
         1716.9      7.10214e+6 
         1729.4      8.71999e+6 
         1741.9      1.00554e+7 
        1754.39      1.09559e+7 
        1767.08      1.16022e+7 
        1778.14      1.21314e+7 
        1789.39      1.29958e+7 
        1804.39      1.37033e+7 
           1834      1.51237e+7 
        1846.32      1.57223e+7 
        1857.09      1.65355e+7 
        1870.14      1.72449e+7 
        1880.85      1.77585e+7 
        1902.26      1.87908e+7 
        1919.37      1.96171e+7 
        1932.19      2.03149e+7 
        1942.88      2.10713e+7 
        1953.58      2.16482e+7 
        1964.22      2.21356e+7 
        1980.59      2.28807e+7 
         1999.2      2.37201e+7 
        2013.16      2.43436e+7 
        2027.12      2.51776e+7 
        2041.08      2.58209e+7 
        2055.04      2.63918e+7 
        2067.03      2.68756e+7 
        2083.16      2.75154e+7 
        2104.67       2.8352e+7 
        2116.25      2.87951e+7 
        2127.84      2.92308e+7 
        2139.43      2.98377e+7 
        2151.01      3.02457e+7 
         2162.6      3.06477e+7 
        2182.73       3.1327e+7 
        2196.79       3.1791e+7 
         2214.7      3.23707e+7 
         2232.6      3.29321e+7 
        2263.91      3.39499e+7 
        2288.52      3.47174e+7 
        2313.13      3.53753e+7 
        2337.74      3.59973e+7 
        2362.35      3.65942e+7 
        2409.27      3.76526e+7 
        2456.14      3.86504e+7 
        2469.49      3.88942e+7 
        2481.09      3.90996e+7 
        2498.55      3.94396e+7 
        2510.01      3.96293e+7 
        2521.47      3.98115e+7 
        2544.39      4.01618e+7 
        2559.23      4.03786e+7 
        2588.91      4.07851e+7 
        2638.89      4.14307e+7 
        2657.67      4.16289e+7 
         2671.9      4.17665e+7 
           2714      4.21369e+7 
        2756.11      4.24545e+7 
        2798.21      4.27118e+7 
        2826.09      4.28554e+7 
        2840.32      4.29286e+7 
        2854.55      4.29924e+7 
           2883      4.30844e+7 
        2926.83      4.31941e+7 
        2939.91      4.32189e+7 
        2952.98      4.32396e+7 
        2979.14      4.32657e+7 
        3011.48      4.32783e+7 
        3031.45      4.32761e+7 
        3051.42       4.3266e+7 
        3091.36      4.32195e+7 
        3149.86      4.31033e+7 
        3168.41      4.30496e+7 
        3208.35       4.2917e+7 
        3248.29      4.27624e+7 
        3309.63      4.24787e+7 
        3322.49      4.24131e+7 
        3346.73      4.22843e+7 
        3383.83      4.20719e+7 
        3445.17      4.16892e+7 
         3469.4      4.15268e+7 
        3495.92      4.13427e+7 
         3506.5       4.1267e+7 
         3543.6      4.09937e+7 
        3591.28      4.06249e+7 
        3635.88      4.02645e+7 
        3647.12        4.017e+7 
        3658.96       4.0071e+7 
        3671.11       3.9968e+7 
        3682.58      3.98693e+7 
         3693.5      3.97864e+7 
        3703.57      3.96519e+7 
        3713.83       3.9613e+7 
        3724.38      3.95505e+7 
        3734.43      3.88518e+7 
        3744.65      3.96309e+7 
        3754.84      3.96504e+7 
        3765.87      3.93588e+7 
        3776.64      3.98134e+7 
         3787.4      4.01847e+7 
        3797.48      3.39361e+7 
        3808.05       4.0585e+7 
        3818.92      4.10559e+7 
        3829.44      3.82589e+7 
         3839.7       3.6931e+7 
        3850.38      4.14747e+7 
        3861.47      4.22095e+7 
        3873.19      4.11338e+7 
        3883.59      3.60077e+7 
        3893.69      3.48553e+7 
        3904.25      4.11137e+7 
        3915.35       4.2748e+7 
        3926.45      4.30822e+7 
        3937.35      4.28831e+7 
        3947.73      4.18856e+7 
        3958.09      3.89196e+7 
        3968.13      2.59035e+7 
        3978.37       3.6423e+7 
        3988.87      4.10638e+7 
         4001.3      4.26653e+7 
        4012.03      4.30386e+7 
        4023.86      4.31077e+7 
         4035.9      4.30483e+7 
        4048.86      4.28645e+7 
        4063.85        4.231e+7 
        4075.42      4.12453e+7 
        4085.65      3.90107e+7 
        4095.76      3.20838e+7 
        4105.79      2.86523e+7 
        4116.08      3.80946e+7 
        4127.38       4.0705e+7 
        4138.83      4.16095e+7 
           4151      4.19252e+7 
        4163.83      4.19619e+7 
        4178.82      4.18793e+7 
        4193.82      4.17521e+7 
        4208.81      4.16022e+7 
         4221.1      4.14693e+7 
        4233.81      4.13223e+7 
         4248.8      4.11319e+7 
         4263.8      4.08991e+7 
         4278.8        4.058e+7 
        4293.79       4.0083e+7 
        4308.79      3.91175e+7 
        4320.85      3.72653e+7 
        4331.09      3.28174e+7 
         4341.1      1.53186e+7 
        4351.76      3.38865e+7 
        4363.38      3.75006e+7 
        4373.77      3.85637e+7 
        4388.77      3.90899e+7 
        4403.76      3.92052e+7 
        4418.76      3.91625e+7 
        4433.75      3.90469e+7 
        4448.75      3.88983e+7 
        4463.75      3.87384e+7 
        4478.74      3.85728e+7 
        4493.74      3.84041e+7 
        4508.73      3.82536e+7 
        4523.35      3.80852e+7 
        4533.35      3.79693e+7 
        4543.73       3.7849e+7 
        4558.72      3.76749e+7 
        4573.72      3.75002e+7 
        4588.71      3.73256e+7 
        4600.89      3.71836e+7 
        4613.71      3.70344e+7 
         4628.7       3.6859e+7 
         4643.7      3.66831e+7 
        4658.69      3.65069e+7 
        4673.69      3.63297e+7 
        4688.69      3.61512e+7 
        4703.68      3.59703e+7 
         4715.6      3.58239e+7 
        4728.68      3.56596e+7 
        4743.67      3.54629e+7 
        4758.67      3.52524e+7 
        4773.66      3.50178e+7 
        4788.66      3.47397e+7 
        4803.66      3.43646e+7 
        4818.65      3.37765e+7 
        4831.15      3.28721e+7 
        4842.27      3.11642e+7 
        4852.58      2.69661e+7 
        4862.89      1.66101e+7 
        4873.21      2.85782e+7 
        4883.46      3.13723e+7 
        4893.63      3.24272e+7 
        4908.63      3.30002e+7 
         4921.7      3.31447e+7 
        4933.62      3.31583e+7 
        4948.62      3.30951e+7 
        4963.61      3.29899e+7 
        4978.61       3.2862e+7 
        4993.61      3.27216e+7 
         5008.6      3.25733e+7 
         5023.6      3.24209e+7 
        5038.59       3.2266e+7 
        5053.59      3.21099e+7 
        5068.59      3.19528e+7 
        5083.58      3.17957e+7 
        5098.58       3.1639e+7 
        5113.57      3.14819e+7 
        5128.57      3.13255e+7 
        5143.57      3.11694e+7 
        5158.56      3.10138e+7 
        5173.56      3.08587e+7 
        5188.55      3.07041e+7 
        5203.55      3.05501e+7 
        5218.55      3.03967e+7 
        5233.54      3.02439e+7 
        5248.54      3.00917e+7 
        5263.53      2.99401e+7 
        5278.53      2.97891e+7 
        5293.52      2.96387e+7 
        5308.52       2.9489e+7 
        5323.52      2.93399e+7 
        5338.51      2.91914e+7 
        5353.51      2.90436e+7 
        5368.51      2.88978e+7 
         5383.5      2.87512e+7 
         5398.5      2.86053e+7 
        5413.49      2.84601e+7 
        5428.49      2.83155e+7 
        5443.48      2.81716e+7 
        5458.48      2.80284e+7 
        5473.48      2.78858e+7 
        5488.47       2.7744e+7 
        5503.47      2.76028e+7 
        5518.47      2.74623e+7 
        5533.46      2.73224e+7 
        5548.46      2.71832e+7 
        5563.45      2.70447e+7 
        5578.45      2.69068e+7 
        5593.44      2.67696e+7 
        5608.44      2.66331e+7 
        5623.44      2.64973e+7 
        5638.43      2.63621e+7 
        5653.43      2.62276e+7 
        5668.43      2.60939e+7 
        5682.86      2.59656e+7 
        5693.42      2.58723e+7 
        5704.77      2.57723e+7 
        5715.23      2.56804e+7 
        5728.41      2.55652e+7 
         5743.4      2.54347e+7 
         5758.4      2.53048e+7 
         5773.4      2.51718e+7 
        5788.39      2.50432e+7 
        5803.39      2.49152e+7 
        5818.39      2.47879e+7 
        5833.38      2.46612e+7 
        5848.38      2.45351e+7 
        5863.37      2.44098e+7 
        5878.37       2.4285e+7 
        5893.36      2.41609e+7 
        5908.36      2.40374e+7 
        5923.36      2.39145e+7 
        5938.35      2.37923e+7 
        5953.35      2.36707e+7 
        5968.34      2.35497e+7 
        5983.34      2.34293e+7 
        5998.34      2.33095e+7 
        6013.33      2.31903e+7 
        6028.33      2.30716e+7 
        6043.32      2.29536e+7 
        6058.32      2.28361e+7 
        6073.32      2.27192e+7 
        6088.31      2.26033e+7 
        6103.31      2.24879e+7 
         6118.3      2.23731e+7 
         6133.3      2.22588e+7 
         6148.3       2.2145e+7 
        6163.29      2.20318e+7 
        6178.29       2.1919e+7 
        6193.28      2.18067e+7 
        6208.28      2.16949e+7 
        6223.28      2.15834e+7 
        6238.27      2.14724e+7 
        6252.16      2.13698e+7 
        6262.16      2.12961e+7 
        6273.26      2.12144e+7 
        6284.63      2.11309e+7 
        6295.99      2.10474e+7 
        6306.09      2.09732e+7 
        6316.22      2.08988e+7 
        6328.25      2.08103e+7 
        6343.24      2.06996e+7 
        6358.24      2.05884e+7 
        6373.23       2.0476e+7 
        6388.23       2.0362e+7 
        6403.23      2.02454e+7 
        6418.22      2.01249e+7 
        6433.22      1.99982e+7 
        6448.22      1.98618e+7 
        6463.21      1.97099e+7 
        6478.21      1.95323e+7 
         6493.2      1.93087e+7 
         6508.2      1.89953e+7 
        6523.19      1.84879e+7 
        6537.09      1.75861e+7 
        6548.06      1.60624e+7 
        6558.19      1.25647e+7 
        6569.28      1.34037e+7 
        6579.49      1.62567e+7 
        6590.04      1.74202e+7 
        6603.34      1.80517e+7 
        6613.66       1.8279e+7 
        6623.98      1.83967e+7 
         6634.3      1.84521e+7 
        6644.62      1.84699e+7 
        6654.94      1.84641e+7 
        6675.58      1.84112e+7 
        6696.23      1.83275e+7 
        6711.48      1.82551e+7 
        6741.98      1.80966e+7 
        6781.19      1.78801e+7 
        6802.98      1.77573e+7 
        6824.78      1.76339e+7 
        6868.37      1.73879e+7 
        6955.56      1.69011e+7 
        6976.35      1.67865e+7 
        7042.75      1.64254e+7 
        7109.15      1.60718e+7 
        7175.54      1.57283e+7 
        7241.94      1.53923e+7 
        7308.33       1.5064e+7 
        7355.95      1.48332e+7 
        7374.73      1.47444e+7 
        7393.51       1.4655e+7 
        7431.08      1.44789e+7 
        7506.22      1.41337e+7 
        7581.35      1.37976e+7 
         7635.1      1.35625e+7 
        7656.49      1.34702e+7 
        7677.88      1.33786e+7 
        7720.67      1.31985e+7 
        7806.23      1.28464e+7 
        7821.36      1.27852e+7 
         7891.8      1.25047e+7 
        7962.25       1.2231e+7 
        7982.84      1.21526e+7 
        8032.69      1.19651e+7 
        8082.55      1.17808e+7 
        8161.68      1.14957e+7 
        8182.26      1.14227e+7 
        8200.85      1.13573e+7 
        8216.85      1.13015e+7 
        8232.84      1.12461e+7 
        8264.83      1.11361e+7 
        8289.72      1.10514e+7 
        8328.82      1.09197e+7 
        8343.44       1.0871e+7 
        8367.92      1.07899e+7 
        8388.68       1.0722e+7 
        8408.65      1.06572e+7 
        8432.02      1.05818e+7 
        8467.25      1.04689e+7 
        8502.48      1.03571e+7 
        8516.58       1.0314e+7 
        8530.98      1.02688e+7 
        8545.38      1.02231e+7 
        8574.18      1.01392e+7 
        8598.39      1.00611e+7 
         8628.6       9.9782e+6 
        8646.81      9.92212e+6 
        8665.01        9.858e+6 
        8701.43      9.76649e+6 
        8725.22      9.69411e+6 
        8737.85         9.65e+6 
        8750.47      9.59606e+6 
        8763.09      9.57812e+6 
        8775.71      9.55098e+6 
        8786.57      9.52355e+6 
        8800.96      9.48419e+6 
        8815.35      9.44228e+6 
        8825.48      9.41196e+6 
        8844.13      9.34822e+6 
        8858.12      9.27967e+6 
        8872.11       9.2556e+6 
        8886.09      9.24147e+6 
        8914.07      9.18143e+6 
        8951.37      9.08203e+6 
        8967.25      9.03409e+6 
        8983.14      8.97943e+6 
        8999.02      8.90962e+6 
        9010.94      8.82228e+6 
        9022.85       8.8154e+6 
        9036.75      8.82791e+6 
        9060.58      8.79787e+6 
        9084.98      8.74836e+6 
        9099.72      8.71472e+6 
        9114.46      8.67893e+6 
        9143.94      8.60215e+6 
        9173.42      8.51331e+6 
        9189.85      8.45296e+6 
         9202.9      8.39298e+6 
        9215.95       8.3042e+6 
        9227.38      8.14461e+6 
         9238.8      8.22064e+6 
        9251.85      8.26503e+6 
        9264.91      8.26968e+6 
        9277.96      8.25978e+6 
        9304.07      8.22196e+6 
        9330.18       8.1721e+6 
        9380.72      8.06246e+6 
        9394.19      8.03173e+6 
        9407.67      8.00047e+6 
        9434.63      7.93566e+6 
        9461.58      7.86485e+6 
        9475.06      7.82505e+6 
        9488.54      7.77997e+6 
        9502.02      7.72423e+6 
         9515.5      7.64871e+6 
        9528.97      7.52964e+6 
        9539.08      7.35931e+6 
        9549.48      7.23688e+6 
        9562.65      7.44875e+6 
         9576.7      7.51711e+6 
        9597.78      7.53797e+6 
        9611.83      7.52867e+6 
        9625.88      7.51249e+6 
        9639.52      7.49216e+6 
        9653.99      7.46835e+6 
        9668.45      7.44265e+6 
        9697.38      7.38808e+6 
        9755.23      7.27483e+6 
        9813.08      7.16038e+6 
        9870.93      7.04512e+6 
        9904.75      6.97383e+6 
        9928.78      6.92017e+6 
        9952.82      6.86042e+6 
        9976.86      6.79093e+6 
        9988.87      6.74805e+6 
        10000.9      6.69586e+6 
        10012.9      6.62694e+6 
        10024.9      6.52666e+6 
        10036.9      6.34165e+6 
        10047.5      5.90572e+6 
        10058.6      6.20923e+6 
        10069.8      6.39902e+6 
        10082.5      6.48189e+6 
        10095.3      6.51601e+6 
        10108.1      6.52895e+6 
        10120.9      6.52945e+6 
        10146.5      6.51123e+6 
        10172.1      6.48139e+6 
        10209.3      6.42757e+6 
        10223.3      6.40596e+6 
        10237.2      6.38381e+6 
          10265      6.33929e+6 
        10320.8      6.24916e+6 
        10376.5      6.15934e+6 
        10432.2      6.07066e+6 
        10487.9      5.98235e+6 
        10543.6      5.89595e+6 
        10599.3      5.81091e+6 
        10655.1      5.72615e+6 
        10710.8      5.64092e+6 
        10766.5      5.55239e+6 
        10794.4       5.5047e+6 
        10822.2      5.45236e+6 
        10850.1      5.38887e+6 
          10864      5.34963e+6 
        10877.9      5.29977e+6 
        10891.9      5.23317e+6 
        10902.3      5.16333e+6 
        10912.8      5.05935e+6 
        10923.2      4.88254e+6 
        10933.6      4.43929e+6 
        10943.7       4.4773e+6 
        10954.2      4.85659e+6 
        10967.6      5.02275e+6 
        10982.9      5.10213e+6 
        10998.2      5.13663e+6 
        11021.2      5.15083e+6 
        11036.5      5.14756e+6 
        11051.8      5.13943e+6 
        11082.4      5.11373e+6 
          11113      5.08234e+6 
        11143.7      5.04785e+6 
        11204.9       4.9749e+6 
        11260.9      4.90685e+6 
        11316.9      4.84088e+6 
        11372.9      4.77553e+6 
          11429      4.71104e+6 
          11485      4.64795e+6 
          11541      4.58525e+6 
          11597      4.52352e+6 
          11653      4.46276e+6 
          11709      4.40291e+6 
          11765      4.34404e+6 
        11821.1      4.28604e+6 
        11877.1      4.22896e+6 
        11933.1      4.17279e+6 
        11989.1      4.11747e+6 
        12045.1      4.06249e+6 
        12101.1      4.00877e+6 
        12157.2      3.95583e+6 
        12213.2      3.90368e+6 
        12253.7      3.86633e+6 
        12269.2      3.85222e+6 
        12284.6      3.83812e+6 
        12315.5      3.81081e+6 
        12377.3      3.75665e+6 
        12439.1      3.70278e+6 
        12500.9       3.6488e+6 
        12562.7      3.59354e+6 
        12624.5      3.53439e+6 
        12655.4      3.50115e+6 
        12686.3      3.46273e+6 
        12701.7      3.44014e+6 
        12717.1      3.41381e+6 
        12732.6      3.38205e+6 
          12748      3.34156e+6 
        12763.5      3.28645e+6 
        12778.9      3.20386e+6 
        12790.5      3.10475e+6 
        12802.1      2.93555e+6 
        12812.7      2.58247e+6 
        12823.2      2.54841e+6 
        12834.4      2.90837e+6 
        12847.2      3.07336e+6 
          12860      3.15598e+6 
        12872.8      3.20314e+6 
          12892       3.2404e+6 
        12904.8      3.25299e+6 
        12917.6      3.25981e+6 
        12930.4      3.26273e+6 
        12943.2      3.26283e+6 
          12956      3.26078e+6 
        12981.6      3.25271e+6 
        13032.8      3.22739e+6 
        13083.9      3.19648e+6 
        13135.1      3.16343e+6 
        13186.3      3.12945e+6 
        13237.5      3.09529e+6 
          13269      3.07424e+6 
        13288.7      3.06114e+6 
        13308.4      3.04807e+6 
        13347.7      3.02261e+6 
        13426.3      2.97222e+6 
          13505      2.92262e+6 
        13583.6      2.87386e+6 
        13662.3      2.82634e+6 
        13740.9      2.77934e+6 
        13819.6      2.73325e+6 
        13898.2      2.68808e+6 
        13976.9      2.64378e+6 
        14055.5      2.60034e+6 
        14134.2      2.55776e+6 
        14212.8        2.516e+6 
        14250.9      2.49608e+6 
        14291.5      2.47505e+6 
        14332.1      2.45423e+6 
        14368.9      2.43566e+6 
        14413.2      2.41357e+6 
        14457.6      2.39174e+6 
        14509.6      2.36647e+6 
        14546.4      2.34877e+6 
        14581.2      2.33218e+6 
        14597.2      2.32458e+6 
        14613.2        2.317e+6 
        14645.2      2.30192e+6 
        14709.2      2.27209e+6 
        14773.2       2.2427e+6 
        14837.1      2.21375e+6 
        14901.1      2.18523e+6 
        14965.1      2.15713e+6 
        15029.1      2.12944e+6 
        15093.1      2.10217e+6 
        15157.1       2.0753e+6 
          15221      2.04881e+6 
          15285      2.02271e+6 
          15349      1.99699e+6 
          15413      1.97166e+6 
        15471.6      1.94879e+6 
        15482.4      1.94461e+6 
        15493.1       1.9403e+6 
        15514.7       1.9317e+6 
        15557.9      1.91465e+6 
        15644.2      1.88108e+6 
        15730.5      1.84822e+6 
        15816.8      1.81605e+6 
        15903.1      1.78455e+6 
        15989.4      1.75371e+6 
        16075.8      1.72352e+6 
        16162.1      1.69394e+6 
        16248.4      1.66498e+6 
        16289.9      1.65127e+6 
        16334.7      1.63661e+6 
        16379.5      1.62211e+6 
        16469.1      1.59155e+6 
        16558.8       1.5617e+6 
        16648.4      1.53254e+6 
          16738      1.50405e+6 
        16827.7      1.47621e+6 
        16917.3        1.449e+6 
        17006.9      1.42241e+6 
        17096.6      1.39642e+6 
        17186.2      1.37102e+6 
        17275.8      1.34619e+6 
        17327.7      1.33208e+6 
        17365.5      1.32191e+6 
        17403.2      1.31184e+6 
        17478.8      1.29197e+6 
        17554.3      1.27246e+6 
        17629.9      1.25332e+6 
        17705.4      1.23454e+6 
          17781       1.2161e+6 
        17856.5        1.198e+6 
        17932.1      1.18022e+6 
        18007.6      1.16127e+6 
        18083.2      1.14376e+6 
        18158.7       1.1264e+6 
        18234.3      1.10908e+6 
        18309.8       1.0916e+6 
        18343.7      1.08361e+6 
        18385.3       1.0736e+6 
          18427       1.0632e+6 
        18468.6      1.05212e+6 
        18510.2      1.03995e+6 
        18551.8      1.02591e+6 
        18572.6      1.01778e+6 
        18593.4      1.00859e+6 
        18614.2          997927 
          18635          985037 
        18645.4          977453 
        18655.8          968823 
        18666.2          958886 
        18676.6          947442 
          18687          933914 
        18697.4          917461 
        18707.8          896290 
        18718.2          868390 
        18728.6          829346 
          18739          772675 
        18749.4          692514 
        18759.5          742585 
        18769.8          801744 
        18780.1          843571 
        18790.4          871723 
        18804.2          897013 
          18818          913575 
        18831.7          925193 
        18845.5          933666 
        18859.2          939792 
          18873          944121 
        18886.7          947152 
        18900.5          949169 
          18928          951061 
        18955.5          950995 
          18983          949594 
        19038.1          944356 
        19093.1          937291 
        19148.1          929321 
        19203.1          920879 
        19258.2          912202 
        19313.2          903409 
        19368.2          894581 
        19395.8          890158 
        19423.2          885766 
        19450.7          881386 
        19505.6          872637 
        19560.4          864736 
        19615.3          856005 
        19670.2          847385 
        19725.1          838871 
          19780          830464 
        19834.9          822161 
        19889.8          813958 
        19944.7          805859 
        19999.5          797858 
        20054.4          789953 
        20109.3          782147 
        20164.2          774434 
        20219.1          766816 
          20274          759292 
        20328.9          751855 
        20383.8          744510 
        20402.9          741969 
        20438.7          737253 
        20474.4          732575 
        20545.9          723311 
        20617.4          714194 
        20688.8          705215 
        20760.3          696378 
        20831.8          687676 
        20903.3          679109 
        20974.8          670673 
        21046.3          662367 
        21117.8          654186 
        21189.2          646131 
        21260.7          638199 
        21332.2          630389 
        21403.7          622692 
        21475.2          615114 
        21546.7          607650 
        21605.7          601571 
        21618.2          600299 
        21630.6          599026 
        21655.5          596494 
        21705.4          591471 
        21805.1          581594 
        21904.8          571918 
        22004.4          562446 
        22104.1          553165 
        22203.8          544074 
        22303.5          535167 
        22403.2          526443 
        22502.9          517895 
        22602.5          509516 
        22617.6          508263 
        22702.2          501307 
        22784.8          494628 
        22800.8          493346 
        22816.8          492071 
        22848.8          489529 
        22912.8          484493 
        22976.8          479523 
        23040.8          474616 
        23104.8          469772 
        23168.7          464987 
        23232.7          460265 
        23296.7          455600 
        23360.7          450998 
        23424.7          446449 
        23488.6          441959 
        23552.6          437523 
        23616.6          433144 
        23680.6          428818 
        23744.6          424549 
        23808.6          420329 
        23872.5          416160 
        23936.5          412045 
        24000.5          407980 
        24064.5          403965 
        24128.5          400000 
        24192.5          396083 
        24256.4          392209 
        24320.4          388386 
        24384.4          384609 
        24448.4          380877 
        24512.4          377189 
        24576.3          373548 
        24640.3          369948 
        24704.3          366391 
        24768.3          362876 
        24832.3          359404 
        24896.3          355974 
        24960.2          352584 
        25004.4          350266 
        25024.2          349232 
          25044          348205 
        25083.6          346163 
        25162.8          342126 
        25241.9          338145 
        25321.1          334225 
        25400.2          330360 
        25479.4          326550 
        25558.5          322796 
        25637.7          319092 
        25716.9          315444 
          25796          311845 
        25875.2          308299 
        25954.3          304802 
        26033.5          301354 
        26112.7          297955 
        26191.8          294603 
          26271          291298 
        26350.1          288039 
        26429.3          284825 
        26508.4          281655 
        26587.6          278530 
        26666.8          275446 
        26745.9          272406 
        26825.1          269406 
        26904.2          266448 
        26983.4          263530 
        27062.6          260652 
        27141.7          257812 
        27220.9          255011 
        27299.2          252277 
        27377.5          249583 
        27455.8          246924 
        27534.2          244300 
        27612.5          241711 
        27690.8          239156 
        27769.1          236634 
        27847.5          234146 
        27925.8          231690 
        28004.1          229265 
        28082.4          226872 
        28160.8          224510 
        28239.1          222178 
        28317.4          219877 
        28395.7          217604 
          28474          215362 
        28552.4          213147 
        28630.7          210961 
          28709          208802 
        28787.3          206672 
        28865.7          204567 
          28944          202489 
        29022.3          200438 
        29100.6          198412 
          29179          196411 
        29257.3          194436 
        29335.6          192485 
        29413.9          190558 
        29492.3          188655 
        29570.6          186776 
        29648.9          184920 
        29727.2          183087 
        29805.5          181276 
        29883.9          179488 
        29932.6          178386 
        29962.2          177721 
        29991.8          177060 
