# Koester WD models
# teff = 9250 K (value for the effective temperature for the model. Temperatures are given in K)
# logg = 8 log(cm/s2) (value for Log(G) for the model.)
#
# column 1: WAVELENGTH (ANGSTROM), Wavelength in Angstrom
# column 2: FLUX (ERG/CM2/S/A), Flux in erg/cm2/s/A
         899.23         66.6938 
        909.241         83.3157 
        919.251         380.953 
        929.253         564.569 
        939.271         2204.61 
         949.28         228.576 
        959.289         6265.84 
        969.297         4265.31 
        979.305         7446.89 
        989.312         12391.9 
        999.319         18880.9 
        1009.33         15769.7 
        1019.33         11525.9 
        1029.34         11422.5 
        1039.34         23164.7 
        1049.35         39363.5 
        1059.36           46559 
        1069.36          100009 
        1079.36          111042 
        1089.37          383736 
        1099.37          452732 
        1109.38          437910 
        1119.38          428281 
        1129.38          395373 
        1139.39          328903 
        1149.39          232203 
        1159.39          150843 
        1169.39          112624 
         1179.4         96334.1 
         1189.4         95482.1 
         1199.4           98586 
         1209.4         85236.4 
        1219.41         83745.4 
        1229.41          136077 
        1239.41          165470 
        1249.41          186787 
        1259.41          211516 
        1269.41          247238 
        1279.42          295186 
        1289.42          342773 
        1299.42          389391 
        1309.42          446043 
        1319.42          492771 
        1329.42          545343 
        1339.42          609164 
        1349.42          672562 
        1359.42          721706 
        1369.42          777664 
        1379.42          843668 
        1389.42          917373 
        1399.42          957872 
        1409.42      1.01668e+6 
        1419.42       1.0829e+6 
        1429.42      1.20647e+6 
        1439.42      1.34802e+6 
        1450.05      1.44701e+6 
        1460.67       1.3978e+6 
        1470.96      1.38342e+6 
        1480.97      1.40449e+6 
           1491       1.4738e+6 
        1501.32      1.66182e+6 
        1511.32      1.87114e+6 
        1521.92       2.0366e+6 
        1531.92      2.12667e+6 
        1544.42      1.91631e+6 
        1556.92      1.80752e+6 
        1569.42      1.81554e+6 
        1584.41      1.84367e+6 
        1596.91      1.91522e+6 
        1608.16      2.04682e+6 
        1619.41      2.28567e+6 
        1630.66      2.77277e+6 
        1641.28      4.01423e+6 
        1651.91       7.6401e+6 
        1663.16      1.56003e+7 
        1673.25      2.46395e+7 
         1684.4      3.38456e+7 
        1694.79      4.11096e+7 
        1705.17      4.68939e+7 
         1716.9      5.16038e+7 
         1729.4       5.5188e+7 
         1744.4      5.84553e+7 
        1759.39      6.04486e+7 
         1771.7      6.17794e+7 
        1784.39      6.32396e+7 
        1799.39      6.48585e+7 
           1824      6.70727e+7 
        1834.77      6.80233e+7 
        1845.54      6.89551e+7 
           1864      7.09227e+7 
        1876.29      7.19035e+7 
        1888.59      7.28617e+7 
        1906.98      7.42544e+7 
        1919.37      7.51645e+7 
        1931.76      7.61258e+7 
        1944.47      7.72483e+7 
        1956.53      7.81053e+7 
        1968.59      7.88788e+7 
        1980.65       7.9629e+7 
        1991.72      8.02991e+7 
        2004.77      8.10679e+7 
        2017.81       8.1813e+7 
         2043.9      8.34486e+7 
        2064.07      8.44432e+7 
        2090.16      8.56395e+7 
        2116.25      8.67463e+7 
        2140.86      8.78386e+7 
        2165.47      8.86994e+7 
        2190.09      8.94776e+7 
         2214.7      9.01907e+7 
        2263.91      9.14624e+7 
        2313.13      9.24546e+7 
        2362.35      9.31526e+7 
        2409.27      9.36147e+7 
        2456.14      9.39264e+7 
        2469.49      9.39675e+7 
        2481.09      9.39927e+7 
        2498.55      9.40926e+7 
        2510.01      9.40923e+7 
        2521.47      9.40806e+7 
        2544.39      9.40335e+7 
        2559.23      9.39858e+7 
        2588.91      9.38425e+7 
        2638.89      9.35189e+7 
        2657.67      9.33505e+7 
         2671.9      9.32054e+7 
           2714      9.27213e+7 
        2756.11      9.21649e+7 
        2826.09      9.10694e+7 
        2840.32      9.08338e+7 
        2854.55        9.059e+7 
           2883      9.00654e+7 
        2926.83      8.92159e+7 
        2939.91      8.89536e+7 
        2952.98      8.86865e+7 
        2979.14      8.81346e+7 
        3011.48      8.74334e+7 
        3031.45       8.6991e+7 
        3051.42      8.65418e+7 
        3091.36      8.56163e+7 
        3149.86      8.42305e+7 
        3168.41      8.37806e+7 
        3208.35      8.28011e+7 
        3248.29      8.18077e+7 
        3309.63      8.02529e+7 
        3322.49       7.9924e+7 
        3346.73      7.93029e+7 
        3383.83      7.83454e+7 
        3445.17      7.67485e+7 
         3469.4      7.61101e+7 
        3495.92      7.54108e+7 
         3506.5      7.51312e+7 
         3543.6      7.41494e+7 
        3591.28      7.28853e+7 
        3635.88      7.17009e+7 
        3647.12      7.14012e+7 
        3658.96      7.10867e+7 
        3671.11      7.07587e+7 
        3682.58      7.04515e+7 
         3693.5      7.01624e+7 
        3703.57      6.98894e+7 
        3713.83      6.96538e+7 
        3724.38      6.93984e+7 
        3734.43      6.87459e+7 
        3744.62      6.90258e+7 
        3754.84      6.89639e+7 
        3765.87      6.81226e+7 
        3776.76      6.89749e+7 
        3786.85      6.96164e+7 
        3796.92      6.24665e+7 
        3807.84      7.00767e+7 
        3818.92      7.09827e+7 
        3829.97      6.40646e+7 
        3840.76      6.42107e+7 
        3851.84      7.23974e+7 
        3862.22      7.34589e+7 
        3873.19      7.03337e+7 
        3883.59       5.8749e+7 
         3893.8      5.70133e+7 
        3904.07      7.03428e+7 
        3916.23      7.54168e+7 
        3926.34      7.63803e+7 
        3937.35      7.55082e+7 
        3947.73      7.19051e+7 
        3958.09      6.36173e+7 
        3968.38      3.91518e+7 
        3978.87      5.87183e+7 
        3990.73      7.08165e+7 
         4001.3      7.54296e+7 
        4012.03      7.74057e+7 
        4023.86      7.80978e+7 
         4035.9      7.80764e+7 
        4048.86      7.73115e+7 
        4061.35      7.53228e+7 
        4073.85      7.10864e+7 
        4083.99      6.46879e+7 
        4094.05      5.11599e+7 
        4104.62      3.72414e+7 
        4115.15      5.97886e+7 
        4125.26      6.78823e+7 
        4135.54      7.21574e+7 
        4146.66       7.4735e+7 
        4158.83      7.59766e+7 
        4173.82       7.6434e+7 
        4188.82      7.64246e+7 
        4203.81      7.62072e+7 
        4216.52      7.59238e+7 
        4228.81      7.55694e+7 
        4243.81      7.50156e+7 
         4258.8      7.42211e+7 
         4273.8      7.29641e+7 
        4288.79      7.08369e+7 
        4303.79      6.73715e+7 
        4314.07        6.343e+7 
        4324.82      5.60617e+7 
        4334.98       4.0317e+7 
        4345.27      3.83717e+7 
        4356.08      5.54692e+7 
        4368.77      6.30939e+7 
        4378.97       6.6111e+7 
        4389.17      6.78851e+7 
        4399.96      6.90384e+7 
        4412.56      6.97547e+7 
        4423.76      6.99777e+7 
        4434.35      6.99887e+7 
        4444.95      6.98788e+7 
        4457.55      6.96714e+7 
        4468.74      6.94433e+7 
        4479.36      6.92021e+7 
        4489.99      6.89476e+7 
        4503.58       6.8629e+7 
        4513.73      6.83686e+7 
        4524.16      6.80968e+7 
        4534.49      6.78242e+7 
        4548.72      6.74447e+7 
        4563.72       6.7041e+7 
        4578.72      6.66341e+7 
        4593.71      6.62251e+7 
         4604.8      6.59235e+7 
         4618.7      6.55405e+7 
         4633.7      6.51243e+7 
         4648.7      6.47036e+7 
        4663.69      6.42776e+7 
        4678.69      6.38372e+7 
        4693.69      6.33807e+7 
        4708.68      6.28985e+7 
        4720.98       6.2474e+7 
        4733.68      6.19946e+7 
        4748.67      6.13682e+7 
        4763.67      6.06246e+7 
        4778.66      5.96943e+7 
        4793.66      5.84534e+7 
        4808.65      5.66479e+7 
        4823.65      5.38532e+7 
        4834.97      5.03597e+7 
        4845.43      4.47017e+7 
        4855.74      3.28504e+7 
        4866.13      3.14056e+7 
        4877.26      4.42456e+7 
        4887.39      4.93211e+7 
        4898.63      5.22953e+7 
        4911.03      5.40866e+7 
         4921.7      5.49942e+7 
        4933.62      5.55829e+7 
        4948.62      5.59156e+7 
        4963.61      5.59948e+7 
        4978.61      5.59166e+7 
        4993.61      5.57485e+7 
         5008.6      5.55229e+7 
         5023.6      5.52562e+7 
        5038.59      5.49647e+7 
        5053.59      5.46584e+7 
        5068.59      5.43417e+7 
        5083.58        5.402e+7 
        5098.58      5.36958e+7 
        5113.57      5.33703e+7 
        5128.57      5.30448e+7 
        5143.57        5.272e+7 
        5158.56      5.23961e+7 
        5173.56      5.20732e+7 
        5188.55      5.17518e+7 
        5203.55      5.14316e+7 
        5218.55      5.11134e+7 
        5233.54      5.07964e+7 
        5248.54      5.04816e+7 
        5263.53      5.01684e+7 
        5278.53      4.98571e+7 
        5293.52      4.95473e+7 
        5308.52      4.92398e+7 
        5323.52      4.89341e+7 
        5338.51      4.86303e+7 
        5353.51      4.83284e+7 
        5368.51      4.80359e+7 
         5383.5      4.77374e+7 
         5398.5      4.74409e+7 
        5413.49      4.71459e+7 
        5428.49      4.68531e+7 
        5443.48      4.65622e+7 
        5458.48      4.62731e+7 
        5473.48      4.59863e+7 
        5488.47      4.57014e+7 
        5503.47      4.54183e+7 
        5518.47      4.51371e+7 
        5533.46      4.48579e+7 
        5548.46      4.45805e+7 
        5563.45      4.43053e+7 
        5578.45      4.40316e+7 
        5593.44      4.37602e+7 
        5608.44      4.34903e+7 
        5623.44      4.32223e+7 
        5638.43      4.29563e+7 
        5653.43       4.2692e+7 
        5668.43      4.24332e+7 
        5682.86      4.21819e+7 
        5693.42      4.19993e+7 
        5704.77      4.18039e+7 
        5715.23      4.16245e+7 
        5728.41      4.14002e+7 
         5743.4      4.11464e+7 
         5758.4      4.08941e+7 
         5773.4      4.06305e+7 
        5788.39      4.03817e+7 
        5803.39      4.01345e+7 
        5818.39      3.98888e+7 
        5833.38      3.96447e+7 
        5848.38      3.94025e+7 
        5863.37      3.91618e+7 
        5878.37      3.89231e+7 
        5893.36      3.86856e+7 
        5908.36      3.84496e+7 
        5923.36      3.82156e+7 
        5938.35      3.79828e+7 
        5953.35      3.77516e+7 
        5968.34      3.75219e+7 
        5983.34      3.72938e+7 
        5998.34       3.7067e+7 
        6013.33      3.68418e+7 
        6028.33      3.66178e+7 
        6043.32      3.63954e+7 
        6058.32      3.61742e+7 
        6073.32      3.59543e+7 
        6088.31      3.57356e+7 
        6103.31      3.55179e+7 
         6118.3      3.53018e+7 
         6133.3      3.50862e+7 
         6148.3      3.48717e+7 
        6163.29      3.46581e+7 
        6178.29      3.44454e+7 
        6193.28      3.42333e+7 
        6208.28      3.40219e+7 
        6223.28      3.38108e+7 
        6238.27      3.35996e+7 
        6252.16      3.34042e+7 
        6262.16      3.32641e+7 
        6273.26       3.3108e+7 
        6284.63      3.29481e+7 
        6295.99      3.27875e+7 
        6306.09      3.26443e+7 
        6316.22      3.24995e+7 
        6328.25       3.2326e+7 
        6343.24      3.21071e+7 
        6358.24       3.1884e+7 
        6373.23      3.16547e+7 
        6388.23      3.14166e+7 
        6403.23      3.11658e+7 
        6418.22      3.08968e+7 
        6433.22      3.06008e+7 
        6448.22      3.02644e+7 
        6463.21       2.9868e+7 
        6478.21      2.93831e+7 
         6493.2      2.87599e+7 
         6508.2      2.78973e+7 
        6523.19      2.65971e+7 
         6534.9       2.4984e+7 
         6546.5      2.23185e+7 
        6556.59      1.84221e+7 
         6566.7      1.73377e+7 
        6576.87      2.13925e+7 
        6587.48      2.39762e+7 
        6598.17      2.54436e+7 
         6608.5      2.63112e+7 
        6618.82      2.68621e+7 
        6629.14      2.72212e+7 
        6644.62      2.75321e+7 
        6654.94      2.76431e+7 
        6665.26      2.77046e+7 
        6675.58      2.77272e+7 
         6685.9      2.77208e+7 
        6701.62      2.76705e+7 
        6721.34      2.75624e+7 
         6736.2      2.74596e+7 
        6780.49      2.70954e+7 
        6824.78      2.66908e+7 
        6913.35      2.58517e+7 
        7001.93       2.5016e+7 
        7071.86      2.43707e+7 
         7090.5      2.42014e+7 
        7109.15      2.40332e+7 
        7146.44      2.37015e+7 
        7221.02       2.3053e+7 
         7295.6      2.24244e+7 
        7346.84      2.20039e+7 
        7370.18      2.18191e+7 
        7393.51      2.16322e+7 
        7440.19       2.1265e+7 
        7533.55      2.05523e+7 
        7575.92       2.0238e+7 
         7626.9      1.98675e+7 
        7677.88      1.95049e+7 
        7728.86      1.91511e+7 
        7779.84      1.88048e+7 
        7830.82      1.84658e+7 
         7881.8      1.81341e+7 
        7903.32      1.79962e+7 
        7932.78      1.78094e+7 
        7962.25      1.76249e+7 
        8021.18      1.72632e+7 
        8077.68      1.69248e+7 
        8097.18      1.68099e+7 
        8108.49      1.67437e+7 
        8155.67      1.64708e+7 
        8200.85      1.62145e+7 
        8216.85       1.6125e+7 
        8232.84      1.60361e+7 
        8264.83        1.586e+7 
        8289.72      1.57247e+7 
        8328.82      1.55148e+7 
        8343.44      1.54371e+7 
        8367.92      1.53081e+7 
        8388.68      1.52003e+7 
        8408.65      1.50974e+7 
        8432.02       1.4978e+7 
        8467.25      1.47995e+7 
        8502.48      1.46231e+7 
        8516.58      1.45536e+7 
        8530.98      1.44821e+7 
        8545.38      1.44133e+7 
        8574.18      1.42784e+7 
        8598.39      1.41622e+7 
         8628.6      1.40261e+7 
        8646.81      1.39381e+7 
        8665.01      1.38477e+7 
        8701.43      1.36948e+7 
        8725.22      1.35781e+7 
        8737.85      1.35102e+7 
        8750.47       1.3443e+7 
        8775.71      1.33557e+7 
        8786.57      1.33143e+7 
        8800.96      1.32533e+7 
        8815.35      1.31854e+7 
        8825.48      1.31358e+7 
        8844.13       1.3031e+7 
        8862.78      1.29169e+7 
        8881.43       1.2882e+7 
        8900.08      1.28376e+7 
        8918.73      1.27768e+7 
        8937.38      1.27007e+7 
        8956.03      1.26144e+7 
        8971.75      1.25285e+7 
        8993.33      1.23819e+7 
        9004.12      1.22904e+7 
        9014.91      1.22025e+7 
         9025.7      1.22088e+7 
        9036.49      1.22192e+7 
        9047.27      1.22159e+7 
        9068.85      1.21823e+7 
        9081.14      1.21498e+7 
        9099.72      1.20911e+7 
         9118.3      1.20222e+7 
        9136.87      1.19438e+7 
        9155.45      1.18545e+7 
        9174.03      1.17473e+7 
        9192.61      1.16108e+7 
        9210.81      1.14236e+7 
        9224.46      1.12347e+7 
        9235.83      1.12198e+7 
        9247.21      1.12929e+7 
        9258.59        1.134e+7 
        9269.96      1.13616e+7 
        9297.26      1.13525e+7 
        9315.47      1.13221e+7 
        9333.67      1.12772e+7 
        9356.05      1.12115e+7 
        9370.07       1.1166e+7 
        9384.08      1.11179e+7 
        9412.12      1.10119e+7 
        9440.15      1.08914e+7 
        9468.18      1.07458e+7 
         9482.2      1.06564e+7 
        9496.22      1.05474e+7 
        9510.23      1.03983e+7 
        9524.25      1.01732e+7 
        9538.27      9.83771e+6 
        9548.85       9.6806e+6 
        9559.43      9.90268e+6 
        9574.83      1.01182e+7 
        9590.23      1.02207e+7 
        9613.32       1.0264e+7 
        9628.71      1.02617e+7 
        9644.11      1.02463e+7 
        9668.45      1.02072e+7 
        9692.79      1.01527e+7 
        9717.14      1.00925e+7 
        9765.83      9.95728e+6 
        9814.51      9.81132e+6 
         9863.2      9.65594e+6 
        9885.61      9.57228e+6 
        9908.01      9.47831e+6 
        9930.41      9.37527e+6 
        9952.82      9.25114e+6 
        9964.02      9.18156e+6 
        9975.22      9.10478e+6 
        9986.43      9.01207e+6 
        9997.63      8.90356e+6 
        10008.8      8.76272e+6 
          10020      8.57934e+6 
        10031.2      8.31441e+6 
        10042.4      7.91251e+6 
        10053.3      7.76118e+6 
        10063.9      8.13142e+6 
        10077.2      8.40363e+6 
        10087.8      8.53401e+6 
        10103.7       8.6483e+6 
        10114.3       8.6914e+6 
        10124.9      8.72021e+6 
        10135.5      8.73485e+6 
        10146.1      8.74368e+6 
        10167.3      8.74758e+6 
        10182.2      8.73821e+6 
        10209.7      8.70806e+6 
        10237.2      8.66366e+6 
        10292.2      8.55239e+6 
        10347.3      8.42852e+6 
        10402.3      8.30178e+6 
        10457.3      8.16811e+6 
        10512.4      8.03993e+6 
        10567.4      7.91458e+6 
        10622.4      7.78367e+6 
        10677.5      7.64717e+6 
        10732.5      7.49546e+6 
          10760      7.41058e+6 
        10787.5      7.31331e+6 
        10815.1       7.2005e+6 
        10828.8      7.13563e+6 
        10842.6      7.05894e+6 
        10856.3       6.9727e+6 
        10870.1      6.86636e+6 
        10883.8      6.73218e+6 
        10897.6      6.55148e+6 
        10907.9      6.36729e+6 
        10918.2      6.10104e+6 
        10928.6      5.70061e+6 
        10938.6      5.12698e+6 
          10951      5.79388e+6 
        10961.6      6.12058e+6 
        10974.8        6.354e+6 
        10985.4      6.47394e+6 
          10996      6.55107e+6 
        11011.9      6.63517e+6 
        11022.4       6.6686e+6 
          11033      6.69184e+6 
        11054.2      6.72075e+6 
        11075.4      6.72785e+6 
        11096.5      6.72426e+6 
        11117.7      6.71151e+6 
        11138.9      6.69162e+6 
        11181.2       6.6412e+6 
        11221.1      6.58368e+6 
        11260.9      6.52085e+6 
        11340.6      6.38991e+6 
        11420.3      6.25761e+6 
          11500      6.13044e+6 
        11579.7      6.00123e+6 
        11659.4      5.87528e+6 
        11739.1      5.75251e+6 
        11818.8      5.63284e+6 
        11898.5      5.51617e+6 
        11978.1      5.40244e+6 
        12057.8      5.28796e+6 
        12137.5      5.17866e+6 
        12149.8      5.16201e+6 
        12217.2      5.07144e+6 
        12284.6      4.98172e+6 
          12352      4.89262e+6 
        12419.4      4.80221e+6 
        12486.8      4.70805e+6 
        12554.2      4.60583e+6 
        12587.9       4.5483e+6 
        12621.6      4.48412e+6 
        12655.3      4.40941e+6 
        12672.2      4.36534e+6 
          12689      4.31608e+6 
        12705.9      4.25915e+6 
        12722.7      4.18997e+6 
        12739.6       4.1059e+6 
        12756.4      3.99535e+6 
        12769.1      3.88744e+6 
        12781.7      3.74242e+6 
        12794.3      3.53743e+6 
          12807      3.24696e+6 
        12817.1      2.96189e+6 
        12828.4      3.20662e+6 
        12841.2      3.48038e+6 
          12854      3.66652e+6 
          12870      3.81267e+6 
        12882.8      3.88954e+6 
        12895.6      3.94468e+6 
        12908.4      3.98338e+6 
        12921.2      4.01294e+6 
          12934      4.03393e+6 
        12946.8      4.04851e+6 
        12972.4      4.06554e+6 
          12998      4.07056e+6 
        13023.6      4.06726e+6 
        13049.2      4.05865e+6 
        13100.3      4.03107e+6 
        13151.5      3.99466e+6 
        13202.7      3.95388e+6 
        13253.9      3.91069e+6 
        13301.8      3.86897e+6 
        13314.9       3.8575e+6 
          13328      3.84606e+6 
        13354.1       3.8231e+6 
        13406.4      3.77714e+6 
        13458.6       3.7313e+6 
        13510.9      3.68597e+6 
        13563.2      3.64114e+6 
        13615.5      3.59681e+6 
        13667.7      3.55471e+6 
          13720       3.5113e+6 
        13772.3      3.46854e+6 
        13824.6      3.42638e+6 
        13876.8      3.38488e+6 
        13929.1      3.34394e+6 
        13981.4      3.30364e+6 
        14033.6      3.26393e+6 
        14085.9      3.22478e+6 
        14138.2      3.18623e+6 
        14190.5      3.14822e+6 
        14242.7      3.11078e+6 
          14258      3.09998e+6 
          14295      3.07387e+6 
        14332.1      3.04803e+6 
        14354.7       3.0323e+6 
        14406.2      2.99693e+6 
        14457.6      2.96206e+6 
        14509.1      2.92765e+6 
        14537.9       2.9086e+6 
        14560.6      2.89374e+6 
        14581.2      2.88026e+6 
        14597.2      2.86983e+6 
        14613.2      2.85942e+6 
        14645.2      2.83875e+6 
        14709.2      2.79795e+6 
        14773.2      2.75787e+6 
        14837.1      2.71849e+6 
        14901.1      2.67979e+6 
        14965.1      2.64177e+6 
        15029.1      2.60442e+6 
        15093.1      2.56771e+6 
        15157.1      2.53163e+6 
          15221      2.49617e+6 
          15285      2.46132e+6 
          15349      2.42708e+6 
          15413      2.39342e+6 
        15471.6      2.36311e+6 
        15482.4      2.35758e+6 
        15493.1      2.35196e+6 
        15514.7      2.34078e+6 
        15557.9      2.31863e+6 
        15644.2      2.27508e+6 
        15730.5      2.23254e+6 
        15816.8      2.19097e+6 
        15903.1      2.15036e+6 
        15989.4      2.11068e+6 
        16075.8      2.07189e+6 
        16162.1      2.03398e+6 
        16248.4      1.99692e+6 
        16289.9       1.9794e+6 
        16334.7      1.96069e+6 
        16379.5       1.9422e+6 
        16469.1      1.90492e+6 
        16558.8      1.86853e+6 
        16648.4      1.83299e+6 
          16738      1.79829e+6 
        16827.7      1.76441e+6 
        16917.3      1.73131e+6 
        17006.9      1.69899e+6 
        17096.6       1.6674e+6 
        17186.2      1.63655e+6 
        17275.8       1.6064e+6 
        17327.7      1.58928e+6 
        17365.5      1.57694e+6 
        17403.2      1.56473e+6 
        17478.8      1.54071e+6 
        17554.3      1.51715e+6 
        17629.9      1.49403e+6 
        17705.4      1.47134e+6 
          17781      1.44908e+6 
        17856.5      1.42724e+6 
        17932.1      1.40581e+6 
        18007.6      1.38025e+6 
        18083.2      1.35845e+6 
        18158.7      1.33656e+6 
        18234.3       1.3143e+6 
        18309.8      1.29119e+6 
        18343.7      1.28031e+6 
        18385.3      1.26633e+6 
          18427      1.25134e+6 
        18468.6      1.23473e+6 
        18510.2      1.21572e+6 
        18551.8      1.19306e+6 
        18572.6      1.17984e+6 
        18593.4      1.16486e+6 
        18614.2      1.14749e+6 
          18635      1.12675e+6 
        18645.4      1.11471e+6 
        18655.8      1.10104e+6 
        18666.2      1.08587e+6 
        18676.6      1.06871e+6 
          18687      1.04884e+6 
        18697.4      1.02568e+6 
        18707.8          998725 
        18718.2          968173 
        18728.6          934363 
          18739          897258 
        18749.2          844617 
        18761.1          885414 
        18773.9          926421 
        18786.6          962342 
        18799.4          993108 
        18812.2      1.01814e+6 
          18825      1.03767e+6 
        18837.8      1.05304e+6 
        18850.6      1.06546e+6 
        18863.4      1.07545e+6 
        18876.2      1.08329e+6 
          18889      1.08959e+6 
        18901.8      1.09459e+6 
        18927.4       1.1017e+6 
          18953      1.10593e+6 
        18978.6      1.10808e+6 
        19004.2       1.1087e+6 
        19029.8       1.1081e+6 
        19055.4      1.10655e+6 
        19106.6      1.10151e+6 
        19157.7      1.09473e+6 
        19208.9       1.0869e+6 
        19260.1       1.0784e+6 
        19311.3      1.06948e+6 
        19362.5      1.06031e+6 
        19376.7      1.05774e+6 
        19413.7        1.051e+6 
        19450.7      1.04422e+6 
        19524.7      1.03054e+6 
        19598.7      1.01898e+6 
        19672.6        1.005e+6 
        19746.6          991248 
        19820.6          977730 
        19894.6          964438 
        19968.6          951369 
        20042.6          938519 
        20116.6          925884 
        20190.6          913459 
        20264.6          901238 
        20338.6          889222 
        20350.7          887264 
        20412.6          877403 
        20474.4          867673 
        20536.2          858041 
          20598          848541 
        20659.9          839176 
        20721.7          829946 
        20783.5          820838 
        20845.4          811857 
        20907.2          802997 
          20969          794257 
        21030.8          785634 
        21092.7          777126 
        21154.5          768735 
        21216.3          760454 
        21278.1          752283 
          21340          744221 
        21401.8          736267 
        21463.6          728419 
        21525.5          720672 
        21543.9          718375 
        21587.3          713028 
        21630.6          707732 
        21717.3          697254 
          21804          686972 
        21890.6          676875 
        21977.3          666963 
          22064          657231 
        22150.6          647674 
        22237.3          638290 
          22324          629076 
        22410.6          620025 
        22497.3          611134 
          22584          602404 
        22670.7          593824 
        22727.8          588251 
        22757.3          585398 
        22784.8          582753 
        22800.8          581220 
        22816.8          579693 
        22848.8          576652 
        22912.8          570629 
        22976.8          564682 
        23040.8          558814 
        23104.8          553024 
        23168.7          547303 
        23232.7          541661 
        23296.7          536088 
        23360.7          530584 
        23424.7          525149 
        23488.6          519783 
        23552.6          514486 
        23616.6          509255 
        23680.6          504091 
        23744.6          498989 
        23808.6          493953 
        23872.5          488979 
        23936.5          484066 
        24000.5          479215 
        24064.5          474428 
        24128.5          469696 
        24192.5          465022 
        24256.4          460407 
        24320.4          455848 
        24384.4          451346 
        24448.4          446898 
        24512.4          442506 
        24576.3          438164 
        24640.3          433876 
        24704.3          429641 
        24768.3          425456 
        24832.3          421322 
        24896.3          417238 
        24960.2          413201 
        25004.4          410443 
        25024.2          409214 
          25044          407989 
        25083.6          405567 
        25162.8          400770 
        25241.9          396045 
        25321.1          391389 
        25400.2          386799 
        25479.4          382275 
        25558.5          377820 
        25637.7          373429 
        25716.9          369099 
          25796          364830 
        25875.2          360627 
        25954.3          356483 
        26033.5          352399 
        26112.7          348371 
        26191.8          344400 
          26271          340486 
        26350.1          336628 
        26429.3          332823 
        26508.4          329072 
        26587.6          325375 
        26666.8          321727 
        26745.9          318130 
        26825.1          314583 
        26904.2          311086 
        26983.4          307636 
        27062.6          304234 
        27141.7          300878 
        27220.9          297569 
        27299.2          294339 
        27377.5          291157 
        27455.8          288019 
        27534.2          284922 
        27612.5          281867 
        27690.8          278852 
        27769.1          275878 
        27847.5          272943 
        27925.8          270046 
        28004.1          267188 
        28082.4          264368 
        28160.8          261584 
        28239.1          258836 
        28317.4          256125 
        28395.7          253448 
          28474          250807 
        28552.4          248199 
        28630.7          245626 
          28709          243085 
        28787.3          240577 
        28865.7          238100 
          28944          235656 
        29022.3          233243 
        29100.6          230860 
          29179          228508 
        29257.3          226185 
        29335.6          223892 
        29413.9          221627 
        29492.3          219391 
        29570.6          217183 
        29648.9          215002 
        29727.2          212849 
        29805.5          210723 
        29883.9          208623 
        29932.6          207329 
        29962.2          206549 
        29991.8          205771 
