# Koester WD models
# teff = 9500 K (value for the effective temperature for the model. Temperatures are given in K)
# logg = 9 log(cm/s2) (value for Log(G) for the model.)
#
# column 1: WAVELENGTH (ANGSTROM), Wavelength in Angstrom
# column 2: FLUX (ERG/CM2/S/A), Flux in erg/cm2/s/A
         899.23         182.472 
        909.241          225.44 
        919.251         592.112 
        929.261         958.415 
        939.271         3258.05 
         949.28         555.845 
        959.289         9129.81 
        969.297         6221.17 
        979.305         10869.8 
        989.312         18266.1 
        999.319           27141 
        1009.33         23133.4 
        1019.33         16457.6 
        1029.34         16259.3 
        1039.34         33608.4 
        1049.35         55125.8 
        1059.36         64450.7 
        1069.36          118305 
        1079.36          130863 
        1089.37          317364 
        1099.37          359326 
        1109.38          348927 
        1119.38          353659 
        1129.38          338397 
        1139.39          296453 
        1149.39          229667 
        1159.39          175331 
        1169.39          144481 
         1179.4          125585 
         1189.4          123557 
         1199.4          127152 
         1209.4          110369 
        1219.41          108854 
        1229.41          177164 
        1239.41          213867 
        1249.41          239967 
        1259.41          270658 
        1269.41          313881 
        1279.42          369099 
        1289.42          421683 
        1299.42          471801 
        1309.42          529415 
        1319.42          578672 
        1329.42          631130 
        1339.42          693463 
        1349.42          755851 
        1359.42          807314 
        1369.42          863753 
        1379.42          934039 
        1389.42      1.00992e+6 
        1399.42      1.06259e+6 
        1409.42      1.11734e+6 
        1419.42      1.18143e+6 
        1429.42      1.28356e+6 
        1439.42      1.39615e+6 
        1450.67      1.49524e+6 
        1461.92      1.50765e+6 
        1471.92      1.54034e+6 
        1482.57      1.59236e+6 
        1494.42      1.70609e+6 
        1506.92       1.9163e+6 
        1519.42      2.08936e+6 
        1529.42      2.21252e+6 
        1541.92      2.17874e+6 
        1554.42      2.11624e+6 
        1566.72      2.14467e+6 
        1579.41      2.18586e+6 
        1591.91      2.25214e+6 
        1604.41      2.38506e+6 
        1616.91      2.62685e+6 
        1628.16      3.00179e+6 
        1639.41      3.69181e+6 
        1650.03      5.24404e+6 
        1660.66      9.11577e+6 
         1671.9      1.65781e+7 
         1684.4      2.69253e+7 
         1696.9       3.7363e+7 
         1709.4       4.6363e+7 
         1721.9      5.30364e+7 
         1734.4      5.81289e+7 
        1746.89      6.21372e+7 
        1759.39      6.46618e+7 
         1771.7       6.6434e+7 
        1781.89       6.8039e+7 
        1794.39      7.03682e+7 
        1809.39       7.2262e+7 
           1824      7.40841e+7 
        1834.77       7.5423e+7 
        1845.54      7.67362e+7 
         1856.3      7.86529e+7 
        1867.07      8.01581e+7 
        1888.59      8.25494e+7 
        1906.98      8.45264e+7 
        1919.37       8.5822e+7 
        1931.76      8.72524e+7 
        1944.47      8.90321e+7 
        1956.53      9.02825e+7 
        1968.59      9.13739e+7 
        1980.65      9.24389e+7 
        1991.72      9.33882e+7 
        2004.77      9.44806e+7 
        2017.81      9.55393e+7 
        2032.34       9.7232e+7 
         2043.9      9.80749e+7 
        2055.47      9.88882e+7 
        2067.03      9.96733e+7 
        2090.16      1.01157e+8 
        2116.25      1.02712e+8 
        2140.86      1.04384e+8 
        2165.47      1.05582e+8 
        2190.09      1.06665e+8 
         2214.7      1.07659e+8 
        2263.91      1.09488e+8 
        2313.13      1.10929e+8 
        2362.35      1.11894e+8 
        2409.27      1.12542e+8 
        2456.14      1.13037e+8 
        2469.49      1.13098e+8 
        2481.09      1.13137e+8 
        2498.55      1.13297e+8 
        2510.01      1.13303e+8 
        2521.47      1.13294e+8 
        2544.39      1.13243e+8 
        2559.23      1.13189e+8 
        2588.91      1.13023e+8 
        2638.89      1.12667e+8 
        2657.67      1.12457e+8 
         2671.9      1.12275e+8 
           2714      1.11669e+8 
        2756.11       1.1097e+8 
        2826.09      1.09601e+8 
        2840.32      1.09313e+8 
        2854.55      1.09011e+8 
           2883      1.08346e+8 
        2926.83      1.07268e+8 
        2939.91      1.06934e+8 
        2952.98      1.06596e+8 
        2979.14      1.05897e+8 
        3011.48      1.05008e+8 
        3031.45      1.04446e+8 
        3051.42      1.03876e+8 
        3091.36      1.02704e+8 
        3149.86      1.00946e+8 
        3168.41       1.0037e+8 
        3208.35      9.91135e+7 
        3248.29      9.78399e+7 
        3309.63      9.58707e+7 
        3322.49      9.54589e+7 
        3346.73       9.4681e+7 
        3383.83      9.34831e+7 
        3445.17      9.14979e+7 
         3469.4      9.07113e+7 
        3495.92      8.98514e+7 
         3506.5      8.95074e+7 
         3543.6      8.83017e+7 
        3591.28      8.67523e+7 
        3635.88      8.53037e+7 
        3647.12       8.4938e+7 
        3658.96      8.45544e+7 
        3671.11      8.41545e+7 
        3682.58      8.37819e+7 
         3693.5      8.34269e+7 
        3703.57       8.3098e+7 
        3713.83      8.27678e+7 
        3724.38      8.24263e+7 
        3734.43      8.20496e+7 
        3744.62      8.17728e+7 
        3754.84      8.14791e+7 
        3765.07      8.10723e+7 
         3775.5      8.08228e+7 
        3786.22      8.07983e+7 
        3796.45      7.90799e+7 
        3807.84      8.04882e+7 
        3818.92      8.04838e+7 
        3830.45      7.77302e+7 
        3840.76      7.79021e+7 
        3851.98      8.05652e+7 
        3862.01      8.07355e+7 
        3872.59      7.92432e+7 
        3883.67      7.34061e+7 
        3893.94      7.27778e+7 
        3904.25      7.90396e+7 
        3918.89      8.15177e+7 
        3929.56      8.15589e+7 
        3940.04      8.03626e+7 
        3950.65      7.71663e+7 
        3961.77      6.90368e+7 
        3972.06      5.76916e+7 
        3982.23      7.25287e+7 
        3993.87      7.86573e+7 
        4008.87       8.1776e+7 
        4023.86      8.25023e+7 
         4035.9      8.23556e+7 
        4048.86      8.15278e+7 
        4061.35      7.96262e+7 
        4073.85      7.57485e+7 
        4083.99      7.02683e+7 
        4094.05      5.85992e+7 
        4104.29      4.58116e+7 
           4115      6.55914e+7 
         4126.6      7.34014e+7 
        4136.76      7.69373e+7 
        4148.83      7.92819e+7 
        4163.83      8.04779e+7 
        4178.82      8.07791e+7 
        4193.82      8.07044e+7 
        4208.81      8.04386e+7 
         4221.1      8.01178e+7 
        4233.81      7.96812e+7 
         4248.8      7.89752e+7 
         4263.8       7.7919e+7 
         4278.8      7.62553e+7 
        4293.79      7.35152e+7 
        4306.29      6.99815e+7 
        4316.43       6.5528e+7 
        4327.46      5.66765e+7 
        4337.77      3.68452e+7 
        4347.84      4.76906e+7 
        4358.77      6.08706e+7 
        4369.56      6.65609e+7 
        4383.77      7.04716e+7 
        4398.76      7.26528e+7 
        4413.76      7.36719e+7 
        4428.76      7.40313e+7 
        4443.75      7.40238e+7 
        4458.75      7.38281e+7 
        4473.74      7.35337e+7 
        4488.74      7.31875e+7 
        4503.74      7.28545e+7 
        4514.12      7.25818e+7 
        4527.19       7.2229e+7 
        4538.73      7.19111e+7 
        4553.72      7.14907e+7 
        4568.72      7.10644e+7 
        4583.72      7.06324e+7 
        4596.53      7.02595e+7 
        4608.71      6.99064e+7 
         4623.7      6.94638e+7 
         4638.7      6.90151e+7 
         4653.7      6.85587e+7 
        4668.69      6.80899e+7 
        4683.69      6.76005e+7 
        4698.68      6.70837e+7 
        4713.68      6.65235e+7 
        4724.83       6.6068e+7 
        4738.67      6.54365e+7 
        4753.67      6.46524e+7 
        4768.67      6.37096e+7 
        4783.66      6.24932e+7 
        4798.66      6.08451e+7 
        4813.65      5.84534e+7 
        4826.15      5.55003e+7 
        4836.81      5.15312e+7 
        4847.03      4.49219e+7 
        4857.49      3.16242e+7 
        4868.03      3.57441e+7 
        4878.28       4.6429e+7 
        4888.63       5.1672e+7 
        4901.45      5.51038e+7 
        4913.63      5.69326e+7 
        4925.16      5.79988e+7 
        4938.62      5.87167e+7 
        4953.62      5.91069e+7 
        4968.61      5.92253e+7 
        4983.61      5.91873e+7 
         4998.6      5.90491e+7 
         5013.6      5.88361e+7 
         5028.6       5.8575e+7 
        5043.59      5.82809e+7 
        5058.59       5.7968e+7 
        5073.58      5.76404e+7 
        5088.58      5.73061e+7 
        5103.58      5.69681e+7 
        5118.57      5.66275e+7 
        5133.57       5.6286e+7 
        5148.56      5.59439e+7 
        5163.56      5.56021e+7 
        5178.56      5.52609e+7 
        5193.55       5.4921e+7 
        5208.55       5.4582e+7 
        5223.54      5.42449e+7 
        5238.54      5.39091e+7 
        5253.54      5.35748e+7 
        5268.53      5.32425e+7 
        5283.53       5.2912e+7 
        5298.52      5.25833e+7 
        5313.52      5.22566e+7 
        5328.52      5.19318e+7 
        5343.51      5.16088e+7 
        5358.51      5.12881e+7 
         5373.5      5.09824e+7 
         5388.5      5.06645e+7 
         5403.5      5.03487e+7 
        5418.49      5.00352e+7 
        5433.49      4.97236e+7 
        5448.48      4.94138e+7 
        5463.48      4.91065e+7 
        5478.48      4.88009e+7 
        5493.47      4.84977e+7 
        5508.47      4.81964e+7 
        5523.46      4.78973e+7 
        5538.46      4.76002e+7 
        5553.46      4.73048e+7 
        5568.45      4.70114e+7 
        5583.45      4.67199e+7 
        5598.44      4.64305e+7 
        5613.44      4.61431e+7 
        5628.44      4.58575e+7 
        5643.43      4.55738e+7 
        5658.43       4.5292e+7 
        5673.42      4.50435e+7 
         5686.2      4.48057e+7 
        5698.42      4.45798e+7 
        5708.88      4.43872e+7 
        5723.41      4.41215e+7 
        5738.41      4.38488e+7 
         5753.4      4.35783e+7 
         5768.4      4.32798e+7 
        5783.39      4.30122e+7 
        5798.39      4.27464e+7 
        5813.39      4.24822e+7 
        5828.38      4.22199e+7 
        5843.38      4.19594e+7 
        5858.37      4.17006e+7 
        5873.37      4.14433e+7 
        5888.37      4.11879e+7 
        5903.36       4.0934e+7 
        5918.36      4.06821e+7 
        5933.35      4.04314e+7 
        5948.35      4.01822e+7 
        5963.35       3.9935e+7 
        5978.34       3.9689e+7 
        5993.34      3.94446e+7 
        6008.33      3.92017e+7 
        6023.33      3.89601e+7 
        6038.32      3.87201e+7 
        6053.32      3.84814e+7 
        6068.32      3.82435e+7 
        6083.31       3.8007e+7 
        6098.31      3.77714e+7 
        6113.31      3.75367e+7 
         6128.3       3.7303e+7 
         6143.3      3.70702e+7 
        6158.29       3.6838e+7 
        6173.29      3.66062e+7 
        6188.28      3.63749e+7 
        6203.28      3.61434e+7 
        6218.28      3.59119e+7 
        6233.27      3.56797e+7 
        6244.38      3.55072e+7 
        6256.04       3.5326e+7 
        6266.59       3.5162e+7 
        6278.26      3.49791e+7 
        6290.52      3.47853e+7 
        6302.31       3.4598e+7 
        6312.59      3.44328e+7 
        6323.25      3.42594e+7 
        6338.24      3.40103e+7 
        6353.24      3.37542e+7 
        6368.24      3.34884e+7 
        6383.23      3.32098e+7 
        6398.23      3.29135e+7 
        6413.22      3.25928e+7 
        6428.22      3.22387e+7 
        6443.22       3.1836e+7 
        6458.21      3.13627e+7 
        6473.21      3.07891e+7 
         6488.2      3.00671e+7 
         6503.2       2.9108e+7 
         6518.2      2.77629e+7 
        6530.43      2.61258e+7 
        6541.53      2.39004e+7 
        6551.59       2.0878e+7 
        6561.69      1.67092e+7 
        6572.47      2.01848e+7 
        6583.18      2.33113e+7 
        6593.31      2.52516e+7 
        6603.34      2.64918e+7 
        6613.66      2.73387e+7 
        6623.98      2.79243e+7 
         6634.3      2.83351e+7 
        6644.62      2.86185e+7 
        6654.94      2.88143e+7 
        6665.26      2.89441e+7 
        6675.58       2.9023e+7 
         6685.9      2.90639e+7 
        6696.23       2.9074e+7 
        6711.48      2.90482e+7 
        6726.73      2.89877e+7 
        6741.98      2.89025e+7 
        6772.48      2.86838e+7 
        6824.78       2.8228e+7 
        6877.08      2.77305e+7 
        6929.38      2.72195e+7 
        6981.68      2.67046e+7 
        7033.98      2.61932e+7 
         7063.4      2.59082e+7 
        7086.27      2.56882e+7 
        7109.15      2.54699e+7 
        7154.89      2.50401e+7 
        7246.38      2.42029e+7 
        7282.23       2.3883e+7 
        7337.87      2.33959e+7 
        7393.51      2.29283e+7 
        7449.15      2.24636e+7 
        7504.79        2.201e+7 
        7560.43      2.15671e+7 
        7616.07      2.11347e+7 
        7665.55      2.07586e+7 
        7677.88      2.06661e+7 
        7690.22      2.05744e+7 
        7714.89      2.03924e+7 
        7764.22       2.0034e+7 
         7862.9      1.93394e+7 
        7960.91      1.86774e+7 
        7971.63      1.86068e+7 
        7982.34      1.85366e+7 
        8003.78       1.8397e+7 
        8046.64      1.81216e+7 
        8082.55      1.78946e+7 
        8105.88      1.77492e+7 
        8154.36      1.74513e+7 
        8200.85      1.71713e+7 
        8216.85      1.70763e+7 
        8232.84      1.69819e+7 
        8264.83      1.67951e+7 
        8289.72      1.66515e+7 
        8328.82      1.64288e+7 
        8343.44      1.63464e+7 
        8367.92      1.62095e+7 
        8388.68      1.60948e+7 
        8408.65      1.59853e+7 
        8432.02      1.58584e+7 
        8467.25      1.56691e+7 
        8502.48      1.54826e+7 
        8516.58      1.54086e+7 
        8530.98      1.53335e+7 
        8545.38      1.52594e+7 
        8574.18      1.51127e+7 
        8598.39      1.49903e+7 
         8628.6      1.48398e+7 
        8646.81      1.47491e+7 
        8665.01      1.46589e+7 
        8685.59      1.45595e+7 
        8701.43       1.4483e+7 
        8750.47      1.42437e+7 
        8767.92      1.41632e+7 
        8815.35      1.39422e+7 
        8862.78      1.37184e+7 
        8900.38      1.35633e+7 
        8957.65      1.33116e+7 
        8986.28      1.31753e+7 
        9014.91      1.30344e+7 
        9043.54      1.29355e+7 
        9072.17       1.2832e+7 
        9099.72       1.2724e+7 
        9154.81      1.24944e+7 
         9190.8      1.23222e+7 
         9209.9      1.22167e+7 
        9229.01      1.21109e+7 
        9248.11      1.20665e+7 
        9264.99      1.20331e+7 
        9286.33      1.19783e+7 
        9324.54      1.18589e+7 
        9384.08      1.16461e+7 
        9443.63      1.14153e+7 
        9460.39       1.1344e+7 
        9481.78      1.12458e+7 
        9503.18      1.11288e+7 
        9524.57      1.09716e+7 
        9535.27      1.08753e+7 
        9545.97      1.07809e+7 
        9556.66      1.07962e+7 
        9567.36      1.08223e+7 
        9578.06      1.08381e+7 
        9588.75       1.0839e+7 
        9599.45      1.08311e+7 
        9620.85      1.07945e+7 
        9642.24      1.07452e+7 
        9658.82      1.07032e+7 
        9678.08      1.06502e+7 
        9697.34      1.05951e+7 
        9735.86      1.04801e+7 
         9812.9      1.02385e+7 
        9827.06      1.01921e+7 
        9889.94      9.97773e+6 
        9921.38      9.85417e+6 
        9952.82      9.71764e+6 
        9968.54      9.64054e+6 
        9984.26       9.5538e+6 
        9999.98      9.45019e+6 
        10015.7      9.32252e+6 
        10031.4      9.15407e+6 
        10044.9      8.97019e+6 
          10056      8.96054e+6 
        10069.4      9.06302e+6 
        10087.1      9.14483e+6 
        10104.9      9.18357e+6 
        10122.7      9.19428e+6 
        10140.5      9.18558e+6 
        10158.3      9.17028e+6 
        10193.8      9.11791e+6 
        10221.6      9.06711e+6 
        10237.2      9.03487e+6 
        10252.8      9.00142e+6 
        10283.9       8.9323e+6 
        10346.2      8.78546e+6 
        10408.5      8.63602e+6 
        10470.8      8.47639e+6 
        10533.2      8.32453e+6 
        10595.5      8.17402e+6 
        10657.8      8.01464e+6 
        10720.1      7.84138e+6 
        10751.2      7.74478e+6 
        10782.4      7.64029e+6 
        10813.5      7.51761e+6 
        10829.1      7.45274e+6 
        10844.7       7.3764e+6 
        10860.3       7.2895e+6 
        10875.9      7.18467e+6 
        10891.4      7.05523e+6 
          10907      6.87409e+6 
        10918.7      6.68748e+6 
        10930.3       6.4151e+6 
        10940.5      6.21416e+6 
        10952.6       6.5139e+6 
        10964.2      6.68185e+6 
        10975.9      6.79947e+6 
        10991.4      6.89435e+6 
        11014.6      6.97104e+6 
        11030.1      6.99526e+6 
        11045.6      7.00933e+6 
        11061.1      7.01125e+6 
        11076.6      7.01109e+6 
        11107.6       6.9952e+6 
        11138.6      6.96544e+6 
        11200.6      6.88722e+6 
        11260.9      6.79297e+6 
        11321.2      6.69238e+6 
        11381.5      6.58955e+6 
        11441.8      6.49389e+6 
        11502.2         6.39e+6 
        11562.5      6.28812e+6 
        11622.8      6.18818e+6 
        11683.1      6.09013e+6 
        11743.4      5.99397e+6 
        11803.7      5.89966e+6 
          11864      5.80714e+6 
        11924.3      5.71635e+6 
        11984.6      5.62728e+6 
          12045       5.5337e+6 
        12105.3      5.44655e+6 
        12165.6      5.36047e+6 
        12225.9      5.27514e+6 
        12284.6      5.19227e+6 
        12343.4      5.10942e+6 
        12402.1      5.02488e+6 
        12460.9      4.93708e+6 
        12519.6      4.84261e+6 
        12578.4      4.73736e+6 
        12607.7      4.67701e+6 
        12637.1      4.61019e+6 
        12666.5      4.53341e+6 
        12681.2      4.48877e+6 
        12695.8       4.4392e+6 
        12710.5      4.38554e+6 
        12725.2       4.3207e+6 
        12739.9      4.24376e+6 
        12754.6      4.15183e+6 
        12769.3      4.03192e+6 
          12784      3.87189e+6 
          12795      3.70925e+6 
          12806      3.50071e+6 
        12816.3      3.32142e+6 
        12828.8      3.43964e+6 
        12841.6      3.65546e+6 
        12854.4      3.81125e+6 
        12867.2      3.92426e+6 
          12880      4.00383e+6 
        12892.8      4.06117e+6 
          12912      4.12215e+6 
        12924.8       4.1507e+6 
        12937.6      4.17031e+6 
        12950.4      4.18567e+6 
          12976      4.20581e+6 
        13001.6      4.21303e+6 
        13027.2      4.21303e+6 
        13052.8      4.20797e+6 
        13078.3      4.19808e+6 
        13129.5      4.16936e+6 
        13180.7      4.13364e+6 
        13231.9      4.09299e+6 
        13257.8      4.07128e+6 
        13283.1      4.04967e+6 
        13308.4      4.02765e+6 
        13358.9      3.98332e+6 
        13409.4      3.93852e+6 
        13459.9      3.89356e+6 
        13510.4      3.84877e+6 
          13561      3.80425e+6 
        13611.5      3.76014e+6 
          13662       3.7199e+6 
        13712.5      3.67626e+6 
          13763      3.63322e+6 
        13813.6      3.59081e+6 
        13864.1      3.54899e+6 
        13914.6      3.50778e+6 
        13965.1      3.46716e+6 
        14015.7      3.42719e+6 
        14066.2      3.38786e+6 
        14116.7      3.34903e+6 
        14167.2      3.31077e+6 
        14217.8      3.27304e+6 
        14268.3      3.23581e+6 
        14305.5       3.2087e+6 
        14318.8      3.19908e+6 
        14332.1      3.18953e+6 
        14358.6      3.17037e+6 
        14411.7      3.13246e+6 
        14457.6      3.10013e+6 
        14515.7      3.05978e+6 
        14549.5      3.03663e+6 
        14581.2      3.01504e+6 
        14597.2      3.00418e+6 
        14613.2      2.99335e+6 
        14645.2      2.97183e+6 
        14709.2      2.92936e+6 
        14773.2      2.88763e+6 
        14837.1      2.84662e+6 
        14901.1      2.80631e+6 
        14965.1      2.76671e+6 
        15029.1      2.72778e+6 
        15093.1      2.68952e+6 
        15157.1      2.65192e+6 
          15221      2.61495e+6 
          15285      2.57861e+6 
          15349      2.54289e+6 
          15413      2.50778e+6 
        15471.6      2.47614e+6 
        15482.4      2.47036e+6 
        15493.1      2.46445e+6 
        15514.7      2.45268e+6 
        15557.9      2.42934e+6 
        15644.2      2.38349e+6 
        15730.5       2.3387e+6 
        15816.8      2.29495e+6 
        15903.1       2.2522e+6 
        15989.4      2.21043e+6 
        16075.8      2.16962e+6 
        16162.1      2.12974e+6 
        16248.4      2.09076e+6 
        16289.9      2.07234e+6 
        16334.7      2.05267e+6 
        16379.5      2.03322e+6 
        16469.1      1.99349e+6 
        16558.8      1.95472e+6 
        16648.4      1.91688e+6 
          16738      1.87995e+6 
        16827.7      1.84389e+6 
        16917.3       1.8087e+6 
        17006.9      1.77433e+6 
        17096.6      1.74077e+6 
        17186.2      1.70799e+6 
        17275.8      1.67598e+6 
        17327.7      1.65779e+6 
        17365.5      1.64471e+6 
        17403.2      1.63174e+6 
        17478.8      1.60632e+6 
        17554.3       1.5814e+6 
        17629.9      1.55695e+6 
        17705.4      1.53297e+6 
          17781      1.50944e+6 
        17856.5      1.48637e+6 
        17894.3      1.47499e+6 
        17913.2      1.46935e+6 
        17932.1      1.46373e+6 
        17946.2      1.45953e+6 
        17956.3      1.44849e+6 
        17966.3      1.44531e+6 
        17976.3      1.44215e+6 
        17986.4      1.43899e+6 
        17996.4      1.43583e+6 
        18006.4      1.43266e+6 
        18016.8       1.4294e+6 
        18045.1      1.42045e+6 
        18082.9      1.40846e+6 
        18158.4      1.38422e+6 
          18234      1.35923e+6 
        18309.5      1.33285e+6 
        18343.2      1.32039e+6 
        18385.1      1.30398e+6 
          18427      1.28638e+6 
        18468.9      1.26696e+6 
        18510.8      1.24489e+6 
        18531.7      1.23246e+6 
        18552.7      1.21874e+6 
        18573.6      1.20369e+6 
        18594.6      1.18648e+6 
        18615.5       1.1663e+6 
        18636.5      1.14306e+6 
        18646.9      1.12959e+6 
        18657.4      1.11464e+6 
        18667.9      1.09849e+6 
        18678.4      1.07984e+6 
        18688.8      1.05883e+6 
        18699.3      1.03562e+6 
        18709.8      1.00962e+6 
        18720.3          981446 
        18730.7          950932 
        18741.2          916022 
        18751.3          835177 
        18761.3          912187 
        18781.1          964987 
          18801      1.00806e+6 
        18820.8      1.04265e+6 
        18840.6      1.06871e+6 
        18860.4      1.08797e+6 
        18880.2      1.10212e+6 
          18900      1.11301e+6 
        18919.8      1.12108e+6 
        18939.7      1.12679e+6 
        18959.5       1.1309e+6 
        18999.1      1.13553e+6 
        19038.7      1.13663e+6 
        19078.4      1.13537e+6 
          19118      1.13243e+6 
        19197.2      1.12322e+6 
        19276.5      1.11138e+6 
        19355.8      1.09807e+6 
        19419.4       1.0868e+6 
          19435      1.08398e+6 
        19450.7      1.08114e+6 
          19482      1.07542e+6 
        19544.5       1.0639e+6 
        19607.1      1.05634e+6 
        19669.7      1.04406e+6 
        19732.3      1.03197e+6 
        19794.9      1.02004e+6 
        19857.5      1.00829e+6 
          19920          996711 
        19982.6          985291 
        20045.2          974035 
        20107.8          962936 
        20170.4          951997 
          20233          941212 
        20295.5          930574 
        20358.1          920091 
        20420.7          909752 
        20474.4          900996 
        20528.1          892329 
        20581.8          883765 
        20635.5          875304 
        20689.2          866941 
        20742.9          858679 
        20796.5          850517 
        20850.2          842446 
        20903.9          834473 
        20957.6          826594 
        21011.3          818809 
          21065          811112 
        21118.7          803503 
        21172.4          795985 
        21226.1          788555 
        21279.8          781210 
        21333.5          773950 
        21387.2          766775 
        21440.8          759681 
        21494.5          752669 
        21548.2          745736 
        21573.2          742534 
        21601.9          738884 
        21630.6          735252 
          21688          728042 
        21745.4          720920 
        21802.8          713886 
        21860.2          706934 
        21917.6          700066 
          21975          693284 
        22032.4          686579 
        22089.7          679957 
        22147.1          673416 
        22204.5          666951 
        22261.9          660561 
        22319.3          654249 
        22376.7          648010 
        22434.1          641846 
        22491.5          635755 
        22548.9          629735 
        22606.3          623788 
        22663.7          617907 
          22721          612092 
          22770          607185 
        22784.8          605712 
        22800.8          604122 
        22816.8          602535 
        22848.8          599381 
        22912.8          593130 
        22976.8          586963 
        23040.8          580871 
        23104.8          574861 
        23168.7          568927 
        23232.7          563068 
        23296.7          557284 
        23360.7          551573 
        23424.7          545933 
        23488.6          540367 
        23552.6          534872 
        23616.6          529443 
        23680.6          524084 
        23744.6          518790 
        23808.6          513566 
        23872.5          508404 
        23936.5          503305 
        24000.5          498272 
        24064.5          493299 
        24128.5          488389 
        24192.5          483541 
        24256.4          478750 
        24320.4          474019 
        24384.4          469345 
        24448.4          464730 
        24512.4          460171 
        24576.3          455666 
        24640.3          451214 
        24704.3          446819 
        24768.3          442474 
        24832.3          438186 
        24896.3          433945 
        24960.2          429757 
        25004.4          426892 
        25024.2          425620 
          25044          424347 
        25083.6          421831 
        25162.8          416855 
        25241.9          411951 
        25321.1          407116 
        25400.2          402353 
        25479.4          397660 
        25558.5          393032 
        25637.7          388470 
        25716.9          383978 
          25796          379545 
        25875.2          375178 
        25954.3          370874 
        26033.5          366627 
        26112.7          362442 
        26191.8          358317 
          26271          354252 
        26350.1          350240 
        26429.3          346285 
        26508.4          342386 
        26587.6          338541 
        26666.8          334749 
        26745.9          331011 
        26825.1          327326 
        26904.2          323688 
        26983.4          320103 
        27062.6          316563 
        27141.7          313075 
        27220.9          309633 
        27299.2          306274 
        27377.5          302944 
        27455.8          299660 
        27534.2          296420 
        27612.5          293222 
        27690.8          290068 
        27769.1          286956 
        27847.5          283885 
        27925.8          280855 
        28004.1          277864 
        28082.4          274914 
        28160.8          272001 
        28239.1          269128 
        28317.4          266291 
        28395.7          263492 
          28474          260730 
        28552.4          258003 
        28630.7          255311 
          28709          252655 
        28787.3          250032 
        28865.7          247444 
          28944          244890 
        29022.3          242372 
        29100.6          239885 
          29179          237431 
        29257.3          235008 
        29335.6          232616 
        29413.9          230254 
        29492.3          227921 
        29570.6          225619 
        29648.9          223345 
        29727.2          221099 
        29805.5          218882 
        29883.9          216693 
        29932.6          215344 
        29962.2          214530 
        29991.8          213720 
