# Koester WD models
# teff = 9250 K (value for the effective temperature for the model. Temperatures are given in K)
# logg = 9 log(cm/s2) (value for Log(G) for the model.)
#
# column 1: WAVELENGTH (ANGSTROM), Wavelength in Angstrom
# column 2: FLUX (ERG/CM2/S/A), Flux in erg/cm2/s/A
         899.23         121.527 
        909.241         150.817 
        919.251         372.395 
        929.261         607.666 
        939.271         1994.67 
         949.28          375.09 
        959.289          5416.2 
        969.297         3857.81 
        979.305         6649.81 
        989.312         11191.9 
        999.319         16508.1 
        1009.33         14371.2 
        1019.33         10320.4 
        1029.34         10331.4 
        1039.34         21181.9 
        1049.35         34245.6 
        1059.36         39983.7 
        1069.36         67060.8 
        1079.36         74377.8 
        1089.37          145923 
        1099.37          162194 
        1109.38          159131 
        1119.38          166507 
        1129.38          165220 
        1139.39          151395 
        1149.39          126641 
        1159.39          105221 
        1169.39         90218.7 
         1179.4         79998.5 
         1189.4         79373.9 
         1199.4         82263.2 
         1209.4         72285.8 
        1219.41         71744.9 
        1229.41          116619 
        1239.41          139672 
        1249.41          156630 
        1259.41          176598 
        1269.41          204375 
        1279.42          239188 
        1289.42          272140 
        1299.42          304234 
        1309.42          339927 
        1319.42          371418 
        1329.42          406054 
        1339.42          444582 
        1349.42          483557 
        1359.42          519544 
        1369.42          557765 
        1379.42          601543 
        1389.42          649936 
        1399.42          690824 
        1409.42          730112 
        1419.42          771622 
        1429.42          830854 
        1439.42          898225 
        1450.67          969794 
        1461.92          998719 
        1472.88      1.03169e+6 
        1484.42      1.07688e+6 
        1494.42      1.14231e+6 
        1509.42      1.29314e+6 
        1524.42      1.42816e+6 
        1536.92       1.4913e+6 
        1549.42      1.46551e+6 
        1559.42      1.47205e+6 
        1570.19      1.50512e+6 
        1584.41      1.55274e+6 
        1596.91      1.62225e+6 
        1609.41      1.74229e+6 
        1621.91      1.94588e+6 
        1634.41      2.29173e+6 
        1645.66      2.85678e+6 
        1656.28      4.09481e+6 
        1666.91      7.02642e+6 
        1677.51      1.19094e+7 
        1687.61      1.76434e+7 
         1699.4       2.5078e+7 
        1711.82      3.21869e+7 
        1724.06      3.76008e+7 
         1734.4      4.12915e+7 
        1746.89      4.49703e+7 
        1759.39      4.73187e+7 
         1771.7      4.89083e+7 
        1781.89      5.03805e+7 
        1794.39      5.25522e+7 
        1809.39      5.43005e+7 
           1824      5.59948e+7 
        1834.77       5.7248e+7 
        1845.54      5.84858e+7 
         1856.3      6.03472e+7 
        1867.07      6.18033e+7 
        1888.59      6.41099e+7 
        1906.98      6.60385e+7 
        1919.37      6.73124e+7 
        1931.76      6.87355e+7 
        1944.14      7.05247e+7 
        1956.86      7.18567e+7 
        1968.59      7.29239e+7 
        1980.32      7.39723e+7 
        2003.78      7.59992e+7 
        2017.81       7.7171e+7 
        2031.84      7.89262e+7 
        2045.88      7.99856e+7 
        2066.82      8.14954e+7 
        2080.57      8.24414e+7 
        2094.33      8.33559e+7 
        2116.25      8.47498e+7 
        2154.72      8.73356e+7 
        2165.47      8.78999e+7 
        2176.23      8.84405e+7 
        2197.74      8.94751e+7 
         2214.7       9.0247e+7 
        2233.29      9.10405e+7 
         2248.6      9.16604e+7 
        2263.91      9.23946e+7 
        2275.94      9.29861e+7 
        2294.54      9.36041e+7 
        2313.13      9.41827e+7 
        2338.29      9.48802e+7 
        2350.32      9.51893e+7 
        2362.35      9.54834e+7 
        2386.41      9.60146e+7 
        2409.27      9.64651e+7 
        2453.79      9.72879e+7 
        2465.18       9.7428e+7 
        2491.51      9.77042e+7 
        2510.01      9.79725e+7 
        2534.82      9.81267e+7 
        2547.03      9.81855e+7 
        2559.23      9.82332e+7 
        2583.64      9.82916e+7 
        2607.26      9.83884e+7 
        2632.46      9.83626e+7 
        2657.67      9.82766e+7 
        2708.09      9.79593e+7 
        2756.11      9.75336e+7 
        2849.76      9.63844e+7 
         2868.9      9.60853e+7 
        2888.04      9.57715e+7 
        2899.64      9.55748e+7 
        2926.31      9.51061e+7 
        2952.98      9.46147e+7 
        3006.33      9.35532e+7 
        3051.42      9.26006e+7 
        3133.36      9.07628e+7 
        3149.86      9.03711e+7 
        3166.35       8.9973e+7 
        3199.34       8.9165e+7 
        3248.29      8.79404e+7 
        3345.68      8.54161e+7 
        3362.55      8.49694e+7 
        3379.42      8.45205e+7 
        3413.17      8.36169e+7 
        3445.17       8.2759e+7 
        3474.71      8.19635e+7 
        3495.92      8.13902e+7 
        3509.16      8.10302e+7 
         3543.6      8.00918e+7 
        3591.28      7.87883e+7 
        3635.88      7.75647e+7 
        3647.12      7.72552e+7 
        3658.96      7.69316e+7 
        3671.11      7.65942e+7 
        3682.58      7.62794e+7 
         3693.5      7.59794e+7 
        3703.57      7.57011e+7 
        3713.83      7.54221e+7 
        3724.38      7.51346e+7 
        3734.43       7.4812e+7 
        3744.62      7.45883e+7 
        3754.84      7.43342e+7 
        3765.07      7.39933e+7 
         3775.5      7.37621e+7 
        3786.22      7.37338e+7 
        3796.45      7.22463e+7 
        3807.84      7.34445e+7 
        3818.92      7.34325e+7 
        3830.45      7.12007e+7 
        3840.76      7.13135e+7 
        3851.98      7.34658e+7 
        3862.01      7.35934e+7 
        3872.59       7.2404e+7 
        3883.67      6.76567e+7 
        3893.94      6.70359e+7 
        3904.25      7.22039e+7 
        3915.94      7.40128e+7 
        3928.22      7.42267e+7 
        3938.89      7.33879e+7 
        3950.65      7.06789e+7 
        3961.77      6.40074e+7 
        3972.06      5.37677e+7 
        3982.23      6.68069e+7 
        3993.53       7.1716e+7 
        4003.87      7.37234e+7 
        4018.86      7.46911e+7 
        4032.38      7.47152e+7 
        4043.86       7.4315e+7 
        4058.85      7.28721e+7 
        4071.35      7.01298e+7 
        4082.28      6.57771e+7 
        4093.57      5.56448e+7 
         4103.6      4.08995e+7 
        4113.77      5.96921e+7 
        4123.84      6.62505e+7 
           4134      6.95348e+7 
        4146.66      7.17866e+7 
        4158.83      7.27009e+7 
        4173.82      7.30335e+7 
        4188.82      7.29962e+7 
        4203.81      7.27857e+7 
        4216.52      7.25224e+7 
        4228.81      7.21954e+7 
        4243.81      7.16792e+7 
         4258.8      7.09513e+7 
         4273.8      6.98348e+7 
        4288.79      6.80158e+7 
        4303.79      6.50269e+7 
        4314.07      6.16418e+7 
        4324.82      5.54387e+7 
        4334.92      4.18482e+7 
        4345.11      3.92357e+7 
        4356.08      5.46628e+7 
        4368.77      6.11385e+7 
        4378.97      6.37555e+7 
        4389.17      6.52842e+7 
        4399.96      6.63046e+7 
        4412.56       6.6898e+7 
        4423.76      6.71088e+7 
        4434.35      6.71333e+7 
        4444.95      6.70532e+7 
        4457.55      6.68779e+7 
        4468.74      6.66784e+7 
        4479.36      6.64645e+7 
        4489.99       6.6237e+7 
        4503.58      6.59766e+7 
        4513.73        6.574e+7 
        4524.16      6.54922e+7 
        4534.49      6.52427e+7 
        4548.72      6.48946e+7 
        4563.72       6.4523e+7 
        4578.72      6.41479e+7 
        4593.71      6.37693e+7 
         4604.8      6.34903e+7 
         4618.7      6.31347e+7 
         4633.7      6.27473e+7 
         4648.7      6.23553e+7 
        4663.69      6.19566e+7 
        4678.69      6.15435e+7 
        4693.69       6.1114e+7 
        4708.68      6.06572e+7 
        4720.98      6.02539e+7 
        4733.68      5.97974e+7 
        4748.67      5.91945e+7 
        4763.67      5.84851e+7 
        4778.66      5.75961e+7 
        4793.66      5.64057e+7 
        4808.65      5.47036e+7 
        4823.65      5.20738e+7 
        4834.97      4.87924e+7 
        4845.43      4.34542e+7 
        4855.74      3.23587e+7 
        4866.13      3.08442e+7 
        4876.52      4.23678e+7 
        4887.18      4.76539e+7 
        4897.46      5.03346e+7 
        4908.63      5.20106e+7 
         4921.7      5.31529e+7 
        4933.62      5.37266e+7 
        4948.62      5.40775e+7 
        4963.61      5.41743e+7 
        4978.61      5.41246e+7 
        4993.61      5.39867e+7 
         5008.6      5.37897e+7 
         5023.6      5.35516e+7 
        5038.59      5.32868e+7 
        5053.59      5.30059e+7 
        5068.59      5.27137e+7 
        5083.58      5.24156e+7 
        5098.58      5.21143e+7 
        5113.57      5.18111e+7 
        5128.57       5.1507e+7 
        5143.57      5.12029e+7 
        5158.56      5.08991e+7 
        5173.56       5.0596e+7 
        5188.55      5.02938e+7 
        5203.55      4.99928e+7 
        5218.55      4.96931e+7 
        5233.54      4.93946e+7 
        5248.54      4.90974e+7 
        5263.53      4.88021e+7 
        5278.53      4.85081e+7 
        5293.52      4.82156e+7 
        5308.52       4.7925e+7 
        5323.52       4.7636e+7 
        5338.51      4.73488e+7 
        5353.51      4.70629e+7 
        5368.51      4.67896e+7 
         5383.5      4.65066e+7 
         5398.5      4.62254e+7 
        5413.49      4.59458e+7 
        5428.49      4.56681e+7 
        5443.48      4.53922e+7 
        5458.48       4.5118e+7 
        5473.48      4.48456e+7 
        5488.47      4.45748e+7 
        5503.47      4.43059e+7 
        5518.47      4.40385e+7 
        5533.46      4.37734e+7 
        5548.46      4.35095e+7 
        5563.45      4.32475e+7 
        5578.45       4.2987e+7 
        5593.44      4.27282e+7 
        5608.44      4.24712e+7 
        5623.44      4.22158e+7 
        5638.43      4.19619e+7 
        5653.43      4.17097e+7 
        5668.43      4.14844e+7 
        5682.86      4.12441e+7 
        5693.42      4.10694e+7 
        5704.77      4.08822e+7 
        5715.23      4.07106e+7 
        5728.41      4.04958e+7 
         5743.4      4.02526e+7 
         5758.4      4.00113e+7 
         5773.4      3.97459e+7 
        5788.39      3.95068e+7 
        5803.39      3.92693e+7 
        5818.39      3.90333e+7 
        5833.38       3.8799e+7 
        5848.38      3.85662e+7 
        5863.37      3.83347e+7 
        5878.37       3.8105e+7 
        5893.36      3.78766e+7 
        5908.36      3.76495e+7 
        5923.36      3.74239e+7 
        5938.35      3.71996e+7 
        5953.35      3.69765e+7 
        5968.34      3.67551e+7 
        5983.34      3.65348e+7 
        5998.34      3.63162e+7 
        6013.33      3.60985e+7 
        6028.33       3.5882e+7 
        6043.32      3.56668e+7 
        6058.32      3.54529e+7 
        6073.32      3.52399e+7 
        6088.31      3.50275e+7 
        6103.31      3.48164e+7 
         6118.3      3.46062e+7 
         6133.3      3.43967e+7 
         6148.3      3.41878e+7 
        6163.29      3.39798e+7 
        6178.29      3.37721e+7 
        6193.28      3.35648e+7 
        6208.28      3.33574e+7 
        6223.28      3.31501e+7 
        6238.27      3.29424e+7 
        6252.16      3.27495e+7 
        6262.16      3.26107e+7 
        6273.26      3.24561e+7 
        6284.63      3.22968e+7 
        6295.99      3.21363e+7 
        6306.09       3.1993e+7 
        6316.22      3.18476e+7 
        6328.25      3.16729e+7 
        6343.24      3.14505e+7 
        6358.24      3.12217e+7 
        6373.23      3.09842e+7 
        6388.23      3.07351e+7 
        6403.23      3.04696e+7 
        6418.22      3.01815e+7 
        6433.22      2.98616e+7 
        6448.22      2.94948e+7 
        6463.21        2.906e+7 
        6478.21      2.85281e+7 
         6493.2       2.7845e+7 
         6508.2      2.69116e+7 
        6523.19      2.55283e+7 
        6537.09      2.34789e+7 
        6548.06      2.08027e+7 
        6558.19      1.73062e+7 
        6569.28      1.79186e+7 
        6579.79      2.11699e+7 
        6590.04      2.32904e+7 
        6600.76       2.4649e+7 
        6613.66      2.56529e+7 
        6623.98      2.61665e+7 
         6634.3      2.65133e+7 
        6644.62      2.67492e+7 
        6654.94      2.69073e+7 
        6665.26      2.70076e+7 
        6675.58      2.70648e+7 
        6696.23      2.70884e+7 
        6711.48      2.70525e+7 
        6741.98      2.69023e+7 
        6772.48      2.66917e+7 
        6802.98      2.64495e+7 
        6824.78      2.62652e+7 
        6868.37      2.58836e+7 
        6955.56      2.51006e+7 
        6976.35      2.49134e+7 
        7042.75      2.43203e+7 
        7109.15      2.37375e+7 
        7175.54      2.31702e+7 
        7241.94       2.2617e+7 
        7308.33      2.20782e+7 
        7355.95      2.17007e+7 
        7374.73      2.15616e+7 
        7393.51      2.14153e+7 
        7431.08      2.11274e+7 
        7506.22      2.05649e+7 
        7581.35      2.00198e+7 
         7635.1      1.96402e+7 
        7656.49      1.94915e+7 
        7677.88       1.9344e+7 
        7720.67      1.90543e+7 
        7806.23      1.84897e+7 
        7821.36       1.8392e+7 
         7891.8      1.79447e+7 
        7962.25      1.75101e+7 
        7982.84      1.73858e+7 
        8032.69       1.7089e+7 
        8082.55      1.67981e+7 
        8161.68      1.63491e+7 
        8182.26      1.62346e+7 
        8200.85       1.6132e+7 
        8216.85      1.60445e+7 
        8232.84      1.59576e+7 
        8264.83      1.57854e+7 
        8289.72       1.5653e+7 
        8328.82      1.54476e+7 
        8343.44      1.53715e+7 
        8367.92      1.52453e+7 
        8388.68      1.51394e+7 
        8408.65      1.50384e+7 
        8432.02      1.49212e+7 
        8467.25      1.47465e+7 
        8502.48      1.45742e+7 
        8516.58      1.45059e+7 
        8530.98      1.44365e+7 
        8545.38       1.4368e+7 
        8574.18      1.42323e+7 
        8598.39       1.4119e+7 
         8628.6      1.39798e+7 
        8646.81       1.3896e+7 
        8665.01      1.38125e+7 
        8685.59      1.37205e+7 
        8701.43      1.36497e+7 
        8750.47      1.34285e+7 
        8767.92       1.3354e+7 
        8815.35      1.31496e+7 
        8862.78      1.29425e+7 
        8900.38      1.27975e+7 
        8957.65      1.25645e+7 
        8986.28      1.24402e+7 
        9014.91      1.23103e+7 
        9043.54      1.22168e+7 
        9072.17       1.2118e+7 
        9099.72      1.20166e+7 
        9154.81      1.18052e+7 
         9190.8       1.1651e+7 
         9209.9      1.15571e+7 
        9229.01        1.146e+7 
        9248.11      1.14174e+7 
        9267.22      1.13766e+7 
         9303.2      1.12771e+7 
        9343.64       1.1148e+7 
        9384.08       1.1011e+7 
        9424.52      1.08693e+7 
        9464.96      1.07175e+7 
        9485.18      1.06333e+7 
         9505.4      1.05354e+7 
        9525.62       1.0405e+7 
        9545.72      1.02411e+7 
        9561.21       1.0262e+7 
        9576.69        1.028e+7 
        9592.17      1.02726e+7 
        9607.66      1.02492e+7 
        9638.63      1.01817e+7 
        9668.45      1.01063e+7 
         9728.1      9.94141e+6 
        9787.75      9.76866e+6 
         9847.4      9.59204e+6 
        9861.28      9.54849e+6 
        9907.05      9.39688e+6 
        9929.93      9.31473e+6 
        9952.82      9.22585e+6 
         9975.7      9.12699e+6 
        9987.15      9.07022e+6 
        9998.59      9.00669e+6 
          10010      8.93136e+6 
        10021.5      8.83994e+6 
        10032.9      8.72565e+6 
        10044.4      8.58299e+6 
        10054.4      8.55497e+6 
        10064.4      8.62443e+6 
        10074.4      8.67698e+6 
        10084.4      8.71182e+6 
        10094.4      8.73199e+6 
        10114.4      8.74453e+6 
        10134.5      8.73416e+6 
        10154.5      8.71305e+6 
        10194.5       8.6505e+6 
          10232      8.57931e+6 
        10242.4      8.55757e+6 
        10252.9      8.53574e+6 
        10273.8      8.49135e+6 
        10315.6      8.39877e+6 
        10399.3      8.20992e+6 
        10482.9      8.01398e+6 
        10566.6      7.82652e+6 
        10650.2      7.63247e+6 
        10692.1      7.53077e+6 
        10733.9      7.42091e+6 
        10775.7      7.30175e+6 
        10796.6      7.23455e+6 
        10817.5      7.16076e+6 
        10838.5      7.08005e+6 
        10859.4       6.9825e+6 
        10869.8      6.92715e+6 
        10880.3      6.85964e+6 
        10890.7      6.78471e+6 
        10901.2      6.68707e+6 
        10911.7      6.56301e+6 
        10922.1      6.39801e+6 
        10932.6      6.15017e+6 
        10942.9      6.08702e+6 
        10954.3      6.32098e+6 
        10965.3      6.45481e+6 
        10976.4      6.54545e+6 
        10992.9      6.62546e+6 
        11003.9      6.65766e+6 
          11015      6.67736e+6 
          11037      6.69747e+6 
        11059.1      6.69828e+6 
        11081.2      6.69059e+6 
        11125.3      6.65345e+6 
        11166.2      6.60536e+6 
        11213.6       6.5386e+6 
        11260.9      6.46559e+6 
        11355.6      6.31413e+6 
        11450.3      6.16685e+6 
          11545      6.01533e+6 
        11639.7      5.86824e+6 
        11734.4      5.72546e+6 
          11829      5.58685e+6 
        11923.7      5.45223e+6 
        12018.4      5.31727e+6 
        12113.1      5.18875e+6 
          12131      5.16484e+6 
        12207.8      5.06277e+6 
        12284.6      4.96161e+6 
        12361.5      4.86114e+6 
        12438.3      4.75813e+6 
        12515.1      4.64817e+6 
        12553.5      4.58855e+6 
        12591.9      4.52308e+6 
        12630.4       4.4485e+6 
        12649.6      4.40703e+6 
        12668.8      4.36059e+6 
          12688      4.30747e+6 
        12707.2      4.24762e+6 
        12726.4       4.1737e+6 
        12745.6      4.08269e+6 
        12764.8       3.9579e+6 
        12779.2      3.82922e+6 
        12793.6      3.64566e+6 
          12808      3.37215e+6 
        12818.1      3.28287e+6 
        12829.9      3.37464e+6 
        12842.6      3.58013e+6 
        12855.3      3.72194e+6 
        12867.9      3.82065e+6 
        12884.8      3.90802e+6 
        12901.7      3.96306e+6 
        12918.6      4.00116e+6 
        12935.5      4.02523e+6 
        12952.4      4.04094e+6 
        12969.3      4.05112e+6 
          13003      4.05699e+6 
        13036.8      4.05177e+6 
        13070.6      4.03896e+6 
        13104.4      4.02064e+6 
        13138.2      3.99887e+6 
        13205.7      3.94926e+6 
        13238.2      3.92332e+6 
        13273.3      3.89451e+6 
        13308.4      3.86507e+6 
        13378.5      3.80604e+6 
        13448.7      3.74666e+6 
        13518.9      3.68763e+6 
          13589      3.62926e+6 
        13659.2       3.5745e+6 
        13729.4      3.51745e+6 
        13799.6       3.4615e+6 
        13869.7      3.40662e+6 
        13939.9      3.35277e+6 
        14010.1      3.29996e+6 
        14080.3      3.24816e+6 
        14150.4      3.19732e+6 
        14220.6      3.14747e+6 
        14249.5      3.12721e+6 
        14290.8      3.09855e+6 
        14332.1       3.0702e+6 
        14371.6      3.04317e+6 
        14414.6      3.01413e+6 
        14457.6      2.98542e+6 
        14504.1      2.95476e+6 
        14543.6      2.92895e+6 
        14581.2       2.9047e+6 
        14597.2       2.8944e+6 
        14613.2      2.88413e+6 
        14645.2      2.86372e+6 
        14709.2      2.82342e+6 
        14773.2       2.7838e+6 
        14837.1      2.74487e+6 
        14901.1      2.70659e+6 
        14965.1      2.66897e+6 
        15029.1      2.63201e+6 
        15093.1      2.59569e+6 
        15157.1      2.55997e+6 
          15221      2.52485e+6 
          15285      2.49031e+6 
          15349      2.45635e+6 
          15413      2.42294e+6 
        15471.6      2.39284e+6 
        15482.4      2.38734e+6 
        15493.1       2.3817e+6 
        15514.7      2.37046e+6 
        15557.9      2.34817e+6 
        15644.2      2.30436e+6 
        15730.5      2.26156e+6 
        15816.8      2.21973e+6 
        15903.1      2.17885e+6 
        15989.4       2.1389e+6 
        16075.8      2.09985e+6 
        16162.1      2.06167e+6 
        16248.4      2.02435e+6 
        16289.9       2.0067e+6 
        16334.7      1.98786e+6 
        16379.5      1.96924e+6 
        16469.1      1.93087e+6 
        16558.8      1.89342e+6 
        16648.4      1.85687e+6 
          16738      1.82119e+6 
        16827.7      1.78636e+6 
        16917.3      1.75235e+6 
        17006.9      1.71914e+6 
        17096.6      1.68671e+6 
        17186.2      1.65503e+6 
        17275.8       1.6241e+6 
        17327.7      1.60652e+6 
        17365.5      1.59387e+6 
        17403.2      1.58134e+6 
        17478.8      1.55676e+6 
        17554.3      1.53266e+6 
        17629.9      1.50901e+6 
        17705.4      1.48581e+6 
          17781      1.46306e+6 
        17856.5      1.44074e+6 
        17894.3      1.42973e+6 
        17913.2      1.42427e+6 
        17932.1      1.41883e+6 
        17946.2      1.41478e+6 
        17960.4      1.40364e+6 
        17974.6      1.39936e+6 
        17988.7      1.39507e+6 
        18002.9      1.39079e+6 
        18021.8      1.38508e+6 
        18040.7      1.37936e+6 
        18078.4      1.36789e+6 
          18154      1.34477e+6 
        18229.5      1.32104e+6 
        18305.1      1.29618e+6 
        18334.3      1.28609e+6 
        18380.6      1.26929e+6 
          18427      1.25099e+6 
        18473.3      1.23064e+6 
        18519.6      1.20705e+6 
        18542.8      1.19352e+6 
        18565.9      1.17859e+6 
        18589.1      1.16164e+6 
        18612.3       1.1417e+6 
        18623.8      1.13038e+6 
        18635.4      1.11795e+6 
          18647      1.10391e+6 
        18658.6      1.08822e+6 
        18670.2      1.07067e+6 
        18681.7      1.05051e+6 
        18693.3      1.02669e+6 
        18704.9          999856 
        18716.5          968760 
        18728.1          933898 
        18739.6          893871 
        18749.7          839198 
        18761.1          882165 
        18773.9          921096 
          18793          968035 
        18805.8          994317 
        18818.6      1.01625e+6 
        18831.4      1.03389e+6 
        18844.2      1.04811e+6 
          18857      1.05986e+6 
        18869.8      1.06949e+6 
        18882.6       1.0773e+6 
        18895.4      1.08367e+6 
          18921      1.09318e+6 
        18946.6      1.09921e+6 
        18972.2      1.10305e+6 
        18997.8      1.10513e+6 
        19023.4      1.10585e+6 
          19049      1.10549e+6 
        19100.2      1.10247e+6 
        19151.3      1.09724e+6 
        19202.5      1.09058e+6 
        19253.7      1.08298e+6 
        19304.9      1.07477e+6 
        19356.1      1.06613e+6 
        19407.3      1.05722e+6 
        19450.7      1.04953e+6 
        19537.5      1.03393e+6 
        19624.2      1.02159e+6 
          19711      1.00521e+6 
        19797.8          989152 
        19884.6          973416 
        19971.4          957988 
        20058.2          942861 
          20145          928030 
        20231.8          913484 
        20318.6          899221 
        20336.3          896340 
        20405.3          885235 
        20474.4          874302 
        20543.4          863517 
        20612.5          852895 
        20681.5          842437 
        20750.6          832136 
        20819.6          821991 
        20888.7          811998 
        20957.7          802159 
        21026.8          792464 
        21095.8          782913 
        21164.9          773510 
        21233.9          764252 
          21303          755129 
          21372          746141 
        21441.1          737288 
        21510.1          728564 
        21527.7          726358 
        21579.2          719965 
        21630.6          713641 
        21682.1          707377 
        21733.5          701181 
        21784.9          695052 
        21836.4          688992 
        21887.8          682995 
        21939.2          677063 
        21990.7          671195 
        22042.1          665389 
        22093.5          659643 
          22145          653963 
        22196.4          648340 
        22247.9          642779 
        22299.3          637278 
        22350.7          631834 
        22402.2          626446 
        22453.6          621118 
          22505          615846 
        22556.5          610628 
        22607.9          605463 
        22659.4          600355 
        22710.8          595300 
        22737.6          592683 
        22762.2          590299 
        22784.8          588116 
        22800.8          586576 
        22816.8          585040 
        22848.8          581983 
        22912.8          575929 
        22976.8          569957 
        23040.8          564057 
        23104.8          558236 
        23168.7          552487 
        23232.7          546813 
        23296.7          541208 
        23360.7          535679 
        23424.7          530216 
        23488.6          524822 
        23552.6          519497 
        23616.6          514241 
        23680.6          509048 
        23744.6          503921 
        23808.6          498860 
        23872.5          493858 
        23936.5          488920 
        24000.5          484044 
        24064.5          479228 
        24128.5          474468 
        24192.5          469772 
        24256.4          465128 
        24320.4          460542 
        24384.4          456012 
        24448.4          451538 
        24512.4          447118 
        24576.3          442751 
        24640.3          438438 
        24704.3          434174 
        24768.3          429965 
        24832.3          425802 
        24896.3          421693 
        24960.2          417631 
        25004.4          414854 
        25024.2          413619 
          25044          412387 
        25083.6          409946 
        25162.8          405118 
        25241.9          400361 
        25321.1          395674 
        25400.2          391053 
        25479.4          386498 
        25558.5          382011 
        25637.7          377585 
        25716.9          373224 
          25796          368927 
        25875.2          364689 
        25954.3          360510 
        26033.5          356395 
        26112.7          352333 
        26191.8          348330 
          26271          344385 
        26350.1          340492 
        26429.3          336656 
        26508.4          332871 
        26587.6          329142 
        26666.8          325460 
        26745.9          321831 
        26825.1          318253 
        26904.2          314725 
        26983.4          311243 
        27062.6          307811 
        27141.7          304426 
        27220.9          301088 
        27299.2          297830 
        27377.5          294601 
        27455.8          291416 
        27534.2          288273 
        27612.5          285173 
        27690.8          282114 
        27769.1          279096 
        27847.5          276118 
        27925.8          273180 
        28004.1          270280 
        28082.4          267418 
        28160.8          264595 
        28239.1          261808 
        28317.4          259057 
        28395.7          256343 
          28474          253664 
        28552.4          251019 
        28630.7          248409 
          28709          245832 
        28787.3          243288 
        28865.7          240778 
          28944          238299 
        29022.3          235852 
        29100.6          233436 
          29179          231051 
        29257.3          228697 
        29335.6          226372 
        29413.9          224076 
        29492.3          221809 
        29570.6          219571 
        29648.9          217361 
        29727.2          215178 
        29805.5          213023 
        29883.9          210894 
        29932.6          209583 
        29962.2          208792 
        29991.8          208004 
