# Koester WD models
# teff = 9000 K (value for the effective temperature for the model. Temperatures are given in K)
# logg = 8.75 log(cm/s2) (value for Log(G) for the model.)
#
# column 1: WAVELENGTH (ANGSTROM), Wavelength in Angstrom
# column 2: FLUX (ERG/CM2/S/A), Flux in erg/cm2/s/A
         899.23         68.8458 
        909.241         85.9741 
        919.251         222.637 
        929.261         362.455 
        939.271         1217.13 
         949.28         220.153 
        959.289         3249.69 
        969.297         2388.34 
        979.305         4062.46 
        989.312         6809.15 
        999.319         10016.1 
        1009.33         8850.43 
        1019.33         6474.95 
        1029.34         6554.34 
        1039.34         13238.9 
        1049.35         21288.9 
        1059.36         24923.6 
        1069.36         40540.4 
        1079.36         45125.5 
        1089.37         81616.1 
        1099.37           90312 
        1109.38         89159.7 
        1119.38         94765.2 
        1129.38           95523 
        1139.39         89333.4 
        1149.39         77333.1 
        1159.39         66136.5 
        1169.39           57849 
         1179.4         52123.1 
         1189.4         52188.5 
         1199.4         54438.8 
         1209.4         48051.3 
        1219.41         47758.5 
        1229.41         78027.7 
        1239.41         93045.8 
        1249.41          104441 
        1259.41          117793 
        1269.41          136219 
        1279.42          159155 
        1289.42          180895 
        1299.42          202478 
        1309.42          226087 
        1319.42          247352 
        1329.42          271428 
        1339.42          297090 
        1349.42          323323 
        1359.42          349094 
        1369.42          376067 
        1379.42          405338 
        1389.42          438186 
        1399.42          468895 
        1409.42          497961 
        1419.42          526710 
        1429.42          565367 
        1439.42          610744 
        1450.67          663297 
        1461.92          690321 
        1472.88          715944 
        1483.27          744507 
        1494.42          794675 
        1509.42          896479 
        1524.42          994377 
        1536.92      1.04652e+6 
        1549.42      1.04017e+6 
        1559.42      1.04868e+6 
        1570.19      1.07683e+6 
        1584.41       1.1172e+6 
        1596.91      1.17075e+6 
        1609.41      1.25853e+6 
        1621.91      1.40288e+6 
        1634.41      1.64235e+6 
        1645.66      2.01662e+6 
        1656.28      2.79622e+6 
        1666.91      4.72009e+6 
        1677.51      8.13305e+6 
        1687.61      1.23905e+7 
         1699.4       1.8233e+7 
        1711.58      2.39071e+7 
        1723.13      2.81622e+7 
         1734.4      3.14901e+7 
        1746.89      3.45431e+7 
        1759.39      3.64811e+7 
         1771.7      3.78499e+7 
        1781.89      3.91094e+7 
        1794.39      4.09705e+7 
        1809.39      4.24803e+7 
           1824      4.39484e+7 
        1834.77      4.50347e+7 
        1845.54      4.61082e+7 
         1856.3       4.7718e+7 
        1867.07      4.89865e+7 
        1888.59      5.10132e+7 
        1906.98      5.27169e+7 
        1919.37      5.38469e+7 
        1931.76      5.51057e+7 
        1944.14      5.66957e+7 
        1956.86      5.78986e+7 
        1968.59      5.88631e+7 
        1980.32      5.98128e+7 
        2003.78      6.16588e+7 
        2017.81       6.2732e+7 
        2031.84      6.43213e+7 
        2045.88      6.52974e+7 
        2066.82       6.6697e+7 
        2080.57      6.75797e+7 
        2094.33      6.84368e+7 
        2116.25      6.97512e+7 
        2154.72      7.21922e+7 
        2165.47      7.27351e+7 
        2176.23      7.32585e+7 
        2197.74       7.4266e+7 
         2214.7      7.50241e+7 
        2233.29      7.58104e+7 
         2248.6      7.64296e+7 
        2263.91      7.71522e+7 
        2275.94      7.77331e+7 
        2294.54       7.8367e+7 
        2313.13      7.89674e+7 
        2338.29      7.97057e+7 
        2350.32      8.00377e+7 
        2362.35      8.03569e+7 
        2386.41       8.0946e+7 
        2409.27      8.14584e+7 
        2453.79      8.24062e+7 
        2465.18      8.25856e+7 
        2491.51      8.29582e+7 
        2510.01      8.32802e+7 
        2534.82      8.35371e+7 
        2547.03      8.36487e+7 
        2559.23      8.37498e+7 
        2583.64      8.39192e+7 
        2607.26      8.41187e+7 
        2632.46      8.42151e+7 
        2657.67      8.42566e+7 
        2708.09      8.42066e+7 
        2756.11       8.4042e+7 
        2804.13      8.37552e+7 
        2849.76      8.34206e+7 
        2868.89      8.32327e+7 
        2888.02      8.30301e+7 
        2899.57      8.29016e+7 
        2926.28      8.25871e+7 
        2952.98      8.22522e+7 
         3006.4      8.15061e+7 
        3051.42      8.08187e+7 
        3133.08      7.94619e+7 
        3149.86      7.91634e+7 
        3166.64      7.88584e+7 
         3200.2      7.82351e+7 
        3248.29      7.73121e+7 
        3342.24      7.54183e+7 
        3360.19      7.50457e+7 
        3378.14        7.467e+7 
        3414.04      7.39104e+7 
        3445.17       7.3244e+7 
        3471.23      7.26798e+7 
        3495.92      7.21416e+7 
        3507.42      7.18891e+7 
         3543.6      7.10898e+7 
        3591.28      7.00267e+7 
        3635.88      6.90233e+7 
        3647.12      6.87679e+7 
        3658.96      6.85012e+7 
        3671.11      6.82228e+7 
        3682.58      6.79627e+7 
         3693.5      6.77148e+7 
        3703.57       6.7482e+7 
        3713.83       6.7254e+7 
        3724.38      6.70193e+7 
        3734.43      6.67183e+7 
        3744.62      6.65905e+7 
        3754.84       6.6395e+7 
        3765.07      6.60966e+7 
         3775.5      6.59172e+7 
        3786.22      6.60275e+7 
        3796.45      6.41661e+7 
        3807.84      6.58704e+7 
        3818.92      6.59628e+7 
        3830.45      6.34693e+7 
        3840.76      6.36653e+7 
        3851.98      6.62147e+7 
        3862.01      6.64208e+7 
        3872.59       6.5238e+7 
        3883.67      6.01637e+7 
        3893.94      5.94832e+7 
        3904.25      6.51098e+7 
        3915.94      6.70133e+7 
        3928.22      6.72979e+7 
        3938.89      6.65666e+7 
        3950.65      6.40222e+7 
        3961.77      5.74597e+7 
        3972.06      4.63903e+7 
        3982.23      6.02595e+7 
        3992.64      6.47473e+7 
        4003.87      6.68801e+7 
        4018.86      6.77673e+7 
        4032.38      6.78081e+7 
        4043.86      6.74871e+7 
        4058.85      6.62955e+7 
        4071.35      6.39468e+7 
        4082.28      6.00883e+7 
        4093.57      5.07106e+7 
         4103.6      3.57029e+7 
        4113.77      5.45629e+7 
        4123.84      6.05237e+7 
           4134      6.33948e+7 
        4146.66       6.5281e+7 
        4158.83      6.59964e+7 
        4173.82      6.62213e+7 
        4188.82      6.61525e+7 
        4203.81      6.59505e+7 
        4216.52      6.57155e+7 
        4228.81       6.5435e+7 
        4243.81      6.50087e+7 
         4258.8      6.44265e+7 
         4273.8      6.35497e+7 
        4288.79      6.20973e+7 
        4303.79      5.96676e+7 
        4314.07      5.68214e+7 
        4324.82      5.13996e+7 
        4334.92      3.88788e+7 
        4345.11      3.63555e+7 
        4356.08      5.07386e+7 
        4368.77      5.63671e+7 
        4378.97      5.85276e+7 
        4389.17      5.97292e+7 
        4399.96      6.04911e+7 
        4412.56      6.09045e+7 
        4423.76      6.10129e+7 
        4434.35      6.09855e+7 
        4444.95      6.08806e+7 
        4457.55      6.07009e+7 
        4468.74      6.05105e+7 
        4479.36      6.03123e+7 
        4489.99      6.01046e+7 
        4503.58       5.9869e+7 
        4513.73      5.96576e+7 
        4524.16       5.9437e+7 
        4534.49      5.92162e+7 
        4548.72      5.89089e+7 
        4563.72      5.85822e+7 
        4578.72       5.8253e+7 
        4593.71      5.79222e+7 
         4604.8      5.76781e+7 
         4618.7      5.73677e+7 
         4633.7      5.70306e+7 
         4648.7      5.66904e+7 
        4663.69       5.6346e+7 
        4678.69      5.59917e+7 
        4693.69      5.56263e+7 
        4708.68      5.52421e+7 
        4720.98      5.49066e+7 
        4733.68      5.45318e+7 
        4748.67      5.40451e+7 
        4763.67      5.34778e+7 
        4778.66       5.2774e+7 
        4793.66      5.18369e+7 
        4808.65      5.04747e+7 
        4823.65       4.8323e+7 
        4834.97      4.55647e+7 
        4845.43      4.09334e+7 
        4855.74      3.05436e+7 
        4866.13      2.90081e+7 
        4876.52      3.99796e+7 
        4887.18      4.45585e+7 
        4897.46      4.67865e+7 
        4908.63      4.81292e+7 
         4921.7      4.89978e+7 
        4933.62      4.94031e+7 
        4948.62       4.9613e+7 
        4963.61      4.96299e+7 
        4978.61       4.9536e+7 
        4993.61      4.93783e+7 
         5008.6      4.91791e+7 
         5023.6      4.89507e+7 
        5038.59      4.87047e+7 
        5053.59      4.84478e+7 
        5068.59      4.81832e+7 
        5083.58      4.79146e+7 
        5098.58      4.76441e+7 
        5113.57      4.73727e+7 
        5128.57      4.71013e+7 
        5143.57      4.68298e+7 
        5158.56       4.6559e+7 
        5173.56      4.62892e+7 
        5188.55      4.60202e+7 
        5203.55      4.57523e+7 
        5218.55      4.54852e+7 
        5233.54      4.52198e+7 
        5248.54      4.49556e+7 
        5263.53      4.46926e+7 
        5278.53      4.44309e+7 
        5293.52      4.41708e+7 
        5308.52      4.39122e+7 
        5323.52      4.36549e+7 
        5338.51      4.33989e+7 
        5353.51      4.31444e+7 
        5368.51      4.28988e+7 
         5383.5      4.26468e+7 
         5398.5      4.23964e+7 
        5413.49      4.21473e+7 
        5428.49         4.19e+7 
        5443.48      4.16541e+7 
        5458.48      4.14096e+7 
        5473.48      4.11665e+7 
        5488.47      4.09252e+7 
        5503.47      4.06852e+7 
        5518.47      4.04467e+7 
        5533.46      4.02096e+7 
        5548.46      3.99743e+7 
        5563.45      3.97402e+7 
        5578.45      3.95074e+7 
        5593.44      3.92762e+7 
        5608.44      3.90465e+7 
        5623.44      3.88185e+7 
        5638.43      3.85916e+7 
        5653.43      3.83661e+7 
        5668.43       3.8155e+7 
        5682.86      3.79398e+7 
        5693.42      3.77836e+7 
        5704.77      3.76162e+7 
        5715.23      3.74625e+7 
        5728.41      3.72703e+7 
         5743.4      3.70526e+7 
         5758.4      3.68364e+7 
         5773.4       3.6603e+7 
        5788.39      3.63891e+7 
        5803.39      3.61764e+7 
        5818.39       3.5965e+7 
        5833.38      3.57548e+7 
        5848.38      3.55462e+7 
        5863.37      3.53385e+7 
        5878.37      3.51324e+7 
        5893.36      3.49276e+7 
        5908.36       3.4724e+7 
        5923.36      3.45214e+7 
        5938.35      3.43203e+7 
        5953.35      3.41202e+7 
        5968.34      3.39213e+7 
        5983.34      3.37237e+7 
        5998.34      3.35274e+7 
        6013.33       3.3332e+7 
        6028.33      3.31375e+7 
        6043.32      3.29446e+7 
        6058.32      3.27524e+7 
        6073.32       3.2561e+7 
        6088.31      3.23707e+7 
        6103.31      3.21812e+7 
         6118.3      3.19927e+7 
         6133.3      3.18049e+7 
         6148.3      3.16176e+7 
        6163.29      3.14313e+7 
        6178.29      3.12454e+7 
        6193.28        3.106e+7 
        6208.28      3.08748e+7 
        6223.28      3.06898e+7 
        6238.27      3.05046e+7 
        6252.16      3.03331e+7 
        6262.16      3.02097e+7 
        6273.26      3.00723e+7 
        6284.63      2.99312e+7 
        6295.99      2.97894e+7 
        6306.09      2.96628e+7 
        6316.22      2.95347e+7 
        6328.25       2.9381e+7 
        6343.24      2.91865e+7 
        6358.24      2.89873e+7 
        6373.23      2.87819e+7 
        6388.23      2.85678e+7 
        6403.23      2.83414e+7 
        6418.22      2.80978e+7 
        6433.22      2.78291e+7 
        6448.22       2.7523e+7 
        6463.21      2.71625e+7 
        6478.21      2.67191e+7 
         6493.2      2.61501e+7 
         6508.2      2.53675e+7 
        6523.19      2.41835e+7 
        6537.09      2.23653e+7 
        6548.06      1.98569e+7 
        6558.19      1.62531e+7 
        6569.28      1.68955e+7 
        6579.79      2.02228e+7 
        6590.04      2.21845e+7 
        6600.76      2.33764e+7 
        6613.66      2.42271e+7 
        6623.98      2.46411e+7 
         6634.3      2.49136e+7 
        6644.62      2.50905e+7 
        6654.94      2.52032e+7 
        6665.26      2.52691e+7 
        6675.58       2.5299e+7 
         6685.9      2.53024e+7 
        6701.62      2.52699e+7 
        6721.34      2.51868e+7 
         6736.2      2.51039e+7 
        6780.49      2.47991e+7 
        6824.78      2.44519e+7 
        6913.35      2.37224e+7 
        7001.93       2.2989e+7 
        7071.86        2.242e+7 
         7090.5      2.22703e+7 
        7109.15      2.21215e+7 
        7146.44      2.18284e+7 
        7221.02       2.1254e+7 
         7295.6      2.06958e+7 
        7346.84      2.03217e+7 
        7370.18      2.01596e+7 
        7393.51      1.99929e+7 
        7440.19      1.96656e+7 
        7533.55      1.90297e+7 
        7575.92      1.87491e+7 
         7626.9      1.84177e+7 
        7677.88      1.80932e+7 
        7728.86      1.77766e+7 
        7779.84      1.74664e+7 
        7830.82      1.71626e+7 
         7881.8      1.68648e+7 
        7903.32       1.6741e+7 
        7932.78      1.65731e+7 
        7962.25      1.64071e+7 
        8021.18       1.6082e+7 
        8077.68      1.57774e+7 
        8097.18      1.56739e+7 
        8108.49      1.56143e+7 
        8155.67      1.53685e+7 
        8200.85      1.51374e+7 
        8216.85      1.50566e+7 
        8232.84      1.49765e+7 
        8264.83      1.48176e+7 
        8289.72      1.46954e+7 
        8328.82      1.45057e+7 
        8343.44      1.44356e+7 
        8367.92       1.4319e+7 
        8388.68      1.42212e+7 
        8408.65      1.41279e+7 
        8432.02      1.40196e+7 
        8467.25      1.38582e+7 
        8502.48      1.36989e+7 
        8516.58      1.36357e+7 
        8530.98      1.35715e+7 
        8545.38      1.35082e+7 
        8574.18       1.3383e+7 
        8598.39       1.3278e+7 
         8628.6      1.31497e+7 
        8646.81       1.3072e+7 
        8665.01      1.29942e+7 
        8685.59      1.29098e+7 
        8701.43      1.28446e+7 
        8750.47      1.26377e+7 
        8767.92        1.257e+7 
        8815.35      1.23815e+7 
        8862.78       1.2185e+7 
        8900.38      1.20556e+7 
        8957.65      1.18402e+7 
        8986.28      1.17223e+7 
        9014.91      1.15931e+7 
        9043.54      1.15153e+7 
        9072.17      1.14269e+7 
        9099.72      1.13337e+7 
        9154.81      1.11369e+7 
         9190.8      1.09898e+7 
         9209.9      1.08956e+7 
        9229.01       1.0791e+7 
        9248.11      1.07659e+7 
        9264.99      1.07399e+7 
        9286.33      1.06922e+7 
        9324.54       1.0587e+7 
        9384.08      1.04026e+7 
        9443.63      1.02044e+7 
        9460.39      1.01437e+7 
        9481.78      1.00605e+7 
        9503.18      9.96221e+6 
        9513.87      9.90167e+6 
        9524.57      9.82624e+6 
        9535.27       9.7314e+6 
        9545.97      9.62556e+6 
        9556.66      9.66112e+6 
        9567.36      9.69489e+6 
        9586.08       9.7112e+6 
        9607.47      9.68958e+6 
        9628.87      9.65041e+6 
        9668.45      9.56087e+6 
        9708.03      9.46106e+6 
        9747.61      9.35635e+6 
        9826.78      9.13974e+6 
        9859.06      9.04983e+6 
        9905.94      8.90535e+6 
        9929.38      8.82678e+6 
        9952.82      8.74035e+6 
        9976.26      8.64362e+6 
        9987.98      8.58704e+6 
         9999.7      8.52324e+6 
        10011.4      8.44561e+6 
        10023.1      8.34693e+6 
        10034.9      8.21256e+6 
        10046.6       8.0307e+6 
        10057.7      8.07044e+6 
        10074.4      8.20615e+6 
        10085.5      8.25067e+6 
        10096.7      8.27489e+6 
        10107.8      8.28407e+6 
        10130.1      8.28212e+6 
        10152.3      8.26317e+6 
        10174.6      8.23367e+6 
        10201.1      8.19192e+6 
        10219.1      8.15991e+6 
        10237.2      8.12529e+6 
        10273.3      8.05322e+6 
        10345.5      7.90129e+6 
        10417.8       7.7477e+6 
          10490      7.58974e+6 
        10562.3      7.43882e+6 
        10634.5      7.28444e+6 
        10706.8       7.1229e+6 
        10742.9      7.03456e+6 
          10779      6.93968e+6 
        10815.1      6.82838e+6 
        10833.2      6.76627e+6 
        10851.2      6.69244e+6 
        10869.3      6.60492e+6 
        10887.4      6.49207e+6 
        10905.4       6.3288e+6 
          10919      6.13393e+6 
        10930.3      5.86306e+6 
        10940.7       5.6412e+6 
        10952.4      5.96648e+6 
        10965.1      6.14323e+6 
        10977.8      6.25001e+6 
        10994.8      6.32318e+6 
        11020.3      6.37461e+6 
        11037.2      6.38632e+6 
        11054.2       6.3872e+6 
        11088.1      6.37143e+6 
          11122      6.34061e+6 
          11156      6.30119e+6 
        11186.8      6.26072e+6 
        11223.8      6.20763e+6 
        11260.9      6.15202e+6 
        11335.1      6.03933e+6 
        11409.2      5.92624e+6 
        11483.4      5.81748e+6 
        11557.5       5.7068e+6 
        11631.7       5.5986e+6 
        11705.8      5.49285e+6 
          11780       5.3895e+6 
        11854.2      5.28846e+6 
        11928.3      5.18966e+6 
        12002.5      5.09306e+6 
        12076.6       4.9951e+6 
        12150.8      4.90164e+6 
        12165.3      4.88361e+6 
        12224.9      4.80968e+6 
        12284.6      4.73636e+6 
        12344.3       4.6641e+6 
          12404      4.59122e+6 
        12463.7      4.51645e+6 
        12523.4      4.43772e+6 
        12583.1      4.35104e+6 
        12612.9      4.30191e+6 
        12642.7      4.24759e+6 
        12672.6      4.18382e+6 
        12687.5       4.1469e+6 
        12702.4      4.10606e+6 
        12717.4      4.05897e+6 
        12732.3      4.00255e+6 
        12747.2      3.93453e+6 
        12762.1      3.84531e+6 
          12777      3.72605e+6 
        12788.2      3.60297e+6 
        12799.4      3.42358e+6 
        12810.6      3.15868e+6 
        12820.9      3.03688e+6 
        12834.3      3.32472e+6 
        12845.5      3.49986e+6 
        12856.7      3.61666e+6 
        12871.6       3.7187e+6 
        12886.4       3.7843e+6 
        12901.3      3.82715e+6 
        12916.2      3.85659e+6 
        12931.1       3.8761e+6 
          12946      3.88822e+6 
        12975.7      3.90076e+6 
        13005.5       3.9001e+6 
        13035.3      3.89228e+6 
          13065       3.8794e+6 
        13094.8      3.86271e+6 
        13154.4      3.82285e+6 
        13213.9      3.77805e+6 
        13238.5      3.75866e+6 
        13273.4      3.73067e+6 
        13308.4       3.7023e+6 
        13378.2      3.64585e+6 
          13448      3.58936e+6 
        13517.9      3.53341e+6 
        13587.7      3.47815e+6 
        13657.6      3.42562e+6 
        13727.4      3.37178e+6 
        13797.3      3.31894e+6 
        13867.1      3.26707e+6 
          13937      3.21621e+6 
        14006.8      3.16629e+6 
        14076.7      3.11729e+6 
        14146.5      3.06923e+6 
        14216.4      3.02206e+6 
        14240.4      3.00606e+6 
        14286.2      2.97577e+6 
        14332.1      2.94585e+6 
        14389.9      2.90851e+6 
        14423.8      2.88693e+6 
        14457.6      2.86553e+6 
        14525.4       2.8233e+6 
        14581.2      2.78911e+6 
        14597.2      2.77937e+6 
        14613.2      2.76966e+6 
        14645.2      2.75036e+6 
        14709.2      2.71224e+6 
        14773.2      2.67475e+6 
        14837.1      2.63789e+6 
        14901.1      2.60163e+6 
        14965.1      2.56597e+6 
        15029.1       2.5309e+6 
        15093.1       2.4964e+6 
        15157.1      2.46247e+6 
          15221      2.42909e+6 
          15285      2.39626e+6 
          15349      2.36397e+6 
          15413       2.3322e+6 
        15471.6      2.30355e+6 
        15482.4      2.29833e+6 
        15493.1      2.29295e+6 
        15514.7      2.28223e+6 
        15557.9      2.26099e+6 
        15644.2      2.21922e+6 
        15730.5      2.17841e+6 
        15816.8       2.1385e+6 
        15903.1       2.0995e+6 
        15989.4      2.06136e+6 
        16075.8      2.02407e+6 
        16162.1       1.9876e+6 
        16248.4      1.95195e+6 
        16289.9      1.93508e+6 
        16334.7      1.91708e+6 
        16379.5      1.89927e+6 
        16469.1      1.86247e+6 
        16558.8      1.82654e+6 
        16648.4      1.79148e+6 
          16738      1.75724e+6 
        16827.7      1.72381e+6 
        16917.3      1.69117e+6 
        17006.9      1.65929e+6 
        17096.6      1.62815e+6 
        17186.2      1.59773e+6 
        17275.8      1.56802e+6 
        17327.7      1.55114e+6 
        17365.5      1.53898e+6 
        17403.2      1.52695e+6 
        17478.8      1.50334e+6 
        17554.3      1.48018e+6 
        17629.9      1.45747e+6 
        17705.4      1.43518e+6 
          17781      1.41332e+6 
        17856.5      1.39186e+6 
        17932.1      1.37082e+6 
        18007.6      1.34416e+6 
        18083.2      1.32247e+6 
        18158.7      1.30064e+6 
        18234.3      1.27836e+6 
        18309.8      1.25515e+6 
        18343.7      1.24421e+6 
        18385.3      1.23011e+6 
          18427      1.21495e+6 
        18468.6      1.19841e+6 
        18510.2       1.1797e+6 
        18551.8       1.1576e+6 
        18572.6      1.14487e+6 
        18593.4       1.1304e+6 
        18614.2      1.11375e+6 
          18635      1.09405e+6 
        18645.4      1.08256e+6 
        18655.8      1.06972e+6 
        18666.2      1.05534e+6 
        18676.6      1.03896e+6 
          18687      1.02018e+6 
        18697.4          998241 
        18707.8          972273 
        18718.2          942239 
        18728.6          907782 
          18739          868283 
        18749.4          813333 
        18761.4          855025 
        18775.2          900610 
        18788.9          938554 
        18802.7          969665 
        18816.5          993934 
        18830.2      1.01245e+6 
        18850.8      1.03316e+6 
        18864.6      1.04334e+6 
        18878.4       1.0513e+6 
        18892.1      1.05761e+6 
        18905.9      1.06256e+6 
        18919.6      1.06648e+6 
        18947.1      1.07177e+6 
        18974.6      1.07467e+6 
        19002.2      1.07577e+6 
        19029.7      1.07548e+6 
        19057.2      1.07413e+6 
        19112.2      1.06933e+6 
        19167.2       1.0626e+6 
        19222.3      1.05467e+6 
        19277.3      1.04598e+6 
        19332.3      1.03682e+6 
        19387.3      1.02738e+6 
          19434      1.01923e+6 
        19450.7      1.01631e+6 
        19467.3      1.01338e+6 
        19500.6      1.00751e+6 
        19567.1          998728 
        19633.6          986435 
        19700.1          974324 
        19766.6          962402 
        19833.1          950659 
        19899.6          939091 
        19966.1          927700 
        20032.7          916478 
        20099.2          905423 
        20165.7          894534 
        20232.2          883809 
        20298.7          873240 
        20365.2          862829 
        20389.1          859134 
        20431.7          852572 
        20474.4          846075 
        20559.7          833232 
          20645          820634 
        20730.4          808269 
        20815.7          796136 
          20901          784229 
        20986.3          772543 
        21071.6          761070 
          21157          749807 
        21242.3          738755 
        21327.6          727901 
        21412.9          717244 
        21498.3          706780 
        21536.5          702146 
        21583.6          696504 
        21630.6          690921 
        21724.7          679897 
        21818.8          669090 
        21912.8          658497 
        22006.9          648111 
          22101          637929 
          22195          627942 
        22289.1          618149 
        22383.2          608545 
        22477.3          599130 
        22571.3          589894 
        22665.4          580833 
        22732.1          574512 
        22759.5          571943 
        22784.8          569577 
        22800.8          568088 
        22816.8          566605 
        22848.8          563649 
        22912.8          557799 
        22976.8          552022 
        23040.8          546320 
        23104.8          540690 
        23168.7          535133 
        23232.7          529647 
        23296.7          524228 
        23360.7          518881 
        23424.7          513600 
        23488.6          508385 
        23552.6          503236 
        23616.6          498153 
        23680.6          493133 
        23744.6          488172 
        23808.6          483277 
        23872.5          478443 
        23936.5          473664 
        24000.5          468949 
        24064.5          464290 
        24128.5          459690 
        24192.5          455145 
        24256.4          450655 
        24320.4          446222 
        24384.4          441843 
        24448.4          437514 
        24512.4          433241 
        24576.3          429019 
        24640.3          424847 
        24704.3          420725 
        24768.3          416654 
        24832.3          412632 
        24896.3          408655 
        24960.2          404728 
        25004.4          402042 
        25024.2          400848 
          25044          399658 
        25083.6          397295 
        25162.8          392624 
        25241.9          388018 
        25321.1          383482 
        25400.2          379008 
        25479.4          374600 
        25558.5          370259 
        25637.7          365977 
        25716.9          361754 
          25796          357595 
        25875.2          353492 
        25954.3          349449 
        26033.5          345462 
        26112.7          341532 
        26191.8          337658 
          26271          333835 
        26350.1          330068 
        26429.3          326355 
        26508.4          322692 
        26587.6          319079 
        26666.8          315516 
        26745.9          312004 
        26825.1          308540 
        26904.2          305123 
        26983.4          301753 
        27062.6          298429 
        27141.7          295150 
        27220.9          291916 
        27299.2          288759 
        27377.5          285635 
        27455.8          282554 
        27534.2          279513 
        27612.5          276514 
        27690.8          273554 
        27769.1          270633 
        27847.5          267751 
        27925.8          264907 
        28004.1          262100 
        28082.4          259331 
        28160.8          256597 
        28239.1          253899 
        28317.4          251236 
        28395.7          248608 
          28474          246014 
        28552.4          243454 
        28630.7          240926 
          28709          238431 
        28787.3          235968 
        28865.7          233540 
          28944          231142 
        29022.3          228775 
        29100.6          226438 
          29179          224131 
        29257.3          221852 
        29335.6          219603 
        29413.9          217382 
        29492.3          215189 
        29570.6          213024 
        29648.9          210885 
        29727.2          208773 
        29805.5          206688 
        29883.9          204628 
        29932.6          203360 
        29962.2          202594 
        29991.8          201832 
