# Koester WD models
# teff = 10250 K (value for the effective temperature for the model. Temperatures are given in K)
# logg = 8 log(cm/s2) (value for Log(G) for the model.)
#
# column 1: WAVELENGTH (ANGSTROM), Wavelength in Angstrom
# column 2: FLUX (ERG/CM2/S/A), Flux in erg/cm2/s/A
         899.23         389.793 
        909.241         477.585 
        919.251         2709.99 
        929.261         4033.71 
        939.271         14539.1 
         949.28         1324.38 
        959.289         45875.4 
        969.297         26501.5 
        979.305         49025.2 
        989.312         86810.7 
        999.319          136996 
        1009.33          104869 
        1019.33         67642.6 
        1029.34         64278.9 
        1039.34          145078 
        1049.35          261510 
        1059.36          307728 
        1069.36          767516 
        1079.36          842930 
        1089.37      3.91662e+6 
        1099.37      4.78908e+6 
        1109.38      4.76177e+6 
        1119.38      4.45481e+6 
        1129.38      4.00855e+6 
        1139.39      3.31831e+6 
        1149.39      2.45025e+6 
        1159.39      1.57679e+6 
        1169.39          901983 
         1179.4          596868 
         1189.4          537941 
         1199.4          518985 
         1209.4          410927 
        1219.41          395586 
        1229.41          656219 
        1239.41          886611 
        1249.41      1.06219e+6 
        1259.41      1.27138e+6 
        1269.41      1.66279e+6 
        1279.42      2.39819e+6 
        1289.42      3.36424e+6 
        1299.42      4.39616e+6 
        1309.42      5.51648e+6 
        1319.42      6.58893e+6 
        1329.42       7.8843e+6 
        1339.42      8.81986e+6 
        1349.42      9.64475e+6 
        1359.42      1.09598e+7 
        1369.42      1.20741e+7 
        1379.42      1.13812e+7 
        1389.42      1.05558e+7 
        1399.42      1.04866e+7 
        1409.42      1.47685e+7 
        1419.42      2.08253e+7 
        1429.42      2.51096e+7 
        1439.42      2.73587e+7 
        1449.53      2.58406e+7 
        1461.36      2.31996e+7 
        1471.86      2.18536e+7 
        1482.34      2.22661e+7 
        1493.79      2.65409e+7 
        1504.42      3.12878e+7 
        1514.42      3.39647e+7 
        1525.04      3.56439e+7 
        1536.29      2.92636e+7 
        1546.92      2.08379e+7 
        1556.92      1.70777e+7 
        1569.42      1.42921e+7 
        1581.34      1.19991e+7 
        1591.71      1.12328e+7 
        1603.53       1.2126e+7 
        1613.85      1.50943e+7 
        1624.25      2.27093e+7 
        1634.25      3.77531e+7 
        1644.41      6.09478e+7 
        1656.91       9.0814e+7 
        1667.48       1.0958e+8 
         1679.4      1.23441e+8 
        1691.71      1.32494e+8 
         1704.4      1.38456e+8 
         1719.4      1.42953e+8 
         1734.4      1.46156e+8 
        1749.39      1.48585e+8 
        1764.39      1.50241e+8 
        1775.55      1.51365e+8 
        1789.39      1.52837e+8 
        1809.39      1.54535e+8 
           1824      1.55698e+8 
        1834.77      1.56519e+8 
        1845.54      1.57302e+8 
           1864      1.58769e+8 
        1876.29      1.59542e+8 
        1888.59      1.60273e+8 
        1906.98       1.6129e+8 
        1919.37      1.61926e+8 
        1931.76      1.62557e+8 
        1944.47       1.6323e+8 
        1956.53      1.63741e+8 
         1967.6      1.64164e+8 
        1992.71      1.65007e+8 
        2017.81      1.65711e+8 
        2067.03      1.66765e+8 
        2116.25      1.67213e+8 
        2165.42      1.67267e+8 
        2178.22      1.67191e+8 
        2191.02      1.67093e+8 
         2214.7      1.66847e+8 
        2260.18      1.66153e+8 
        2275.12      1.65911e+8 
        2290.06      1.65601e+8 
        2313.13      1.65075e+8 
        2356.21      1.63935e+8 
         2368.5      1.63575e+8 
        2380.79      1.63199e+8 
        2401.46      1.62538e+8 
        2417.09      1.62012e+8 
        2432.72      1.61481e+8 
        2451.59      1.60793e+8 
        2466.76      1.60218e+8 
        2488.39      1.59369e+8 
        2510.01      1.58572e+8 
         2547.3      1.56969e+8 
        2559.23      1.56441e+8 
        2571.17      1.55902e+8 
        2595.04      1.54804e+8 
        2627.89      1.53261e+8 
        2642.78      1.52542e+8 
        2657.67      1.51815e+8 
        2687.45      1.50324e+8 
        2737.93      1.47732e+8 
        2756.11      1.46782e+8 
        2766.75      1.46219e+8 
        2810.65      1.43874e+8 
        2854.55      1.41499e+8 
        2931.71       1.3727e+8 
        2942.34       1.3669e+8 
        2952.98      1.36109e+8 
        2974.26      1.34944e+8 
        3016.81      1.32618e+8 
        3051.42       1.3073e+8 
        3091.41       1.2855e+8 
        3120.64      1.26965e+8 
        3149.86      1.25382e+8 
        3168.31      1.24384e+8 
         3208.3      1.22226e+8 
        3248.29      1.20086e+8 
        3309.83      1.16824e+8 
        3322.09       1.1618e+8 
        3346.73      1.14892e+8 
        3383.63      1.12976e+8 
        3445.17      1.09822e+8 
        3469.81      1.08572e+8 
        3495.92      1.07258e+8 
        3506.71      1.06719e+8 
         3543.6      1.04887e+8 
        3591.28      1.02552e+8 
        3635.88      1.00397e+8 
        3647.12      9.98609e+7 
        3658.96      9.93001e+7 
        3671.11      9.87167e+7 
        3682.58      9.81716e+7 
         3693.5      9.76542e+7 
        3703.57       9.7177e+7 
        3713.83      9.67475e+7 
        3724.38      9.63492e+7 
        3734.43      9.56621e+7 
        3744.62       9.5691e+7 
        3754.84      9.55848e+7 
        3765.07      9.45626e+7 
         3775.5      9.45594e+7 
        3785.73      9.63998e+7 
        3795.99      8.78587e+7 
        3806.86      9.61987e+7 
        3817.37      9.89567e+7 
        3827.39      9.10902e+7 
        3837.97      8.07644e+7 
        3848.91      9.91059e+7 
        3861.47      1.03487e+8 
        3872.36      9.78945e+7 
        3882.39      8.08316e+7 
        3892.89      7.27172e+7 
         3904.1      9.72675e+7 
        3914.31      1.06687e+8 
        3924.71       1.0965e+8 
         3935.4      1.08558e+8 
        3945.81      1.02333e+8 
        3956.32      8.82976e+7 
        3967.16      5.82011e+7 
         3977.4      7.27656e+7 
        3988.87      9.61591e+7 
        3999.61      1.07164e+8 
        4010.35      1.12469e+8 
           4021      1.14535e+8 
        4032.38       1.1505e+8 
        4043.86      1.14155e+8 
        4056.35      1.10857e+8 
        4068.85      1.03532e+8 
        4080.56      9.19214e+7 
        4091.24      7.29057e+7 
         4101.3      4.20754e+7 
        4111.73      7.12567e+7 
        4122.05      8.96714e+7 
        4134.17      1.01373e+8 
        4147.11      1.08797e+8 
        4158.83      1.12146e+8 
        4173.82      1.13908e+8 
        4188.82      1.14394e+8 
        4203.81      1.14272e+8 
        4216.52      1.13872e+8 
        4228.81      1.13232e+8 
        4243.81      1.12068e+8 
         4258.8      1.10193e+8 
         4273.8      1.07064e+8 
        4288.79      1.01869e+8 
        4301.29       9.5714e+7 
        4313.79      8.64771e+7 
        4324.82      7.31466e+7 
        4335.37      5.10459e+7 
        4345.96      5.18979e+7 
        4356.08       7.2316e+7 
        4367.98      8.54526e+7 
        4378.77      9.23647e+7 
        4393.77      9.82389e+7 
        4408.76      1.01713e+8 
        4423.76      1.03332e+8 
        4438.75      1.03865e+8 
        4453.75      1.03837e+8 
        4468.74      1.03528e+8 
        4483.74      1.03056e+8 
        4498.74      1.02516e+8 
        4513.73      1.01914e+8 
        4527.19      1.01345e+8 
        4538.73      1.00841e+8 
        4553.72       1.0017e+8 
        4568.72      9.94848e+7 
        4583.72      9.87883e+7 
        4596.53      9.81848e+7 
        4608.71      9.76115e+7 
         4623.7      9.68855e+7 
         4638.7      9.61453e+7 
         4653.7      9.53875e+7 
        4668.69      9.46006e+7 
        4683.69      9.37611e+7 
        4698.68      9.28564e+7 
        4713.68      9.18517e+7 
        4724.83       9.1011e+7 
        4738.67      8.98178e+7 
        4753.67      8.83381e+7 
        4768.67      8.64899e+7 
        4783.66       8.4124e+7 
        4798.66      8.09318e+7 
        4813.65      7.64406e+7 
        4826.15      7.11266e+7 
        4836.81      6.45286e+7 
        4847.03      5.48503e+7 
         4858.4      3.85835e+7 
        4868.64       4.5057e+7 
        4878.69      5.75128e+7 
        4890.48      6.61641e+7 
        4901.02      7.09265e+7 
        4911.08      7.39499e+7 
         4921.7      7.62044e+7 
        4933.62      7.78977e+7 
        4948.62      7.91509e+7 
        4963.61      7.97977e+7 
        4978.61      8.00365e+7 
        4993.61      8.00318e+7 
         5008.6      7.98571e+7 
         5023.6      7.95502e+7 
        5038.59      7.91584e+7 
        5053.59      7.87135e+7 
        5068.59      7.82301e+7 
        5083.58      7.77255e+7 
        5098.58      7.72103e+7 
        5113.57      7.66888e+7 
        5128.57      7.61645e+7 
        5143.57      7.56386e+7 
        5158.56      7.51127e+7 
        5173.56      7.45868e+7 
        5188.55      7.40627e+7 
        5203.55      7.35409e+7 
        5218.55      7.30213e+7 
        5233.54      7.25048e+7 
        5248.54      7.19915e+7 
        5263.53      7.14813e+7 
        5278.53      7.09742e+7 
        5293.52      7.04709e+7 
        5308.52      6.99708e+7 
        5323.52      6.94748e+7 
        5338.51      6.89818e+7 
        5353.51       6.8493e+7 
        5368.51      6.80284e+7 
         5383.5      6.75449e+7 
         5398.5      6.70651e+7 
        5413.49      6.65895e+7 
        5428.49      6.61176e+7 
        5443.48      6.56495e+7 
        5458.48      6.51852e+7 
        5473.48      6.47247e+7 
        5488.47      6.42676e+7 
        5503.47      6.38145e+7 
        5518.47      6.33653e+7 
        5533.46      6.29195e+7 
        5548.46      6.24775e+7 
        5563.45      6.20389e+7 
        5578.45      6.16038e+7 
        5593.44      6.11725e+7 
        5608.44      6.07446e+7 
        5623.44      6.03201e+7 
        5638.43      5.98989e+7 
        5653.43      5.94813e+7 
        5668.43      5.90792e+7 
        5682.86      5.86824e+7 
        5693.42      5.83944e+7 
        5704.77      5.80865e+7 
        5715.23       5.7804e+7 
        5728.41      5.74509e+7 
         5743.4      5.70523e+7 
         5758.4      5.66567e+7 
         5773.4       5.6242e+7 
        5788.39      5.58522e+7 
        5803.39      5.54654e+7 
        5818.39      5.50815e+7 
        5833.38      5.47008e+7 
        5848.38      5.43232e+7 
        5863.37      5.39487e+7 
        5878.37      5.35767e+7 
        5893.36      5.32079e+7 
        5908.36      5.28419e+7 
        5923.36      5.24784e+7 
        5938.35      5.21181e+7 
        5953.35      5.17603e+7 
        5968.34      5.14053e+7 
        5983.34      5.10531e+7 
        5998.34      5.07031e+7 
        6013.33      5.03556e+7 
        6028.33       5.0011e+7 
        6043.32      4.96686e+7 
        6058.32      4.93287e+7 
        6073.32      4.89906e+7 
        6088.31      4.86542e+7 
        6103.31      4.83196e+7 
         6118.3      4.79869e+7 
         6133.3      4.76558e+7 
         6148.3      4.73259e+7 
        6163.29      4.69976e+7 
        6178.29      4.66699e+7 
        6193.28      4.63429e+7 
        6208.28      4.60159e+7 
        6223.28      4.56882e+7 
        6238.27      4.53596e+7 
        6252.16      4.50545e+7 
        6262.16      4.48368e+7 
        6273.26      4.45943e+7 
        6284.63      4.43442e+7 
        6295.99      4.40926e+7 
        6306.09       4.3867e+7 
        6316.22      4.36383e+7 
        6328.25      4.33621e+7 
        6343.24      4.30119e+7 
        6358.24      4.26503e+7 
        6373.23      4.22742e+7 
        6388.23      4.18784e+7 
        6403.23      4.14536e+7 
        6418.22       4.0988e+7 
        6433.22      4.04647e+7 
        6448.22      3.98571e+7 
        6463.21       3.9131e+7 
        6478.21      3.82407e+7 
         6493.2       3.7116e+7 
         6508.2      3.56112e+7 
        6523.19      3.34583e+7 
        6537.09      3.04659e+7 
        6548.06      2.69563e+7 
        6558.19      2.28656e+7 
        6569.28      2.35863e+7 
        6579.79      2.74488e+7 
        6590.04      3.02425e+7 
        6600.76      3.22177e+7 
        6613.66      3.37793e+7 
        6623.98      3.46075e+7 
         6634.3      3.51918e+7 
        6649.78      3.57614e+7 
         6660.1      3.60011e+7 
        6670.42      3.61585e+7 
        6680.74      3.62508e+7 
        6691.06      3.62907e+7 
        6701.39      3.62904e+7 
        6711.48      3.62612e+7 
        6731.66      3.61406e+7 
        6751.84      3.59634e+7 
        6772.02      3.57516e+7 
        6799.98      3.54227e+7 
        6812.38      3.52688e+7 
        6824.78      3.51108e+7 
        6849.58      3.47865e+7 
        6899.18      3.41246e+7 
        6998.37      3.27901e+7 
           7086      3.16365e+7 
        7097.57      3.14869e+7 
        7109.15       3.1338e+7 
         7132.3      3.10426e+7 
         7178.6       3.0461e+7 
        7271.19       2.9335e+7 
        7334.07      2.85983e+7 
        7363.79      2.82629e+7 
        7393.51      2.79266e+7 
        7452.96      2.72687e+7 
         7512.4      2.66295e+7 
        7571.84      2.60083e+7 
        7584.68      2.58765e+7 
        7631.28      2.54047e+7 
        7677.88      2.49434e+7 
        7771.08      2.40512e+7 
        7864.28      2.31976e+7 
        7952.71      2.24215e+7 
        7971.79      2.22581e+7 
        7990.87      2.20963e+7 
        8029.04      2.17768e+7 
        8082.55      2.13383e+7 
        8136.06      2.09104e+7 
         8176.3      2.05956e+7 
        8189.57       2.0493e+7 
        8200.85      2.04063e+7 
        8216.85      2.02841e+7 
        8232.84      2.01629e+7 
        8264.83       1.9923e+7 
        8289.72      1.97388e+7 
        8328.82      1.94534e+7 
        8343.44       1.9348e+7 
        8367.92      1.91729e+7 
        8388.68      1.90268e+7 
        8408.65      1.88874e+7 
        8432.02      1.87258e+7 
        8467.25      1.84843e+7 
        8502.48       1.8246e+7 
        8516.58      1.81517e+7 
        8530.98      1.80554e+7 
        8545.38      1.79646e+7 
        8574.18      1.77841e+7 
        8598.39      1.76312e+7 
         8628.6      1.74475e+7 
        8646.81      1.73309e+7 
        8665.01      1.72135e+7 
        8701.43      1.70039e+7 
        8750.47      1.66703e+7 
        8783.66      1.65068e+7 
        8799.51      1.64167e+7 
        8815.35       1.6313e+7 
        8831.29      1.62015e+7 
        8847.03      1.60805e+7 
        8862.78      1.59637e+7 
        8878.53      1.59204e+7 
        8894.27      1.58803e+7 
        8910.02      1.58277e+7 
        8925.77      1.57588e+7 
        8941.51      1.56628e+7 
        8957.26      1.55553e+7 
        8973.01      1.54234e+7 
        8988.75      1.52684e+7 
        9001.83      1.51219e+7 
        9014.91      1.49931e+7 
        9027.99      1.49982e+7 
        9041.06      1.50198e+7 
        9054.14      1.50259e+7 
        9067.21      1.50127e+7 
        9086.83      1.49615e+7 
        9099.72      1.49128e+7 
        9125.49       1.4783e+7 
        9151.27      1.46075e+7 
        9164.16      1.44938e+7 
        9177.05       1.4364e+7 
        9189.94      1.42041e+7 
        9202.83        1.401e+7 
        9228.19      1.35929e+7 
        9241.22      1.36652e+7 
        9254.24       1.3771e+7 
        9267.26      1.38578e+7 
        9280.28      1.39085e+7 
         9293.3      1.39293e+7 
        9306.32      1.39332e+7 
        9332.36      1.38911e+7 
         9358.4      1.38061e+7 
        9384.08      1.36956e+7 
        9409.77      1.35581e+7 
        9435.45      1.33936e+7 
        9448.29      1.32928e+7 
        9461.14      1.31819e+7 
        9473.98      1.30555e+7 
        9486.82      1.28986e+7 
        9499.66      1.27038e+7 
         9512.5      1.24332e+7 
        9525.35      1.20595e+7 
        9538.19      1.16271e+7 
        9548.88      1.14387e+7 
        9559.57      1.17229e+7 
         9576.1      1.21178e+7 
        9591.66      1.23436e+7 
        9607.21      1.24563e+7 
        9622.76      1.25131e+7 
        9638.32      1.25302e+7 
        9653.87      1.25378e+7 
        9668.45       1.2525e+7 
        9697.61       1.2467e+7 
        9726.78       1.2386e+7 
        9755.94      1.22879e+7 
         9785.1       1.2179e+7 
        9814.26      1.20587e+7 
        9843.43      1.19228e+7 
        9872.59      1.17821e+7 
        9901.75      1.15895e+7 
        9927.29      1.13931e+7 
        9940.05      1.12788e+7 
        9952.82      1.11464e+7 
        9965.59      1.10037e+7 
        9978.35      1.08387e+7 
        9991.12      1.06324e+7 
        10003.9      1.03826e+7 
        10016.7      1.00641e+7 
        10029.4       9.6429e+6 
        10042.2      9.12457e+6 
          10053      8.96658e+6 
        10069.1      9.51717e+6 
        10083.5       9.8924e+6 
        10097.8      1.01428e+7 
        10112.2      1.03084e+7 
        10126.5      1.04196e+7 
        10140.9      1.04844e+7 
        10155.2      1.05415e+7 
        10169.6      1.05741e+7 
        10183.9      1.05906e+7 
        10212.6      1.05956e+7 
        10237.2      1.05707e+7 
        10261.7      1.05285e+7 
        10310.8      1.04144e+7 
        10359.9      1.02802e+7 
          10409      1.01394e+7 
          10458      9.97603e+6 
        10556.2      9.68185e+6 
        10605.3      9.52179e+6 
        10654.3      9.35117e+6 
        10703.4      9.15784e+6 
          10728      9.04788e+6 
        10752.5      8.92699e+6 
          10777      8.79033e+6 
        10801.6      8.62989e+6 
        10813.8      8.54011e+6 
        10826.1      8.44404e+6 
        10838.4      8.33185e+6 
        10850.7      8.20455e+6 
        10862.9      8.06111e+6 
        10875.2      7.88244e+6 
        10887.5      7.67296e+6 
        10899.7      7.40728e+6 
          10912      7.06371e+6 
        10924.3      6.64186e+6 
          10935      6.18199e+6 
          10947       6.4081e+6 
        10959.4      6.82951e+6 
        10971.8      7.14854e+6 
        10984.2      7.38061e+6 
        10996.6      7.54708e+6 
        11008.9      7.67984e+6 
        11021.3      7.77353e+6 
        11033.7      7.84154e+6 
        11046.1      7.89693e+6 
        11058.5      7.93456e+6 
        11070.9      7.96212e+6 
        11095.7      7.99721e+6 
        11120.5      8.00792e+6 
        11145.2      8.00073e+6 
          11170      7.98244e+6 
        11219.6      7.91923e+6 
        11260.9      7.84858e+6 
        11302.2      7.76906e+6 
        11384.9       7.5992e+6 
        11467.6      7.43785e+6 
        11550.2      7.26339e+6 
        11632.9      7.09397e+6 
        11715.5      6.92935e+6 
        11798.2      6.76944e+6 
        11880.9      6.61403e+6 
        11963.5      6.46298e+6 
        12046.2      6.30772e+6 
        12128.8       6.1623e+6 
        12211.5      6.01932e+6 
        12284.6      5.89331e+6 
        12357.8      5.76517e+6 
        12430.9      5.63149e+6 
        12504.1      5.48594e+6 
        12540.6       5.4059e+6 
        12577.2      5.31658e+6 
        12613.8      5.21442e+6 
        12632.1      5.15733e+6 
        12650.3      5.09425e+6 
        12668.6      5.02281e+6 
        12686.9      4.94232e+6 
        12705.2      4.84889e+6 
        12723.5      4.73498e+6 
        12741.8      4.59926e+6 
        12760.1      4.42474e+6 
        12778.3      4.20044e+6 
        12796.6      3.91618e+6 
        12808.1      3.70749e+6 
        12818.1      3.49983e+6 
        12829.2      3.70871e+6 
          12843      3.92297e+6 
        12856.7      4.10286e+6 
        12870.5       4.2474e+6 
        12884.2       4.3572e+6 
          12898      4.44215e+6 
        12911.7      4.50561e+6 
        12925.5      4.55748e+6 
        12939.2      4.59584e+6 
          12953      4.62483e+6 
        12966.7      4.64676e+6 
        12994.2      4.67516e+6 
        13021.7      4.68666e+6 
        13049.2      4.68776e+6 
        13076.7      4.68126e+6 
        13104.2      4.66834e+6 
        13131.7      4.65069e+6 
        13186.7      4.60715e+6 
        13241.7      4.55635e+6 
        13284.9      4.51296e+6 
        13296.6      4.50093e+6 
        13308.4      4.48877e+6 
        13331.8       4.4642e+6 
        13378.6      4.41447e+6 
        13472.3      4.31407e+6 
        13565.9       4.2147e+6 
        13659.6       4.1207e+6 
        13753.2      4.02469e+6 
        13846.9      3.93145e+6 
        13940.6      3.84088e+6 
        14034.2      3.75288e+6 
        14127.9      3.66737e+6 
        14221.5      3.58424e+6 
        14298.3      3.51783e+6 
        14315.2      3.50344e+6 
        14332.1      3.48912e+6 
        14365.8      3.46053e+6 
          14409      3.42434e+6 
        14429.4      3.40743e+6 
        14457.6      3.38412e+6 
        14506.3      3.34448e+6 
        14581.2       3.2845e+6 
        14597.2      3.27184e+6 
        14613.2      3.25921e+6 
        14645.2      3.23414e+6 
        14709.2      3.18473e+6 
        14773.2      3.13623e+6 
        14837.1      3.08866e+6 
        14901.1      3.04198e+6 
        14965.1      2.99618e+6 
        15029.1      2.95123e+6 
        15093.1      2.90711e+6 
        15157.1      2.86381e+6 
          15221      2.82131e+6 
          15285      2.77959e+6 
          15349      2.73864e+6 
          15413      2.69843e+6 
        15471.6      2.66225e+6 
        15482.4      2.65566e+6 
        15493.1      2.64908e+6 
        15514.7      2.63598e+6 
        15557.9      2.61002e+6 
        15644.2      2.55905e+6 
        15730.5      2.50931e+6 
        15816.8      2.46077e+6 
        15903.1      2.41339e+6 
        15989.4      2.36713e+6 
        16075.8      2.32197e+6 
        16162.1      2.27788e+6 
        16248.4      2.23482e+6 
        16289.9      2.21448e+6 
        16334.7      2.19277e+6 
        16379.5      2.17132e+6 
        16469.1      2.12939e+6 
        16558.8      2.08846e+6 
        16648.4       2.0485e+6 
          16738      2.00949e+6 
        16827.7       1.9714e+6 
        16917.3      1.93421e+6 
        17006.9      1.89788e+6 
        17096.6      1.86241e+6 
        17186.2      1.82775e+6 
        17275.8      1.79389e+6 
        17327.7      1.77466e+6 
        17365.5      1.76082e+6 
        17403.2       1.7471e+6 
        17478.8      1.72019e+6 
        17554.3      1.69378e+6 
        17629.9      1.66787e+6 
        17705.4      1.64246e+6 
          17781      1.61753e+6 
        17856.5      1.59306e+6 
        17932.1      1.56906e+6 
        18007.6      1.53881e+6 
        18083.2      1.51394e+6 
        18158.7      1.48882e+6 
        18234.3      1.46302e+6 
        18309.8      1.43583e+6 
        18343.7      1.42286e+6 
        18385.3      1.40598e+6 
          18427      1.38761e+6 
        18468.6      1.36703e+6 
        18510.2      1.34313e+6 
          18531      1.32949e+6 
        18551.8      1.31435e+6 
        18572.6      1.29739e+6 
        18593.4      1.27841e+6 
        18614.2      1.25646e+6 
          18635      1.23141e+6 
        18655.8       1.2014e+6 
        18666.2      1.18442e+6 
        18676.6      1.16612e+6 
          18687        1.146e+6 
        18697.4      1.12466e+6 
        18707.8      1.10203e+6 
        18718.2      1.07854e+6 
        18728.6      1.05291e+6 
          18739      1.02286e+6 
        18749.2          953725 
        18759.5      1.00558e+6 
        18772.3       1.0409e+6 
        18791.4       1.0789e+6 
        18804.2      1.10108e+6 
          18817      1.12127e+6 
        18829.8      1.13926e+6 
        18842.6      1.15454e+6 
        18855.4      1.16784e+6 
        18868.2      1.17901e+6 
          18881      1.18815e+6 
        18906.6      1.20267e+6 
        18932.2      1.21257e+6 
        18957.8      1.21931e+6 
        18983.4      1.22343e+6 
          19009      1.22554e+6 
        19034.6      1.22608e+6 
        19060.2      1.22535e+6 
        19085.8      1.22371e+6 
          19137      1.21841e+6 
        19188.1      1.21123e+6 
        19239.3      1.20283e+6 
        19290.5      1.19364e+6 
        19341.7      1.18394e+6 
        19392.9      1.17393e+6 
        19437.5      1.16505e+6 
        19450.7       1.1624e+6 
        19463.9      1.15972e+6 
        19490.3      1.15434e+6 
        19543.1      1.14355e+6 
          19596      1.13588e+6 
        19648.8      1.12463e+6 
        19701.6      1.11351e+6 
        19754.5      1.10252e+6 
        19807.3      1.09167e+6 
        19860.1      1.08095e+6 
          19913      1.07037e+6 
        19965.8       1.0599e+6 
        20018.6      1.04957e+6 
        20071.5      1.03936e+6 
        20124.3      1.02927e+6 
        20177.1      1.01931e+6 
          20230      1.00946e+6 
        20282.8          999733 
        20335.6          990120 
        20388.5          980620 
        20408.2          977101 
        20441.3          971233 
        20474.4          965411 
        20540.6          953828 
        20606.8          942415 
        20672.9          931174 
        20739.1          920097 
        20805.3          909180 
        20871.5          898426 
        20937.7          887830 
        21003.8          877387 
          21070          867095 
        21136.2          856954 
        21202.4          846961 
        21268.6          837109 
        21334.8          827401 
        21400.9          817829 
        21467.1          808395 
        21533.3          799096 
        21568.4          794223 
        21599.5          789925 
        21630.6          785659 
        21692.9          777180 
        21755.1          768817 
        21817.4          760561 
        21879.7          752411 
        21941.9          744375 
        22004.2          736443 
        22066.4          728614 
        22128.7          720889 
          22191          713264 
        22253.2          705740 
        22315.5          698313 
        22377.7          690984 
          22440          683749 
        22502.3          676608 
        22564.5          669558 
        22626.8          662600 
        22689.1          655732 
        22715.8          652807 
        22751.3          648949 
        22784.8          645333 
        22800.8          643615 
        22816.8          641900 
        22848.8          638488 
        22912.8          631730 
        22976.8          625061 
        23040.8          618479 
        23104.8          611982 
        23168.7          605570 
        23232.7          599240 
        23296.7          592991 
        23360.7          586824 
        23424.7          580736 
        23488.6          574726 
        23552.6          568795 
        23616.6          562936 
        23680.6          557155 
        23744.6          551453 
        23808.6          545823 
        23872.5          540266 
        23936.5          534781 
        24000.5          529362 
        24064.5          524011 
        24128.5          518730 
        24192.5          513512 
        24256.4          508360 
        24320.4          503274 
        24384.4          498250 
        24448.4          493290 
        24512.4          488389 
        24576.3          483548 
        24640.3          478769 
        24704.3          474047 
        24768.3          469382 
        24832.3          464777 
        24896.3          460224 
        24960.2          455729 
        25004.4          452656 
        25024.2          451290 
          25044          449926 
        25083.6          447231 
        25162.8          441900 
        25241.9          436647 
        25321.1          431473 
        25400.2          426374 
        25479.4          421350 
        25558.5          416399 
        25637.7          411520 
        25716.9          406711 
          25796          401973 
        25875.2          397305 
        25954.3          392699 
        26033.5          388163 
        26112.7          383692 
        26191.8          379284 
          26271          374940 
        26350.1          370658 
        26429.3          366435 
        26508.4          362270 
        26587.6          358167 
        26666.8          354117 
        26745.9          350127 
        26825.1          346194 
        26904.2          342314 
        26983.4          338488 
        27062.6          334715 
        27141.7          330992 
        27220.9          327323 
        27299.2          323744 
        27377.5          320223 
        27455.8          316748 
        27534.2          313320 
        27612.5          309938 
        27690.8          306602 
        27769.1          303311 
        27847.5          300064 
        27925.8          296860 
        28004.1          293698 
        28082.4          290579 
        28160.8          287501 
        28239.1          284463 
        28317.4          281465 
        28395.7          278506 
          28474          275586 
        28552.4          272704 
        28630.7          269860 
          28709          267052 
        28787.3          264281 
        28865.7          261545 
          28944          258845 
        29022.3          256179 
        29100.6          253548 
          29179          250949 
        29257.3          248384 
        29335.6          245852 
        29413.9          243355 
        29492.3          240889 
        29570.6          238454 
        29648.9          236050 
        29727.2          233675 
        29805.5          231331 
        29883.9          229016 
        29932.6          227591 
        29962.2          226730 
        29991.8          225874 
