# Koester WD models
# teff = 10750 K (value for the effective temperature for the model. Temperatures are given in K)
# logg = 7.5 log(cm/s2) (value for Log(G) for the model.)
#
# column 1: WAVELENGTH (ANGSTROM), Wavelength in Angstrom
# column 2: FLUX (ERG/CM2/S/A), Flux in erg/cm2/s/A
         899.23         719.224 
        909.241         875.298 
        919.251         7322.08 
        929.261         10496.5 
        939.271         32814.9 
         949.28         2867.22 
        959.289          104920 
        969.297         57477.6 
        979.305          105649 
        989.312          200774 
        999.319          333838 
        1009.33          235447 
        1019.33          139503 
        1029.34          132405 
        1039.34          316201 
        1049.35          615969 
        1059.36          726588 
        1069.36      2.07012e+6 
        1079.36      2.25579e+6 
        1089.37      1.29661e+7 
        1099.37      1.59415e+7 
        1109.38      1.57559e+7 
        1119.38      1.44007e+7 
        1129.38      1.27133e+7 
        1139.39      1.03047e+7 
        1149.39      7.53282e+6 
        1159.39      4.90503e+6 
        1169.39       2.7817e+6 
         1179.4      1.52503e+6 
         1189.4      1.20453e+6 
         1199.4      1.05921e+6 
         1209.4          782693 
        1219.41          754149 
        1229.41      1.25196e+6 
        1239.41      1.90749e+6 
        1249.41      2.64159e+6 
        1259.41      3.74233e+6 
        1269.41      6.13965e+6 
        1279.42      1.03017e+7 
        1289.42      1.53881e+7 
        1299.42      2.09329e+7 
        1309.42      2.58726e+7 
        1319.42      3.11968e+7 
        1329.42      3.70356e+7 
        1339.42      3.93767e+7 
        1349.42      4.26996e+7 
        1359.42      4.96227e+7 
        1369.42      5.24489e+7 
        1379.42        4.396e+7 
        1389.42      3.71713e+7 
        1399.42      3.76281e+7 
        1409.42      6.39443e+7 
        1419.42      9.71984e+7 
        1429.42      1.12677e+8 
        1439.42      1.18449e+8 
           1453       1.1565e+8 
        1463.29       1.1321e+8 
        1473.36       1.1228e+8 
         1484.1       1.1644e+8 
        1494.42      1.25547e+8 
        1509.42      1.34486e+8 
        1521.92      1.38818e+8 
        1531.92      1.32991e+8 
        1544.42      1.12394e+8 
        1556.92      9.83821e+7 
        1569.42       8.6865e+7 
        1580.57        7.444e+7 
        1591.14      6.83479e+7 
        1601.66      7.24439e+7 
        1611.91      8.52518e+7 
        1624.41      1.14492e+8 
        1636.91      1.50746e+8 
        1649.41      1.80276e+8 
        1661.91       1.9772e+8 
        1673.25      2.06321e+8 
         1684.4      2.11337e+8 
         1699.4      2.15315e+8 
         1714.4      2.17607e+8 
         1729.4      2.19154e+8 
         1744.4      2.20285e+8 
        1759.39      2.21041e+8 
         1771.7      2.21524e+8 
        1784.39       2.2195e+8 
        1799.39      2.22358e+8 
           1824      2.22813e+8 
        1834.77      2.22955e+8 
        1845.54      2.23056e+8 
           1864       2.2322e+8 
        1876.29      2.23217e+8 
        1888.59      2.23171e+8 
        1906.98      2.23028e+8 
        1919.37      2.22882e+8 
        1931.76       2.2271e+8 
        1944.47      2.22518e+8 
        1956.53      2.22269e+8 
         1967.6       2.2201e+8 
        1992.71      2.21315e+8 
        2017.81      2.20496e+8 
        2067.03      2.18546e+8 
        2116.25      2.16181e+8 
        2165.47      2.13473e+8 
         2214.7      2.10442e+8 
        2263.91      2.07195e+8 
        2313.13      2.03722e+8 
        2362.35      2.00076e+8 
        2409.27      1.96473e+8 
        2451.59      1.93155e+8 
        2466.76      1.91949e+8 
        2488.39      1.90217e+8 
        2510.01      1.88539e+8 
         2547.3      1.85498e+8 
        2559.23      1.84522e+8 
        2571.17      1.83543e+8 
        2595.04      1.81587e+8 
        2627.89      1.78906e+8 
        2642.78       1.7769e+8 
        2657.67      1.76475e+8 
        2687.45      1.74042e+8 
        2737.93      1.69936e+8 
        2756.11      1.68465e+8 
        2766.75      1.67605e+8 
        2810.65      1.64066e+8 
        2854.55      1.60565e+8 
        2931.71      1.54496e+8 
        2942.34       1.5367e+8 
        2952.98      1.52847e+8 
        2974.26      1.51209e+8 
        3016.81      1.47976e+8 
        3051.42      1.45386e+8 
        3091.41      1.42436e+8 
        3120.64      1.40313e+8 
        3149.86      1.38216e+8 
        3168.31      1.36905e+8 
         3208.3      1.34106e+8 
        3248.29      1.31363e+8 
        3309.83      1.27243e+8 
        3322.09      1.26438e+8 
        3346.73      1.24835e+8 
        3383.63      1.22474e+8 
        3445.17      1.18636e+8 
        3469.81      1.17133e+8 
        3495.92      1.15562e+8 
        3506.71      1.14919e+8 
         3543.6      1.12745e+8 
        3591.28          1.1e+8 
        3635.88      1.07495e+8 
        3647.12      1.06874e+8 
        3658.96      1.06219e+8 
        3671.11      1.05539e+8 
        3682.58      1.04905e+8 
         3693.5      1.04325e+8 
        3703.57       1.0381e+8 
        3713.83      1.03392e+8 
        3724.38       1.0298e+8 
        3734.43      1.01761e+8 
        3744.65      1.02372e+8 
        3754.84      1.02551e+8 
        3765.23      1.00977e+8 
         3775.5      1.01425e+8 
        3785.73      1.05512e+8 
        3795.99      9.00007e+7 
        3806.86      1.05263e+8 
        3817.37      1.11003e+8 
        3827.39      9.73174e+7 
        3837.97      8.10942e+7 
        3848.19      1.09708e+8 
         3858.5      1.19405e+8 
         3868.9      1.15393e+8 
        3879.53      9.41925e+7 
        3889.58      6.12092e+7 
        3900.27      9.93752e+7 
        3911.29      1.21517e+8 
        3922.24      1.29822e+8 
        3933.45      1.29877e+8 
        3943.88      1.21896e+8 
        3954.05      1.03989e+8 
        3964.43       7.2748e+7 
        3975.04      7.00456e+7 
        3985.59      1.02275e+8 
        3995.73      1.21697e+8 
        4005.95      1.32847e+8 
        4017.18       1.3813e+8 
        4028.86      1.39937e+8 
        4043.86      1.38828e+8 
        4056.35      1.33904e+8 
        4068.85      1.22921e+8 
        4080.56      1.05845e+8 
        4091.24      8.08941e+7 
        4101.24      4.78314e+7 
        4111.32      7.78226e+7 
        4122.41      1.03539e+8 
        4133.78      1.19617e+8 
        4143.83       1.2907e+8 
        4158.83      1.36421e+8 
        4173.82      1.39147e+8 
        4188.82      1.39981e+8 
        4203.81      1.39901e+8 
        4216.52      1.39386e+8 
        4228.81      1.38518e+8 
        4243.81      1.36903e+8 
         4258.8      1.34214e+8 
         4273.8      1.29609e+8 
        4288.79      1.22014e+8 
        4301.29      1.13119e+8 
        4313.79      1.00124e+8 
        4324.82      8.24134e+7 
        4335.37      5.83032e+7 
        4345.89      5.89646e+7 
        4356.08      8.14496e+7 
        4367.98      9.89627e+7 
        4378.77      1.08741e+8 
        4393.77      1.17298e+8 
        4408.76      1.22504e+8 
        4423.76      1.24982e+8 
        4438.75      1.25802e+8 
        4453.75      1.25798e+8 
        4468.74      1.25401e+8 
        4483.74      1.24772e+8 
        4498.74      1.24038e+8 
        4513.73      1.23229e+8 
        4527.19      1.22463e+8 
        4538.73      1.21787e+8 
        4553.72      1.20885e+8 
        4568.72      1.19963e+8 
        4583.72      1.19027e+8 
        4596.53      1.18216e+8 
        4608.71      1.17448e+8 
         4623.7      1.16476e+8 
         4638.7      1.15487e+8 
         4653.7      1.14472e+8 
        4668.69      1.13418e+8 
        4683.69      1.12291e+8 
        4698.68      1.11075e+8 
        4713.68      1.09724e+8 
        4724.83      1.08594e+8 
        4738.67      1.06987e+8 
        4753.67      1.04968e+8 
        4768.67      1.02417e+8 
        4783.66      9.91791e+7 
        4798.66      9.47793e+7 
        4813.65      8.86397e+7 
        4826.15      8.14339e+7 
        4836.81      7.27436e+7 
        4847.03      6.11178e+7 
        4857.49       4.5838e+7 
        4868.64      5.10126e+7 
        4878.69      6.41648e+7 
        4890.48      7.50542e+7 
        4901.02      8.14376e+7 
        4911.08      8.56213e+7 
         4921.7      8.87431e+7 
        4933.62      9.11335e+7 
        4948.62       9.2906e+7 
        4963.61      9.38551e+7 
        4978.61      9.42289e+7 
        4993.61      9.42528e+7 
         5008.6      9.40395e+7 
         5023.6      9.36499e+7 
        5038.59      9.31479e+7 
        5053.59      9.25761e+7 
        5068.59      9.19538e+7 
        5083.58      9.13047e+7 
        5098.58      9.06422e+7 
        5113.57      8.99711e+7 
        5128.57      8.92973e+7 
        5143.57      8.86224e+7 
        5158.56      8.79486e+7 
        5173.56      8.72769e+7 
        5188.55      8.66081e+7 
        5203.55       8.5943e+7 
        5218.55       8.5281e+7 
        5233.54      8.46223e+7 
        5248.54      8.39682e+7 
        5263.53      8.33191e+7 
        5278.53      8.26748e+7 
        5293.52      8.20358e+7 
        5308.52      8.14018e+7 
        5323.52      8.07732e+7 
        5338.51      8.01496e+7 
        5353.51      7.95316e+7 
        5368.51      7.89432e+7 
         5383.5      7.83334e+7 
         5398.5      7.77293e+7 
        5413.49      7.71305e+7 
        5428.49      7.65371e+7 
        5443.48      7.59493e+7 
        5458.48      7.53665e+7 
        5473.48      7.47891e+7 
        5488.47      7.42167e+7 
        5503.47      7.36496e+7 
        5518.47      7.30879e+7 
        5533.46      7.25312e+7 
        5548.46      7.19792e+7 
        5563.45      7.14326e+7 
        5578.45       7.0891e+7 
        5593.44      7.03541e+7 
        5608.44      6.98219e+7 
        5623.44      6.92947e+7 
        5638.43       6.8772e+7 
        5653.43      6.82542e+7 
        5668.43      6.77447e+7 
        5682.86      6.72543e+7 
        5693.42      6.68983e+7 
        5704.77      6.65182e+7 
        5715.23      6.61701e+7 
        5728.41       6.5735e+7 
         5743.4      6.52437e+7 
         5758.4       6.4757e+7 
         5773.4      6.42537e+7 
        5788.39      6.37753e+7 
        5803.39      6.33006e+7 
        5818.39      6.28306e+7 
        5833.38      6.23644e+7 
        5848.38      6.19026e+7 
        5863.37      6.14445e+7 
        5878.37      6.09903e+7 
        5893.36      6.05401e+7 
        5908.36       6.0094e+7 
        5923.36      5.96513e+7 
        5938.35      5.92127e+7 
        5953.35      5.87776e+7 
        5968.34      5.83463e+7 
        5983.34      5.79187e+7 
        5998.34      5.74943e+7 
        6013.33      5.70733e+7 
        6028.33      5.66558e+7 
        6043.32      5.62414e+7 
        6058.32      5.58305e+7 
        6073.32      5.54221e+7 
        6088.31      5.50165e+7 
        6103.31      5.46138e+7 
         6118.3      5.42135e+7 
         6133.3      5.38155e+7 
         6148.3      5.34196e+7 
        6163.29       5.3026e+7 
        6178.29      5.26336e+7 
        6193.28      5.22422e+7 
        6208.28      5.18523e+7 
        6223.28      5.14627e+7 
        6238.27      5.10722e+7 
        6252.16      5.07106e+7 
        6262.16      5.04521e+7 
        6273.26       5.0164e+7 
        6284.63      4.98678e+7 
        6295.99      4.95696e+7 
        6306.09      4.93029e+7 
        6316.22      4.90321e+7 
        6328.25       4.8706e+7 
        6343.24      4.82941e+7 
        6358.24       4.7871e+7 
        6373.23      4.74315e+7 
        6388.23      4.69693e+7 
        6403.23      4.64739e+7 
        6418.22      4.59317e+7 
        6433.22      4.53203e+7 
        6448.22      4.46065e+7 
        6463.21      4.37479e+7 
        6478.21      4.26883e+7 
         6493.2      4.13368e+7 
         6508.2      3.95106e+7 
        6523.19      3.69184e+7 
        6537.09      3.34542e+7 
        6548.06      2.97613e+7 
        6558.19      2.54904e+7 
        6569.28      2.62885e+7 
        6579.79      3.02173e+7 
        6590.04      3.32063e+7 
        6603.34      3.59332e+7 
        6613.66      3.73677e+7 
        6623.98      3.83808e+7 
         6634.3      3.90927e+7 
        6649.78      3.97751e+7 
         6660.1      4.00575e+7 
        6670.42      4.02397e+7 
        6680.74      4.03421e+7 
        6691.06       4.0382e+7 
        6701.39      4.03742e+7 
        6711.48      4.03324e+7 
        6731.66      4.01753e+7 
        6751.84      3.99538e+7 
        6772.02      3.96934e+7 
        6799.98      3.92954e+7 
        6812.38      3.91106e+7 
        6824.78      3.89218e+7 
        6849.58      3.85357e+7 
        6899.18      3.77497e+7 
        6998.37      3.61795e+7 
           7086      3.48327e+7 
        7097.57      3.46584e+7 
        7109.15      3.44853e+7 
         7132.3      3.41419e+7 
         7178.6      3.34661e+7 
        7271.19      3.21617e+7 
        7334.07      3.13109e+7 
        7363.79      3.09221e+7 
        7393.51      3.05349e+7 
        7452.96       2.9778e+7 
         7512.4      2.90441e+7 
        7571.84      2.83323e+7 
        7584.68      2.81813e+7 
        7631.28      2.76417e+7 
        7677.88      2.71146e+7 
        7771.08      2.60967e+7 
        7864.28      2.51253e+7 
        7952.71      2.42445e+7 
        7971.79      2.40594e+7 
        7990.87      2.38761e+7 
        8029.04      2.35145e+7 
        8082.55      2.30188e+7 
        8136.06      2.25357e+7 
         8176.3      2.21807e+7 
        8189.57      2.20651e+7 
        8200.85      2.19675e+7 
        8216.85        2.183e+7 
        8232.84      2.16934e+7 
        8264.83      2.14235e+7 
        8289.72      2.12164e+7 
        8328.82      2.08957e+7 
        8343.44      2.07773e+7 
        8367.92      2.05804e+7 
        8388.68       2.0418e+7 
        8408.65       2.0263e+7 
        8432.02      2.00829e+7 
        8467.25      1.98126e+7 
        8502.48      1.95452e+7 
        8516.58      1.94396e+7 
        8530.98      1.93304e+7 
        8545.38      1.92335e+7 
        8574.18      1.90423e+7 
        8598.39      1.88731e+7 
         8628.6       1.8682e+7 
        8646.81      1.85472e+7 
        8665.01      1.84076e+7 
        8683.22      1.83106e+7 
        8701.43      1.82015e+7 
        8719.64      1.80552e+7 
        8737.85      1.78862e+7 
        8750.47      1.77724e+7 
        8763.09      1.77266e+7 
        8775.71      1.76856e+7 
        8786.57      1.76374e+7 
        8800.96      1.75487e+7 
        8815.35      1.74306e+7 
        8829.74      1.72954e+7 
        8844.13      1.71297e+7 
        8854.26      1.69982e+7 
        8867.04      1.69027e+7 
        8879.82      1.69365e+7 
        8896.85      1.69577e+7 
        8913.89      1.69315e+7 
        8930.92       1.6847e+7 
        8947.96      1.67185e+7 
        8964.99      1.65359e+7 
        8982.03      1.62858e+7 
        8999.07      1.59695e+7 
        9010.95      1.57337e+7 
        9022.83      1.57333e+7 
        9034.71      1.58585e+7 
         9046.6      1.59632e+7 
        9058.48      1.60374e+7 
        9074.32      1.60825e+7 
        9090.17      1.60716e+7 
        9118.82      1.59481e+7 
        9137.92      1.57986e+7 
        9157.03      1.55834e+7 
        9176.13      1.52859e+7 
        9195.23      1.48671e+7 
        9214.33      1.43072e+7 
        9225.34       1.3951e+7 
        9236.35      1.40035e+7 
        9249.19      1.42958e+7 
        9263.86      1.45812e+7 
        9285.88      1.48467e+7 
        9300.55      1.49405e+7 
        9315.23      1.49939e+7 
         9329.9      1.49994e+7 
        9344.58      1.49788e+7 
        9359.25      1.49369e+7 
        9373.92      1.48779e+7 
        9384.08      1.48288e+7 
         9404.4      1.47014e+7 
        9424.72      1.45472e+7 
        9445.04      1.43428e+7 
         9455.2      1.42141e+7 
        9465.36      1.40802e+7 
        9475.52       1.3913e+7 
        9485.67      1.37132e+7 
        9495.83      1.34717e+7 
        9505.99       1.3157e+7 
        9516.15      1.27581e+7 
        9526.31       1.2263e+7 
        9536.47      1.17324e+7 
        9546.56      1.12524e+7 
        9556.65      1.17136e+7 
        9568.51      1.22504e+7 
        9582.76      1.27546e+7 
           9597      1.30823e+7 
        9615.99      1.33273e+7 
        9634.98      1.34528e+7 
        9653.96        1.352e+7 
        9668.45      1.35367e+7 
        9682.94      1.35277e+7 
        9711.91      1.34764e+7 
        9740.89      1.33877e+7 
        9769.86      1.32788e+7 
        9798.84      1.31528e+7 
        9827.81      1.30088e+7 
         9842.3      1.29273e+7 
        9856.79      1.28605e+7 
        9871.28      1.27603e+7 
        9885.76      1.26472e+7 
        9900.25      1.25159e+7 
        9914.74      1.23759e+7 
        9929.23      1.22164e+7 
        9943.72      1.20271e+7 
        9961.92      1.17493e+7 
        9980.13      1.14128e+7 
        9993.78      1.10952e+7 
        10007.4      1.06852e+7 
        10021.1      1.01882e+7 
        10034.7       9.5582e+6 
        10045.2      8.97836e+6 
        10056.3      9.09686e+6 
        10067.3      9.61516e+6 
        10078.3      1.00367e+7 
        10089.3      1.03662e+7 
        10100.3      1.06314e+7 
        10111.4      1.08255e+7 
        10127.9      1.10436e+7 
        10138.9      1.11383e+7 
        10149.9      1.12236e+7 
          10161      1.12901e+7 
          10172      1.13381e+7 
          10183      1.13712e+7 
          10194      1.13903e+7 
        10216.1      1.14158e+7 
        10237.2      1.14061e+7 
        10258.3       1.1375e+7 
        10279.4      1.13314e+7 
        10300.5      1.12773e+7 
        10342.7      1.11541e+7 
        10427.1      1.08841e+7 
        10511.5      1.05763e+7 
        10595.9      1.02852e+7 
        10638.1      1.01227e+7 
        10680.3      9.94465e+6 
        10722.5      9.73759e+6 
        10743.6      9.61871e+6 
        10764.7       9.4856e+6 
        10785.8       9.3315e+6 
        10806.9      9.15708e+6 
        10817.5      9.05859e+6 
          10828      8.94911e+6 
        10838.6      8.82574e+6 
        10849.1      8.68811e+6 
        10859.7      8.53831e+6 
        10870.2      8.35987e+6 
        10880.8      8.15576e+6 
        10891.3      7.92115e+6 
        10901.9      7.64569e+6 
        10912.4      7.32151e+6 
          10923      6.95464e+6 
        10933.5      6.50061e+6 
        10945.8      6.61817e+6 
        10959.4      7.09343e+6 
        10973.1      7.46028e+6 
        10991.3      7.82549e+6 
        11009.5      8.07747e+6 
        11027.7      8.24715e+6 
          11046      8.36867e+6 
        11064.2      8.44774e+6 
        11082.4      8.49659e+6 
        11100.6      8.53049e+6 
        11118.8      8.54677e+6 
        11137.1      8.54834e+6 
        11173.5      8.52534e+6 
        11209.9      8.47721e+6 
        11231.8      8.43939e+6 
        11246.4      8.41193e+6 
        11260.9      8.38303e+6 
          11290      8.32114e+6 
        11348.2      8.18938e+6 
        11406.4       8.0542e+6 
        11464.6      7.93048e+6 
        11522.8      7.79338e+6 
          11581       7.6592e+6 
        11639.2      7.52788e+6 
        11697.4      7.39933e+6 
        11755.6      7.27351e+6 
        11813.8       7.1503e+6 
          11872      7.02966e+6 
        11930.2      6.91154e+6 
        11988.4      6.79586e+6 
        12046.6      6.67456e+6 
        12104.8      6.56203e+6 
          12163       6.4512e+6 
        12221.2      6.34174e+6 
        12274.1      6.24247e+6 
        12284.6      6.22277e+6 
        12295.1      6.20295e+6 
        12316.1      6.16324e+6 
        12358.1      6.08313e+6 
          12442      5.91659e+6 
          12484      5.82803e+6 
          12526      5.73275e+6 
        12567.9      5.62631e+6 
        12588.9       5.5669e+6 
        12609.9      5.50281e+6 
        12630.9      5.43163e+6 
        12651.9       5.3512e+6 
        12672.9      5.25852e+6 
        12693.8      5.15152e+6 
        12704.3      5.09029e+6 
        12714.8      5.02265e+6 
        12725.3       4.9476e+6 
        12735.8      4.86564e+6 
        12746.3      4.77327e+6 
        12756.8      4.66878e+6 
        12767.3      4.55289e+6 
        12777.8       4.4222e+6 
        12788.3      4.27885e+6 
        12798.8      4.11637e+6 
        12810.8      3.87908e+6 
        12821.2      3.74343e+6 
        12832.4      4.00044e+6 
        12848.4      4.22133e+6 
        12861.2      4.36091e+6 
          12874       4.4806e+6 
        12893.2      4.62053e+6 
          12906      4.69074e+6 
        12918.8      4.74805e+6 
        12931.6      4.79372e+6 
        12944.4       4.8296e+6 
        12957.2      4.85734e+6 
          12970      4.87889e+6 
        12982.8       4.8952e+6 
        12995.6      4.90679e+6 
        13021.2      4.91851e+6 
        13046.8      4.91901e+6 
        13072.3      4.91197e+6 
        13097.9      4.89869e+6 
        13123.5      4.88084e+6 
        13174.7      4.83592e+6 
        13225.9      4.78414e+6 
        13245.8      4.76265e+6 
        13277.1      4.72794e+6 
        13308.4      4.69235e+6 
        13370.9      4.61968e+6 
        13433.4      4.54642e+6 
        13495.9      4.47357e+6 
        13558.4      4.40162e+6 
        13620.9      4.33402e+6 
        13683.5      4.26371e+6 
          13746      4.19481e+6 
        13808.5       4.1273e+6 
          13871      4.06111e+6 
        13933.5      3.99626e+6 
        13996.1      3.93268e+6 
        14058.6      3.87035e+6 
        14121.1      3.80924e+6 
        14183.6      3.74933e+6 
        14246.1      3.69059e+6 
        14285.2      3.65443e+6 
        14300.2      3.64073e+6 
        14332.1       3.6117e+6 
        14378.9      3.56938e+6 
        14457.6      3.49964e+6 
        14489.5      3.47184e+6 
        14536.4      3.43153e+6 
        14581.2      3.39349e+6 
        14597.2      3.38004e+6 
        14613.2      3.36662e+6 
        14645.2      3.34002e+6 
        14709.2      3.28758e+6 
        14773.2      3.23615e+6 
        14837.1      3.18573e+6 
        14901.1      3.13628e+6 
        14965.1      3.08779e+6 
        15029.1      3.04023e+6 
        15093.1      2.99357e+6 
        15157.1      2.94781e+6 
          15221      2.90291e+6 
          15285      2.85887e+6 
          15349      2.81565e+6 
          15413      2.77324e+6 
        15471.6       2.7351e+6 
        15482.4      2.72815e+6 
        15493.1      2.72135e+6 
        15514.7       2.7078e+6 
        15557.9      2.68096e+6 
        15644.2      2.62825e+6 
        15730.5      2.57683e+6 
        15816.8      2.52665e+6 
        15903.1      2.47768e+6 
        15989.4      2.42988e+6 
        16075.8      2.38323e+6 
        16162.1      2.33768e+6 
        16248.4      2.29321e+6 
        16289.9      2.27221e+6 
        16334.7      2.24979e+6 
        16379.5      2.22765e+6 
        16469.1      2.18524e+6 
        16558.8      2.14384e+6 
        16648.4       2.1034e+6 
          16738      2.06391e+6 
        16827.7      2.02533e+6 
        16917.3      1.98765e+6 
        17006.9      1.95083e+6 
        17096.6      1.91486e+6 
        17186.2       1.8797e+6 
        17275.8      1.84535e+6 
        17327.7      1.82582e+6 
        17365.5      1.81177e+6 
        17403.2      1.79784e+6 
        17478.8      1.77016e+6 
        17554.3        1.743e+6 
        17629.9      1.71636e+6 
        17705.4      1.69022e+6 
          17781      1.66457e+6 
        17856.5      1.63941e+6 
        17932.1      1.61471e+6 
        18007.6      1.58522e+6 
        18083.2      1.55996e+6 
        18158.7      1.53457e+6 
        18234.3      1.50863e+6 
        18309.8      1.48144e+6 
        18343.7      1.46854e+6 
        18385.3      1.45185e+6 
          18427      1.43374e+6 
        18468.6      1.41333e+6 
        18510.2      1.38967e+6 
          18531      1.37618e+6 
        18551.8       1.3612e+6 
        18572.6      1.34447e+6 
        18593.4      1.32571e+6 
        18614.2       1.3044e+6 
          18635      1.27993e+6 
        18655.8      1.25171e+6 
        18676.6      1.21925e+6 
          18687      1.20127e+6 
        18697.4      1.18213e+6 
        18707.8      1.16144e+6 
        18718.2      1.13878e+6 
        18728.6      1.11289e+6 
          18739      1.08075e+6 
        18749.1      1.00571e+6 
        18759.7       1.0624e+6 
        18772.5      1.10085e+6 
        18785.2       1.1271e+6 
        18804.4      1.15796e+6 
        18817.2      1.17518e+6 
          18830      1.19044e+6 
        18842.8      1.20382e+6 
        18855.6      1.21544e+6 
        18868.4       1.2254e+6 
        18881.2      1.23386e+6 
        18906.8      1.24705e+6 
        18932.4      1.25604e+6 
          18958      1.26192e+6 
        18983.6      1.26525e+6 
        19009.2       1.2666e+6 
        19060.4      1.26501e+6 
        19111.6      1.25973e+6 
        19162.7      1.25224e+6 
        19213.9       1.2434e+6 
        19265.1      1.23369e+6 
        19316.3      1.22344e+6 
        19367.5      1.21287e+6 
        19386.7      1.20885e+6 
        19418.7       1.2021e+6 
        19450.7      1.19532e+6 
        19514.7      1.18157e+6 
        19578.7      1.17038e+6 
        19642.7      1.15618e+6 
        19706.7       1.1422e+6 
        19770.6      1.12842e+6 
        19834.6      1.11485e+6 
        19898.6      1.10148e+6 
        19962.6       1.0883e+6 
        20026.6      1.07533e+6 
        20090.6      1.06254e+6 
        20154.6      1.04995e+6 
        20218.6      1.03753e+6 
        20282.6       1.0253e+6 
        20346.6      1.01325e+6 
        20410.6      1.00137e+6 
        20474.4          989699 
        20538.2          978132 
          20602          966731 
        20665.8          955493 
        20729.6          944419 
        20793.4          933505 
        20857.2          922749 
          20921          912146 
        20984.8          901694 
        21048.6          891389 
        21112.4          881232 
        21176.2          871220 
          21240          861346 
        21303.8          851610 
        21367.6          842013 
        21431.4          832547 
        21495.2          823210 
          21559          814006 
        21615.1          806029 
        21630.6          803830 
        21646.2          801634 
        21677.3          797264 
        21739.5          788612 
        21801.7          780076 
        21863.9          771657 
        21926.1          763347 
        21988.4          755151 
        22050.6          747061 
        22112.8          739082 
          22175          731206 
        22237.2          723437 
        22299.4          715768 
        22361.6          708200 
        22423.9          700732 
        22486.1          693362 
        22548.3          686089 
        22610.5          678908 
        22672.7          671823 
          22683          670658 
        22734.9          664827 
        22784.8          659282 
        22800.8          657516 
        22816.8          655754 
        22848.8          652248 
        22912.8          645308 
        22976.8          638460 
        23040.8          631705 
        23104.8          625036 
        23168.7          618457 
        23232.7          611963 
        23296.7          605551 
        23360.7          599227 
        23424.7          592982 
        23488.6          586821 
        23552.6          580736 
        23616.6          574732 
        23680.6          568804 
        23744.6          562955 
        23808.6          557177 
        23872.5          551472 
        23936.5          545842 
        24000.5          540285 
        24064.5          534796 
        24128.5          529377 
        24192.5          524027 
        24256.4          518743 
        24320.4          513525 
        24384.4          508373 
        24448.4          503286 
        24512.4          498263 
        24576.3          493299 
        24640.3          488398 
        24704.3          483560 
        24768.3          478779 
        24832.3          474060 
        24896.3          469395 
        24960.2          464789 
        25004.4          461641 
        25024.2          460240 
          25044          458845 
        25083.6          456090 
        25162.8          450643 
        25241.9          445277 
        25321.1          439993 
        25400.2          434784 
        25479.4          429650 
        25558.5          424596 
        25637.7          419613 
        25716.9          414706 
          25796          409868 
        25875.2          405102 
        25954.3          400402 
        26033.5          395772 
        26112.7          391210 
        26191.8          386711 
          26271          382275 
        26350.1          377905 
        26429.3          373598 
        26508.4          369351 
        26587.6          365163 
        26666.8          361035 
        26745.9          356967 
        26825.1          352952 
        26904.2          348996 
        26983.4          345095 
        27062.6          341246 
        27141.7          337454 
        27220.9          333713 
        27299.2          330062 
        27377.5          326481 
        27455.8          322946 
        27534.2          319459 
        27612.5          316022 
        27690.8          312629 
        27769.1          309281 
        27847.5          305979 
        27925.8          302720 
        28004.1          299504 
        28082.4          296331 
        28160.8          293200 
        28239.1          290110 
        28317.4          287060 
        28395.7          284051 
          28474          281080 
        28552.4          278149 
        28630.7          275256 
          28709          272400 
        28787.3          269580 
        28865.7          266798 
          28944          264051 
        29022.3          261339 
        29100.6          258662 
          29179          256019 
        29257.3          253410 
        29335.6          250834 
        29413.9          248291 
        29492.3          245780 
        29570.6          243300 
        29648.9          240852 
        29727.2          238435 
        29805.5          236047 
        29883.9          233690 
        29932.6          232238 
        29962.2          231361 
        29991.8          230489 
