# Koester WD models
# teff = 10000 K (value for the effective temperature for the model. Temperatures are given in K)
# logg = 8 log(cm/s2) (value for Log(G) for the model.)
#
# column 1: WAVELENGTH (ANGSTROM), Wavelength in Angstrom
# column 2: FLUX (ERG/CM2/S/A), Flux in erg/cm2/s/A
         899.23         253.672 
        909.241         312.275 
        919.251         1698.72 
        929.255         2527.66 
        939.271         9390.66 
         949.28         858.302 
        959.289         28970.2 
        969.297         17373.7 
        979.305         31776.9 
        989.312         55092.9 
        999.319         85822.7 
        1009.33           67396 
        1019.33         45009.3 
        1029.34         43101.4 
        1039.34         94591.2 
        1049.35          167148 
        1059.36          197112 
        1069.36          481276 
        1079.36          530260 
        1089.37      2.40637e+6 
        1099.37      2.93583e+6 
        1109.38       2.9103e+6 
        1119.38      2.73534e+6 
        1129.38      2.46227e+6 
        1139.39      2.03391e+6 
        1149.39      1.47726e+6 
        1159.39          923028 
        1169.39          537018 
         1179.4          385235 
         1189.4          358267 
         1199.4          353435 
         1209.4          287284 
        1219.41          277955 
        1229.41          457535 
        1239.41          597795 
        1249.41          698326 
        1259.41          815768 
        1269.41      1.01321e+6 
        1279.42      1.35899e+6 
        1289.42      1.80241e+6 
        1299.42      2.27261e+6 
        1309.42      2.85593e+6 
        1319.42      3.35795e+6 
        1329.42      3.95693e+6 
        1339.42      4.52757e+6 
        1349.42      5.01235e+6 
        1359.42      5.57237e+6 
        1369.42      6.15381e+6 
        1379.42      6.12865e+6 
        1389.42       5.9727e+6 
        1399.42      5.91386e+6 
        1409.42       7.6002e+6 
        1419.42      9.98615e+6 
        1429.42      1.21489e+7 
        1439.42      1.35833e+7 
        1451.81      1.26387e+7 
        1461.94      1.12125e+7 
        1471.94       1.0458e+7 
        1482.41      1.04851e+7 
        1493.38      1.23319e+7 
         1503.8      1.52851e+7 
        1514.42      1.70354e+7 
        1525.04      1.82272e+7 
        1536.29      1.50741e+7 
        1546.92      1.05263e+7 
        1556.92      8.71088e+6 
        1569.42      7.59873e+6 
        1581.72       6.7815e+6 
        1593.61      6.60545e+6 
        1603.79      7.02636e+6 
        1614.41       8.3719e+6 
        1625.04        1.212e+7 
        1635.66      2.15848e+7 
        1646.91      4.04603e+7 
        1659.41      6.55811e+7 
        1670.17      8.30747e+7 
        1680.56      9.50307e+7 
        1691.71        1.038e+8 
         1704.4      1.10483e+8 
         1719.4      1.15533e+8 
         1734.4      1.19053e+8 
        1749.39      1.21698e+8 
        1764.39      1.23441e+8 
        1775.55      1.24628e+8 
        1789.39      1.26241e+8 
        1809.39      1.28064e+8 
           1824      1.29331e+8 
        1834.77      1.30235e+8 
        1845.54      1.31104e+8 
           1864      1.32776e+8 
        1876.29      1.33655e+8 
        1888.59      1.34496e+8 
        1906.98      1.35687e+8 
        1919.37      1.36445e+8 
        1931.76       1.3721e+8 
        1944.47      1.38042e+8 
        1956.53      1.38684e+8 
         1967.6      1.39226e+8 
        1992.71      1.40348e+8 
        2017.81      1.41344e+8 
        2067.03      1.43021e+8 
        2116.25      1.44091e+8 
        2165.42      1.44806e+8 
        2178.22      1.44903e+8 
        2191.02      1.44977e+8 
         2214.7      1.45055e+8 
        2260.18      1.44989e+8 
        2275.12      1.44954e+8 
        2290.06      1.44838e+8 
        2313.13      1.44611e+8 
        2356.21       1.4405e+8 
         2368.5      1.43854e+8 
        2380.79      1.43643e+8 
        2401.46      1.43259e+8 
        2417.09      1.42941e+8 
        2432.72      1.42624e+8 
        2451.59      1.42186e+8 
        2466.76      1.41811e+8 
        2488.39      1.41244e+8 
        2510.01       1.4073e+8 
         2547.3       1.3961e+8 
        2559.23      1.39234e+8 
        2571.17      1.38846e+8 
        2595.04      1.38044e+8 
        2627.89       1.3691e+8 
        2642.78      1.36371e+8 
        2657.67      1.35823e+8 
        2687.45      1.34686e+8 
        2737.93      1.32686e+8 
        2756.11      1.31948e+8 
        2766.75      1.31506e+8 
        2810.65      1.29658e+8 
        2854.55      1.27771e+8 
        2931.71      1.24344e+8 
        2942.34      1.23866e+8 
        2952.98      1.23386e+8 
        2974.26      1.22419e+8 
        3016.81      1.20478e+8 
        3051.42      1.18912e+8 
        3091.41      1.17091e+8 
        3120.64      1.15763e+8 
        3149.86      1.14435e+8 
        3168.31      1.13594e+8 
         3208.3      1.11776e+8 
        3248.29      1.09966e+8 
        3309.83      1.07177e+8 
        3322.09      1.06624e+8 
        3346.73      1.05516e+8 
        3383.63      1.03864e+8 
        3445.17      1.01134e+8 
        3469.81      1.00049e+8 
        3495.92      9.89064e+7 
        3506.71      9.84368e+7 
         3543.6      9.68387e+7 
        3591.28      9.48001e+7 
        3635.88      9.29135e+7 
        3647.12      9.24414e+7 
        3658.96      9.19447e+7 
        3671.11      9.14276e+7 
        3682.58      9.09441e+7 
         3693.5       9.0486e+7 
        3703.57       9.0056e+7 
        3713.83      8.96639e+7 
        3724.38      8.92985e+7 
        3734.43      8.86312e+7 
        3744.62      8.87692e+7 
        3754.84      8.87283e+7 
        3765.07      8.78085e+7 
         3775.5      8.77981e+7 
        3785.73      8.96029e+7 
        3795.99      8.13607e+7 
        3806.86      8.93409e+7 
        3817.37      9.18196e+7 
        3827.39      8.47705e+7 
        3837.97       7.4922e+7 
        3848.91      9.19412e+7 
        3861.47      9.57705e+7 
        3872.36      9.09554e+7 
        3882.39      7.55336e+7 
        3892.89      6.77795e+7 
        3903.01      8.90645e+7 
        3913.89      9.83278e+7 
        3923.98      1.00989e+8 
         3935.4      1.00129e+8 
        3945.81      9.48101e+7 
        3956.32      8.25199e+7 
        3966.51      5.64764e+7 
        3976.83      6.65487e+7 
        3987.48      8.76778e+7 
        3998.87       9.8428e+7 
        4009.98      1.03206e+8 
        4020.55      1.04951e+8 
        4032.09      1.05398e+8 
        4043.86       1.0464e+8 
        4056.35      1.01894e+8 
        4068.85      9.57325e+7 
        4080.56      8.56964e+7 
        4091.24      6.86265e+7 
         4101.3      3.83579e+7 
        4111.66        6.692e+7 
        4122.41      8.40929e+7 
        4133.78      9.35337e+7 
        4143.83      9.88062e+7 
        4158.83      1.02667e+8 
        4173.82      1.04022e+8 
        4188.82      1.04345e+8 
        4203.81      1.04184e+8 
        4216.52      1.03813e+8 
        4228.81      1.03256e+8 
        4243.81      1.02274e+8 
         4258.8      1.00725e+8 
         4273.8      9.81587e+7 
        4288.79       9.3862e+7 
        4301.29      8.86815e+7 
        4313.79      8.07031e+7 
        4324.82      6.88427e+7 
        4335.37      4.76498e+7 
        4345.96      4.85222e+7 
        4356.08      6.80752e+7 
        4367.98      7.97421e+7 
        4378.77       8.5686e+7 
        4393.77      9.05614e+7 
        4408.76      9.33411e+7 
        4423.76      9.45676e+7 
        4438.75      9.49125e+7 
        4453.75      9.48123e+7 
        4468.74      9.44931e+7 
        4483.74      9.40473e+7 
        4498.74      9.35547e+7 
        4513.73      9.30094e+7 
        4527.19      9.24979e+7 
        4538.73      9.20474e+7 
        4553.72      9.14505e+7 
        4568.72      9.08426e+7 
        4583.72      9.02262e+7 
        4596.53      8.96934e+7 
        4608.71      8.91876e+7 
         4623.7      8.85499e+7 
         4638.7      8.79014e+7 
         4653.7      8.72395e+7 
        4668.69      8.65553e+7 
        4683.69      8.58308e+7 
        4698.68      8.50561e+7 
        4713.68      8.42035e+7 
        4724.83      8.34966e+7 
        4738.67      8.24985e+7 
        4753.67      8.12645e+7 
        4768.67      7.97267e+7 
        4783.66      7.77572e+7 
        4798.66       7.5079e+7 
        4813.65      7.12548e+7 
        4826.15      6.66511e+7 
        4836.81      6.07989e+7 
        4847.03       5.1911e+7 
         4858.4      3.57526e+7 
        4868.64       4.2359e+7 
        4880.32       5.5812e+7 
        4891.22      6.25692e+7 
        4903.63      6.71377e+7 
        4915.55      6.98272e+7 
        4928.62      7.17025e+7 
        4943.62       7.2917e+7 
        4958.61       7.3528e+7 
        4973.61      7.37577e+7 
        4988.61       7.3741e+7 
         5003.6       7.3588e+7 
         5018.6      7.33125e+7 
         5033.6      7.29613e+7 
        5048.59      7.25607e+7 
        5063.59      7.21291e+7 
        5078.58      7.16754e+7 
        5093.58      7.12133e+7 
        5108.57      7.07449e+7 
        5123.57       7.0274e+7 
        5138.57      6.98018e+7 
        5153.56      6.93299e+7 
        5168.56      6.88581e+7 
        5183.56      6.83874e+7 
        5198.55       6.7919e+7 
        5213.55      6.74525e+7 
        5228.54      6.69888e+7 
        5243.54      6.65276e+7 
        5258.53      6.60693e+7 
        5273.53       6.5614e+7 
        5288.53      6.51617e+7 
        5303.52      6.47121e+7 
        5318.52       6.4266e+7 
        5333.52       6.3823e+7 
        5348.51      6.33832e+7 
        5363.51      6.29635e+7 
         5378.5      6.25284e+7 
         5393.5      6.20967e+7 
        5408.49      6.16685e+7 
        5423.49      6.12435e+7 
        5438.49      6.08215e+7 
        5453.48      6.04034e+7 
        5468.48      5.99881e+7 
        5483.48      5.95762e+7 
        5498.47      5.91675e+7 
        5513.47      5.87622e+7 
        5528.46      5.83598e+7 
        5543.46      5.79608e+7 
        5558.45       5.7565e+7 
        5573.45       5.7172e+7 
        5588.45      5.67821e+7 
        5603.44      5.63954e+7 
        5618.44      5.60118e+7 
        5633.43       5.5631e+7 
        5648.43      5.52534e+7 
        5663.43      5.48789e+7 
        5673.98      5.46273e+7 
         5686.2      5.43254e+7 
        5698.42      5.40253e+7 
        5708.88      5.37696e+7 
        5723.41      5.34174e+7 
        5738.41      5.30565e+7 
         5753.4      5.26983e+7 
         5768.4      5.23245e+7 
        5783.39      5.19714e+7 
        5798.39      5.16211e+7 
        5813.39      5.12733e+7 
        5828.38      5.09284e+7 
        5843.38      5.05862e+7 
        5858.37      5.02466e+7 
        5873.37      4.99095e+7 
        5888.37       4.9575e+7 
        5903.36      4.92429e+7 
        5918.36      4.89133e+7 
        5933.35      4.85863e+7 
        5948.35      4.82615e+7 
        5963.35      4.79391e+7 
        5978.34      4.76193e+7 
        5993.34      4.73017e+7 
        6008.33      4.69863e+7 
        6023.33      4.66731e+7 
        6038.32      4.63621e+7 
        6053.32      4.60532e+7 
        6068.32      4.57463e+7 
        6083.31      4.54409e+7 
        6098.31      4.51371e+7 
        6113.31      4.48349e+7 
         6128.3      4.45346e+7 
         6143.3      4.42355e+7 
        6158.29      4.39374e+7 
        6173.29      4.36405e+7 
        6188.28      4.33442e+7 
        6203.28      4.30483e+7 
        6218.28      4.27527e+7 
        6233.27      4.24561e+7 
        6244.38      4.22356e+7 
        6256.04      4.20056e+7 
        6266.59      4.17979e+7 
        6278.26      4.15674e+7 
        6290.52      4.13236e+7 
        6302.31      4.10873e+7 
        6312.59      4.08793e+7 
        6323.25      4.06613e+7 
        6338.24      4.03494e+7 
        6353.24      4.00299e+7 
        6368.24      3.96987e+7 
        6383.23      3.93535e+7 
        6398.23      3.89865e+7 
        6413.22      3.85894e+7 
        6428.22      3.81484e+7 
        6443.22      3.76457e+7 
        6458.21      3.70507e+7 
        6473.21      3.63237e+7 
         6488.2      3.54158e+7 
         6503.2      3.42151e+7 
         6518.2      3.25155e+7 
        6530.43      3.04858e+7 
        6541.53      2.78024e+7 
        6551.59      2.42665e+7 
        6561.69      1.93687e+7 
        6572.47      2.34932e+7 
        6583.18      2.71365e+7 
        6593.31      2.94364e+7 
        6603.34      3.09611e+7 
        6613.66      3.20263e+7 
        6623.98      3.27558e+7 
         6634.3       3.3261e+7 
        6649.78      3.37413e+7 
         6660.1      3.39374e+7 
        6670.42      3.40608e+7 
        6680.74      3.41271e+7 
        6691.06      3.41491e+7 
        6701.39      3.41365e+7 
        6711.48      3.40995e+7 
        6731.66      3.39726e+7 
        6751.84      3.37985e+7 
        6772.02      3.35956e+7 
        6799.98      3.32855e+7 
        6812.38      3.31413e+7 
        6824.78      3.29936e+7 
        6849.58      3.26924e+7 
        6899.18      3.20788e+7 
        6998.37      3.08471e+7 
           7086      2.97836e+7 
        7097.57      2.96456e+7 
        7109.15      2.95084e+7 
         7132.3      2.92362e+7 
         7178.6         2.87e+7 
        7271.19       2.7661e+7 
        7334.07      2.69805e+7 
        7363.79      2.66704e+7 
        7393.51      2.63594e+7 
        7452.96      2.57511e+7 
         7512.4      2.51596e+7 
        7571.84      2.45845e+7 
        7584.68      2.44623e+7 
        7631.28      2.40251e+7 
        7677.88      2.35973e+7 
        7771.08      2.27696e+7 
        7864.28      2.19768e+7 
        7952.71      2.12552e+7 
        7971.79      2.11033e+7 
        7990.87      2.09528e+7 
        8029.04      2.06556e+7 
        8082.55      2.02473e+7 
        8136.06      1.98488e+7 
         8176.3      1.95553e+7 
        8189.57      1.94597e+7 
        8200.85      1.93789e+7 
        8216.85       1.9265e+7 
        8232.84      1.91519e+7 
        8264.83      1.89282e+7 
        8289.72      1.87563e+7 
        8328.82        1.849e+7 
        8343.44      1.83916e+7 
        8367.92      1.82281e+7 
        8388.68      1.80916e+7 
        8408.65      1.79614e+7 
        8432.02      1.78103e+7 
        8467.25      1.75846e+7 
        8502.48      1.73619e+7 
        8516.58      1.72738e+7 
        8530.98      1.71836e+7 
        8545.38      1.70985e+7 
        8574.18      1.69297e+7 
        8598.39      1.67862e+7 
         8628.6      1.66147e+7 
        8646.81      1.65052e+7 
        8665.01      1.63946e+7 
        8701.43      1.61997e+7 
        8750.47      1.58862e+7 
        8783.66      1.57354e+7 
        8799.51      1.56518e+7 
        8815.35      1.55553e+7 
        8831.29      1.54504e+7 
        8847.03      1.53352e+7 
        8862.78      1.52226e+7 
        8878.53      1.51832e+7 
        8894.27      1.51455e+7 
        8925.77      1.50295e+7 
        8941.51      1.49406e+7 
        8957.26      1.48409e+7 
        8973.01      1.47192e+7 
        8988.75      1.45745e+7 
        9001.83      1.44358e+7 
        9014.91      1.43117e+7 
        9027.99      1.43181e+7 
        9041.06      1.43381e+7 
        9054.14      1.43419e+7 
        9067.21      1.43265e+7 
        9086.83      1.42744e+7 
        9099.72       1.4227e+7 
        9125.49      1.41052e+7 
        9151.27      1.39455e+7 
        9164.16      1.38437e+7 
        9177.05      1.37265e+7 
        9189.94      1.35817e+7 
        9202.83      1.34052e+7 
        9215.71      1.31923e+7 
        9228.19      1.30061e+7 
        9241.22      1.30774e+7 
        9254.24      1.31785e+7 
        9267.26       1.3253e+7 
        9280.28      1.32938e+7 
         9293.3       1.3307e+7 
        9306.32       1.3304e+7 
        9332.36      1.32557e+7 
         9358.4      1.31718e+7 
        9384.08      1.30671e+7 
        9409.77      1.29403e+7 
        9435.45      1.27913e+7 
        9461.14      1.26026e+7 
        9473.98      1.24907e+7 
        9486.82      1.23524e+7 
        9499.66      1.21798e+7 
         9512.5      1.19391e+7 
        9525.35      1.16009e+7 
        9538.19      1.11913e+7 
        9548.68      1.10033e+7 
        9563.59      1.13779e+7 
        9574.44      1.16107e+7 
        9585.28      1.17731e+7 
        9601.56      1.19037e+7 
         9612.4      1.19466e+7 
        9623.25      1.19715e+7 
        9644.94      1.19817e+7 
        9664.83      1.19666e+7 
        9679.32      1.19412e+7 
        9693.82      1.19086e+7 
        9722.81      1.18318e+7 
        9780.78      1.16384e+7 
        9809.77      1.15284e+7 
        9838.76      1.14066e+7 
        9867.75      1.12817e+7 
        9896.74      1.11174e+7 
        9924.78      1.09287e+7 
         9938.8      1.08208e+7 
        9952.82      1.06934e+7 
        9966.84       1.0555e+7 
        9980.86      1.03892e+7 
        9994.88      1.01828e+7 
        10008.9      9.90912e+6 
        10022.9      9.54488e+6 
        10033.4      9.18624e+6 
        10043.9      8.74139e+6 
        10054.8      8.71167e+6 
        10065.6      9.10471e+6 
        10076.5      9.40464e+6 
        10087.3      9.62813e+6 
        10098.2      9.78829e+6 
          10109      9.89734e+6 
        10119.8      9.98018e+6 
        10130.7      1.00358e+7 
        10141.5        1.007e+7 
        10163.2      1.01273e+7 
          10176      1.01391e+7 
        10206.6      1.01405e+7 
        10237.2      1.01069e+7 
        10267.8      1.00502e+7 
        10298.4      9.98031e+6 
        10359.6      9.82109e+6 
        10420.8      9.65336e+6 
          10482      9.46527e+6 
        10543.2      9.28831e+6 
        10604.4      9.11109e+6 
        10665.6      8.91342e+6 
        10696.1      8.80347e+6 
        10726.7      8.68141e+6 
        10757.3      8.54532e+6 
        10787.9      8.38397e+6 
        10803.2       8.2923e+6 
        10818.5      8.19129e+6 
        10833.8      8.07568e+6 
        10849.1       7.9372e+6 
        10864.4      7.77642e+6 
        10879.7      7.56222e+6 
          10895      7.29189e+6 
        10906.5      7.02765e+6 
          10918       6.6724e+6 
        10929.5      6.21762e+6 
          10940      5.87531e+6 
        10950.2      6.31485e+6 
        10962.8      6.72593e+6 
        10975.4      7.01505e+6 
        10991.1      7.25623e+6 
        11003.7      7.38777e+6 
        11016.3      7.48374e+6 
        11028.9      7.54868e+6 
        11041.5      7.60181e+6 
        11054.1      7.63781e+6 
        11066.7      7.66162e+6 
        11091.9       7.6903e+6 
        11117.1        7.697e+6 
        11142.4      7.68572e+6 
        11167.6      7.66495e+6 
          11218      7.59917e+6 
        11260.9      7.52682e+6 
        11303.9      7.44689e+6 
        11389.8      7.27822e+6 
        11475.7        7.117e+6 
        11561.6      6.94641e+6 
        11647.5      6.78078e+6 
        11733.4         6.62e+6 
        11819.3      6.46386e+6 
        11905.2      6.31225e+6 
        11991.1        6.165e+6 
          12077      6.01411e+6 
        12162.9      5.87233e+6 
          12213      5.79071e+6 
        12248.8      5.73262e+6 
        12284.6      5.67441e+6 
        12356.2      5.55669e+6 
        12427.8      5.43467e+6 
        12499.4      5.30317e+6 
        12535.2      5.23169e+6 
          12571      5.15281e+6 
        12606.8      5.06356e+6 
        12624.7      5.01382e+6 
        12642.6      4.95982e+6 
        12660.5      4.89935e+6 
        12678.4      4.83111e+6 
        12696.3      4.75339e+6 
        12714.2      4.66124e+6 
        12732.1      4.54868e+6 
          12750       4.4085e+6 
        12767.9      4.22733e+6 
        12785.8      3.98015e+6 
        12796.6      3.79727e+6 
        12810.9      3.51557e+6 
        12821.6      3.41884e+6 
        12832.4      3.63573e+6 
        12844.9      3.83516e+6 
        12859.2      4.02495e+6 
        12873.6      4.16575e+6 
        12887.9      4.26886e+6 
        12902.2      4.34511e+6 
        12923.7      4.42537e+6 
          12938      4.46197e+6 
        12952.3      4.48874e+6 
        12966.6      4.50837e+6 
        12995.3      4.53228e+6 
        13023.9      4.54001e+6 
        13052.6      4.53769e+6 
        13081.2       4.5281e+6 
        13109.9      4.51284e+6 
        13138.5      4.49339e+6 
        13195.8      4.44711e+6 
        13253.1      4.39449e+6 
        13308.4      4.34014e+6 
        13363.6      4.28413e+6 
        13418.9      4.22752e+6 
        13474.2      4.17087e+6 
        13529.5      4.11467e+6 
        13584.8      4.05909e+6 
          13640      4.00738e+6 
        13695.3      3.95272e+6 
        13750.6      3.89897e+6 
        13805.9      3.84609e+6 
        13861.2      3.79413e+6 
        13916.4      3.74302e+6 
        13971.7      3.69275e+6 
          14027       3.6433e+6 
        14082.3       3.5947e+6 
        14137.6      3.54689e+6 
        14192.8      3.49983e+6 
        14248.1      3.45358e+6 
        14274.7      3.43156e+6 
        14303.4      3.40806e+6 
        14332.1      3.38475e+6 
        14389.4      3.33841e+6 
        14435.8      3.30147e+6 
        14446.7      3.29286e+6 
        14457.6      3.28428e+6 
        14479.5      3.26716e+6 
        14523.1       3.2333e+6 
        14581.2      3.18887e+6 
        14597.2      3.17672e+6 
        14613.2      3.16462e+6 
        14645.2      3.14059e+6 
        14709.2      3.09319e+6 
        14773.2      3.04667e+6 
        14837.1      3.00102e+6 
        14901.1      2.95622e+6 
        14965.1      2.91224e+6 
        15029.1      2.86907e+6 
        15093.1       2.8267e+6 
        15157.1      2.78509e+6 
          15221      2.74425e+6 
          15285      2.70415e+6 
          15349      2.66477e+6 
          15413       2.6261e+6 
        15471.6      2.59131e+6 
        15482.4      2.58496e+6 
        15493.1      2.57861e+6 
        15514.7      2.56597e+6 
        15557.9      2.54093e+6 
        15644.2      2.49173e+6 
        15730.5      2.44372e+6 
        15816.8      2.39684e+6 
        15903.1      2.35108e+6 
        15989.4      2.30639e+6 
        16075.8      2.26276e+6 
        16162.1      2.22014e+6 
        16248.4      2.17852e+6 
        16289.9      2.15885e+6 
        16334.7      2.13786e+6 
        16379.5      2.11712e+6 
        16469.1      2.07628e+6 
        16558.8      2.03641e+6 
        16648.4      1.99749e+6 
          16738      1.95949e+6 
        16827.7      1.92239e+6 
        16917.3      1.88615e+6 
        17006.9      1.85077e+6 
        17096.6       1.8162e+6 
        17186.2      1.78244e+6 
        17275.8      1.74946e+6 
        17327.7      1.73072e+6 
        17365.5      1.71723e+6 
        17403.2      1.70386e+6 
        17478.8      1.67762e+6 
        17554.3      1.65187e+6 
        17629.9      1.62662e+6 
        17705.4      1.60184e+6 
          17781      1.57753e+6 
        17856.5      1.55367e+6 
        17932.1      1.53026e+6 
        18007.6      1.50104e+6 
        18083.2      1.47686e+6 
        18158.7      1.45245e+6 
        18234.3      1.42746e+6 
        18309.8      1.40119e+6 
        18343.7       1.3887e+6 
        18385.3       1.3725e+6 
          18427      1.35494e+6 
        18468.6      1.33528e+6 
        18510.2      1.31258e+6 
          18531      1.29965e+6 
        18551.8      1.28526e+6 
        18572.6      1.26914e+6 
        18593.4      1.25079e+6 
        18614.2      1.22962e+6 
          18635      1.20512e+6 
        18645.4      1.19108e+6 
        18655.8      1.17582e+6 
        18666.2      1.15882e+6 
        18676.6      1.14022e+6 
          18687      1.11979e+6 
        18697.4      1.09736e+6 
        18707.8      1.07328e+6 
        18718.2      1.04835e+6 
        18728.6      1.02152e+6 
          18739          991396 
        18749.2          927404 
        18759.5          974965 
        18772.3      1.00961e+6 
          18785      1.03743e+6 
        18797.8      1.06238e+6 
        18810.6      1.08522e+6 
        18823.4      1.10527e+6 
        18836.2      1.12229e+6 
          18849       1.1367e+6 
        18861.8      1.14852e+6 
        18874.6      1.15859e+6 
        18887.4      1.16677e+6 
        18900.2      1.17361e+6 
        18925.8      1.18418e+6 
        18951.4      1.19102e+6 
          18977      1.19521e+6 
        19002.6      1.19733e+6 
        19028.2      1.19787e+6 
        19053.8      1.19719e+6 
        19079.4       1.1956e+6 
        19130.6      1.19036e+6 
        19181.7      1.18329e+6 
        19232.9      1.17506e+6 
        19284.1      1.16606e+6 
        19335.3      1.15658e+6 
        19386.5      1.14678e+6 
        19424.7      1.13935e+6 
        19437.7       1.1368e+6 
        19450.7      1.13425e+6 
        19476.7      1.12909e+6 
        19528.7      1.11872e+6 
        19580.7      1.11139e+6 
        19632.7      1.10056e+6 
        19684.7      1.08987e+6 
        19736.7       1.0793e+6 
        19788.7      1.06886e+6 
        19840.7      1.05855e+6 
        19892.8      1.04836e+6 
        19944.8      1.03829e+6 
        19996.8      1.02834e+6 
        20048.8      1.01851e+6 
        20100.8       1.0088e+6 
        20152.8          999196 
        20204.8          989712 
        20256.8          980334 
        20308.8          971069 
        20360.8          961912 
        20412.9          952861 
        20455.3          945547 
        20474.4          942289 
        20493.5          939025 
        20531.6          932544 
        20607.8          919742 
          20684          907154 
        20760.3          894782 
        20836.5          882618 
        20912.7          870661 
          20989          858902 
        21065.2          847338 
        21141.5          835962 
        21217.7          824775 
        21293.9          813773 
        21370.2          802950 
        21446.4          792307 
        21522.6          781839 
        21567.1          775807 
        21598.9          771537 
        21630.6          767299 
        21694.1          758877 
        21757.6          750567 
        21821.1          742374 
        21884.7          734288 
        21948.2          726311 
        22011.7          718441 
        22075.2          710679 
        22138.7          703019 
        22202.2          695461 
        22265.7          688003 
        22329.2          680642 
        22392.7          673378 
        22456.2          666212 
        22519.7          659141 
        22583.2          652160 
        22646.8          645274 
        22710.3          638475 
        22760.7          633138 
        22773.8          631765 
        22784.8          630606 
        22800.8          628928 
        22816.8          627257 
        22848.8          623933 
        22912.8          617348 
        22976.8          610851 
        23040.8          604439 
        23104.8          598109 
        23168.7          591863 
        23232.7          585697 
        23296.7          579611 
        23360.7          573605 
        23424.7          567673 
        23488.6          561817 
        23552.6          556037 
        23616.6          550332 
        23680.6          544699 
        23744.6          539135 
        23808.6          533643 
        23872.5          528221 
        23936.5          522865 
        24000.5          517577 
        24064.5          512356 
        24128.5          507201 
        24192.5          502108 
        24256.4          497082 
        24320.4          492115 
        24384.4          487211 
        24448.4          482366 
        24512.4          477582 
        24576.3          472857 
        24640.3          468188 
        24704.3          463577 
        24768.3          459021 
        24832.3          454522 
        24896.3          450077 
        24960.2          445685 
        25004.4          442682 
        25024.2          441347 
          25044          440015 
        25083.6          437382 
        25162.8          432173 
        25241.9          427043 
        25321.1          421985 
        25400.2          417006 
        25479.4          412095 
        25558.5          407257 
        25637.7          402491 
        25716.9          397792 
          25796          393167 
        25875.2          388609 
        25954.3          384116 
        26033.5          379687 
        26112.7          375323 
        26191.8          371019 
          26271          366778 
        26350.1          362596 
        26429.3          358475 
        26508.4          354412 
        26587.6          350404 
        26666.8          346455 
        26745.9          342559 
        26825.1          338720 
        26904.2          334931 
        26983.4          331196 
        27062.6          327514 
        27141.7          323882 
        27220.9          320301 
        27299.2          316804 
        27377.5          313365 
        27455.8          309971 
        27534.2          306623 
        27612.5          303319 
        27690.8          300060 
        27769.1          296845 
        27847.5          293672 
        27925.8          290542 
        28004.1          287453 
        28082.4          284405 
        28160.8          281397 
        28239.1          278429 
        28317.4          275500 
        28395.7          272608 
          28474          269755 
        28552.4          266939 
        28630.7          264160 
          28709          261417 
        28787.3          258709 
        28865.7          256036 
          28944          253397 
        29022.3          250793 
        29100.6          248222 
          29179          245683 
        29257.3          243177 
        29335.6          240702 
        29413.9          238259 
        29492.3          235847 
        29570.6          233465 
        29648.9          231112 
        29727.2          228789 
        29805.5          226495 
        29883.9          224229 
        29932.6          222834 
        29962.2          221992 
        29991.8          221153 
