# Koester WD models
# teff = 11250 K (value for the effective temperature for the model. Temperatures are given in K)
# logg = 7 log(cm/s2) (value for Log(G) for the model.)
#
# column 1: WAVELENGTH (ANGSTROM), Wavelength in Angstrom
# column 2: FLUX (ERG/CM2/S/A), Flux in erg/cm2/s/A
         899.23         1104.03 
        909.241         1337.29 
        919.251         14819.9 
        929.261         20708.3 
        939.271         56507.5 
         949.28         5619.87 
        959.289          182801 
        969.297         95940.5 
        979.305          174831 
        989.312          361830 
        999.319          649926 
        1009.33          412340 
        1019.33          224077 
        1029.34          212841 
        1039.34          540577 
        1049.35      1.17687e+6 
        1059.36      1.39643e+6 
        1069.36      4.89916e+6 
        1079.36      5.28941e+6 
        1089.37      7.53863e+7 
        1099.37       9.7767e+7 
        1109.38       8.9766e+7 
        1119.38      7.23465e+7 
        1129.38      5.60265e+7 
        1139.39      3.80761e+7 
        1149.39      2.28091e+7 
        1159.39      1.26545e+7 
        1169.39      6.57042e+6 
         1179.4      3.27178e+6 
         1189.4      2.19114e+6 
         1199.4      1.70669e+6 
         1209.4      1.18201e+6 
        1219.41      1.14304e+6 
        1229.41      1.90901e+6 
        1239.41       3.2823e+6 
        1249.41      5.55855e+6 
        1259.41      9.88691e+6 
        1269.41      1.92561e+7 
        1279.42      3.55578e+7 
        1289.42      5.71801e+7 
        1299.42      8.21819e+7 
        1309.42      1.03859e+8 
        1319.42      1.28805e+8 
        1329.42      1.48909e+8 
        1339.42      1.53871e+8 
        1349.42      1.69475e+8 
        1359.42      1.93428e+8 
        1369.42       1.9091e+8 
        1379.42      1.46063e+8 
        1389.42      1.12209e+8 
        1399.42      1.15973e+8 
        1409.42      2.23032e+8 
        1419.42      3.32839e+8 
        1429.42      3.68012e+8 
        1439.42       3.7619e+8 
        1452.46      3.70149e+8 
        1464.42      3.63599e+8 
        1476.35      3.58936e+8 
        1489.42      3.63262e+8 
        1504.42      3.67632e+8 
        1514.42      3.67287e+8 
        1526.92      3.62826e+8 
        1539.42      3.41519e+8 
        1551.92      3.18661e+8 
        1564.42      3.01944e+8 
         1574.8      2.83344e+8 
        1586.91      2.63925e+8 
        1598.16      2.61253e+8 
        1609.41      2.73709e+8 
        1624.41      3.06468e+8 
        1636.91      3.32318e+8 
        1649.41      3.47853e+8 
        1664.41      3.54227e+8 
        1676.33      3.54478e+8 
         1689.4       3.5276e+8 
         1704.4      3.49543e+8 
         1719.4      3.45767e+8 
         1734.4      3.41812e+8 
        1749.39      3.37787e+8 
        1764.39      3.33753e+8 
        1775.55      3.30825e+8 
        1789.39      3.27247e+8 
        1809.39      3.22189e+8 
           1824      3.18567e+8 
        1834.77      3.15944e+8 
        1845.54      3.13351e+8 
           1864      3.09032e+8 
        1876.29        3.062e+8 
        1888.59      3.03408e+8 
        1906.98      2.99264e+8 
        1919.37      2.96526e+8 
        1931.76      2.93833e+8 
        1944.47      2.91143e+8 
        1956.53      2.88647e+8 
         1967.6      2.86394e+8 
        1992.71      2.81386e+8 
        2017.81      2.76539e+8 
        2067.03      2.67387e+8 
        2116.25      2.58656e+8 
        2165.47      2.50376e+8 
         2214.7      2.42523e+8 
        2263.91      2.35024e+8 
        2313.13      2.27788e+8 
        2362.35      2.20884e+8 
        2409.27       2.1457e+8 
        2451.59      2.09069e+8 
        2466.76      2.07143e+8 
        2488.39      2.04445e+8 
        2510.01      2.01831e+8 
         2547.3      1.97325e+8 
        2559.23      1.95912e+8 
        2571.17      1.94511e+8 
        2595.04      1.91754e+8 
        2627.89      1.88049e+8 
        2642.78        1.864e+8 
        2657.67      1.84769e+8 
        2687.45       1.8156e+8 
        2737.93      1.76251e+8 
        2756.11      1.74388e+8 
        2766.75      1.73309e+8 
        2810.65       1.6895e+8 
        2854.55      1.64732e+8 
        2931.71      1.57649e+8 
        2942.34      1.56704e+8 
        2952.98      1.55766e+8 
        2974.26      1.53913e+8 
        3016.81      1.50274e+8 
        3051.42      1.47391e+8 
        3091.41      1.44149e+8 
        3120.64      1.41842e+8 
        3149.86      1.39583e+8 
        3168.31      1.38181e+8 
         3208.3      1.35199e+8 
        3248.29      1.32293e+8 
        3309.83      1.27974e+8 
        3322.09      1.27135e+8 
        3346.73      1.25469e+8 
        3383.63       1.2303e+8 
        3445.17      1.19098e+8 
        3469.81      1.17568e+8 
        3495.92      1.15974e+8 
        3506.71      1.15323e+8 
         3543.6      1.13131e+8 
        3591.28       1.1037e+8 
        3635.88      1.07859e+8 
        3647.12      1.07236e+8 
        3658.96      1.06579e+8 
        3671.11      1.05899e+8 
        3682.58       1.0527e+8 
         3693.5      1.04733e+8 
        3703.57      1.04223e+8 
        3713.83      1.03913e+8 
        3724.38       1.0362e+8 
        3734.43       1.0147e+8 
        3744.65      1.03644e+8 
        3754.84       1.0417e+8 
        3765.23      1.02052e+8 
         3775.5      1.02517e+8 
        3785.73      1.10125e+8 
        3795.99      8.63696e+7 
        3806.35      1.07863e+8 
        3816.64      1.19011e+8 
        3827.11      1.00756e+8 
        3837.31      7.60262e+7 
        3848.19      1.16153e+8 
         3858.5      1.31175e+8 
        3868.74      1.26398e+8 
        3878.82      1.01056e+8 
        3888.84      5.96475e+7 
        3898.89      9.98612e+7 
        3909.98       1.3171e+8 
        3920.97      1.45614e+8 
        3933.45      1.46844e+8 
        3943.88      1.35869e+8 
        3954.55      1.11427e+8 
        3964.68      7.70988e+7 
        3974.96      7.48843e+7 
        3985.59      1.10737e+8 
        3995.73      1.35395e+8 
        4005.95      1.51075e+8 
        4017.18      1.58801e+8 
        4028.86      1.61585e+8 
         4040.4      1.61075e+8 
        4051.36      1.57009e+8 
        4063.85      1.45524e+8 
        4075.42      1.27245e+8 
        4085.65      1.04205e+8 
        4096.52        7.129e+7 
        4107.31      7.22906e+7 
        4117.77      1.02931e+8 
        4128.11      1.25047e+8 
        4138.83      1.41283e+8 
        4149.91      1.52475e+8 
        4160.99      1.58459e+8 
        4173.82       1.6149e+8 
        4188.82       1.6276e+8 
        4203.81      1.62741e+8 
        4216.52      1.62081e+8 
        4228.81      1.60939e+8 
        4243.81      1.58788e+8 
         4258.8      1.55083e+8 
         4273.8      1.48656e+8 
        4288.79      1.38434e+8 
        4301.29      1.26777e+8 
        4313.79      1.10558e+8 
        4326.14      8.71453e+7 
        4336.17        6.213e+7 
        4346.61      6.70152e+7 
        4357.43      9.16802e+7 
        4367.98      1.09234e+8 
        4378.77      1.21427e+8 
        4393.77      1.32585e+8 
        4408.76      1.39616e+8 
        4423.76      1.43079e+8 
        4438.75      1.44193e+8 
        4453.75      1.44143e+8 
        4468.74      1.43583e+8 
        4483.74      1.42744e+8 
        4498.74      1.41767e+8 
        4513.73      1.40699e+8 
        4527.19      1.39692e+8 
        4538.73      1.38802e+8 
        4553.72      1.37622e+8 
        4568.72      1.36418e+8 
        4583.72      1.35199e+8 
        4596.53      1.34148e+8 
        4608.71      1.33155e+8 
         4623.7      1.31904e+8 
         4638.7      1.30633e+8 
         4653.7      1.29333e+8 
        4668.69      1.27991e+8 
        4683.69      1.26574e+8 
        4698.68      1.25057e+8 
        4713.68      1.23381e+8 
        4724.83       1.2199e+8 
        4738.67      1.20017e+8 
        4753.67      1.17492e+8 
        4768.67      1.14292e+8 
        4783.66      1.10309e+8 
        4798.66      1.04887e+8 
        4813.65      9.74484e+7 
        4826.15      8.88577e+7 
        4838.65      7.68773e+7 
        4848.69      6.41551e+7 
        4858.88      4.73272e+7 
        4869.54      5.72973e+7 
        4880.32      7.14797e+7 
        4891.13      8.20342e+7 
        4903.63      9.03751e+7 
        4915.55      9.56725e+7 
        4928.62      9.95012e+7 
        4943.62       1.0213e+8 
        4958.61      1.03525e+8 
        4973.61      1.04168e+8 
        4988.61      1.04267e+8 
         5003.6       1.0404e+8 
         5018.6      1.03581e+8 
         5033.6      1.02975e+8 
        5048.59      1.02277e+8 
        5063.59      1.01524e+8 
        5078.58      1.00735e+8 
        5093.58      9.99306e+7 
        5108.57      9.91138e+7 
        5123.57      9.82942e+7 
        5138.57      9.74739e+7 
        5153.56      9.66568e+7 
        5168.56      9.58431e+7 
        5183.56      9.50351e+7 
        5198.55      9.42324e+7 
        5213.55       9.3436e+7 
        5228.54      9.26465e+7 
        5243.54      9.18636e+7 
        5258.53      9.10883e+7 
        5273.53      9.03198e+7 
        5288.53       8.9559e+7 
        5303.52      8.88053e+7 
        5318.52      8.80588e+7 
        5333.52      8.73196e+7 
        5348.51      8.65876e+7 
        5363.51       8.5888e+7 
         5378.5      8.51683e+7 
         5393.5      8.44557e+7 
        5408.49      8.37508e+7 
        5423.49       8.3053e+7 
        5438.49      8.23625e+7 
        5453.48      8.16795e+7 
        5468.48      8.10035e+7 
        5483.48      8.03343e+7 
        5498.47      7.96724e+7 
        5513.47      7.90177e+7 
        5528.46      7.83695e+7 
        5543.46      7.77283e+7 
        5558.45      7.70937e+7 
        5573.45      7.64651e+7 
        5588.45      7.58421e+7 
        5603.44      7.52258e+7 
        5618.44      7.46157e+7 
        5633.43      7.40115e+7 
        5648.43      7.34134e+7 
        5663.43      7.28212e+7 
        5673.98      7.24081e+7 
         5686.2      7.19334e+7 
        5698.42      7.14628e+7 
        5708.88      7.10625e+7 
        5723.41      7.05118e+7 
        5738.41      6.99488e+7 
         5753.4      6.93915e+7 
         5768.4      6.88216e+7 
        5783.39      6.82747e+7 
        5798.39      6.77331e+7 
        5813.39      6.71971e+7 
        5828.38      6.66662e+7 
        5843.38      6.61403e+7 
        5858.37      6.56197e+7 
        5873.37      6.51042e+7 
        5888.37      6.45937e+7 
        5903.36      6.40879e+7 
        5918.36      6.35871e+7 
        5933.35      6.30907e+7 
        5948.35      6.25994e+7 
        5963.35      6.21124e+7 
        5978.34      6.16302e+7 
        5993.34       6.1152e+7 
        6008.33      6.06783e+7 
        6023.33      6.02089e+7 
        6038.32       5.9744e+7 
        6053.32      5.92828e+7 
        6068.32      5.88257e+7 
        6083.31      5.83724e+7 
        6098.31      5.79225e+7 
        6113.31      5.74764e+7 
         6128.3      5.70334e+7 
         6143.3      5.65939e+7 
        6158.29      5.61572e+7 
        6173.29      5.57234e+7 
        6188.28       5.5292e+7 
        6203.28      5.48629e+7 
        6218.28      5.44356e+7 
        6233.27      5.40099e+7 
        6244.38      5.36945e+7 
        6256.04      5.33647e+7 
        6266.59      5.30668e+7 
        6278.26      5.27363e+7 
        6290.52      5.23876e+7 
        6302.31      5.20508e+7 
        6312.59      5.17555e+7 
        6323.25      5.14464e+7 
        6338.24      5.10072e+7 
        6353.24      5.05617e+7 
        6368.24      5.01034e+7 
        6383.23      4.96268e+7 
        6398.23      4.91235e+7 
        6413.22      4.85813e+7 
        6428.22      4.79819e+7 
        6443.22      4.72938e+7 
        6458.21      4.64761e+7 
        6473.21      4.54815e+7 
         6488.2      4.42223e+7 
         6503.2      4.25378e+7 
         6518.2      4.01829e+7 
        6532.67      3.69357e+7 
        6543.19       3.3757e+7 
        6554.64      2.91935e+7 
        6564.69      2.54128e+7 
        6575.67       3.0965e+7 
        6586.28      3.43948e+7 
        6598.17      3.71767e+7 
         6608.5      3.88785e+7 
        6618.82       4.0083e+7 
        6629.14      4.09211e+7 
        6639.46      4.14932e+7 
        6649.78      4.18743e+7 
         6660.1       4.2119e+7 
        6670.42       4.2261e+7 
        6680.74      4.23286e+7 
        6691.06      4.23342e+7 
        6701.39      4.22937e+7 
        6711.48      4.22211e+7 
        6731.66      4.20075e+7 
        6751.84      4.17351e+7 
        6772.02      4.14282e+7 
        6799.98      4.09708e+7 
        6812.38      4.07622e+7 
        6824.78      4.05501e+7 
        6849.58       4.0121e+7 
        6899.18      3.92539e+7 
        6998.37      3.75423e+7 
           7086      3.60875e+7 
        7097.57      3.58999e+7 
        7109.15      3.57133e+7 
         7132.3      3.53439e+7 
         7178.6      3.46182e+7 
        7271.19      3.32201e+7 
        7334.07        3.231e+7 
        7363.79      3.18934e+7 
        7393.51      3.14806e+7 
        7452.96      3.06744e+7 
         7512.4       2.9894e+7 
        7571.84      2.91381e+7 
        7584.68       2.8978e+7 
        7631.28      2.84062e+7 
        7677.88      2.78485e+7 
        7771.08      2.67735e+7 
        7864.28      2.57498e+7 
        7952.71      2.48231e+7 
        7971.79      2.46286e+7 
        7990.87       2.4436e+7 
        8029.04      2.40564e+7 
        8082.55      2.35365e+7 
        8136.06      2.30304e+7 
         8176.3      2.26587e+7 
        8189.57      2.25377e+7 
        8200.85      2.24356e+7 
        8216.85      2.22917e+7 
        8232.84       2.2149e+7 
        8264.83      2.18669e+7 
        8289.72      2.16506e+7 
        8328.82      2.13157e+7 
        8343.44      2.11921e+7 
        8367.92      2.09862e+7 
        8388.68      2.08197e+7 
        8408.65      2.06605e+7 
        8432.02       2.0475e+7 
        8467.25      2.01939e+7 
        8502.48      1.99132e+7 
        8516.58      1.98043e+7 
        8530.98      1.96872e+7 
        8545.38      1.95901e+7 
        8574.18      1.94097e+7 
        8598.39      1.92257e+7 
         8628.6      1.90579e+7 
        8646.81      1.89037e+7 
        8665.01      1.87287e+7 
        8683.22      1.86727e+7 
        8701.43      1.85819e+7 
        8719.64      1.84106e+7 
        8737.85      1.81734e+7 
        8750.47      1.80039e+7 
        8763.09      1.80185e+7 
        8775.71      1.80338e+7 
        8788.34      1.80094e+7 
        8800.96      1.79369e+7 
        8811.81       1.7837e+7 
        8825.96      1.76678e+7 
        8840.11        1.743e+7 
        8854.26      1.71255e+7 
        8867.04      1.69901e+7 
        8879.83       1.7155e+7 
        8896.88      1.72984e+7 
        8913.93      1.73398e+7 
        8930.98      1.72804e+7 
        8948.03      1.71323e+7 
        8965.08      1.68812e+7 
        8982.13      1.65058e+7 
        8999.18      1.59933e+7 
        9010.98      1.55755e+7 
        9022.77      1.56419e+7 
        9034.57      1.59459e+7 
        9046.37      1.61862e+7 
        9058.17      1.63722e+7 
         9073.9       1.6519e+7 
        9089.63      1.65669e+7 
        9099.72      1.65613e+7 
         9109.8      1.65234e+7 
        9119.88       1.6461e+7 
        9129.97      1.63788e+7 
        9140.05      1.62707e+7 
        9150.13      1.61318e+7 
        9160.22      1.59446e+7 
         9170.3      1.57423e+7 
        9180.38      1.54778e+7 
        9190.47      1.51672e+7 
        9200.55      1.47858e+7 
        9210.63      1.43389e+7 
        9220.72       1.3812e+7 
        9232.16      1.35205e+7 
        9244.95       1.4089e+7 
        9257.75      1.45392e+7 
        9270.55      1.48852e+7 
        9283.34      1.51496e+7 
        9296.14       1.5313e+7 
        9308.94      1.54442e+7 
        9321.73      1.55128e+7 
        9334.53      1.55381e+7 
        9347.33      1.55363e+7 
        9360.12      1.55105e+7 
        9372.92      1.54666e+7 
        9384.08       1.5416e+7 
        9406.41      1.52664e+7 
        9417.58      1.51752e+7 
        9428.74      1.50663e+7 
         9439.9      1.49339e+7 
        9451.07      1.47763e+7 
        9462.23      1.45947e+7 
         9473.4      1.43685e+7 
        9484.56      1.40909e+7 
        9495.72      1.37428e+7 
        9506.89      1.32909e+7 
        9518.05      1.27132e+7 
        9529.22       1.2048e+7 
        9540.38      1.13145e+7 
         9550.5      1.12112e+7 
        9562.37      1.19039e+7 
        9573.54      1.24762e+7 
        9584.71      1.29584e+7 
        9595.89      1.33096e+7 
        9607.06      1.35574e+7 
        9623.81      1.38026e+7 
        9634.98      1.39026e+7 
        9646.16      1.39745e+7 
         9657.3      1.40205e+7 
        9668.45      1.40446e+7 
         9679.6      1.40469e+7 
        9690.75      1.40359e+7 
        9713.04      1.39968e+7 
        9735.34      1.39279e+7 
        9757.64      1.38436e+7 
        9802.23      1.36426e+7 
        9824.52      1.35258e+7 
        9846.82      1.34193e+7 
        9869.12      1.32599e+7 
        9891.41      1.30681e+7 
        9913.71       1.2836e+7 
           9936      1.25495e+7 
        9952.82      1.22823e+7 
        9969.64      1.19736e+7 
        9986.45      1.15785e+7 
        10003.3      1.10742e+7 
        10015.9      1.06073e+7 
        10028.5      1.00216e+7 
        10041.1      9.29016e+6 
        10051.4      8.83205e+6 
        10061.8      9.47815e+6 
        10073.6      1.00473e+7 
          10086      1.04945e+7 
        10098.4      1.08382e+7 
          10115      1.11712e+7 
        10131.5      1.14076e+7 
          10148      1.15616e+7 
        10164.6      1.16756e+7 
        10181.1      1.17466e+7 
        10191.1      1.17704e+7 
        10214.1      1.18011e+7 
        10237.2        1.179e+7 
        10260.2      1.17496e+7 
        10283.3      1.16926e+7 
        10329.3      1.15512e+7 
        10375.4      1.13949e+7 
        10467.6       1.1051e+7 
        10559.7      1.07229e+7 
        10605.8      1.05469e+7 
        10651.9      1.03615e+7 
          10698      1.01548e+7 
          10721      1.00386e+7 
          10744      9.90887e+6 
        10767.1      9.75879e+6 
        10790.1      9.58572e+6 
        10801.6      9.49063e+6 
        10813.1      9.38554e+6 
        10824.7      9.26786e+6 
        10836.2      9.13503e+6 
        10847.7      8.98533e+6 
        10859.2      8.81832e+6 
        10870.7      8.61896e+6 
        10882.3      8.39333e+6 
        10893.8      8.12262e+6 
        10905.3      7.81352e+6 
        10916.8      7.43659e+6 
        10928.3      6.97019e+6 
        10938.4      6.31598e+6 
          10950      7.01741e+6 
        10964.6      7.50106e+6 
        10979.2      7.85172e+6 
        10998.7      8.19315e+6 
        11018.2      8.42415e+6 
        11037.7      8.57416e+6 
        11057.3      8.67369e+6 
        11086.5      8.75065e+6 
          11106      8.77431e+6 
        11125.5      8.78135e+6 
          11145      8.77258e+6 
        11164.5      8.75263e+6 
        11203.5       8.6925e+6 
        11224.2      8.65226e+6 
        11242.6      8.61352e+6 
        11260.9      8.57278e+6 
        11297.6      8.48629e+6 
          11371      8.30584e+6 
        11444.5      8.13424e+6 
        11517.9      7.95234e+6 
        11591.3       7.7755e+6 
        11664.7      7.60353e+6 
        11738.2      7.43628e+6 
        11811.6      7.27357e+6 
          11885       7.1153e+6 
        11958.4       6.9613e+6 
        12031.9      6.80598e+6 
        12105.3      6.65883e+6 
        12178.7      6.51491e+6 
        12219.6      6.43587e+6 
        12252.1      6.37347e+6 
        12284.6      6.31121e+6 
        12349.6      6.18627e+6 
        12414.6      6.05954e+6 
        12479.7      5.92756e+6 
        12544.7      5.78311e+6 
        12577.2      5.70224e+6 
        12609.7      5.61173e+6 
        12642.2       5.5058e+6 
        12658.4      5.44491e+6 
        12674.7      5.37702e+6 
        12690.9      5.30078e+6 
        12707.2      5.21259e+6 
        12723.4      5.11002e+6 
        12739.7      4.98967e+6 
        12755.9      4.84588e+6 
        12772.2      4.67299e+6 
        12788.4      4.46037e+6 
        12800.6      4.26041e+6 
        12810.8      4.03996e+6 
        12821.4      3.90145e+6 
        12833.5      4.18963e+6 
        12844.2        4.349e+6 
        12854.9      4.47586e+6 
          12871      4.62389e+6 
        12881.7      4.70174e+6 
        12892.4      4.76683e+6 
        12903.1      4.82055e+6 
        12913.8       4.8645e+6 
        12924.6      4.90044e+6 
        12935.3      4.92947e+6 
          12946      4.95238e+6 
        12967.4      4.98332e+6 
        12988.9      4.99991e+6 
        13010.3      5.00597e+6 
        13031.7      5.00371e+6 
        13053.2      4.99523e+6 
        13074.6      4.98244e+6 
        13117.5      4.94779e+6 
        13160.3      4.90481e+6 
        13203.2      4.85731e+6 
        13269.5       4.7794e+6 
        13288.9      4.75596e+6 
        13308.4       4.7324e+6 
        13347.2      4.68493e+6 
          13425      4.59009e+6 
        13502.7      4.49644e+6 
        13580.5      4.40461e+6 
        13658.2      4.31661e+6 
          13736      4.22852e+6 
        13813.7      4.14269e+6 
        13891.5        4.059e+6 
        13969.2      3.97741e+6 
          14047      3.89787e+6 
        14124.7       3.8203e+6 
        14202.5      3.74462e+6 
        14228.4      3.71983e+6 
        14280.2      3.67083e+6 
        14332.1      3.62263e+6 
        14383.9      3.57507e+6 
        14413.9      3.54796e+6 
        14435.8      3.52832e+6 
        14457.6      3.50884e+6 
        14501.4      3.47023e+6 
        14581.2      3.40115e+6 
        14597.2      3.38752e+6 
        14613.2      3.37398e+6 
        14645.2      3.34708e+6 
        14709.2      3.29405e+6 
        14773.2      3.24209e+6 
        14837.1      3.19114e+6 
        14901.1       3.1412e+6 
        14965.1      3.09223e+6 
        15029.1      3.04421e+6 
        15093.1      2.99712e+6 
        15157.1      2.95094e+6 
          15221      2.90565e+6 
          15285      2.86122e+6 
          15349      2.81764e+6 
          15413      2.77489e+6 
        15471.6      2.73645e+6 
        15482.4      2.72945e+6 
        15493.1      2.72274e+6 
        15514.7      2.70938e+6 
        15557.9       2.6829e+6 
        15644.2      2.63091e+6 
        15730.5      2.58016e+6 
        15816.8      2.53061e+6 
        15903.1      2.48224e+6 
        15989.4      2.43501e+6 
        16075.8       2.3889e+6 
        16162.1      2.34385e+6 
        16248.4      2.29986e+6 
        16289.9      2.27908e+6 
        16334.7      2.25689e+6 
        16379.5      2.23497e+6 
        16469.1      2.19297e+6 
        16558.8      2.15195e+6 
        16648.4      2.11187e+6 
          16738      2.07271e+6 
        16827.7      2.03445e+6 
        16917.3      1.99706e+6 
        17006.9      1.96052e+6 
        17096.6       1.9248e+6 
        17186.2      1.88988e+6 
        17275.8      1.85575e+6 
        17327.7      1.83635e+6 
        17365.5      1.82238e+6 
        17403.2      1.80853e+6 
        17478.8       1.7806e+6 
        17554.3      1.75319e+6 
        17629.9      1.72631e+6 
        17705.4      1.69993e+6 
          17781      1.67405e+6 
        17856.5      1.64865e+6 
        17932.1      1.62373e+6 
        18007.6      1.59595e+6 
        18083.2      1.57098e+6 
        18158.7      1.54607e+6 
        18234.3      1.52093e+6 
        18309.8      1.49504e+6 
        18343.7      1.48296e+6 
        18385.3      1.46754e+6 
          18427      1.45105e+6 
        18468.6      1.43275e+6 
        18510.2      1.41188e+6 
        18551.8      1.38699e+6 
        18572.6      1.37249e+6 
        18593.4      1.35619e+6 
        18614.2      1.33764e+6 
          18635      1.31628e+6 
        18655.8      1.29122e+6 
        18676.6      1.26156e+6 
          18687      1.24457e+6 
        18697.4      1.22587e+6 
        18707.8      1.20502e+6 
        18718.2      1.18157e+6 
        18728.6       1.1544e+6 
          18739      1.12033e+6 
        18749.1      1.04173e+6 
        18760.3      1.10424e+6 
        18772.1      1.14091e+6 
        18785.5      1.16989e+6 
        18805.6       1.2024e+6 
          18819      1.21924e+6 
        18832.5       1.2332e+6 
        18845.9      1.24472e+6 
        18859.3      1.25425e+6 
        18872.7      1.26199e+6 
        18899.6      1.27322e+6 
        18926.4      1.28015e+6 
        18953.3      1.28389e+6 
        18980.1       1.2852e+6 
        19006.9      1.28465e+6 
        19033.8      1.28268e+6 
        19087.5      1.27593e+6 
        19141.1      1.26689e+6 
        19194.8      1.25656e+6 
        19248.5      1.24551e+6 
        19302.2      1.23402e+6 
        19355.9      1.22231e+6 
        19368.4      1.21955e+6 
        19409.5      1.21048e+6 
        19450.7      1.20142e+6 
        19532.9      1.18316e+6 
        19615.2      1.16643e+6 
        19697.5      1.14822e+6 
        19779.7      1.13035e+6 
          19862      1.11284e+6 
        19944.2      1.09565e+6 
        20026.5       1.0788e+6 
        20108.8      1.06227e+6 
          20191      1.04605e+6 
        20273.3      1.03014e+6 
        20355.6      1.01453e+6 
        20401.2      1.00598e+6 
        20437.8          999209 
        20474.4          992492 
        20547.5          979175 
        20620.7          966081 
        20693.8          953203 
          20767          940536 
        20840.1          928083 
        20913.3          915831 
        20986.4          903827 
        21059.6          891974 
        21132.7          880315 
        21205.9          868842 
          21279          857517 
        21352.2          846414 
        21425.3          835491 
        21498.5          824743 
        21512.7          822683 
        21571.6          814166 
        21630.6          805762 
        21689.6          797452 
        21748.6          789291 
        21807.6          781192 
        21866.5          773199 
        21925.5          765308 
        21984.5          757513 
        22043.5          749820 
        22102.5          742226 
        22161.5          734724 
        22220.4          727320 
        22279.4          720006 
        22338.4          712787 
        22397.4          705655 
        22456.4          698612 
        22515.4          691656 
        22574.3          684789 
        22633.3          678006 
        22692.3          671305 
        22715.8          668666 
        22751.3          664689 
        22784.8          660963 
        22800.8          659194 
        22816.8          657432 
        22848.8          653926 
        22912.8          646983 
        22976.8          640134 
        23040.8          633373 
        23104.8          626701 
        23168.7          620119 
        23232.7          613622 
        23296.7          607210 
        23360.7          600883 
        23424.7          594634 
        23488.6          588471 
        23552.6          582385 
        23616.6          576379 
        23680.6          570450 
        23744.6          564598 
        23808.6          558820 
        23872.5          553115 
        23936.5          547482 
        24000.5          541922 
        24064.5          536433 
        24128.5          531011 
        24192.5          525661 
        24256.4          520377 
        24320.4          515155 
        24384.4          510003 
        24448.4          504914 
        24512.4          499887 
        24576.3          494927 
        24640.3          490022 
        24704.3          485181 
        24768.3          480400 
        24832.3          475678 
        24896.3          471013 
        24960.2          466404 
        25004.4          463256 
        25024.2          461852 
          25044          460457 
        25083.6          457714 
        25162.8          452289 
        25241.9          446942 
        25321.1          441677 
        25400.2          436490 
        25479.4          431375 
        25558.5          426339 
        25637.7          421372 
        25716.9          416481 
          25796          411659 
        25875.2          406909 
        25954.3          402224 
        26033.5          397609 
        26112.7          393060 
        26191.8          388574 
          26271          384154 
        26350.1          379797 
        26429.3          375499 
        26508.4          371264 
        26587.6          367086 
        26666.8          362970 
        26745.9          358911 
        26825.1          354906 
        26904.2          350960 
        26983.4          347067 
        27062.6          343228 
        27141.7          339443 
        27220.9          335707 
        27299.2          332066 
        27377.5          328476 
        27455.8          324935 
        27534.2          321445 
        27612.5          317998 
        27690.8          314596 
        27769.1          311243 
        27847.5          307932 
        27925.8          304666 
        28004.1          301442 
        28082.4          298262 
        28160.8          295122 
        28239.1          292024 
        28317.4          288967 
        28395.7          285949 
          28474          282970 
        28552.4          280031 
        28630.7          277129 
          28709          274264 
        28787.3          271436 
        28865.7          268645 
          28944          265890 
        29022.3          263169 
        29100.6          260483 
          29179          257832 
        29257.3          255214 
        29335.6          252629 
        29413.9          250076 
        29492.3          247556 
        29570.6          245067 
        29648.9          242610 
        29727.2          240183 
        29805.5          237787 
        29883.9          235420 
        29932.6          233962 
        29962.2          233082 
        29991.8          232207 
