# Koester WD models
# teff = 11000 K (value for the effective temperature for the model. Temperatures are given in K)
# logg = 8 log(cm/s2) (value for Log(G) for the model.)
#
# column 1: WAVELENGTH (ANGSTROM), Wavelength in Angstrom
# column 2: FLUX (ERG/CM2/S/A), Flux in erg/cm2/s/A
         899.23         1276.05 
        909.241         1543.13 
        919.251         10149.3 
        929.261         15079.3 
        939.271         46478.6 
         949.28         4723.98 
        959.289          151608 
        969.297         81065.7 
        979.305          151709 
        989.312          286032 
        999.319          475606 
        1009.33          333373 
        1019.33          196149 
        1029.34          183701 
        1039.34          443514 
        1049.35          863872 
        1059.36      1.01669e+6 
        1069.36      2.68309e+6 
        1079.36      2.91767e+6 
        1089.37       1.3707e+7 
        1099.37      1.66409e+7 
        1109.38      1.65531e+7 
        1119.38      1.53499e+7 
        1129.38      1.37983e+7 
        1139.39      1.14965e+7 
        1149.39       8.7526e+6 
        1159.39      6.01059e+6 
        1169.39      3.59518e+6 
         1179.4      2.00782e+6 
         1189.4      1.59938e+6 
         1199.4      1.41569e+6 
         1209.4      1.03581e+6 
        1219.41          989288 
        1229.41      1.66858e+6 
        1239.41      2.50972e+6 
        1249.41      3.42493e+6 
        1259.41      4.74893e+6 
        1269.41      7.43716e+6 
        1279.42      1.17969e+7 
        1289.42      1.69522e+7 
        1299.42      2.24417e+7 
        1309.42      2.71705e+7 
        1319.42      3.24404e+7 
        1329.42      3.82055e+7 
        1339.42      4.05127e+7 
        1349.42      4.38607e+7 
        1359.42      5.07248e+7 
        1369.42      5.37429e+7 
        1379.42      4.60049e+7 
        1389.42      3.96975e+7 
        1399.42      4.03434e+7 
        1409.42      6.53897e+7 
        1419.42      9.83102e+7 
        1429.42      1.14313e+8 
        1439.42      1.19577e+8 
        1449.56      1.16818e+8 
         1460.2      1.13851e+8 
        1471.15      1.12571e+8 
        1481.54      1.16434e+8 
        1491.92      1.26861e+8 
        1504.42      1.36677e+8 
        1514.42      1.41757e+8 
        1525.67       1.4281e+8 
        1536.92      1.26409e+8 
        1548.17      1.06542e+8 
        1559.42       9.5544e+7 
        1570.19      8.46474e+7 
        1580.57      7.29899e+7 
        1591.14      6.73372e+7 
        1601.66      7.18416e+7 
        1611.91      8.52474e+7 
        1623.16      1.13073e+8 
        1634.41      1.50282e+8 
        1646.91      1.89154e+8 
        1659.41      2.14742e+8 
        1670.17      2.27234e+8 
         1684.4       2.3661e+8 
         1699.4      2.42084e+8 
         1714.4      2.45235e+8 
         1729.4      2.47401e+8 
         1744.4      2.49013e+8 
        1759.39      2.50099e+8 
         1771.7      2.50813e+8 
        1784.39      2.51468e+8 
        1799.39      2.52123e+8 
           1824      2.52912e+8 
        1834.77      2.53188e+8 
        1845.54      2.53418e+8 
           1864      2.53819e+8 
        1876.29      2.53943e+8 
        1888.59      2.54018e+8 
        1906.98      2.54036e+8 
        1919.37      2.53989e+8 
        1931.76      2.53912e+8 
        1944.47      2.53813e+8 
        1956.53       2.5363e+8 
         1967.6      2.53427e+8 
        1992.71      2.52837e+8 
        2017.81      2.52094e+8 
        2067.03       2.5024e+8 
        2116.25      2.47825e+8 
        2165.42      2.44994e+8 
        2178.22      2.44179e+8 
        2191.02      2.43342e+8 
         2214.7       2.4174e+8 
        2260.18      2.38468e+8 
        2275.12      2.37358e+8 
        2290.06      2.36206e+8 
        2313.13      2.34393e+8 
        2356.21      2.30885e+8 
         2368.5      2.29857e+8 
        2380.79      2.28816e+8 
        2401.46      2.27046e+8 
        2417.09       2.2569e+8 
        2432.72      2.24327e+8 
        2451.59      2.22655e+8 
        2466.76      2.21305e+8 
        2488.39      2.19375e+8 
        2510.01      2.17509e+8 
         2547.3      2.14109e+8 
        2559.23      2.13015e+8 
        2571.17      2.11918e+8 
        2595.04       2.0972e+8 
        2627.89      2.06689e+8 
        2642.78      2.05307e+8 
        2657.67      2.03924e+8 
        2687.45      2.01146e+8 
        2737.93      1.96444e+8 
        2756.11      1.94755e+8 
        2766.75      1.93765e+8 
        2810.65      1.89698e+8 
        2854.55       1.8566e+8 
        2931.71      1.78658e+8 
        2942.34      1.77704e+8 
        2952.98      1.76753e+8 
        2974.26      1.74859e+8 
        3016.81      1.71109e+8 
        3051.42      1.68106e+8 
        3091.41      1.64705e+8 
        3120.64      1.62255e+8 
        3149.86      1.59835e+8 
        3168.31      1.58322e+8 
         3208.3      1.55084e+8 
        3248.29      1.51901e+8 
        3309.83      1.47093e+8 
        3322.09      1.46151e+8 
        3346.73      1.44272e+8 
        3383.63      1.41501e+8 
        3445.17      1.36986e+8 
        3469.81      1.35214e+8 
        3495.92       1.3336e+8 
        3506.71        1.326e+8 
         3543.6      1.30035e+8 
        3591.28      1.26791e+8 
        3635.88      1.23821e+8 
        3647.12      1.23084e+8 
        3658.96      1.22308e+8 
        3671.11      1.21501e+8 
        3682.58      1.20749e+8 
         3693.5       1.2004e+8 
        3703.57      1.19395e+8 
        3713.83      1.18784e+8 
        3724.38      1.18182e+8 
        3734.43      1.17317e+8 
        3744.62      1.17144e+8 
        3754.84      1.16969e+8 
        3765.07      1.15785e+8 
         3775.5      1.15897e+8 
        3785.73      1.17643e+8 
        3795.99       1.0854e+8 
        3806.86      1.17474e+8 
        3817.37      1.20554e+8 
        3827.39      1.10782e+8 
        3837.97       9.9722e+7 
        3848.91      1.20676e+8 
        3860.37       1.2653e+8 
        3871.21      1.20271e+8 
        3881.42      1.00572e+8 
        3891.68      8.48224e+7 
        3902.91      1.15725e+8 
        3913.89       1.3057e+8 
        3924.74      1.35315e+8 
        3935.81      1.33488e+8 
        3946.58       1.2347e+8 
        3957.31      1.03379e+8 
        3967.62      7.03255e+7 
        3977.63      8.79071e+7 
        3988.13      1.14753e+8 
        3998.87      1.31054e+8 
        4011.29      1.40393e+8 
        4023.56      1.43666e+8 
        4033.86      1.44101e+8 
        4048.86      1.41265e+8 
        4061.35      1.34133e+8 
        4073.85      1.20661e+8 
        4083.99      1.03957e+8 
         4095.4      7.39126e+7 
        4105.79      6.65801e+7 
        4115.82      9.48648e+7 
        4127.38      1.15649e+8 
        4138.83      1.28618e+8 
           4151      1.37373e+8 
        4163.83      1.42105e+8 
        4178.82      1.44384e+8 
        4193.82      1.45032e+8 
        4208.81      1.44831e+8 
         4221.1      1.44208e+8 
        4233.81      1.43099e+8 
         4248.8      1.41015e+8 
         4263.8      1.37449e+8 
         4278.8      1.31505e+8 
        4293.79      1.22345e+8 
        4306.29      1.11741e+8 
        4316.43      9.99246e+7 
        4328.73      7.81487e+7 
        4338.78      5.30448e+7 
        4348.98      7.02023e+7 
        4360.12      9.19475e+7 
        4371.86      1.06044e+8 
        4383.77      1.15522e+8 
        4398.76      1.23291e+8 
        4413.76      1.28083e+8 
        4428.76      1.30355e+8 
        4443.75      1.31162e+8 
        4458.75      1.31219e+8 
        4473.74      1.30855e+8 
        4488.74      1.30264e+8 
        4503.74      1.29556e+8 
        4514.12      1.29011e+8 
        4527.19      1.28283e+8 
        4538.73      1.27612e+8 
        4553.72      1.26709e+8 
        4568.72      1.25778e+8 
        4583.72      1.24825e+8 
        4596.53      1.23994e+8 
        4608.71      1.23203e+8 
         4623.7      1.22193e+8 
         4638.7      1.21157e+8 
         4653.7      1.20088e+8 
        4668.69      1.18965e+8 
        4683.69      1.17746e+8 
        4698.68       1.1641e+8 
        4713.68      1.14897e+8 
        4724.83      1.13611e+8 
        4738.67      1.11761e+8 
        4753.67      1.09459e+8 
        4768.67      1.06579e+8 
        4783.66       1.0292e+8 
        4798.66      9.80799e+7 
        4813.65       9.1503e+7 
        4826.15       8.4156e+7 
        4836.81      7.55098e+7 
        4847.03      6.39581e+7 
        4857.58      4.85153e+7 
        4868.64      5.36757e+7 
        4878.69      6.69668e+7 
        4891.02      7.81066e+7 
        4903.18      8.51695e+7 
        4913.63      8.93802e+7 
        4925.16      9.27816e+7 
        4938.62      9.54309e+7 
        4953.62      9.72367e+7 
        4968.61      9.82533e+7 
        4983.61      9.86982e+7 
         4998.6      9.88267e+7 
         5013.6      9.86699e+7 
         5028.6      9.83161e+7 
        5043.59      9.78305e+7 
        5058.59      9.72653e+7 
        5073.58      9.66326e+7 
        5088.58      9.59738e+7 
        5103.58      9.52971e+7 
        5118.57        9.461e+7 
        5133.57      9.39173e+7 
        5148.56      9.32211e+7 
        5163.56      9.25246e+7 
        5178.56      9.18291e+7 
        5193.55      9.11354e+7 
        5208.55      9.04446e+7 
        5223.54      8.97569e+7 
        5238.54      8.90729e+7 
        5253.54      8.83934e+7 
        5268.53      8.77183e+7 
        5283.53      8.70476e+7 
        5298.52      8.63822e+7 
        5313.52      8.57215e+7 
        5328.52      8.50662e+7 
        5343.51      8.44162e+7 
        5358.51      8.37712e+7 
         5373.5      8.31661e+7 
         5388.5      8.25284e+7 
         5403.5      8.18966e+7 
        5418.49      8.12702e+7 
        5433.49      8.06494e+7 
        5448.48       8.0034e+7 
        5463.48      7.94235e+7 
        5478.48      7.88178e+7 
        5493.47      7.82175e+7 
        5508.47      7.76228e+7 
        5523.46      7.70334e+7 
        5538.46      7.64491e+7 
        5553.46      7.58704e+7 
        5568.45      7.52964e+7 
        5583.45      7.47278e+7 
        5598.44      7.41642e+7 
        5613.44      7.36059e+7 
        5628.44      7.30524e+7 
        5643.43      7.25036e+7 
        5658.43      7.19598e+7 
        5673.42      7.14442e+7 
         5686.2      7.09877e+7 
        5698.42      7.05545e+7 
        5708.88      7.01857e+7 
        5723.41      6.96777e+7 
        5738.41      6.91581e+7 
         5753.4      6.86432e+7 
         5768.4      6.81028e+7 
        5783.39      6.75961e+7 
        5798.39      6.70937e+7 
        5813.39      6.65958e+7 
        5828.38      6.61019e+7 
        5843.38      6.56128e+7 
        5858.37      6.51277e+7 
        5873.37      6.46468e+7 
        5888.37      6.41699e+7 
        5903.36       6.3697e+7 
        5918.36      6.32283e+7 
        5933.35      6.27634e+7 
        5948.35      6.23022e+7 
        5963.35      6.18448e+7 
        5978.34      6.13911e+7 
        5993.34      6.09412e+7 
        6008.33      6.04951e+7 
        6023.33      6.00528e+7 
        6038.32      5.96136e+7 
        6053.32      5.91776e+7 
        6068.32      5.87446e+7 
        6083.31      5.83136e+7 
        6098.31      5.78851e+7 
        6113.31      5.74591e+7 
         6128.3      5.70353e+7 
         6143.3      5.66134e+7 
        6158.29      5.61927e+7 
        6173.29      5.57733e+7 
        6188.28      5.53545e+7 
        6203.28      5.49355e+7 
        6218.28      5.45161e+7 
        6233.27      5.40948e+7 
        6244.38      5.37806e+7 
        6256.04      5.34529e+7 
        6266.59      5.31579e+7 
        6278.26       5.2829e+7 
        6290.52      5.24806e+7 
        6302.31      5.21423e+7 
        6312.59      5.18435e+7 
        6323.25      5.15284e+7 
        6338.24       5.1076e+7 
        6353.24      5.06104e+7 
        6368.24      5.01247e+7 
        6383.23      4.96142e+7 
        6398.23      4.90667e+7 
        6413.22      4.84675e+7 
        6428.22      4.77959e+7 
        6443.22      4.70215e+7 
        6458.21      4.60963e+7 
        6473.21      4.49694e+7 
         6488.2      4.35773e+7 
         6503.2      4.17791e+7 
         6518.2      3.93667e+7 
        6532.67      3.60551e+7 
        6543.19      3.27602e+7 
        6556.02      2.77739e+7 
        6566.09      2.59428e+7 
        6577.95      3.07749e+7 
        6588.18      3.40181e+7 
        6603.34      3.73372e+7 
        6613.66      3.88282e+7 
        6623.98      3.99212e+7 
         6634.3      4.07257e+7 
        6644.62      4.13094e+7 
        6654.94      4.17348e+7 
        6665.26      4.20414e+7 
        6675.58      4.22453e+7 
         6685.9      4.23685e+7 
        6696.23       4.2426e+7 
        6706.55      4.24351e+7 
        6721.34      4.23854e+7 
        6741.06      4.22365e+7 
        6760.77      4.20241e+7 
        6780.49      4.17731e+7 
        6815.08      4.12742e+7 
        6834.48      4.09736e+7 
        6853.88      4.06641e+7 
        6892.68       4.0033e+7 
        6970.27      3.87522e+7 
        6986.58      3.84829e+7 
        7047.86       3.7482e+7 
        7109.15      3.65031e+7 
        7170.43      3.55506e+7 
        7231.71      3.46263e+7 
        7292.99      3.37303e+7 
        7315.03      3.34149e+7 
        7354.27       3.2862e+7 
        7393.51      3.23248e+7 
           7472      3.12713e+7 
        7550.48      3.02594e+7 
        7580.06      2.98886e+7 
        7628.97      2.92873e+7 
        7677.88       2.8701e+7 
        7775.71      2.75706e+7 
        7873.53      2.64944e+7 
        7962.25      2.55627e+7 
        8019.38      2.49839e+7 
        8050.96      2.46708e+7 
        8082.55      2.43626e+7 
        8145.72      2.37601e+7 
        8200.85      2.32491e+7 
        8216.85      2.31034e+7 
        8232.84      2.29588e+7 
        8264.83      2.26728e+7 
        8289.72      2.24535e+7 
        8328.82       2.2114e+7 
        8343.44      2.19886e+7 
        8367.92      2.17804e+7 
        8388.68      2.16068e+7 
        8408.65      2.14414e+7 
        8432.02      2.12495e+7 
        8467.25      2.09629e+7 
        8502.48      2.06806e+7 
        8516.58      2.05689e+7 
        8530.98      2.04548e+7 
        8545.38      2.03486e+7 
        8574.18      2.01367e+7 
        8598.39       1.9958e+7 
         8628.6      1.97419e+7 
        8646.81      1.96058e+7 
        8665.01      1.94693e+7 
        8701.43      1.92204e+7 
        8750.47      1.88323e+7 
        8783.66      1.86332e+7 
        8799.51      1.85249e+7 
        8815.35      1.84019e+7 
        8831.29      1.82742e+7 
        8847.03      1.81382e+7 
        8862.78      1.80088e+7 
        8878.53      1.79541e+7 
        8894.27      1.79045e+7 
        8910.02      1.78431e+7 
        8925.77      1.77633e+7 
        8941.51      1.76461e+7 
        8957.26      1.75158e+7 
        8973.01      1.73583e+7 
        8988.75      1.71799e+7 
        9001.83      1.70179e+7 
        9014.91      1.68781e+7 
        9027.99       1.6876e+7 
        9041.06      1.68939e+7 
        9054.14      1.69013e+7 
        9067.21      1.68916e+7 
        9086.83      1.68408e+7 
        9099.72      1.67879e+7 
        9125.49      1.66344e+7 
        9138.38       1.6532e+7 
        9151.27      1.64134e+7 
        9164.16      1.62659e+7 
        9177.05      1.61041e+7 
        9189.94      1.59086e+7 
        9202.83      1.56819e+7 
        9228.19      1.52246e+7 
        9241.22      1.52968e+7 
        9254.24      1.54087e+7 
        9267.26      1.55134e+7 
        9280.28      1.55851e+7 
         9293.3      1.56249e+7 
        9306.32      1.56492e+7 
        9319.34      1.56476e+7 
        9332.36      1.56259e+7 
         9358.4      1.55388e+7 
        9384.08      1.54116e+7 
        9409.77      1.52429e+7 
        9435.45      1.50332e+7 
        9448.29      1.49007e+7 
        9461.14      1.47541e+7 
        9473.98      1.45856e+7 
        9486.82      1.43783e+7 
        9499.66      1.41304e+7 
         9512.5      1.37936e+7 
        9525.35      1.33505e+7 
        9538.19      1.28691e+7 
        9548.88      1.26688e+7 
        9559.57      1.29732e+7 
         9576.1      1.34313e+7 
        9591.66      1.37242e+7 
        9607.21      1.38852e+7 
        9622.76      1.39847e+7 
        9638.32      1.40299e+7 
        9653.87      1.40628e+7 
        9668.45      1.40643e+7 
        9683.03      1.40465e+7 
        9712.19      1.39827e+7 
        9741.36      1.38849e+7 
        9770.52      1.37688e+7 
        9799.68      1.36347e+7 
        9828.84      1.34805e+7 
        9858.01      1.33219e+7 
        9887.17      1.30998e+7 
        9901.75      1.29633e+7 
        9916.33      1.28206e+7 
        9930.92      1.26603e+7 
         9945.5      1.24746e+7 
        9967.47       1.2149e+7 
        9982.11        1.189e+7 
        9996.76      1.15751e+7 
        10011.4      1.11737e+7 
          10026      1.06841e+7 
        10036.4      1.02742e+7 
        10047.2      9.87421e+6 
        10060.2      1.01171e+7 
        10077.5      1.06689e+7 
        10094.9      1.10716e+7 
        10112.2      1.13492e+7 
        10129.5      1.15309e+7 
        10155.5      1.17046e+7 
        10172.9      1.17753e+7 
        10190.2      1.18171e+7 
        10207.6      1.18428e+7 
        10224.9      1.18467e+7 
        10237.2       1.1838e+7 
        10261.8      1.18033e+7 
        10286.4      1.17521e+7 
        10310.9      1.16878e+7 
        10360.1      1.15402e+7 
        10409.3      1.13811e+7 
        10458.4      1.11856e+7 
        10507.6      1.10101e+7 
        10556.8      1.08426e+7 
          10606      1.06495e+7 
        10655.1      1.04395e+7 
        10679.7      1.03233e+7 
        10704.3      1.01948e+7 
        10728.9      1.00527e+7 
        10753.5       9.8957e+6 
          10778      9.71644e+6 
        10802.6      9.50564e+6 
        10814.9      9.38824e+6 
        10827.2      9.26154e+6 
        10839.5      9.11656e+6 
        10851.8      8.95552e+6 
        10864.1      8.77397e+6 
        10876.4      8.55233e+6 
        10888.7      8.30392e+6 
          10901      7.99906e+6 
        10913.3      7.64221e+6 
        10925.6      7.22525e+6 
        10936.3      6.76523e+6 
        10947.7      7.08338e+6 
        10963.1      7.53699e+6 
        10978.5      7.89548e+6 
        10993.9      8.16421e+6 
        11009.2      8.36773e+6 
        11024.6      8.51152e+6 
          11040      8.62012e+6 
        11055.4      8.69976e+6 
        11070.8       8.7571e+6 
        11086.2      8.79904e+6 
        11101.5      8.83205e+6 
        11116.9      8.85059e+6 
        11147.7      8.86039e+6 
        11178.5       8.8466e+6 
        11209.2      8.81223e+6 
          11240      8.76316e+6 
        11260.9      8.72442e+6 
        11302.7       8.6368e+6 
        11386.3      8.44363e+6 
        11469.9      8.26138e+6 
        11553.4      8.05797e+6 
          11637       7.8607e+6 
        11720.6      7.66935e+6 
        11804.2      7.48374e+6 
        11887.7      7.30367e+6 
        11971.3       7.1289e+6 
        12054.9      6.94669e+6 
        12138.5      6.77795e+6 
        12159.5      6.73598e+6 
          12222      6.61167e+6 
        12284.6      6.48695e+6 
        12347.2      6.35946e+6 
        12409.8      6.22692e+6 
        12472.4       6.0842e+6 
        12503.7      6.00713e+6 
          12535       5.9253e+6 
        12566.2      5.83507e+6 
        12597.5      5.73385e+6 
        12628.8      5.61924e+6 
        12644.5      5.55553e+6 
        12660.1       5.4856e+6 
        12675.8      5.40794e+6 
        12691.4       5.3223e+6 
          12707      5.22513e+6 
        12722.7      5.11143e+6 
        12738.3      4.98341e+6 
          12754       4.8318e+6 
        12769.6      4.65358e+6 
        12785.3      4.44667e+6 
          12797       4.2752e+6 
        12808.7      4.06805e+6 
        12818.8      3.82288e+6 
          12832      4.12843e+6 
          12848       4.3386e+6 
        12867.2      4.54551e+6 
          12880      4.65656e+6 
        12892.8      4.74949e+6 
        12905.6      4.82395e+6 
        12918.4      4.88571e+6 
        12931.2      4.93648e+6 
          12944      4.97616e+6 
        12956.8      5.00795e+6 
        12969.6      5.03324e+6 
        12982.4      5.05331e+6 
        12995.2      5.06836e+6 
        13020.8      5.08671e+6 
        13046.4      5.09425e+6 
        13071.9      5.09334e+6 
        13097.5      5.08495e+6 
        13123.1      5.07088e+6 
        13174.3      5.03183e+6 
        13225.5      4.98345e+6 
          13245      4.96309e+6 
        13276.7      4.92862e+6 
        13308.4      4.89278e+6 
        13371.7      4.81854e+6 
          13435      4.74277e+6 
        13498.3      4.66693e+6 
        13561.6      4.59172e+6 
        13624.9      4.52254e+6 
        13688.3      4.44843e+6 
        13751.6       4.3758e+6 
        13814.9      4.30464e+6 
        13878.2       4.2349e+6 
        13941.5      4.16657e+6 
        14004.9      4.09959e+6 
        14068.2      4.03396e+6 
        14131.5      3.96962e+6 
        14194.8      3.90654e+6 
        14258.1      3.84471e+6 
        14310.8      3.79416e+6 
        14321.5      3.78408e+6 
        14332.1      3.77403e+6 
        14353.3      3.75389e+6 
        14395.8      3.71402e+6 
        14457.6      3.65691e+6 
        14519.5      3.60086e+6 
        14579.4      3.54755e+6 
        14597.2       3.5319e+6 
        14613.2      3.51789e+6 
        14645.2      3.49003e+6 
        14709.2      3.43517e+6 
        14773.2      3.38139e+6 
        14837.1      3.32867e+6 
        14901.1        3.277e+6 
        14965.1      3.22632e+6 
        15029.1      3.17662e+6 
        15093.1      3.12785e+6 
        15157.1      3.08003e+6 
          15221      3.03312e+6 
          15285      2.98709e+6 
          15349      2.94193e+6 
          15413      2.89761e+6 
        15471.6      2.85776e+6 
        15482.4       2.8505e+6 
        15493.1       2.8433e+6 
        15514.7      2.82896e+6 
        15557.9      2.80057e+6 
        15644.2      2.74483e+6 
        15730.5      2.69046e+6 
        15816.8      2.63742e+6 
        15903.1      2.58568e+6 
        15989.4       2.5352e+6 
        16075.8      2.48594e+6 
        16162.1      2.43786e+6 
        16248.4      2.39094e+6 
        16289.9      2.36878e+6 
        16334.7      2.34513e+6 
        16379.5      2.32178e+6 
        16469.1      2.27677e+6 
        16558.8      2.23284e+6 
        16648.4      2.18996e+6 
          16738       2.1481e+6 
        16827.7      2.10723e+6 
        16917.3      2.06733e+6 
        17006.9      2.02836e+6 
        17096.6      1.99031e+6 
        17186.2      1.95314e+6 
        17275.8      1.91683e+6 
        17327.7      1.89621e+6 
        17365.5      1.88136e+6 
        17403.2      1.86665e+6 
        17478.8      1.83778e+6 
        17554.3      1.80947e+6 
        17629.9      1.78169e+6 
        17705.4      1.75444e+6 
          17781      1.72771e+6 
        17856.5      1.70148e+6 
        17932.1      1.67575e+6 
        18007.6        1.643e+6 
        18083.2      1.61622e+6 
        18158.7      1.58913e+6 
        18234.3      1.56125e+6 
        18309.8      1.53178e+6 
        18343.7      1.51767e+6 
        18385.3      1.49924e+6 
          18427      1.47912e+6 
        18468.6      1.45648e+6 
        18510.2       1.4302e+6 
          18531      1.41521e+6 
        18551.8      1.39872e+6 
        18572.6       1.3805e+6 
        18593.4      1.36007e+6 
        18614.2       1.3371e+6 
          18635      1.31083e+6 
        18655.8       1.2807e+6 
        18676.6      1.24666e+6 
        18697.4      1.20888e+6 
          18710      1.18416e+6 
        18726.4      1.14759e+6 
        18738.8      1.11066e+6 
        18749.1      1.03316e+6 
        18759.5       1.0901e+6 
        18773.9      1.13291e+6 
        18786.6      1.15701e+6 
        18799.4      1.17688e+6 
        18812.2      1.19479e+6 
          18825      1.21127e+6 
        18837.8      1.22625e+6 
        18850.6      1.23937e+6 
        18863.4      1.25099e+6 
          18889      1.26962e+6 
        18914.6      1.28311e+6 
        18940.2      1.29265e+6 
        18965.8       1.2991e+6 
        18991.4      1.30318e+6 
          19017      1.30528e+6 
        19042.6      1.30572e+6 
        19068.2      1.30491e+6 
        19119.4      1.30065e+6 
        19170.5      1.29391e+6 
        19221.7      1.28556e+6 
        19272.9      1.27614e+6 
        19324.1      1.26605e+6 
        19375.3      1.25552e+6 
        19402.3      1.24985e+6 
        19426.5      1.24472e+6 
        19450.7      1.23956e+6 
        19499.1      1.22905e+6 
        19595.9      1.21143e+6 
        19692.7      1.18941e+6 
        19789.5      1.16789e+6 
        19886.3      1.14684e+6 
        19983.1      1.12627e+6 
        20079.9      1.10615e+6 
        20176.7      1.08647e+6 
        20273.5      1.06722e+6 
        20370.2       1.0484e+6 
        20459.7      1.03136e+6 
        20474.4       1.0286e+6 
        20489.1      1.02582e+6 
        20518.5       1.0203e+6 
        20577.2      1.00937e+6 
          20636          998587 
        20694.8          987943 
        20753.5          977441 
        20812.3          967073 
        20871.1          956844 
        20929.8          946747 
        20988.6          936782 
        21047.4          926949 
        21106.1          917241 
        21164.9          907660 
        21223.7          898200 
        21282.5          888867 
        21341.2          879649 
          21400          870554 
        21458.8          861572 
        21517.5          852707 
        21576.3          843954 
        21630.6          835959 
        21684.9          828033 
        21739.3          820194 
        21793.6          812450 
        21847.9          804797 
        21902.2          797233 
        21956.6          789759 
        22010.9          782367 
        22065.2          775065 
        22119.5          767846 
        22173.9          760708 
        22228.2          753656 
        22282.5          746681 
        22336.8          739789 
        22391.2          732974 
        22445.5          726236 
        22499.8          719576 
        22554.1          712991 
        22608.5          706481 
        22662.8          700044 
        22717.1          693683 
          22756          689168 
        22771.4          687387 
        22784.8          685844 
        22800.8          684006 
        22816.8          682175 
        22848.8          678527 
        22912.8          671305 
        22976.8          664177 
        23040.8          657146 
        23104.8          650203 
        23168.7          643351 
        23232.7          636590 
        23296.7          629921 
        23360.7          623339 
        23424.7          616845 
        23488.6          610433 
        23552.6          604106 
        23616.6          597861 
        23680.6          591694 
        23744.6          585605 
        23808.6          579599 
        23872.5          573664 
        23936.5          567808 
        24000.5          562025 
        24064.5          556316 
        24128.5          550677 
        24192.5          545110 
        24256.4          539616 
        24320.4          534187 
        24384.4          528827 
        24448.4          523534 
        24512.4          518306 
        24576.3          513145 
        24640.3          508046 
        24704.3          503010 
        24768.3          498037 
        24832.3          493123 
        24896.3          488273 
        24960.2          483479 
        25004.4          480202 
        25024.2          478744 
          25044          477290 
        25083.6          474418 
        25162.8          468735 
        25241.9          463137 
        25321.1          457623 
        25400.2          452188 
        25479.4          446835 
        25558.5          441560 
        25637.7          436361 
        25716.9          431240 
          25796          426192 
        25875.2          421215 
        25954.3          416311 
        26033.5          411480 
        26112.7          406717 
        26191.8          402023 
          26271          397396 
        26350.1          392834 
        26429.3          388339 
        26508.4          383906 
        26587.6          379536 
        26666.8          375229 
        26745.9          370981 
        26825.1          366794 
        26904.2          362665 
        26983.4          358594 
        27062.6          354582 
        27141.7          350624 
        27220.9          346719 
        27299.2          342911 
        27377.5          339169 
        27455.8          335481 
        27534.2          331840 
        27612.5          328249 
        27690.8          324709 
        27769.1          321215 
        27847.5          317766 
        27925.8          314367 
        28004.1          311010 
        28082.4          307700 
        28160.8          304434 
        28239.1          301213 
        28317.4          298033 
        28395.7          294896 
          28474          291800 
        28552.4          288744 
        28630.7          285728 
          28709          282751 
        28787.3          279813 
        28865.7          276913 
          28944          274051 
        29022.3          271225 
        29100.6          268436 
          29179          265682 
        29257.3          262964 
        29335.6          260280 
        29413.9          257630 
        29492.3          255015 
        29570.6          252432 
        29648.9          249881 
        29727.2          247363 
        29805.5          244877 
        29883.9          242421 
        29932.6          240909 
        29962.2          239996 
        29991.8          239088 
