# Koester WD models
# teff = 11000 K (value for the effective temperature for the model. Temperatures are given in K)
# logg = 7 log(cm/s2) (value for Log(G) for the model.)
#
# column 1: WAVELENGTH (ANGSTROM), Wavelength in Angstrom
# column 2: FLUX (ERG/CM2/S/A), Flux in erg/cm2/s/A
         899.23         779.351 
        909.241         947.633 
        919.251         10683.2 
        929.261         14862.5 
        939.271         42582.7 
         949.28         3777.61 
        959.289          136874 
        969.297         73169.3 
        979.305          133090 
        989.312          269492 
        999.319          474409 
        1009.33          310281 
        1019.33          173270 
        1029.34          165109 
        1039.34          411008 
        1049.35          868971 
        1059.36       1.0309e+6 
        1069.36      3.47215e+6 
        1079.36      3.76209e+6 
        1089.37      4.01964e+7 
        1099.37      5.29233e+7 
        1109.38       4.9039e+7 
        1119.38      4.01272e+7 
        1129.38      3.18564e+7 
        1139.39      2.28202e+7 
        1149.39      1.47865e+7 
        1159.39      8.80274e+6 
        1169.39       4.7062e+6 
         1179.4       2.3681e+6 
         1189.4      1.66025e+6 
         1199.4      1.34155e+6 
         1209.4          950033 
        1219.41          919927 
        1229.41      1.52733e+6 
        1239.41      2.54413e+6 
        1249.41      4.07559e+6 
        1259.41      6.85926e+6 
        1269.41      1.28536e+7 
        1279.42      2.30764e+7 
        1289.42      3.61648e+7 
        1299.42      5.15171e+7 
        1309.42      6.53388e+7 
        1319.42       8.1333e+7 
        1329.42      9.56954e+7 
        1339.42      9.98153e+7 
        1349.42      1.10362e+8 
        1359.42      1.28003e+8 
        1369.42      1.28095e+8 
        1379.42      9.81845e+7 
        1389.42      7.66084e+7 
        1399.42      7.87657e+7 
        1409.42      1.53552e+8 
        1419.42      2.39182e+8 
        1429.42      2.69707e+8 
        1439.42      2.77952e+8 
        1452.42      2.73301e+8 
        1464.42       2.6794e+8 
        1476.35      2.64642e+8 
        1489.42      2.70362e+8 
        1504.42      2.77416e+8 
        1514.42      2.78652e+8 
        1526.92      2.76328e+8 
        1539.42      2.56982e+8 
        1551.92      2.35254e+8 
        1564.42      2.20267e+8 
         1574.8      2.03685e+8 
        1586.91      1.86609e+8 
        1597.54       1.8457e+8 
        1609.41      1.97994e+8 
        1624.41      2.32208e+8 
        1636.91      2.61375e+8 
        1649.41       2.8034e+8 
        1664.41      2.89887e+8 
        1676.33      2.92099e+8 
         1689.4      2.92266e+8 
         1704.4      2.91064e+8 
         1719.4      2.89251e+8 
         1734.4      2.87189e+8 
        1749.39      2.84991e+8 
        1764.39      2.82692e+8 
        1775.55      2.80991e+8 
        1789.39      2.78857e+8 
        1809.39      2.75756e+8 
           1824      2.73517e+8 
        1834.77      2.71894e+8 
        1845.54      2.70292e+8 
           1864      2.67618e+8 
        1876.29      2.65846e+8 
        1888.59      2.64105e+8 
        1906.98      2.61545e+8 
        1919.37      2.59848e+8 
        1931.76      2.58174e+8 
        1944.47       2.5647e+8 
        1956.53      2.54842e+8 
         1967.6      2.53359e+8 
        1992.71       2.4997e+8 
        2017.81      2.46632e+8 
        2067.03      2.40294e+8 
        2116.25      2.34147e+8 
        2165.47      2.28016e+8 
         2214.7      2.22016e+8 
        2263.91      2.16181e+8 
        2313.13      2.10478e+8 
        2362.35      2.04917e+8 
        2409.27      1.99697e+8 
        2451.59      1.95081e+8 
        2466.76       1.9345e+8 
        2488.39      1.91147e+8 
        2510.01      1.88916e+8 
         2547.3      1.85042e+8 
        2559.23      1.83811e+8 
        2571.17      1.82589e+8 
        2595.04       1.8017e+8 
        2627.89      1.76899e+8 
        2642.78      1.75436e+8 
        2657.67      1.73986e+8 
        2687.45      1.71122e+8 
        2737.93      1.66391e+8 
        2756.11       1.6472e+8 
        2766.75       1.6375e+8 
        2810.65      1.59819e+8 
        2854.55      1.55979e+8 
        2931.71      1.49481e+8 
        2942.34       1.4861e+8 
        2952.98      1.47745e+8 
        2974.26      1.46037e+8 
        3016.81      1.42686e+8 
        3051.42      1.40018e+8 
        3091.41      1.37005e+8 
        3120.64      1.34851e+8 
        3149.86      1.32738e+8 
        3168.31      1.31426e+8 
         3208.3      1.28636e+8 
        3248.29       1.2592e+8 
        3309.83      1.21876e+8 
        3322.09       1.2109e+8 
        3346.73      1.19525e+8 
        3383.63      1.17229e+8 
        3445.17      1.13521e+8 
        3469.81      1.12076e+8 
        3495.92      1.10571e+8 
        3506.71      1.09956e+8 
         3543.6      1.07883e+8 
        3591.28      1.05277e+8 
        3635.88      1.02902e+8 
        3647.12      1.02313e+8 
        3658.96      1.01691e+8 
        3671.11      1.01047e+8 
        3682.58      1.00453e+8 
         3693.5      9.99532e+7 
        3703.57      9.94858e+7 
        3713.83      9.92172e+7 
        3724.38      9.89284e+7 
        3734.43      9.67278e+7 
        3744.65      9.89633e+7 
        3754.84      9.94952e+7 
        3765.27      9.74004e+7 
         3775.5      9.79429e+7 
        3785.73      1.05545e+8 
        3795.99      8.19858e+7 
        3806.35      1.03325e+8 
        3816.64      1.14274e+8 
         3826.8      9.74513e+7 
        3836.98      7.05266e+7 
        3847.23      1.08873e+8 
        3858.09      1.25824e+8 
        3868.74      1.21456e+8 
        3878.82      9.68468e+7 
        3888.84      5.61217e+7 
        3898.89      9.57099e+7 
        3909.98      1.26554e+8 
        3920.97      1.39538e+8 
        3933.45      1.40659e+8 
        3943.88      1.30467e+8 
        3954.55      1.07111e+8 
        3964.68      7.33263e+7 
        3974.96      7.11687e+7 
        3985.59      1.06485e+8 
        3995.73      1.30035e+8 
        4005.95       1.4444e+8 
        4017.18      1.51318e+8 
        4028.86      1.53738e+8 
         4040.4      1.53249e+8 
        4051.36      1.49625e+8 
        4063.85      1.39295e+8 
        4075.42      1.22341e+8 
        4085.65       1.0021e+8 
        4096.52      6.78081e+7 
        4107.31      6.87965e+7 
        4117.77      9.90063e+7 
        4128.11      1.20266e+8 
        4138.83      1.35303e+8 
        4149.91      1.45292e+8 
        4160.99      1.50471e+8 
        4173.82      1.53006e+8 
        4188.82      1.53997e+8 
        4203.81      1.53891e+8 
        4216.52      1.53254e+8 
        4228.81      1.52212e+8 
        4243.81      1.50297e+8 
         4258.8       1.4705e+8 
         4273.8      1.41427e+8 
        4288.79      1.32352e+8 
        4301.29      1.21736e+8 
        4313.79      1.06515e+8 
        4326.14      8.37439e+7 
        4336.17       5.9138e+7 
        4346.61      6.39138e+7 
        4357.43      8.82583e+7 
        4367.98      1.05259e+8 
        4378.77      1.16694e+8 
        4393.77      1.26806e+8 
        4408.76      1.32952e+8 
        4423.76      1.35878e+8 
        4438.75      1.36759e+8 
        4453.75      1.36638e+8 
        4468.74      1.36087e+8 
        4483.74      1.35295e+8 
        4498.74      1.34385e+8 
        4513.73      1.33397e+8 
        4527.19      1.32469e+8 
        4538.73      1.31651e+8 
        4553.72      1.30567e+8 
        4568.72      1.29459e+8 
        4583.72      1.28338e+8 
        4596.53      1.27372e+8 
        4608.71      1.26459e+8 
         4623.7       1.2531e+8 
         4638.7      1.24144e+8 
         4653.7      1.22955e+8 
        4668.69      1.21728e+8 
        4683.69      1.20437e+8 
        4698.68      1.19057e+8 
        4713.68      1.17539e+8 
        4724.83      1.16282e+8 
        4738.67      1.14505e+8 
        4753.67      1.12242e+8 
        4768.67      1.09367e+8 
        4783.66      1.05776e+8 
        4798.66      1.00853e+8 
        4813.65      9.39591e+7 
        4826.15      8.58305e+7 
        4836.81      7.61886e+7 
        4847.03      6.39163e+7 
        4857.49       4.7903e+7 
        4868.64      5.35324e+7 
        4880.32      6.89316e+7 
        4891.22      7.93507e+7 
        4903.63      8.72562e+7 
        4915.55      9.22039e+7 
        4928.62      9.57074e+7 
        4943.62      9.80438e+7 
        4958.61      9.92514e+7 
        4973.61      9.97836e+7 
        4988.61      9.98279e+7 
         5003.6      9.95844e+7 
         5018.6      9.91339e+7 
         5033.6      9.85543e+7 
        5048.59      9.78933e+7 
        5063.59      9.71845e+7 
        5078.58      9.64444e+7 
        5093.58      9.56904e+7 
        5108.57      9.49257e+7 
        5123.57      9.41586e+7 
        5138.57      9.33917e+7 
        5153.56      9.26273e+7 
        5168.56      9.18665e+7 
        5183.56      9.11103e+7 
        5198.55      9.03591e+7 
        5213.55      8.96136e+7 
        5228.54      8.88741e+7 
        5243.54      8.81412e+7 
        5258.53      8.74142e+7 
        5273.53      8.66935e+7 
        5288.53      8.59797e+7 
        5303.52      8.52726e+7 
        5318.52       8.4572e+7 
        5333.52       8.3878e+7 
        5348.51      8.31906e+7 
        5363.51      8.25325e+7 
         5378.5      8.18564e+7 
         5393.5      8.11866e+7 
        5408.49      8.05231e+7 
        5423.49      7.98665e+7 
        5438.49      7.92165e+7 
        5453.48      7.85731e+7 
        5468.48       7.7936e+7 
        5483.48      7.73052e+7 
        5498.47      7.66809e+7 
        5513.47       7.6063e+7 
        5528.46      7.54513e+7 
        5543.46      7.48459e+7 
        5558.45      7.42465e+7 
        5573.45      7.36531e+7 
        5588.45      7.30653e+7 
        5603.44      7.24831e+7 
        5618.44       7.1907e+7 
        5633.43      7.13365e+7 
        5648.43      7.07713e+7 
        5663.43      7.02118e+7 
        5673.98       6.9821e+7 
         5686.2       6.9372e+7 
        5698.42      6.89269e+7 
        5708.88      6.85483e+7 
        5723.41      6.80268e+7 
        5738.41       6.7494e+7 
         5753.4      6.69662e+7 
         5768.4      6.64271e+7 
        5783.39      6.59087e+7 
        5798.39       6.5396e+7 
        5813.39      6.48877e+7 
        5828.38      6.43847e+7 
        5843.38      6.38862e+7 
        5858.37       6.3392e+7 
        5873.37      6.29022e+7 
        5888.37      6.24172e+7 
        5903.36      6.19368e+7 
        5918.36      6.14605e+7 
        5933.35       6.0989e+7 
        5948.35      6.05215e+7 
        5963.35      6.00585e+7 
        5978.34      5.95995e+7 
        5993.34      5.91443e+7 
        6008.33      5.86931e+7 
        6023.33      5.82461e+7 
        6038.32      5.78028e+7 
        6053.32      5.73636e+7 
        6068.32      5.69279e+7 
        6083.31      5.64956e+7 
        6098.31      5.60667e+7 
        6113.31      5.56411e+7 
         6128.3      5.52188e+7 
         6143.3      5.47994e+7 
        6158.29      5.43829e+7 
        6173.29      5.39688e+7 
        6188.28      5.35569e+7 
        6203.28      5.31473e+7 
        6218.28      5.27395e+7 
        6233.27      5.23327e+7 
        6244.38      5.20317e+7 
        6256.04      5.17166e+7 
        6266.59       5.1432e+7 
        6278.26      5.11165e+7 
        6290.52      5.07838e+7 
        6302.31      5.04628e+7 
        6312.59       5.0181e+7 
        6323.25      4.98857e+7 
        6338.24      4.94663e+7 
        6353.24      4.90409e+7 
        6368.24       4.8603e+7 
        6383.23       4.8148e+7 
        6398.23      4.76671e+7 
        6413.22       4.7149e+7 
        6428.22      4.65757e+7 
        6443.22        4.592e+7 
        6458.21       4.5139e+7 
        6473.21      4.41865e+7 
         6488.2      4.29757e+7 
         6503.2      4.13452e+7 
         6518.2      3.90431e+7 
        6532.67       3.5828e+7 
        6543.19      3.26625e+7 
        6554.64      2.81713e+7 
        6564.69      2.44857e+7 
        6575.67      2.99138e+7 
        6586.28      3.33191e+7 
        6598.17         3.61e+7 
         6608.5      3.77883e+7 
        6618.82      3.89718e+7 
        6629.14      3.97898e+7 
        6639.46      4.03446e+7 
        6649.78      4.07128e+7 
         6660.1      4.09472e+7 
        6670.42      4.10823e+7 
        6680.74      4.11451e+7 
        6691.06      4.11489e+7 
        6701.39      4.11084e+7 
        6711.48      4.10371e+7 
        6731.66      4.08291e+7 
        6751.84      4.05658e+7 
        6772.02      4.02699e+7 
        6799.98      3.98294e+7 
        6812.38      3.96287e+7 
        6824.78      3.94245e+7 
        6849.58       3.9011e+7 
        6899.18       3.8176e+7 
        6998.37      3.65279e+7 
           7086      3.51261e+7 
        7097.57      3.49455e+7 
        7109.15      3.47658e+7 
         7132.3      3.44096e+7 
         7178.6      3.37099e+7 
        7271.19      3.23609e+7 
        7334.07      3.14822e+7 
        7363.79      3.10799e+7 
        7393.51       3.0681e+7 
        7452.96      2.99019e+7 
         7512.4      2.91473e+7 
        7571.84      2.84161e+7 
        7584.68      2.82611e+7 
        7631.28      2.77075e+7 
        7677.88      2.71673e+7 
        7771.08      2.61259e+7 
        7864.28      2.51338e+7 
        7952.71      2.42353e+7 
        7971.79      2.40467e+7 
        7990.87      2.38598e+7 
        8029.04      2.34916e+7 
        8082.55       2.2987e+7 
        8136.06      2.24958e+7 
         8176.3       2.2135e+7 
        8189.57      2.20175e+7 
        8200.85      2.19184e+7 
        8216.85      2.17787e+7 
        8232.84      2.16401e+7 
        8264.83      2.13662e+7 
        8289.72      2.11561e+7 
        8328.82      2.08308e+7 
        8343.44      2.07107e+7 
        8367.92      2.05107e+7 
        8388.68      2.03491e+7 
        8408.65      2.01945e+7 
        8432.02      2.00143e+7 
        8467.25      1.97412e+7 
        8502.48      1.94682e+7 
        8516.58      1.93623e+7 
        8530.98      1.92483e+7 
        8545.38      1.91533e+7 
        8574.18       1.8978e+7 
        8598.39      1.87976e+7 
         8628.6       1.8636e+7 
        8646.81      1.84844e+7 
        8665.01      1.83116e+7 
        8683.22        1.826e+7 
        8701.43      1.81735e+7 
        8719.64      1.80063e+7 
        8737.85      1.77724e+7 
        8750.47      1.76036e+7 
        8763.09      1.76214e+7 
        8775.71      1.76398e+7 
        8788.34      1.76178e+7 
        8800.96      1.75481e+7 
        8811.81       1.7451e+7 
        8825.96      1.72854e+7 
        8840.11      1.70517e+7 
        8854.26       1.6747e+7 
        8867.04      1.66124e+7 
        8879.83      1.67814e+7 
        8896.88      1.69249e+7 
        8913.93      1.69665e+7 
        8930.98      1.69095e+7 
        8948.03      1.67658e+7 
        8965.08      1.65213e+7 
        8982.13      1.61538e+7 
        8999.18      1.56468e+7 
        9010.98      1.52283e+7 
        9022.77       1.5297e+7 
        9034.57       1.5603e+7 
        9046.37      1.58421e+7 
        9058.17      1.60249e+7 
         9073.9      1.61679e+7 
        9089.63      1.62139e+7 
        9099.72       1.6208e+7 
         9109.8      1.61711e+7 
        9119.88      1.61107e+7 
        9129.97      1.60313e+7 
        9140.05       1.5927e+7 
        9150.13      1.57928e+7 
        9160.22      1.56119e+7 
         9170.3      1.54153e+7 
        9180.38      1.51573e+7 
        9190.47      1.48537e+7 
        9200.55      1.44782e+7 
        9210.63      1.40338e+7 
        9220.72      1.35053e+7 
        9232.16      1.32115e+7 
        9244.95      1.37874e+7 
        9257.75      1.42373e+7 
        9270.55       1.4579e+7 
        9283.34      1.48373e+7 
        9296.14      1.49955e+7 
        9308.94      1.51207e+7 
        9321.73      1.51849e+7 
        9334.53      1.52076e+7 
        9347.33      1.52043e+7 
        9360.12      1.51782e+7 
        9372.92      1.51347e+7 
        9384.08      1.50851e+7 
        9406.41      1.49401e+7 
        9417.58      1.48521e+7 
        9428.74      1.47471e+7 
         9439.9      1.46194e+7 
        9451.07      1.44678e+7 
        9462.23      1.42927e+7 
         9473.4      1.40737e+7 
        9484.56      1.38044e+7 
        9495.72      1.34647e+7 
        9506.89      1.30204e+7 
        9518.05      1.24476e+7 
        9529.22      1.17825e+7 
        9540.38      1.10424e+7 
         9550.5      1.09392e+7 
        9562.37      1.16413e+7 
        9573.54      1.22162e+7 
        9584.71       1.2696e+7 
        9595.89      1.30423e+7 
        9607.06      1.32843e+7 
        9623.81      1.35214e+7 
        9634.98       1.3617e+7 
        9646.16       1.3685e+7 
         9657.3       1.3728e+7 
        9668.45        1.375e+7 
         9679.6       1.3751e+7 
        9690.75      1.37394e+7 
        9713.04      1.36995e+7 
        9735.34      1.36316e+7 
        9757.64       1.3549e+7 
        9802.23      1.33534e+7 
        9824.52      1.32402e+7 
        9846.82      1.31367e+7 
        9869.12      1.29832e+7 
        9891.41      1.27983e+7 
        9913.71      1.25744e+7 
           9936      1.22979e+7 
        9952.82      1.20383e+7 
        9969.64      1.17374e+7 
        9986.45      1.13491e+7 
        10003.3      1.08493e+7 
        10015.9      1.03832e+7 
        10028.5      9.79633e+6 
        10041.1      9.06136e+6 
        10051.4      8.60256e+6 
        10061.8      9.25281e+6 
        10073.6      9.82602e+6 
          10086       1.0276e+7 
        10098.4      1.06208e+7 
          10115      1.09523e+7 
        10131.5      1.11851e+7 
          10148      1.13351e+7 
        10164.6      1.14456e+7 
        10181.1      1.15131e+7 
        10191.1      1.15356e+7 
        10214.1      1.15639e+7 
        10237.2      1.15518e+7 
        10260.2      1.15113e+7 
        10283.3      1.14554e+7 
        10329.3      1.13172e+7 
        10375.4      1.11648e+7 
        10467.6      1.08302e+7 
        10559.7      1.05108e+7 
        10605.8      1.03396e+7 
        10651.9      1.01595e+7 
          10698      9.95857e+6 
          10721      9.84547e+6 
          10744      9.71933e+6 
        10767.1      9.57347e+6 
        10790.1      9.40483e+6 
        10801.6      9.31184e+6 
        10813.1      9.20892e+6 
        10824.7      9.09384e+6 
        10836.2      8.96312e+6 
        10847.7      8.81534e+6 
        10859.2      8.64987e+6 
        10870.7      8.45154e+6 
        10882.3      8.22607e+6 
        10893.8      7.95492e+6 
        10905.3      7.64475e+6 
        10916.8      7.26804e+6 
        10928.3      6.80158e+6 
        10938.4      6.15507e+6 
          10950      6.85009e+6 
        10964.6      7.33515e+6 
        10979.2      7.68823e+6 
        10998.7       8.0328e+6 
        11018.2      8.26493e+6 
        11037.7      8.41476e+6 
        11057.3      8.51356e+6 
        11086.5       8.5893e+6 
          11106      8.61258e+6 
        11125.5      8.61918e+6 
          11145      8.61048e+6 
        11164.5      8.59091e+6 
        11203.5      8.53228e+6 
        11224.2      8.49304e+6 
        11242.6      8.45522e+6 
        11260.9      8.41545e+6 
        11297.6      8.33106e+6 
          11371      8.15491e+6 
        11444.5      7.98744e+6 
        11517.9      7.80987e+6 
        11591.3      7.63718e+6 
        11664.7       7.4692e+6 
        11738.2      7.30581e+6 
        11811.6      7.14684e+6 
          11885      6.99218e+6 
        11958.4      6.84163e+6 
        12031.9      6.68974e+6 
        12105.3      6.54579e+6 
        12178.7      6.40502e+6 
        12219.6      6.32767e+6 
        12252.1      6.26663e+6 
        12284.6      6.20571e+6 
        12349.6      6.08344e+6 
        12414.6      5.95929e+6 
        12479.7      5.82982e+6 
        12544.7      5.68773e+6 
        12577.2      5.60803e+6 
        12609.7      5.51871e+6 
        12642.2      5.41394e+6 
        12658.4      5.35353e+6 
        12674.7      5.28595e+6 
        12690.9      5.20977e+6 
        12707.2      5.12164e+6 
        12723.4      5.01854e+6 
        12739.7      4.89743e+6 
        12755.9      4.75292e+6 
        12772.2      4.57893e+6 
        12788.4      4.36619e+6 
        12800.6      4.16647e+6 
        12810.8      3.94719e+6 
        12821.4       3.8111e+6 
        12833.5      4.09651e+6 
        12844.2      4.25629e+6 
        12854.9      4.38359e+6 
          12871       4.5331e+6 
        12881.7      4.61233e+6 
        12892.4      4.67852e+6 
        12903.1      4.73344e+6 
        12913.8      4.77836e+6 
        12924.6      4.81524e+6 
        12935.3      4.84506e+6 
          12946      4.86853e+6 
        12967.4      4.90057e+6 
        12988.9      4.91801e+6 
        13010.3      4.92473e+6 
        13031.7       4.9231e+6 
        13053.2      4.91518e+6 
        13074.6      4.90302e+6 
        13117.5      4.86956e+6 
        13160.3      4.82775e+6 
        13203.2      4.78144e+6 
        13269.5      4.70529e+6 
        13288.9      4.68236e+6 
        13308.4      4.65926e+6 
        13347.2      4.61277e+6 
          13425      4.51981e+6 
        13502.7      4.42795e+6 
        13580.5      4.33785e+6 
        13658.2      4.25155e+6 
          13736      4.16509e+6 
        13813.7       4.0808e+6 
        13891.5      3.99865e+6 
        13969.2      3.91854e+6 
          14047      3.84041e+6 
        14124.7      3.76422e+6 
        14202.5      3.68993e+6 
        14228.4      3.66558e+6 
        14280.2      3.61745e+6 
        14332.1      3.57007e+6 
        14383.9      3.52339e+6 
        14413.9      3.49672e+6 
        14435.8      3.47743e+6 
        14457.6       3.4583e+6 
        14501.4      3.42035e+6 
        14581.2      3.35246e+6 
        14597.2      3.33907e+6 
        14613.2      3.32572e+6 
        14645.2      3.29927e+6 
        14709.2      3.24715e+6 
        14773.2      3.19604e+6 
        14837.1      3.14596e+6 
        14901.1      3.09682e+6 
        14965.1      3.04865e+6 
        15029.1      3.00141e+6 
        15093.1      2.95508e+6 
        15157.1      2.90964e+6 
          15221      2.86507e+6 
          15285      2.82135e+6 
          15349      2.77846e+6 
          15413      2.73639e+6 
        15471.6      2.69855e+6 
        15482.4      2.69166e+6 
        15493.1      2.68505e+6 
        15514.7       2.6719e+6 
        15557.9      2.64582e+6 
        15644.2      2.59462e+6 
        15730.5      2.54464e+6 
        15816.8      2.49584e+6 
        15903.1      2.44821e+6 
        15989.4      2.40168e+6 
        16075.8      2.35626e+6 
        16162.1      2.31189e+6 
        16248.4      2.26856e+6 
        16289.9      2.24808e+6 
        16334.7      2.22623e+6 
        16379.5      2.20463e+6 
        16469.1      2.16326e+6 
        16558.8      2.12285e+6 
        16648.4      2.08337e+6 
          16738       2.0448e+6 
        16827.7       2.0071e+6 
        16917.3      1.97026e+6 
        17006.9      1.93426e+6 
        17096.6      1.89907e+6 
        17186.2      1.86466e+6 
        17275.8      1.83103e+6 
        17327.7      1.81192e+6 
        17365.5      1.79815e+6 
        17403.2      1.78451e+6 
        17478.8      1.75696e+6 
        17554.3      1.72994e+6 
        17629.9      1.70343e+6 
        17705.4      1.67742e+6 
          17781       1.6519e+6 
        17856.5      1.62686e+6 
        17932.1      1.60229e+6 
        18007.6      1.57472e+6 
        18083.2      1.55005e+6 
        18158.7      1.52543e+6 
        18234.3      1.50053e+6 
        18309.8      1.47485e+6 
        18343.7      1.46284e+6 
        18385.3      1.44748e+6 
          18427      1.43102e+6 
        18468.6      1.41268e+6 
        18510.2      1.39168e+6 
        18551.8      1.36656e+6 
        18572.6      1.35187e+6 
        18593.4      1.33534e+6 
        18614.2      1.31658e+6 
          18635      1.29487e+6 
        18655.8       1.2695e+6 
        18676.6      1.23962e+6 
          18687      1.22254e+6 
        18697.4       1.2038e+6 
        18707.8      1.18292e+6 
        18718.2      1.15947e+6 
        18728.6      1.13236e+6 
          18739      1.09852e+6 
        18749.1      1.02172e+6 
        18759.7      1.07986e+6 
        18772.5         1.12e+6 
        18785.2      1.14763e+6 
        18804.4      1.17915e+6 
        18817.2      1.19572e+6 
          18830      1.20966e+6 
        18842.8      1.22132e+6 
        18855.6      1.23115e+6 
        18868.4       1.2393e+6 
          18894      1.25152e+6 
        18919.6      1.25937e+6 
        18945.2      1.26414e+6 
        18970.8      1.26644e+6 
        18996.4      1.26681e+6 
          19022      1.26571e+6 
        19047.6      1.26349e+6 
        19098.8      1.25679e+6 
        19149.9      1.24819e+6 
        19201.1      1.23848e+6 
        19252.3      1.22812e+6 
        19303.5      1.21737e+6 
        19354.7       1.2064e+6 
        19405.9      1.19532e+6 
        19450.7      1.18561e+6 
        19540.3      1.16603e+6 
        19629.8      1.14799e+6 
        19719.4      1.12849e+6 
          19809      1.10941e+6 
        19898.6      1.09072e+6 
        19988.2      1.07243e+6 
        20077.8      1.05451e+6 
        20167.4      1.03697e+6 
          20257      1.01984e+6 
        20346.5      1.00301e+6 
        20397.9          993519 
        20436.1          986520 
        20474.4          979533 
        20550.9          965785 
        20627.4          952280 
        20703.9          939009 
        20780.5          925966 
          20857          913148 
        20933.5          900553 
          21010          888213 
        21086.5          876043 
          21163          864079 
        21239.5          852320 
        21316.1          840759 
        21392.6          829393 
        21469.1          818218 
        21545.6          807229 
        21613.6          797616 
        21630.6          795238 
        21647.6          792863 
        21681.6          788141 
        21749.6          778798 
        21817.5          769596 
        21885.5          760529 
        21953.5          751595 
        22021.5          742792 
        22089.4          734115 
        22157.4          725567 
        22225.4          717141 
        22293.4          708838 
        22361.3          700654 
        22429.3          692589 
        22497.3          684638 
        22565.3          676803 
        22633.2          669078 
        22701.2          661462 
        22751.5          655895 
        22769.2          653954 
        22784.8          652239 
        22800.8          650495 
        22816.8          648755 
        22848.8          645293 
        22912.8          638441 
        22976.8          631677 
        23040.8          625004 
        23104.8          618419 
        23168.7          611919 
        23232.7          605504 
        23296.7          599174 
        23360.7          592925 
        23424.7          586758 
        23488.6          580673 
        23552.6          574666 
        23616.6          568735 
        23680.6          562882 
        23744.6          557102 
        23808.6          551397 
        23872.5          545764 
        23936.5          540206 
        24000.5          534715 
        24064.5          529296 
        24128.5          523942 
        24192.5          518658 
        24256.4          513443 
        24320.4          508291 
        24384.4          503201 
        24448.4          498178 
        24512.4          493217 
        24576.3          488320 
        24640.3          483479 
        24704.3          478700 
        24768.3          473982 
        24832.3          469319 
        24896.3          464717 
        24960.2          460168 
        25004.4          457058 
        25024.2          455675 
          25044          454296 
        25083.6          451588 
        25162.8          446235 
        25241.9          440960 
        25321.1          435764 
        25400.2          430643 
        25479.4          425598 
        25558.5          420625 
        25637.7          415724 
        25716.9          410895 
          25796          406139 
        25875.2          401448 
        25954.3          396827 
        26033.5          392272 
        26112.7          387782 
        26191.8          383356 
          26271          378992 
        26350.1          374691 
        26429.3          370450 
        26508.4          366269 
        26587.6          362147 
        26666.8          358085 
        26745.9          354076 
        26825.1          350127 
        26904.2          346232 
        26983.4          342390 
        27062.6          338601 
        27141.7          334866 
        27220.9          331180 
        27299.2          327583 
        27377.5          324043 
        27455.8          320552 
        27534.2          317106 
        27612.5          313706 
        27690.8          310352 
        27769.1          307043 
        27847.5          303777 
        27925.8          300555 
        28004.1          297375 
        28082.4          294237 
        28160.8          291141 
        28239.1          288085 
        28317.4          285069 
        28395.7          282092 
          28474          279154 
        28552.4          276254 
        28630.7          273392 
          28709          270566 
        28787.3          267777 
        28865.7          265023 
          28944          262305 
        29022.3          259622 
        29100.6          256973 
          29179          254357 
        29257.3          251775 
        29335.6          249225 
        29413.9          246708 
        29492.3          244222 
        29570.6          241767 
        29648.9          239343 
        29727.2          236949 
        29805.5          234585 
        29883.9          232250 
        29932.6          230812 
        29962.2          229944 
        29991.8          229081 
