# Koester WD models
# teff = 11500 K (value for the effective temperature for the model. Temperatures are given in K)
# logg = 8.5 log(cm/s2) (value for Log(G) for the model.)
#
# column 1: WAVELENGTH (ANGSTROM), Wavelength in Angstrom
# column 2: FLUX (ERG/CM2/S/A), Flux in erg/cm2/s/A
         899.23         3577.24 
        909.241          4274.7 
        919.251         20704.3 
        929.261         31032.5 
        939.271         90144.9 
         949.28         11928.6 
        959.289          299671 
        969.297          154410 
        979.305          294022 
        989.312          563448 
        999.319          967369 
        1009.33          644168 
        1019.33          366435 
        1029.34          338067 
        1039.34          838670 
        1049.35      1.70494e+6 
        1059.36       1.9948e+6 
        1069.36      4.98338e+6 
        1079.36      5.39019e+6 
        1089.37      2.10586e+7 
        1099.37      2.51799e+7 
        1109.38      2.51393e+7 
        1119.38       2.3567e+7 
        1129.38      2.15516e+7 
        1139.39      1.84486e+7 
        1149.39      1.46304e+7 
        1159.39      1.06429e+7 
        1169.39       6.7892e+6 
         1179.4      3.77318e+6 
         1189.4      2.85122e+6 
         1199.4      2.46556e+6 
         1209.4      1.75049e+6 
        1219.41      1.65702e+6 
        1229.41       2.8435e+6 
        1239.41      4.37636e+6 
        1249.41      6.26336e+6 
        1259.41      8.96783e+6 
        1269.41      1.38319e+7 
        1279.42      2.08045e+7 
        1289.42       2.8458e+7 
        1299.42      3.64582e+7 
        1309.42       4.2987e+7 
        1319.42      5.05765e+7 
        1329.42      5.83218e+7 
        1339.42      6.11734e+7 
        1349.42      6.62103e+7 
        1359.42      7.56907e+7 
        1369.42      7.91531e+7 
        1379.42      6.83639e+7 
        1389.42      5.98027e+7 
        1399.42      6.13735e+7 
        1409.42      9.59226e+7 
        1419.42      1.41279e+8 
        1429.42      1.62741e+8 
        1439.42      1.68311e+8 
        1453.16      1.64331e+8 
        1464.42      1.62489e+8 
        1474.62      1.64127e+8 
        1486.34      1.76295e+8 
        1496.92      1.89098e+8 
        1509.42      1.97883e+8 
        1520.67       2.0297e+8 
        1531.92      1.89663e+8 
        1544.42       1.6153e+8 
        1556.92      1.45084e+8 
        1569.42      1.29786e+8 
        1581.72      1.12737e+8 
        1592.86      1.07407e+8 
        1604.21      1.16505e+8 
        1614.41      1.38324e+8 
        1626.61      1.79991e+8 
        1637.21      2.22753e+8 
        1648.01      2.60803e+8 
        1659.41      2.87314e+8 
        1670.61      3.02192e+8 
         1684.4      3.12591e+8 
         1699.4      3.18843e+8 
         1714.4      3.22299e+8 
         1729.4      3.24583e+8 
         1744.4      3.26207e+8 
        1759.39      3.27187e+8 
         1771.7      3.27775e+8 
        1784.39      3.28284e+8 
        1799.39      3.28736e+8 
           1824      3.29104e+8 
        1834.77      3.29179e+8 
        1845.54      3.29198e+8 
           1864      3.29229e+8 
        1876.29      3.29082e+8 
        1888.59      3.28874e+8 
        1906.98      3.28457e+8 
        1919.37      3.28108e+8 
        1931.76      3.27728e+8 
        1944.47      3.27313e+8 
        1956.53       3.2681e+8 
         1967.6      3.26308e+8 
        1992.71      3.25023e+8 
        2017.81      3.23553e+8 
        2067.03      3.20219e+8 
        2116.25      3.16267e+8 
        2165.47      3.11846e+8 
         2214.7      3.06974e+8 
        2263.91      3.01804e+8 
        2313.13      2.96343e+8 
        2362.35       2.9066e+8 
        2409.27      2.85086e+8 
        2451.59       2.7996e+8 
        2466.76      2.78098e+8 
        2488.39      2.75429e+8 
        2510.01      2.72846e+8 
         2547.3       2.6818e+8 
        2559.23      2.66685e+8 
        2571.17      2.65187e+8 
        2595.04       2.6219e+8 
        2627.89      2.58071e+8 
        2642.78        2.562e+8 
        2657.67      2.54331e+8 
        2687.45      2.50593e+8 
        2737.93      2.44291e+8 
        2756.11      2.42036e+8 
        2766.75      2.40718e+8 
        2810.65      2.35322e+8 
        2854.55      2.30013e+8 
        2931.71      2.20854e+8 
        2942.34      2.19612e+8 
        2952.98      2.18375e+8 
        2974.26      2.15914e+8 
        3016.81      2.11061e+8 
        3051.42      2.07171e+8 
        3091.41      2.02746e+8 
        3120.64      1.99561e+8 
        3149.86      1.96417e+8 
        3168.31      1.94454e+8 
         3208.3      1.90251e+8 
        3248.29       1.8612e+8 
        3309.83       1.7991e+8 
        3322.09      1.78695e+8 
        3346.73      1.76276e+8 
        3383.63      1.72709e+8 
        3445.17       1.6691e+8 
        3469.81      1.64653e+8 
        3495.92      1.62297e+8 
        3506.71      1.61334e+8 
         3543.6      1.58081e+8 
        3591.28      1.53978e+8 
        3635.88      1.50229e+8 
        3647.12      1.49301e+8 
        3658.96      1.48326e+8 
        3671.11      1.47313e+8 
        3682.58      1.46373e+8 
         3693.5      1.45481e+8 
        3703.57      1.44658e+8 
        3713.83      1.43833e+8 
        3724.38      1.43006e+8 
        3734.43       1.4215e+8 
        3744.62      1.41533e+8 
        3754.84      1.40984e+8 
        3765.07      1.39934e+8 
         3775.5      1.39625e+8 
        3786.22      1.39691e+8 
        3796.45      1.34808e+8 
        3807.84      1.39589e+8 
        3818.92      1.39946e+8 
        3830.45      1.30158e+8 
        3840.76      1.31303e+8 
        3851.84      1.42006e+8 
        3862.22      1.43448e+8 
        3873.19      1.36159e+8 
        3883.31      1.18821e+8 
        3893.94      1.17068e+8 
        3904.25      1.36935e+8 
        3914.39      1.47152e+8 
        3926.39      1.50413e+8 
        3937.35      1.47276e+8 
        3947.73      1.37226e+8 
        3958.88      1.16364e+8 
        3969.05      8.51227e+7 
        3979.89      1.12318e+8 
        3990.75      1.35002e+8 
        4001.45      1.48252e+8 
        4013.86      1.55796e+8 
        4025.34      1.58118e+8 
         4035.9      1.57994e+8 
        4048.86      1.54831e+8 
        4061.35      1.47151e+8 
        4073.85      1.33176e+8 
        4083.99      1.16445e+8 
        4094.05      9.08203e+7 
        4104.62      7.50228e+7 
        4115.15      1.05763e+8 
        4125.26      1.24778e+8 
        4135.54      1.37867e+8 
        4146.66      1.48042e+8 
        4158.83      1.54549e+8 
        4173.82      1.58292e+8 
        4188.82      1.59685e+8 
        4203.81      1.59846e+8 
        4216.52      1.59351e+8 
        4228.81      1.58315e+8 
        4243.81      1.56162e+8 
         4258.8      1.52505e+8 
         4273.8      1.46512e+8 
        4288.79      1.37245e+8 
        4301.29      1.27031e+8 
        4313.79      1.13096e+8 
        4324.82      9.54677e+7 
        4336.17      6.85071e+7 
        4347.03        7.408e+7 
        4357.43      9.67589e+7 
        4368.77      1.12497e+8 
        4381.14      1.24038e+8 
        4393.77      1.32246e+8 
        4408.76      1.39005e+8 
        4423.76      1.42906e+8 
        4438.75      1.44771e+8 
        4453.75      1.45432e+8 
        4468.74      1.45406e+8 
        4483.74      1.44982e+8 
        4498.74      1.44359e+8 
        4513.73      1.43591e+8 
        4527.19      1.42817e+8 
        4538.73      1.42109e+8 
        4553.72      1.41141e+8 
        4568.72      1.40128e+8 
        4583.72      1.39077e+8 
        4596.53      1.38151e+8 
        4608.71      1.37265e+8 
         4623.7      1.36116e+8 
         4638.7      1.34925e+8 
         4653.7      1.33682e+8 
        4668.69      1.32359e+8 
        4683.69      1.30905e+8 
        4698.68      1.29279e+8 
        4713.68      1.27399e+8 
        4724.83      1.25782e+8 
        4738.67      1.23442e+8 
        4753.67      1.20509e+8 
        4768.67      1.16964e+8 
        4783.66      1.12498e+8 
        4798.66      1.06811e+8 
        4813.65      9.93635e+7 
        4826.15      9.13321e+7 
        4836.81      8.22362e+7 
        4847.03      7.02181e+7 
        4857.58      5.43829e+7 
        4868.64      5.96014e+7 
        4880.32      7.51346e+7 
        4891.22      8.49823e+7 
        4903.63      9.26317e+7 
        4915.55      9.78506e+7 
        4928.62      1.02001e+8 
        4943.62       1.0523e+8 
        4958.61      1.07295e+8 
        4973.61      1.08522e+8 
        4988.61      1.09191e+8 
         5003.6      1.09479e+8 
         5018.6      1.09407e+8 
         5033.6      1.09093e+8 
        5048.59      1.08609e+8 
        5063.59      1.08018e+8 
        5078.58      1.07351e+8 
        5093.58      1.06647e+8 
        5108.57      1.05915e+8 
        5123.57      1.05168e+8 
        5138.57      1.04408e+8 
        5153.56      1.03641e+8 
        5168.56      1.02871e+8 
        5183.56      1.02099e+8 
        5198.55      1.01329e+8 
        5213.55      1.00559e+8 
        5228.54      9.97927e+7 
        5243.54      9.90293e+7 
        5258.53        9.827e+7 
        5273.53       9.7515e+7 
        5288.53      9.67645e+7 
        5303.52      9.60196e+7 
        5318.52      9.52798e+7 
        5333.52      9.45453e+7 
        5348.51      9.38164e+7 
        5363.51      9.31545e+7 
         5378.5       9.2431e+7 
         5393.5      9.17141e+7 
        5408.49      9.10035e+7 
        5423.49      9.02994e+7 
        5438.49      8.96014e+7 
        5453.48      8.89096e+7 
        5468.48      8.82235e+7 
        5483.48      8.75433e+7 
        5498.47      8.68691e+7 
        5513.47      8.62012e+7 
        5528.46      8.55396e+7 
        5543.46      8.48836e+7 
        5558.45      8.42336e+7 
        5573.45      8.35893e+7 
        5588.45      8.29509e+7 
        5603.44      8.23182e+7 
        5618.44      8.16911e+7 
        5633.43      8.10694e+7 
        5648.43      8.04537e+7 
        5663.43      7.98429e+7 
        5673.98      7.94967e+7 
         5686.2      7.90032e+7 
        5698.42      7.85134e+7 
        5708.88      7.80965e+7 
        5723.41      7.75223e+7 
        5738.41      7.69351e+7 
         5753.4       7.6353e+7 
         5768.4      7.57249e+7 
        5783.39      7.51516e+7 
        5798.39      7.45836e+7 
        5813.39      7.40203e+7 
        5828.38      7.34621e+7 
        5843.38      7.29085e+7 
        5858.37        7.236e+7 
        5873.37      7.18162e+7 
        5888.37      7.12768e+7 
        5903.36      7.07418e+7 
        5918.36      7.02111e+7 
        5933.35      6.96849e+7 
        5948.35      6.91631e+7 
        5963.35      6.86454e+7 
        5978.34       6.8132e+7 
        5993.34      6.76225e+7 
        6008.33      6.71167e+7 
        6023.33      6.66146e+7 
        6038.32      6.61161e+7 
        6053.32      6.56213e+7 
        6068.32       6.5129e+7 
        6083.31      6.46383e+7 
        6098.31      6.41501e+7 
        6113.31      6.36641e+7 
         6128.3      6.31793e+7 
         6143.3      6.26965e+7 
        6158.29      6.22152e+7 
        6173.29      6.17336e+7 
        6188.28      6.12516e+7 
        6203.28      6.07678e+7 
        6218.28      6.02815e+7 
        6233.27      5.97905e+7 
        6244.38      5.94229e+7 
        6256.04       5.9039e+7 
        6266.59      5.86931e+7 
        6278.26      5.83058e+7 
        6290.52       5.7893e+7 
        6302.31       5.7493e+7 
        6312.59      5.71387e+7 
        6323.25      5.67636e+7 
        6338.24      5.62213e+7 
        6353.24      5.56577e+7 
        6368.24      5.50649e+7 
        6383.23      5.44385e+7 
        6398.23      5.37608e+7 
        6413.22       5.3015e+7 
        6428.22        5.218e+7 
        6443.22      5.12186e+7 
        6458.21      5.00817e+7 
        6473.21      4.87214e+7 
         6488.2      4.70812e+7 
         6503.2      4.50457e+7 
         6518.2      4.23791e+7 
        6532.67      3.88782e+7 
        6543.19      3.54293e+7 
        6556.02      3.03287e+7 
        6566.09      2.84037e+7 
        6577.95      3.33455e+7 
        6588.18      3.67083e+7 
        6603.34      4.01854e+7 
        6613.66      4.18064e+7 
        6623.98      4.30376e+7 
         6634.3      4.39669e+7 
        6649.78      4.49716e+7 
         6660.1      4.54488e+7 
        6670.42      4.58013e+7 
        6680.74      4.60532e+7 
        6691.06      4.62194e+7 
        6701.27      4.63143e+7 
        6711.43      4.63564e+7 
        6724.22      4.63514e+7 
        6737.02      4.62961e+7 
        6762.61      4.60759e+7 
        6788.21       4.5762e+7 
        6802.82      4.55547e+7 
         6813.8      4.53888e+7 
        6824.78       4.5216e+7 
        6846.74      4.48557e+7 
        6890.66      4.40995e+7 
         6978.5      4.25224e+7 
        7023.53      4.17072e+7 
        7066.34      4.09397e+7 
        7109.15      4.01822e+7 
        7194.76      3.87101e+7 
        7280.37      3.72986e+7 
        7338.45      3.63759e+7 
        7365.98      3.59577e+7 
        7393.51      3.55349e+7 
        7448.57      3.47074e+7 
        7503.63      3.39031e+7 
        7558.69      3.31218e+7 
        7613.75      3.23625e+7 
        7659.74      3.17445e+7 
        7677.88      3.15048e+7 
        7696.02      3.12673e+7 
        7732.31      3.07987e+7 
        7804.88      2.98871e+7 
        7877.45      2.90085e+7 
        7937.81      2.83019e+7 
        7950.03      2.81614e+7 
        7962.25      2.80218e+7 
        7986.69       2.7745e+7 
        8035.57      2.72015e+7 
        8082.55      2.66915e+7 
        8150.16       2.5978e+7 
         8176.5      2.57063e+7 
        8200.85      2.54584e+7 
        8216.85      2.52971e+7 
        8232.84       2.5137e+7 
        8264.83      2.48207e+7 
        8289.72       2.4578e+7 
        8328.82      2.42024e+7 
        8343.44      2.40638e+7 
        8367.92      2.38338e+7 
        8388.68      2.36411e+7 
        8408.65      2.34577e+7 
        8432.02      2.32451e+7 
        8467.25      2.29284e+7 
        8502.48       2.2617e+7 
        8516.58      2.24938e+7 
        8530.98      2.23685e+7 
        8545.38      2.22481e+7 
        8574.18      2.20081e+7 
        8598.39      2.18083e+7 
         8628.6      2.15631e+7 
        8646.81      2.14147e+7 
        8665.01      2.12669e+7 
        8685.59      2.11054e+7 
        8701.43      2.09803e+7 
        8750.47      2.05792e+7 
        8767.92      2.04493e+7 
        8815.35      2.00817e+7 
        8862.78      1.97113e+7 
        8900.38      1.94908e+7 
        8929.01      1.93061e+7 
        8957.65      1.90731e+7 
        8986.28      1.88145e+7 
        9000.59      1.86786e+7 
        9014.91      1.85569e+7 
        9029.22       1.8496e+7 
        9043.54       1.8448e+7 
        9057.85       1.8395e+7 
        9072.17      1.83345e+7 
        9099.72      1.81857e+7 
        9127.26      1.80033e+7 
        9154.81      1.77731e+7 
        9182.36      1.74843e+7 
         9209.9      1.71407e+7 
        9229.01      1.69371e+7 
        9248.11      1.69076e+7 
        9267.22      1.69401e+7 
        9286.33      1.69479e+7 
        9305.43      1.69252e+7 
        9324.54      1.68746e+7 
        9341.42      1.68086e+7 
        9362.75      1.67038e+7 
        9384.08      1.65799e+7 
        9405.42      1.64349e+7 
        9426.75      1.62716e+7 
        9448.09      1.60771e+7 
        9469.42      1.58534e+7 
        9480.09      1.57214e+7 
        9490.75      1.55724e+7 
        9501.42      1.53995e+7 
        9512.09      1.52012e+7 
        9522.76      1.49598e+7 
        9533.42      1.46892e+7 
         9544.4      1.44349e+7 
        9555.37      1.45138e+7 
        9567.91      1.47177e+7 
        9580.45      1.48816e+7 
           9593      1.49905e+7 
        9605.54      1.50588e+7 
        9618.08      1.51025e+7 
        9630.62      1.51195e+7 
        9643.16      1.51252e+7 
        9668.04      1.51058e+7 
        9681.17      1.50784e+7 
        9694.31      1.50434e+7 
        9720.57      1.49578e+7 
        9746.83      1.48502e+7 
         9773.1      1.47309e+7 
        9825.63      1.44457e+7 
         9851.9      1.42968e+7 
        9878.16      1.41002e+7 
        9904.42       1.3859e+7 
        9930.69      1.35855e+7 
        9952.82      1.33092e+7 
        9963.88      1.31544e+7 
        9974.95      1.29888e+7 
        9986.01      1.27994e+7 
        9997.08      1.25904e+7 
        10008.1      1.23391e+7 
        10019.2      1.20664e+7 
        10030.3      1.17586e+7 
        10041.3      1.14559e+7 
        10051.4       1.1338e+7 
        10061.4      1.14749e+7 
        10073.4      1.17186e+7 
        10089.5      1.20092e+7 
        10105.5      1.22264e+7 
        10121.6      1.23821e+7 
        10137.6      1.24845e+7 
        10153.7      1.25693e+7 
        10169.7      1.26212e+7 
        10185.8      1.26558e+7 
        10198.5      1.26723e+7 
        10217.8      1.26824e+7 
        10237.2       1.2668e+7 
        10256.5      1.26396e+7 
        10295.2      1.25557e+7 
        10333.9      1.24427e+7 
        10372.6      1.23167e+7 
        10411.3      1.21841e+7 
          10450      1.20042e+7 
        10527.3      1.17031e+7 
          10566      1.15609e+7 
        10604.7      1.13906e+7 
        10643.4      1.12075e+7 
        10682.1      1.10036e+7 
        10720.8      1.07654e+7 
        10740.1       1.0627e+7 
        10759.5      1.04893e+7 
        10778.8      1.03335e+7 
        10798.1      1.01561e+7 
        10817.5       9.9623e+6 
        10836.8      9.74547e+6 
        10856.2       9.4878e+6 
        10875.5      9.17499e+6 
        10894.9      8.78462e+6 
        10914.2      8.29327e+6 
        10928.7      7.84826e+6 
        10938.9      7.46678e+6 
        10951.4      7.91527e+6 
        10969.6      8.34542e+6 
        10987.7      8.66806e+6 
        11005.8       8.9029e+6 
          11024      9.06651e+6 
        11042.1      9.18969e+6 
        11060.3      9.27282e+6 
        11078.4      9.33804e+6 
        11096.6      9.38667e+6 
        11114.7      9.41582e+6 
        11132.8      9.42892e+6 
          11151       9.4392e+6 
        11187.3      9.42958e+6 
        11223.6      9.38856e+6 
        11258.8      9.33003e+6 
        11275.7      9.29663e+6 
        11292.6      9.26091e+6 
        11326.5      9.18423e+6 
        11394.2      9.02017e+6 
        11461.9      8.87673e+6 
        11529.7      8.69828e+6 
        11597.4      8.52421e+6 
        11665.1      8.35447e+6 
        11732.8      8.18884e+6 
        11800.5      8.02727e+6 
        11868.2      7.86963e+6 
          11936      7.71578e+6 
        12003.7      7.56561e+6 
        12071.4      7.39751e+6 
        12139.1      7.24885e+6 
        12206.8        7.101e+6 
        12264.4      6.97456e+6 
        12274.5      6.95219e+6 
        12284.6      6.92973e+6 
        12304.8       6.8842e+6 
        12345.2      6.79165e+6 
          12426      6.59599e+6 
        12466.3      6.48943e+6 
        12506.7       6.3742e+6 
        12547.1      6.24932e+6 
        12587.5      6.10691e+6 
        12607.7      6.02746e+6 
        12627.9      5.94176e+6 
        12648.1      5.84861e+6 
        12668.2      5.74352e+6 
        12688.4        5.626e+6 
        12698.5      5.56235e+6 
        12708.6      5.49399e+6 
        12718.7      5.41758e+6 
        12728.8      5.33424e+6 
        12738.9      5.24423e+6 
          12749      5.14665e+6 
        12759.1      5.03478e+6 
        12769.2       4.9186e+6 
        12779.3      4.78732e+6 
        12789.4      4.64899e+6 
        12799.5      4.50149e+6 
        12809.6       4.3255e+6 
        12819.6      4.17442e+6 
        12832.4      4.40216e+6 
        12845.2      4.56147e+6 
        12864.4      4.77067e+6 
        12877.2      4.88392e+6 
          12890      4.98492e+6 
        12902.8      5.06478e+6 
        12915.6      5.13245e+6 
        12928.4      5.18887e+6 
        12941.2      5.23245e+6 
          12954      5.26977e+6 
        12979.6      5.32635e+6 
        13005.2      5.36245e+6 
        13030.8      5.38406e+6 
        13056.4      5.39512e+6 
        13081.9      5.39672e+6 
        13107.5      5.39069e+6 
        13158.7      5.36333e+6 
        13209.9      5.32173e+6 
        13261.1      5.27027e+6 
        13308.4      5.21731e+6 
        13402.9      5.10298e+6 
        13497.4      4.98442e+6 
        13591.9      4.86608e+6 
        13686.4      4.75621e+6 
        13780.9      4.64045e+6 
        13875.4      4.52817e+6 
        13969.9      4.41925e+6 
        14064.4      4.31353e+6 
        14158.9      4.21096e+6 
        14174.8      4.19403e+6 
        14253.5      4.11137e+6 
        14332.1      4.03076e+6 
        14363.7      3.99856e+6 
        14410.7       3.9514e+6 
        14457.6      3.90497e+6 
        14519.9      3.84437e+6 
        14551.5      3.81399e+6 
        14581.2      3.78581e+6 
        14597.2       3.7707e+6 
        14613.2      3.75565e+6 
        14645.2      3.72577e+6 
        14709.2       3.6669e+6 
        14773.2      3.60919e+6 
        14837.1      3.55261e+6 
        14901.1       3.4971e+6 
        14965.1      3.44268e+6 
        15029.1      3.38934e+6 
        15093.1        3.337e+6 
        15157.1      3.28567e+6 
          15221      3.23531e+6 
          15285      3.18589e+6 
          15349      3.13743e+6 
          15413      3.08987e+6 
        15471.6       3.0471e+6 
        15482.4      3.03931e+6 
        15493.1      3.03154e+6 
        15514.7      3.01607e+6 
        15557.9      2.98544e+6 
        15644.2      2.92533e+6 
        15730.5      2.86671e+6 
        15816.8      2.80954e+6 
        15903.1      2.75379e+6 
        15989.4       2.6994e+6 
        16075.8      2.64634e+6 
        16162.1      2.59458e+6 
        16248.4      2.54407e+6 
        16289.9      2.52022e+6 
        16334.7      2.49477e+6 
        16379.5      2.46965e+6 
        16469.1      2.42092e+6 
        16558.8      2.37339e+6 
        16648.4      2.32702e+6 
          16738      2.28177e+6 
        16827.7      2.23761e+6 
        16917.3      2.19451e+6 
        17006.9      2.15245e+6 
        17096.6      2.11138e+6 
        17186.2      2.07129e+6 
        17275.8      2.03214e+6 
        17327.7      2.00991e+6 
        17365.5      1.99391e+6 
        17403.2      1.97807e+6 
        17478.8      1.94715e+6 
        17554.3      1.91683e+6 
        17629.9       1.8871e+6 
        17705.4      1.85793e+6 
          17781      1.82933e+6 
        17856.5      1.80128e+6 
        17894.3      1.78745e+6 
        17913.2      1.78059e+6 
        17932.1      1.77376e+6 
        17946.2      1.76865e+6 
        17956.3      1.75512e+6 
        17966.3      1.75124e+6 
        17976.3      1.74738e+6 
        17986.4      1.74351e+6 
        17996.4      1.73964e+6 
        18006.4      1.73577e+6 
        18016.8      1.73177e+6 
        18045.1       1.7208e+6 
        18082.9      1.70608e+6 
        18158.4      1.67617e+6 
          18234      1.64512e+6 
        18309.5      1.61204e+6 
        18343.2      1.59628e+6 
        18385.1      1.57534e+6 
          18427      1.55243e+6 
        18468.9      1.52687e+6 
        18510.8      1.49745e+6 
        18531.7      1.48079e+6 
        18552.7      1.46239e+6 
        18573.6       1.4423e+6 
        18594.6      1.41968e+6 
        18615.5      1.39476e+6 
        18636.5      1.36652e+6 
        18657.4      1.33445e+6 
        18678.4      1.29926e+6 
        18689.4      1.27939e+6 
        18704.8      1.25063e+6 
        18720.3      1.21921e+6 
        18731.8      1.19037e+6 
        18743.4      1.14473e+6 
        18753.5       1.0914e+6 
        18766.7      1.17194e+6 
        18779.5      1.20054e+6 
        18798.6      1.23075e+6 
        18811.4      1.24801e+6 
          18837      1.27929e+6 
        18862.6      1.30527e+6 
        18888.2      1.32537e+6 
        18913.8      1.34036e+6 
        18939.4       1.3516e+6 
          18965      1.35951e+6 
        18990.6      1.36485e+6 
        19016.2      1.36804e+6 
        19041.8      1.36946e+6 
        19067.4      1.36953e+6 
        19118.6      1.36679e+6 
        19169.7       1.3611e+6 
        19220.9      1.35343e+6 
        19272.1      1.34444e+6 
        19323.3      1.33454e+6 
        19374.5      1.32404e+6 
        19400.7      1.31849e+6 
        19425.7       1.3131e+6 
        19450.7      1.30767e+6 
        19500.7      1.29656e+6 
        19550.7      1.28535e+6 
        19600.7       1.2792e+6 
        19650.7      1.26715e+6 
        19700.7      1.25523e+6 
        19750.7      1.24346e+6 
        19800.7      1.23182e+6 
        19850.7      1.22032e+6 
        19900.7      1.20895e+6 
        19950.7      1.19771e+6 
        20000.7       1.1866e+6 
        20050.7      1.17562e+6 
        20100.7      1.16477e+6 
        20150.7      1.15404e+6 
        20200.6      1.14343e+6 
        20250.6      1.13294e+6 
        20300.6      1.12257e+6 
        20350.6      1.11232e+6 
        20400.6      1.10219e+6 
        20426.9      1.09692e+6 
        20450.6      1.09217e+6 
        20474.4      1.08745e+6 
        20521.9      1.07802e+6 
        20616.9      1.05948e+6 
        20711.9      1.04133e+6 
        20806.9      1.02356e+6 
          20902      1.00617e+6 
          20997          989143 
          21092          972474 
          21187          956153 
          21282          940169 
          21377          924514 
          21472          909180 
        21503.5          904175 
        21567.1          894163 
        21630.6          884286 
        21694.2          874503 
        21757.7          864855 
        21821.3          855343 
        21884.9          845956 
        21948.4          836700 
          22012          827568 
        22075.5          818558 
        22139.1          809673 
        22202.7          800905 
        22266.2          792256 
        22329.8          783721 
        22393.4          775301 
        22456.9          766992 
        22520.5          758792 
          22584          750702 
        22647.6          742720 
        22711.2          734844 
        22762.6          728542 
        22774.7          727068 
        22784.8          725840 
        22800.8          723898 
        22816.8          721963 
        22848.8          718108 
        22912.8          710477 
        22976.8          702947 
        23040.8          695514 
        23104.8          688182 
        23168.7          680943 
        23232.7          673799 
        23296.7          666750 
        23360.7          659788 
        23424.7          652920 
        23488.6          646138 
        23552.6          639443 
        23616.6          632836 
        23680.6          626311 
        23744.6          619871 
        23808.6          613512 
        23872.5          607232 
        23936.5          601031 
        24000.5          594908 
        24064.5          588863 
        24128.5          582894 
        24192.5          577001 
        24256.4          571182 
        24320.4          565433 
        24384.4          559760 
        24448.4          554152 
        24512.4          548616 
        24576.3          543150 
        24640.3          537750 
        24704.3          532415 
        24768.3          527147 
        24832.3          521941 
        24896.3          516801 
        24960.2          511725 
        25004.4          508253 
        25024.2          506707 
          25044          505168 
        25083.6          502121 
        25162.8          496092 
        25241.9          490154 
        25321.1          484302 
        25400.2          478537 
        25479.4          472857 
        25558.5          467262 
        25637.7          461748 
        25716.9          456313 
          25796          450957 
        25875.2          445682 
        25954.3          440486 
        26033.5          435365 
        26112.7          430317 
        26191.8          425343 
          26271          420439 
        26350.1          415604 
        26429.3          410842 
        26508.4          406145 
        26587.6          401514 
        26666.8          396950 
        26745.9          392451 
        26825.1          388012 
        26904.2          383639 
        26983.4          379325 
        27062.6          375072 
        27141.7          370878 
        27220.9          366743 
        27299.2          362709 
        27377.5          358729 
        27455.8          354805 
        27534.2          350938 
        27612.5          347118 
        27690.8          343354 
        27769.1          339638 
        27847.5          335971 
        27925.8          332359 
        28004.1          328790 
        28082.4          325271 
        28160.8          321796 
        28239.1          318369 
        28317.4          314989 
        28395.7          311650 
          28474          308357 
        28552.4          305108 
        28630.7          301900 
          28709          298735 
        28787.3          295611 
        28865.7          292528 
          28944          289485 
        29022.3          286481 
        29100.6          283516 
          29179          280589 
        29257.3          277700 
        29335.6          274849 
        29413.9          272033 
        29492.3          269253 
        29570.6          266509 
        29648.9          263799 
        29727.2          261124 
        29805.5          258483 
        29883.9          255875 
        29932.6          254269 
        29962.2          253299 
        29991.8          252334 
