# Koester WD models
# teff = 11750 K (value for the effective temperature for the model. Temperatures are given in K)
# logg = 9 log(cm/s2) (value for Log(G) for the model.)
#
# column 1: WAVELENGTH (ANGSTROM), Wavelength in Angstrom
# column 2: FLUX (ERG/CM2/S/A), Flux in erg/cm2/s/A
         899.23          6616.6 
        909.241         7844.87 
        919.241         27318.1 
        929.261         41816.8 
        939.271          120345 
         949.28         19006.4 
        959.289          406865 
        969.297          206597 
        979.305          399743 
        989.312          762034 
        999.319      1.29255e+6 
        1009.33          867067 
        1019.33          489580 
        1029.34          446734 
        1039.34      1.11971e+6 
        1049.35      2.24745e+6 
        1059.36      2.61783e+6 
        1069.36      6.20044e+6 
        1079.36      6.69521e+6 
        1089.37      2.30122e+7 
        1099.37       2.7215e+7 
        1109.38      2.72807e+7 
        1119.38      2.58501e+7 
        1129.38      2.39469e+7 
        1139.39      2.08813e+7 
        1149.39      1.69583e+7 
        1159.39      1.26623e+7 
        1169.39      8.26091e+6 
         1179.4      4.67334e+6 
         1189.4      3.59759e+6 
         1199.4      3.14069e+6 
         1209.4      2.21681e+6 
        1219.41      2.08412e+6 
        1229.41      3.62257e+6 
        1239.41      5.49562e+6 
        1249.41      7.64855e+6 
        1259.41      1.06206e+7 
        1269.41      1.58647e+7 
        1279.42      2.31672e+7 
        1289.42      3.09814e+7 
        1299.42      3.89711e+7 
        1309.42      4.53225e+7 
        1319.42      5.28611e+7 
        1329.42      6.04483e+7 
        1339.42      6.33361e+7 
        1349.42      6.83928e+7 
        1359.42      7.76492e+7 
        1369.42      8.13173e+7 
        1379.42      7.17901e+7 
        1389.42      6.39804e+7 
        1399.42      6.57441e+7 
        1409.42       9.8008e+7 
        1419.42      1.40607e+8 
        1429.42      1.61137e+8 
        1439.42      1.64979e+8 
        1451.92        1.601e+8 
        1464.42      1.57655e+8 
        1474.62      1.60016e+8 
        1486.34      1.74642e+8 
        1496.92      1.88819e+8 
        1509.42      1.98863e+8 
        1520.67      2.04015e+8 
        1531.92      1.86562e+8 
        1544.42      1.55579e+8 
        1556.92      1.38939e+8 
        1569.42      1.23613e+8 
        1580.57       1.0831e+8 
        1591.14      1.02268e+8 
        1601.51      1.08933e+8 
        1611.81      1.26725e+8 
        1623.21      1.63432e+8 
        1634.41      2.13672e+8 
        1645.01      2.62948e+8 
        1655.61      3.01242e+8 
        1666.61      3.26251e+8 
        1678.09       3.4183e+8 
         1689.4      3.51406e+8 
         1704.4       3.5888e+8 
         1719.4      3.63134e+8 
         1734.4      3.66068e+8 
        1749.39      3.68107e+8 
        1764.39      3.69241e+8 
        1775.55      3.69897e+8 
        1789.39      3.70755e+8 
        1809.39      3.71396e+8 
           1824      3.71713e+8 
        1834.77      3.71873e+8 
        1845.54      3.71968e+8 
           1864      3.72178e+8 
        1876.29      3.72084e+8 
        1888.59      3.71924e+8 
        1906.98      3.71553e+8 
        1919.37       3.7122e+8 
        1931.76      3.70859e+8 
        1944.47      3.70469e+8 
        1956.53      3.69951e+8 
         1967.6      3.69426e+8 
        1992.71      3.68063e+8 
        2017.81      3.66486e+8 
        2067.03      3.62901e+8 
        2116.25      3.58534e+8 
        2165.42      3.53643e+8 
        2178.22      3.52264e+8 
        2191.02      3.50859e+8 
         2214.7      3.48189e+8 
        2260.18      3.42826e+8 
        2275.12      3.41029e+8 
        2290.06      3.39169e+8 
        2313.13      3.36248e+8 
        2356.21       3.3064e+8 
         2368.5       3.2901e+8 
        2380.79      3.27363e+8 
        2401.46      3.24577e+8 
        2417.09       3.2245e+8 
        2432.72      3.20323e+8 
        2451.59      3.17712e+8 
        2466.76      3.15604e+8 
        2488.39      3.12575e+8 
        2510.01      3.09661e+8 
         2547.3      3.04364e+8 
        2559.23      3.02666e+8 
        2571.17      3.00965e+8 
        2595.04       2.9756e+8 
        2627.89      2.92886e+8 
        2642.78      2.90763e+8 
        2657.67      2.88642e+8 
        2687.45       2.8439e+8 
        2737.93      2.77222e+8 
        2756.11      2.74656e+8 
        2766.75      2.73155e+8 
        2810.65      2.67002e+8 
        2854.55      2.60916e+8 
        2931.71      2.50373e+8 
        2942.34      2.48939e+8 
        2952.98      2.47511e+8 
        2974.26      2.44668e+8 
        3016.81      2.39049e+8 
        3051.42      2.34546e+8 
        3091.41      2.29446e+8 
        3120.64      2.25778e+8 
        3149.86       2.2216e+8 
        3168.31      2.19899e+8 
         3208.3      2.15069e+8 
        3248.29      2.10334e+8 
        3309.83      2.03238e+8 
        3322.09      2.01852e+8 
        3346.73       1.9909e+8 
        3383.63      1.95024e+8 
        3445.17      1.88416e+8 
        3469.81      1.85831e+8 
        3495.92      1.83126e+8 
        3506.71      1.82019e+8 
         3543.6      1.78277e+8 
        3591.28      1.73545e+8 
        3635.88      1.69217e+8 
        3647.12      1.68147e+8 
        3658.96      1.67022e+8 
        3671.11      1.65855e+8 
        3682.58      1.64772e+8 
         3693.5      1.63742e+8 
        3703.57      1.62794e+8 
        3713.83      1.61832e+8 
        3724.38      1.60855e+8 
        3734.43      1.59909e+8 
        3744.62      1.59057e+8 
        3754.84      1.58247e+8 
        3765.07      1.57209e+8 
         3775.5      1.56567e+8 
        3786.22      1.55977e+8 
        3796.45      1.53308e+8 
        3807.84       1.5507e+8 
        3818.92      1.54596e+8 
        3830.45      1.48976e+8 
        3840.76      1.49321e+8 
        3851.98      1.54886e+8 
        3862.01      1.55213e+8 
        3872.59      1.50331e+8 
         3884.4      1.37013e+8 
        3894.46      1.38319e+8 
        3906.64      1.52419e+8 
        3918.89      1.58372e+8 
        3929.56      1.58575e+8 
        3940.04      1.54381e+8 
        3950.65      1.44004e+8 
        3961.44      1.25083e+8 
        3971.59      1.07693e+8 
        3982.23      1.32258e+8 
        3993.24      1.48847e+8 
        4003.87      1.58331e+8 
        4016.33      1.63107e+8 
        4028.86      1.64235e+8 
        4043.86      1.62246e+8 
        4058.85        1.551e+8 
        4071.35      1.43226e+8 
        4082.28      1.27783e+8 
        4093.69       1.0223e+8 
        4103.79      8.40885e+7 
        4114.23      1.12744e+8 
        4125.26      1.32499e+8 
        4135.54      1.44668e+8 
        4146.66      1.53943e+8 
        4158.83      1.60054e+8 
        4173.82      1.63577e+8 
        4188.82      1.64888e+8 
        4203.81      1.65003e+8 
        4216.52      1.64459e+8 
        4228.81      1.63365e+8 
        4243.81      1.61063e+8 
         4258.8      1.57196e+8 
         4273.8       1.5093e+8 
        4288.79      1.41768e+8 
        4301.29      1.31629e+8 
        4313.79      1.17921e+8 
        4324.82       1.0063e+8 
        4336.17      7.42509e+7 
        4346.88      7.93148e+7 
        4357.43      1.01763e+8 
        4367.98      1.16295e+8 
        4378.77       1.2664e+8 
        4393.77       1.3664e+8 
        4408.76      1.43367e+8 
        4423.76      1.47641e+8 
        4438.75      1.49817e+8 
        4453.75      1.50705e+8 
        4468.74      1.50828e+8 
        4483.74       1.5052e+8 
        4498.74      1.49978e+8 
        4513.73      1.49262e+8 
        4527.19       1.4852e+8 
        4538.73      1.47828e+8 
        4553.72      1.46869e+8 
        4568.72      1.45853e+8 
        4583.72       1.4479e+8 
        4596.53      1.43844e+8 
        4608.71      1.42933e+8 
         4623.7       1.4174e+8 
         4638.7      1.40489e+8 
         4653.7      1.39168e+8 
        4668.69      1.37749e+8 
        4683.69      1.36186e+8 
        4698.68       1.3442e+8 
        4713.68      1.32357e+8 
        4724.83      1.30582e+8 
        4738.67       1.2801e+8 
        4753.67      1.24735e+8 
        4768.67      1.20898e+8 
        4783.66      1.16121e+8 
        4798.66      1.10172e+8 
        4813.65      1.02551e+8 
        4826.15      9.44294e+7 
        4836.81      8.52424e+7 
        4847.03      7.30719e+7 
        4857.05      5.83953e+7 
        4868.24      6.20807e+7 
        4878.37      7.57425e+7 
        4888.63      8.59116e+7 
        4899.36      9.33264e+7 
        4913.63      1.00215e+8 
        4925.16      1.04271e+8 
        4938.62      1.07735e+8 
        4953.62      1.10419e+8 
        4968.61      1.12131e+8 
        4983.61      1.13256e+8 
         4998.6      1.13875e+8 
         5013.6      1.14064e+8 
         5028.6      1.13943e+8 
        5043.59      1.13584e+8 
        5058.59      1.13086e+8 
        5073.58      1.12479e+8 
        5088.58      1.11814e+8 
        5103.58      1.11105e+8 
        5118.57      1.10368e+8 
        5133.57       1.0961e+8 
        5148.56      1.08837e+8 
        5163.56      1.08055e+8 
        5178.56      1.07268e+8 
        5193.55      1.06479e+8 
        5208.55      1.05689e+8 
        5223.54      1.04899e+8 
        5238.54      1.04112e+8 
        5253.54      1.03327e+8 
        5268.53      1.02545e+8 
        5283.53      1.01767e+8 
        5298.52      1.00994e+8 
        5313.52      1.00225e+8 
        5328.52      9.94616e+7 
        5343.51      9.87029e+7 
        5358.51      9.79495e+7 
         5373.5      9.72832e+7 
         5388.5      9.65336e+7 
         5403.5      9.57903e+7 
        5418.49      9.50536e+7 
        5433.49      9.43229e+7 
        5448.48       9.3599e+7 
        5463.48      9.28812e+7 
        5478.48      9.21696e+7 
        5493.47      9.14643e+7 
        5508.47      9.07653e+7 
        5523.46      9.00726e+7 
        5538.46      8.93855e+7 
        5553.46      8.87048e+7 
        5568.45      8.80299e+7 
        5583.45      8.73611e+7 
        5598.44      8.66982e+7 
        5613.44       8.6041e+7 
        5628.44      8.53897e+7 
        5643.43      8.47438e+7 
        5658.43      8.41039e+7 
        5673.42      8.36616e+7 
         5686.2      8.31193e+7 
        5698.42      8.26044e+7 
        5708.88      8.21668e+7 
        5723.41      8.15633e+7 
        5738.41      8.09463e+7 
         5753.4      8.03349e+7 
         5768.4      7.96541e+7 
        5783.39       7.9051e+7 
        5798.39      7.84534e+7 
        5813.39      7.78609e+7 
        5828.38      7.72738e+7 
        5843.38      7.66913e+7 
        5858.37      7.61139e+7 
        5873.37      7.55415e+7 
        5888.37      7.49738e+7 
        5903.36      7.44099e+7 
        5918.36      7.38507e+7 
        5933.35      7.32956e+7 
        5948.35      7.27451e+7 
        5963.35      7.21988e+7 
        5978.34      7.16563e+7 
        5993.34      7.11178e+7 
        6008.33      7.05828e+7 
        6023.33      7.00512e+7 
        6038.32      6.95231e+7 
        6053.32      6.89982e+7 
        6068.32      6.84757e+7 
        6083.31      6.79545e+7 
        6098.31      6.74349e+7 
        6113.31      6.69169e+7 
         6128.3      6.63994e+7 
         6143.3      6.58833e+7 
        6158.29      6.53684e+7 
        6173.29      6.48525e+7 
        6188.28      6.43348e+7 
        6203.28      6.38142e+7 
        6218.28      6.32896e+7 
        6233.27      6.27583e+7 
        6244.38      6.23597e+7 
        6256.04      6.19406e+7 
        6266.59      6.15608e+7 
        6278.26      6.11335e+7 
        6290.52      6.06761e+7 
        6302.31      6.02344e+7 
        6312.59      5.98433e+7 
        6323.25      5.94279e+7 
        6338.24      5.88254e+7 
        6353.24      5.81958e+7 
        6368.24      5.75304e+7 
        6383.23      5.68242e+7 
        6398.23      5.60598e+7 
        6413.22      5.52185e+7 
        6428.22      5.42789e+7 
        6443.22      5.32051e+7 
        6458.21      5.19519e+7 
        6473.21      5.04656e+7 
         6488.2      4.86963e+7 
         6503.2      4.65348e+7 
         6518.2      4.37366e+7 
        6532.67      4.00732e+7 
        6543.19      3.65615e+7 
        6556.02      3.16098e+7 
        6566.09      2.96129e+7 
        6577.95      3.44875e+7 
        6588.18      3.78355e+7 
        6603.34      4.14574e+7 
        6613.66      4.31583e+7 
        6623.98      4.44683e+7 
         6634.3      4.54676e+7 
        6649.78      4.65826e+7 
         6660.1      4.71305e+7 
        6670.42      4.75508e+7 
        6680.74      4.78644e+7 
        6691.06      4.80871e+7 
        6701.27      4.82335e+7 
        6711.43      4.83218e+7 
        6724.22      4.83689e+7 
        6737.02      4.83573e+7 
        6762.61       4.8203e+7 
        6788.21      4.79341e+7 
        6802.82      4.77444e+7 
         6813.8      4.75888e+7 
        6824.78      4.74239e+7 
        6846.74      4.70777e+7 
        6890.66        4.633e+7 
         6978.5      4.47193e+7 
        7023.53      4.38758e+7 
        7066.34      4.30775e+7 
        7109.15      4.22868e+7 
        7194.76      4.07452e+7 
        7280.37      3.92627e+7 
        7338.45      3.82916e+7 
        7365.98      3.78562e+7 
        7393.51      3.74104e+7 
        7448.57      3.65383e+7 
        7503.63      3.56904e+7 
        7558.69      3.48667e+7 
        7613.75      3.40662e+7 
        7659.74      3.34146e+7 
        7677.88      3.31617e+7 
        7696.02      3.29113e+7 
        7732.31      3.24172e+7 
        7804.88      3.14558e+7 
        7877.45      3.05291e+7 
        7937.81      2.97839e+7 
        7950.03      2.96359e+7 
        7962.25      2.94887e+7 
        7986.69      2.91972e+7 
        8035.57      2.86246e+7 
        8082.55      2.80874e+7 
        8150.16      2.73356e+7 
         8176.5      2.70494e+7 
        8200.85      2.67881e+7 
        8216.85      2.66182e+7 
        8232.84      2.64496e+7 
        8264.83      2.61162e+7 
        8289.72      2.58606e+7 
        8328.82      2.54649e+7 
        8343.44      2.53189e+7 
        8367.92      2.50767e+7 
        8388.68      2.48735e+7 
        8408.65        2.468e+7 
        8432.02      2.44559e+7 
        8467.25      2.41224e+7 
        8502.48      2.37946e+7 
        8516.58      2.36648e+7 
        8530.98      2.35332e+7 
        8545.38      2.34044e+7 
        8574.18      2.31483e+7 
        8598.39      2.29358e+7 
         8628.6      2.26742e+7 
        8646.81      2.25175e+7 
        8665.01       2.2362e+7 
        8685.59      2.21889e+7 
        8701.43      2.20562e+7 
        8750.47      2.16427e+7 
        8767.92      2.15016e+7 
        8815.35      2.11158e+7 
        8862.78       2.0743e+7 
        8900.38      2.04767e+7 
        8957.65      2.00377e+7 
        8986.28      1.98032e+7 
        9014.91      1.95751e+7 
        9043.54      1.94022e+7 
        9072.17      1.92326e+7 
        9099.72      1.90536e+7 
        9154.81      1.86472e+7 
         9190.8      1.83305e+7 
         9209.9      1.81548e+7 
        9229.01      1.79998e+7 
        9248.11      1.78994e+7 
        9267.22      1.78436e+7 
        9305.43      1.77118e+7 
        9343.64      1.75289e+7 
        9379.63      1.73158e+7 
        9397.45      1.71977e+7 
        9415.28      1.70724e+7 
        9450.94      1.67874e+7 
        9468.76      1.66297e+7 
        9486.59      1.64505e+7 
        9498.52      1.63203e+7 
        9522.24      1.59965e+7 
         9534.1      1.58244e+7 
        9545.97       1.5674e+7 
        9557.83      1.56845e+7 
        9569.68      1.57407e+7 
        9581.55      1.57896e+7 
        9593.41      1.58186e+7 
        9605.27      1.58235e+7 
        9628.99      1.58065e+7 
        9648.72      1.57718e+7 
        9668.45      1.57191e+7 
        9707.92      1.55801e+7 
        9747.38      1.54036e+7 
        9786.84      1.52038e+7 
        9826.31      1.49768e+7 
        9846.04       1.4872e+7 
        9865.77      1.47328e+7 
         9885.5       1.4582e+7 
        9905.23      1.44115e+7 
        9924.97      1.42246e+7 
        9936.58      1.41143e+7 
        9952.82      1.39368e+7 
        9969.06      1.37439e+7 
        9985.31      1.35292e+7 
        10001.6      1.32871e+7 
        10017.8      1.30075e+7 
          10034       1.2707e+7 
        10045.5      1.25469e+7 
          10057      1.25271e+7 
        10068.5       1.2623e+7 
          10080      1.27436e+7 
        10095.3      1.28822e+7 
        10110.7      1.29822e+7 
          10126      1.30593e+7 
        10141.3       1.3106e+7 
        10156.6       1.3149e+7 
        10187.3      1.31781e+7 
        10198.6      1.31794e+7 
        10217.9      1.31697e+7 
        10237.2      1.31431e+7 
        10275.8       1.3062e+7 
        10314.3      1.29502e+7 
        10352.9      1.28241e+7 
        10391.4      1.26898e+7 
          10430      1.25511e+7 
        10468.6      1.23509e+7 
        10507.1      1.21948e+7 
        10545.7      1.20338e+7 
        10584.3        1.188e+7 
        10622.8      1.16964e+7 
        10661.4      1.14953e+7 
          10700      1.12711e+7 
        10738.5      1.10032e+7 
        10757.8      1.08642e+7 
        10777.1      1.07119e+7 
        10796.4      1.05407e+7 
        10815.7      1.03514e+7 
          10835      1.01547e+7 
        10854.2      9.92062e+6 
        10873.5      9.65129e+6 
        10892.8        9.324e+6 
        10912.1      8.92259e+6 
        10924.6      8.61802e+6 
        10934.7      8.30932e+6 
        10944.8      8.39358e+6 
        10957.8      8.67469e+6 
        10971.3       8.9066e+6 
        10984.7      9.09227e+6 
        10998.1      9.23722e+6 
        11011.6      9.36474e+6 
          11025      9.45491e+6 
        11038.5      9.53291e+6 
        11051.9      9.59238e+6 
        11065.3      9.63479e+6 
        11092.2      9.71186e+6 
        11119.1      9.74927e+6 
          11146      9.76561e+6 
        11172.8      9.76734e+6 
        11199.7      9.74799e+6 
        11226.6      9.71607e+6 
        11246.1      9.68641e+6 
        11260.9      9.66065e+6 
        11275.8      9.63168e+6 
        11305.5      9.56841e+6 
        11364.9      9.42786e+6 
        11424.3      9.27901e+6 
        11483.7      9.15677e+6 
        11543.1      8.99617e+6 
        11602.6      8.83906e+6 
          11662      8.68528e+6 
        11721.4      8.53483e+6 
        11780.8      8.38755e+6 
        11840.2      8.24341e+6 
        11899.7      8.10229e+6 
        11959.1      7.96416e+6 
        12018.5      7.80227e+6 
        12077.9      7.66451e+6 
        12137.3       7.5277e+6 
        12196.8      7.39057e+6 
        12227.7      7.31869e+6 
        12256.2      7.25196e+6 
        12284.6      7.18435e+6 
        12341.5      7.04433e+6 
        12398.5      6.89677e+6 
        12455.4      6.73856e+6 
        12512.3      6.56188e+6 
        12540.8      6.46555e+6 
        12569.2      6.36213e+6 
        12597.7      6.24747e+6 
        12626.1      6.11985e+6 
        12654.6      5.97958e+6 
        12683.1      5.81465e+6 
        12697.3      5.72232e+6 
        12711.5      5.62339e+6 
        12725.8      5.50806e+6 
          12740      5.38202e+6 
        12754.2      5.24087e+6 
        12768.4      5.08115e+6 
        12782.7      4.90333e+6 
        12796.9      4.71468e+6 
        12807.5      4.55383e+6 
          12818      4.55465e+6 
        12829.2      4.53706e+6 
        12848.4      4.76397e+6 
        12861.2      4.89124e+6 
          12874      5.00208e+6 
        12886.8      5.10437e+6 
        12899.6      5.18598e+6 
        12912.4      5.25717e+6 
        12925.2      5.31765e+6 
          12938      5.36483e+6 
        12950.8      5.40536e+6 
        12976.4      5.46983e+6 
          13002      5.51258e+6 
        13027.6      5.54073e+6 
        13053.2       5.5582e+6 
        13078.7      5.56508e+6 
        13104.3      5.56433e+6 
        13155.5      5.54648e+6 
        13206.7      5.51155e+6 
        13257.9      5.46461e+6 
        13308.4      5.41124e+6 
        13358.8      5.35283e+6 
        13409.3      5.29138e+6 
        13459.7      5.22814e+6 
        13510.2      5.16412e+6 
        13560.6      5.09981e+6 
        13611.1      5.03566e+6 
        13661.5      4.98338e+6 
          13712      4.91838e+6 
        13762.4      4.85442e+6 
        13812.9      4.79149e+6 
        13863.3      4.72957e+6 
        13913.8      4.66866e+6 
        13964.3      4.60872e+6 
        14014.7      4.54969e+6 
        14065.2      4.49163e+6 
        14115.6      4.43445e+6 
        14166.1      4.37822e+6 
        14216.5      4.32283e+6 
          14267      4.26832e+6 
        14302.8      4.23012e+6 
        14317.4      4.21464e+6 
        14332.1      4.19924e+6 
        14361.3       4.1682e+6 
        14382.1      4.14637e+6 
        14419.9      4.10704e+6 
        14457.6      4.06814e+6 
        14483.1      4.04219e+6 
        14533.1      3.99174e+6 
        14581.2      3.94402e+6 
        14597.2      3.92828e+6 
        14613.2       3.9126e+6 
        14645.2      3.88147e+6 
        14709.2      3.82011e+6 
        14773.2      3.75998e+6 
        14837.1      3.70098e+6 
        14901.1      3.64318e+6 
        14965.1      3.58647e+6 
        15029.1      3.53087e+6 
        15093.1       3.4763e+6 
        15157.1       3.4228e+6 
          15221      3.37033e+6 
          15285      3.31884e+6 
          15349      3.26836e+6 
          15413      3.21881e+6 
        15471.6      3.17427e+6 
        15482.4      3.16616e+6 
        15493.1      3.15802e+6 
        15514.7      3.14188e+6 
        15557.9      3.10984e+6 
        15644.2        3.047e+6 
        15730.5      2.98573e+6 
        15816.8      2.92599e+6 
        15903.1      2.86773e+6 
        15989.4      2.81091e+6 
        16075.8      2.75549e+6 
        16162.1      2.70141e+6 
        16248.4      2.64866e+6 
        16289.9      2.62375e+6 
        16334.7      2.59718e+6 
        16379.5      2.57094e+6 
        16469.1      2.51963e+6 
        16558.8       2.4696e+6 
        16648.4      2.42079e+6 
          16738      2.37318e+6 
        16827.7      2.32674e+6 
        16917.3      2.28142e+6 
        17006.9       2.2372e+6 
        17096.6      2.19403e+6 
        17186.2      2.15191e+6 
        17275.8      2.11078e+6 
        17327.7      2.08744e+6 
        17365.5      2.07063e+6 
        17403.2        2.054e+6 
        17478.8      2.02155e+6 
        17554.3      1.98973e+6 
        17629.9      1.95853e+6 
        17705.4      1.92795e+6 
          17781      1.89796e+6 
        17856.5      1.86854e+6 
        17894.3      1.85405e+6 
        17913.2      1.84686e+6 
        17932.1       1.8397e+6 
        17946.2      1.83435e+6 
        17956.3       1.8158e+6 
        17966.3      1.81162e+6 
        17976.3      1.80747e+6 
        17986.4       1.8033e+6 
        17996.4      1.79914e+6 
        18006.4      1.79496e+6 
        18016.8      1.79065e+6 
        18045.1      1.77879e+6 
        18082.9      1.76285e+6 
        18158.4      1.73033e+6 
          18234      1.69626e+6 
        18309.5      1.65955e+6 
        18343.2      1.64204e+6 
        18385.1      1.61882e+6 
          18427      1.59337e+6 
        18468.9      1.56513e+6 
        18510.8      1.53292e+6 
        18552.7      1.49475e+6 
        18573.6      1.47308e+6 
        18594.6      1.44935e+6 
        18615.5      1.42279e+6 
        18636.5      1.39338e+6 
        18657.4      1.36092e+6 
        18678.4      1.32622e+6 
        18689.4      1.30693e+6 
        18704.8      1.27961e+6 
        18720.3      1.24874e+6 
        18731.8       1.2199e+6 
        18743.4      1.17372e+6 
        18753.5      1.12282e+6 
        18764.6      1.19478e+6 
          18780       1.2307e+6 
        18795.5      1.25467e+6 
        18818.6      1.28369e+6 
        18849.5      1.31797e+6 
        18864.9      1.33287e+6 
        18880.3      1.34595e+6 
        18895.8      1.35727e+6 
        18911.2      1.36699e+6 
          18942      1.38208e+6 
        18972.9      1.39269e+6 
        19003.8      1.39967e+6 
        19034.6      1.40359e+6 
        19065.5      1.40525e+6 
        19127.2      1.40392e+6 
        19188.9      1.39795e+6 
        19250.6      1.38912e+6 
        19312.3       1.3784e+6 
          19374      1.36634e+6 
        19420.8       1.3566e+6 
        19435.8      1.35342e+6 
        19450.7      1.35022e+6 
        19480.5       1.3437e+6 
        19510.4      1.33709e+6 
        19525.3      1.33376e+6 
        19540.2      1.33041e+6 
        19550.2      1.32818e+6 
        19560.2      1.33451e+6 
        19570.3      1.33198e+6 
        19580.3      1.32944e+6 
        19590.3      1.32692e+6 
        19600.7      1.32431e+6 
        19614.7       1.3208e+6 
        19629.6      1.31707e+6 
        19659.4      1.30965e+6 
        19719.1      1.29497e+6 
        19778.8       1.2805e+6 
        19838.5      1.26622e+6 
        19898.1      1.25214e+6 
        19957.8      1.23826e+6 
        20017.5      1.22456e+6 
        20077.2      1.21106e+6 
        20136.9      1.19774e+6 
        20196.5      1.18459e+6 
        20256.2      1.17163e+6 
        20315.9      1.15885e+6 
        20375.6      1.14623e+6 
        20396.1      1.14193e+6 
        20435.2      1.13379e+6 
        20474.4      1.12572e+6 
        20552.7      1.10971e+6 
          20631      1.09399e+6 
        20709.3      1.07854e+6 
        20787.6      1.06336e+6 
        20865.9      1.04845e+6 
        20944.2      1.03379e+6 
        21022.5      1.01939e+6 
        21100.8      1.00523e+6 
        21179.1          991320 
        21257.4          977651 
        21335.7          964224 
          21414          951023 
        21492.3          938045 
        21510.6          935048 
        21570.6          925290 
        21630.6          915655 
        21690.6          906104 
        21750.7          896677 
        21810.7          887371 
        21870.7          878185 
        21930.7          869118 
        21990.8          860168 
        22050.8          851331 
        22110.8          842607 
        22170.8          833992 
        22230.9          825488 
        22290.9          817091 
        22350.9          808800 
        22410.9          800613 
          22471          792530 
          22531          784547 
          22591          776661 
          22651          768877 
        22711.1          761189 
        22755.3          755581 
        22771.1          753596 
        22784.8          751871 
        22800.8          749864 
        22816.8          747859 
        22848.8          743873 
        22912.8          735981 
        22976.8          728190 
        23040.8          720502 
        23104.8          712915 
        23168.7          705426 
        23232.7          698034 
        23296.7          690739 
        23360.7          683538 
        23424.7          676432 
        23488.6          669414 
        23552.6          662493 
        23616.6          655657 
        23680.6          648912 
        23744.6          642248 
        23808.6          635673 
        23872.5          629182 
        23936.5          622770 
        24000.5          616443 
        24064.5          610195 
        24128.5          604021 
        24192.5          597930 
        24256.4          591911 
        24320.4          585970 
        24384.4          580101 
        24448.4          574305 
        24512.4          568581 
        24576.3          562926 
        24640.3          557344 
        24704.3          551827 
        24768.3          546380 
        24832.3          540998 
        24896.3          535686 
        24960.2          530433 
        25004.4          526845 
        25024.2          525246 
          25044          523656 
        25083.6          520505 
        25162.8          514276 
        25241.9          508140 
        25321.1          502096 
        25400.2          496139 
        25479.4          490268 
        25558.5          484484 
        25637.7          478785 
        25716.9          473168 
          25796          467632 
        25875.2          462175 
        25954.3          456797 
        26033.5          451497 
        26112.7          446273 
        26191.8          441124 
          26271          436047 
        26350.1          431042 
        26429.3          426110 
        26508.4          421247 
        26587.6          416453 
        26666.8          411725 
        26745.9          407062 
        26825.1          402466 
        26904.2          397933 
        26983.4          393466 
        27062.6          389058 
        27141.7          384713 
        27220.9          380428 
        27299.2          376243 
        27377.5          372097 
        27455.8          368006 
        27534.2          363972 
        27612.5          359995 
        27690.8          356068 
        27769.1          352198 
        27847.5          348377 
        27925.8          344608 
        28004.1          340888 
        28082.4          337222 
        28160.8          333603 
        28239.1          330031 
        28317.4          326506 
        28395.7          323031 
          28474          319604 
        28552.4          316220 
        28630.7          312881 
          28709          309587 
        28787.3          306335 
        28865.7          303126 
          28944          299959 
        29022.3          296833 
        29100.6          293748 
          29179          290703 
        29257.3          287696 
        29335.6          284729 
        29413.9          281800 
        29492.3          278908 
        29570.6          276053 
        29648.9          273235 
        29727.2          270452 
        29805.5          267705 
        29883.9          264992 
        29932.6          263322 
        29962.2          262314 
        29991.8          261310 
