# Koester WD models
# teff = 11500 K (value for the effective temperature for the model. Temperatures are given in K)
# logg = 7.75 log(cm/s2) (value for Log(G) for the model.)
#
# column 1: WAVELENGTH (ANGSTROM), Wavelength in Angstrom
# column 2: FLUX (ERG/CM2/S/A), Flux in erg/cm2/s/A
         899.23         2550.97 
        909.241         3061.39 
        919.251         22270.8 
        929.261           32114 
        939.271         87960.5 
         949.28         10603.5 
        959.289          283026 
        969.297          148545 
        979.305          273769 
        989.312          540652 
        999.319          948525 
        1009.33          615375 
        1019.33          344560 
        1029.34          323091 
        1039.34          800176 
        1049.35      1.68118e+6 
        1059.36      1.97914e+6 
        1069.36      5.75637e+6 
        1079.36      6.20995e+6 
        1089.37      3.41856e+7 
        1099.37      4.18099e+7 
        1109.38      4.09507e+7 
        1119.38      3.70221e+7 
        1129.38      3.25736e+7 
        1139.39      2.64395e+7 
        1149.39      1.96175e+7 
        1159.39      1.32616e+7 
        1169.39      7.95363e+6 
         1179.4      4.24721e+6 
         1189.4      2.96737e+6 
         1199.4      2.41206e+6 
         1209.4      1.68912e+6 
        1219.41      1.61716e+6 
        1229.41      2.71469e+6 
        1239.41      4.44253e+6 
        1249.41      7.07248e+6 
        1259.41      1.13671e+7 
        1269.41      1.92196e+7 
        1279.42      3.07109e+7 
        1289.42      4.37002e+7 
        1299.42      5.78311e+7 
        1309.42      6.95043e+7 
        1319.42      8.31636e+7 
        1329.42      9.57727e+7 
        1339.42       9.9843e+7 
        1349.42      1.09198e+8 
        1359.42      1.24919e+8 
        1369.42      1.27249e+8 
        1379.42      1.04374e+8 
        1389.42      8.71384e+7 
        1399.42      8.99334e+7 
        1409.42      1.54191e+8 
        1419.42      2.31567e+8 
        1429.42      2.63143e+8 
        1439.42      2.72785e+8 
        1453.22      2.71068e+8 
        1464.42      2.69687e+8 
        1476.35      2.70959e+8 
        1489.42      2.82392e+8 
        1504.42      2.93011e+8 
        1514.42      2.96991e+8 
        1526.92      2.95529e+8 
        1539.42      2.74734e+8 
        1551.92      2.54354e+8 
        1564.42      2.40084e+8 
         1574.8      2.22983e+8 
        1585.18      2.07732e+8 
        1595.21      2.04739e+8 
        1605.66      2.16753e+8 
        1616.91      2.43564e+8 
        1629.41      2.81495e+8 
        1641.91      3.14376e+8 
        1654.41      3.34576e+8 
        1665.56      3.43602e+8 
        1676.33      3.48032e+8 
         1689.4      3.50674e+8 
         1704.4      3.51714e+8 
         1719.4       3.5172e+8 
         1734.4      3.51277e+8 
        1749.39      3.50517e+8 
        1764.39      3.49455e+8 
        1775.55      3.48585e+8 
        1789.39      3.47457e+8 
        1809.39       3.4566e+8 
           1824      3.44281e+8 
        1834.77      3.43235e+8 
        1845.54       3.4216e+8 
           1864      3.40316e+8 
        1876.29      3.39019e+8 
        1888.59       3.3769e+8 
        1906.98      3.35619e+8 
        1919.37      3.34193e+8 
        1931.76      3.32751e+8 
        1944.47      3.31262e+8 
        1956.53      3.29795e+8 
         1967.6      3.28432e+8 
        1992.71      3.25277e+8 
        2017.81      3.22057e+8 
        2067.03      3.15548e+8 
        2116.25       3.0881e+8 
        2165.47      3.01908e+8 
         2214.7      2.94892e+8 
        2263.91       2.8783e+8 
        2313.13      2.80739e+8 
        2362.35       2.7371e+8 
        2409.27       2.6705e+8 
        2451.59      2.61075e+8 
        2466.76      2.58949e+8 
        2488.39      2.55925e+8 
        2510.01      2.52982e+8 
         2547.3      2.47835e+8 
        2559.23      2.46202e+8 
        2571.17      2.44578e+8 
        2595.04      2.41349e+8 
        2627.89      2.36953e+8 
        2642.78      2.34976e+8 
        2657.67      2.33014e+8 
        2687.45      2.29122e+8 
        2737.93       2.2263e+8 
        2756.11       2.2033e+8 
        2766.75      2.18992e+8 
        2810.65      2.13548e+8 
        2854.55       2.0824e+8 
        2931.71      1.99233e+8 
        2942.34       1.9802e+8 
        2952.98      1.96814e+8 
        2974.26      1.94427e+8 
        3016.81      1.89736e+8 
        3051.42      1.85999e+8 
        3091.41      1.81775e+8 
        3120.64      1.78751e+8 
        3149.86      1.75775e+8 
        3168.31      1.73923e+8 
         3208.3      1.69978e+8 
        3248.29      1.66124e+8 
        3309.83      1.60376e+8 
        3322.09      1.59258e+8 
        3346.73      1.57034e+8 
        3383.63      1.53772e+8 
        3445.17      1.48493e+8 
        3469.81      1.46441e+8 
        3495.92      1.44302e+8 
        3506.71      1.43429e+8 
         3543.6      1.40487e+8 
        3591.28      1.36789e+8 
        3635.88      1.33424e+8 
        3647.12      1.32592e+8 
        3658.96      1.31715e+8 
        3671.11      1.30806e+8 
        3682.58      1.29956e+8 
         3693.5      1.29159e+8 
        3703.57      1.28428e+8 
        3713.83      1.27745e+8 
        3724.38      1.27105e+8 
        3734.43      1.26088e+8 
        3744.62       1.2614e+8 
        3754.84      1.26104e+8 
        3765.07      1.24614e+8 
         3775.5      1.24798e+8 
        3785.73      1.27404e+8 
        3795.99      1.14919e+8 
        3806.86      1.27185e+8 
        3817.37      1.31792e+8 
        3827.39        1.187e+8 
        3837.97      1.04396e+8 
        3848.19       1.3075e+8 
        3858.91        1.402e+8 
        3869.89      1.34143e+8 
        3881.37      1.07537e+8 
        3891.68      8.89146e+7 
        3902.91       1.2602e+8 
        3913.89      1.45806e+8 
        3924.74      1.52553e+8 
        3935.81      1.50382e+8 
        3946.58      1.37274e+8 
        3957.31      1.12412e+8 
        3967.62      7.59929e+7 
        3977.86       9.5599e+7 
        3988.87      1.27901e+8 
        4000.08      1.48824e+8 
        4010.23      1.59027e+8 
        4023.86      1.64354e+8 
        4035.85      1.64894e+8 
         4047.6      1.62009e+8 
        4058.85      1.54586e+8 
        4071.35      1.38817e+8 
        4082.28       1.1836e+8 
        4093.57       8.7281e+7 
        4103.79      6.67384e+7 
        4114.69      1.00953e+8 
        4125.26      1.24743e+8 
        4135.54      1.40979e+8 
        4145.79      1.52712e+8 
        4156.66      1.60194e+8 
        4168.82      1.64546e+8 
        4183.82      1.66852e+8 
        4198.82      1.67403e+8 
        4213.81      1.66972e+8 
        4224.95      1.66096e+8 
        4238.81      1.64299e+8 
         4253.8      1.61072e+8 
         4268.8      1.55492e+8 
        4283.79      1.46223e+8 
        4296.29      1.35761e+8 
        4308.79      1.21583e+8 
        4320.85      1.02583e+8 
        4331.09      7.99117e+7 
         4341.1      5.41953e+7 
        4352.06      8.47306e+7 
        4363.77      1.07132e+8 
        4376.27      1.22827e+8 
        4388.77      1.33467e+8 
        4403.76      1.42353e+8 
        4418.76      1.47449e+8 
        4433.75      1.49792e+8 
        4448.75      1.50506e+8 
        4463.75      1.50443e+8 
        4478.74      1.49898e+8 
        4493.74      1.49127e+8 
        4508.73      1.48217e+8 
        4523.35       1.4724e+8 
        4533.35      1.46534e+8 
        4543.73      1.45778e+8 
        4558.72      1.44654e+8 
        4573.72      1.43494e+8 
        4588.71      1.42307e+8 
        4600.89      1.41325e+8 
        4613.71       1.4029e+8 
         4628.7      1.39033e+8 
         4643.7      1.37739e+8 
        4658.69      1.36403e+8 
        4673.69      1.34971e+8 
        4688.69      1.33416e+8 
        4703.68      1.31684e+8 
         4715.6      1.30131e+8 
        4728.68       1.2818e+8 
        4743.67      1.25584e+8 
        4758.67      1.22481e+8 
        4773.66      1.18567e+8 
        4788.66      1.13586e+8 
        4803.66      1.06915e+8 
        4818.65      9.80953e+7 
        4831.15       8.8139e+7 
        4842.27      7.61208e+7 
        4853.42      6.04018e+7 
        4863.64      5.07782e+7 
        4874.75      6.79046e+7 
        4884.94      7.99105e+7 
        4896.24      8.94876e+7 
        4906.77      9.57994e+7 
        4918.24      1.00818e+8 
        4928.62      1.04197e+8 
        4943.62      1.07436e+8 
        4958.61      1.09386e+8 
        4973.61      1.10435e+8 
        4988.61      1.10869e+8 
         5003.6      1.10944e+8 
         5018.6      1.10688e+8 
         5033.6      1.10217e+8 
        5048.59      1.09607e+8 
        5063.59      1.08905e+8 
        5078.58      1.08137e+8 
        5093.58      1.07342e+8 
        5108.57      1.06528e+8 
        5123.57      1.05704e+8 
        5138.57      1.04876e+8 
        5153.56      1.04045e+8 
        5168.56      1.03216e+8 
        5183.56      1.02389e+8 
        5198.55      1.01565e+8 
        5213.55      1.00745e+8 
        5228.54      9.99275e+7 
        5243.54       9.9116e+7 
        5258.53      9.83105e+7 
        5273.53      9.75106e+7 
        5288.53      9.67177e+7 
        5303.52       9.5931e+7 
        5318.52       9.5151e+7 
        5333.52      9.43778e+7 
        5348.51      9.36113e+7 
        5363.51      9.28947e+7 
         5378.5      9.21382e+7 
         5393.5      9.13886e+7 
        5408.49      9.06466e+7 
        5423.49      8.99114e+7 
        5438.49      8.91838e+7 
        5453.48      8.84629e+7 
        5468.48      8.77491e+7 
        5483.48      8.70425e+7 
        5498.47      8.63423e+7 
        5513.47      8.56492e+7 
        5528.46      8.49631e+7 
        5543.46      8.42833e+7 
        5558.45        8.361e+7 
        5573.45      8.29434e+7 
        5588.45      8.22833e+7 
        5603.44      8.16293e+7 
        5618.44      8.09815e+7 
        5633.43      8.03403e+7 
        5648.43      7.97047e+7 
        5663.43      7.90755e+7 
        5673.98      7.86473e+7 
         5686.2      7.81411e+7 
        5698.42      7.76391e+7 
        5708.88      7.72122e+7 
        5723.41      7.66244e+7 
        5738.41      7.60231e+7 
         5753.4      7.54278e+7 
         5768.4      7.48054e+7 
        5783.39      7.42201e+7 
        5798.39      7.36405e+7 
        5813.39      7.30662e+7 
        5828.38       7.2497e+7 
        5843.38      7.19334e+7 
        5858.37      7.13748e+7 
        5873.37      7.08212e+7 
        5888.37      7.02727e+7 
        5903.36      6.97292e+7 
        5918.36      6.91908e+7 
        5933.35       6.8657e+7 
        5948.35      6.81283e+7 
        5963.35      6.76039e+7 
        5978.34      6.70843e+7 
        5993.34      6.65691e+7 
        6008.33      6.60586e+7 
        6023.33      6.55525e+7 
        6038.32      6.50504e+7 
        6053.32      6.45525e+7 
        6068.32       6.4058e+7 
        6083.31      6.35664e+7 
        6098.31      6.30782e+7 
        6113.31      6.25931e+7 
         6128.3      6.21105e+7 
         6143.3      6.16308e+7 
        6158.29       6.1153e+7 
        6173.29       6.0677e+7 
        6188.28      6.02017e+7 
        6203.28       5.9727e+7 
        6218.28      5.92526e+7 
        6233.27      5.87767e+7 
        6244.38       5.8422e+7 
        6256.04      5.80525e+7 
        6266.59      5.77195e+7 
        6278.26      5.73485e+7 
        6290.52      5.69552e+7 
        6302.31      5.65735e+7 
        6312.59      5.62367e+7 
        6323.25      5.58817e+7 
        6338.24      5.53731e+7 
        6353.24      5.48506e+7 
        6368.24      5.43059e+7 
        6383.23      5.37332e+7 
        6398.23      5.31193e+7 
        6413.22      5.24483e+7 
        6428.22      5.16962e+7 
        6443.22       5.0825e+7 
        6458.21      4.97854e+7 
        6473.21      4.85197e+7 
         6488.2      4.69608e+7 
         6503.2      4.49461e+7 
         6518.2      4.22686e+7 
        6532.67      3.86969e+7 
        6543.19      3.52776e+7 
        6556.02      3.01081e+7 
        6566.09      2.81356e+7 
        6577.95      3.32318e+7 
        6588.18      3.65282e+7 
        6603.34      4.00405e+7 
        6613.66      4.16827e+7 
        6623.98       4.2894e+7 
         6634.3      4.37929e+7 
        6649.78      4.47033e+7 
         6660.1      4.51054e+7 
        6670.42      4.53847e+7 
        6680.74      4.55619e+7 
        6691.06       4.5658e+7 
        6701.27      4.56904e+7 
        6711.43      4.56759e+7 
        6724.22      4.56065e+7 
        6737.02       4.5494e+7 
        6762.61      4.51824e+7 
        6788.21      4.48004e+7 
        6802.82      4.45635e+7 
         6813.8      4.43791e+7 
        6824.78      4.41896e+7 
        6846.74      4.38001e+7 
        6890.66      4.30002e+7 
         6978.5      4.13817e+7 
        7023.53      4.05598e+7 
        7066.34      3.97911e+7 
        7109.15      3.90359e+7 
        7194.76      3.75731e+7 
        7280.37      3.61742e+7 
        7338.45      3.52606e+7 
        7365.98      3.48428e+7 
        7393.51      3.44249e+7 
        7448.57      3.36078e+7 
        7503.63      3.28142e+7 
        7558.69      3.20439e+7 
        7613.75      3.12958e+7 
        7659.74      3.06874e+7 
        7677.88      3.04514e+7 
        7696.02      3.02177e+7 
        7732.31      2.97567e+7 
        7804.88      2.88606e+7 
        7877.45      2.79977e+7 
        7937.81      2.73042e+7 
        7950.03      2.71665e+7 
        7962.25      2.70295e+7 
        7986.69      2.67581e+7 
        8035.57      2.62258e+7 
        8082.55      2.57267e+7 
        8150.16      2.50286e+7 
         8176.5      2.47629e+7 
        8200.85      2.45205e+7 
        8216.85      2.43628e+7 
        8232.84      2.42064e+7 
        8264.83      2.38973e+7 
        8289.72      2.36602e+7 
        8328.82      2.32934e+7 
        8343.44       2.3158e+7 
        8367.92      2.29331e+7 
        8388.68      2.27463e+7 
        8408.65      2.25683e+7 
        8432.02      2.23617e+7 
        8467.25      2.20527e+7 
        8502.48      2.17483e+7 
        8516.58      2.16278e+7 
        8530.98      2.15045e+7 
        8545.38      2.13927e+7 
        8574.18      2.11696e+7 
        8598.39      2.09793e+7 
         8628.6      2.07524e+7 
        8646.81      2.06056e+7 
        8665.01      2.04572e+7 
        8701.43      2.01984e+7 
        8725.95      1.99843e+7 
        8750.47      1.97615e+7 
        8774.99      1.96219e+7 
        8799.51      1.94541e+7 
        8815.35       1.9316e+7 
        8831.29      1.91669e+7 
        8847.03      1.90019e+7 
        8862.78      1.88445e+7 
        8878.53      1.88134e+7 
        8894.27       1.8787e+7 
        8910.02      1.87396e+7 
        8925.77      1.86629e+7 
        8941.51      1.85336e+7 
        8957.26      1.83817e+7 
        8973.01      1.81857e+7 
        8988.75      1.79535e+7 
         9004.5      1.76946e+7 
        9014.91      1.75552e+7 
        9025.31        1.758e+7 
        9035.72      1.76359e+7 
        9046.13      1.76815e+7 
        9066.94      1.77319e+7 
        9087.75      1.77024e+7 
        9099.72      1.76589e+7 
        9123.65      1.75089e+7 
        9135.61      1.74024e+7 
        9147.58      1.72774e+7 
        9159.55      1.71151e+7 
        9171.51      1.69357e+7 
        9183.48      1.67147e+7 
        9195.44      1.64599e+7 
        9207.41       1.6167e+7 
        9219.38      1.58517e+7 
        9231.42      1.56668e+7 
        9243.46      1.58463e+7 
        9262.73      1.61179e+7 
           9282      1.63223e+7 
        9301.27      1.64301e+7 
        9320.54      1.64735e+7 
        9339.81      1.64563e+7 
        9359.07       1.6395e+7 
         9372.6      1.63323e+7 
        9384.08      1.62682e+7 
        9395.57      1.61888e+7 
        9418.54      1.60034e+7 
         9441.5      1.57598e+7 
        9452.99      1.56014e+7 
        9464.47      1.54386e+7 
        9475.95      1.52387e+7 
        9487.44      1.49989e+7 
        9498.92      1.47102e+7 
        9510.41      1.43348e+7 
        9521.89      1.38578e+7 
        9533.37      1.33107e+7 
        9543.75      1.28397e+7 
        9554.82      1.30638e+7 
        9572.53      1.37276e+7 
        9585.81      1.41285e+7 
        9599.09      1.43972e+7 
        9616.79      1.46089e+7 
         9634.5      1.47284e+7 
        9652.21      1.48038e+7 
        9668.45      1.48301e+7 
        9684.69       1.4822e+7 
        9700.94      1.47982e+7 
        9733.42      1.47068e+7 
        9765.91      1.45772e+7 
        9798.39      1.44198e+7 
        9830.87      1.42318e+7 
        9847.12      1.41532e+7 
        9863.36      1.40278e+7 
         9879.6      1.38871e+7 
        9895.84       1.3722e+7 
        9912.09      1.35373e+7 
        9928.33       1.3332e+7 
        9940.58      1.31518e+7 
        9952.82      1.29464e+7 
        9965.06      1.27305e+7 
        9977.31      1.24857e+7 
        9989.55      1.21893e+7 
        10001.8      1.18503e+7 
          10014      1.14448e+7 
        10026.3      1.09629e+7 
        10038.5      1.04057e+7 
        10049.4      1.00319e+7 
        10060.2      1.03367e+7 
          10071      1.07583e+7 
        10081.9      1.11137e+7 
        10092.7      1.13917e+7 
        10103.5      1.16396e+7 
        10119.8      1.19061e+7 
        10130.6      1.20384e+7 
        10141.4      1.21317e+7 
        10152.2      1.22308e+7 
        10163.1       1.2307e+7 
        10173.9      1.23612e+7 
        10184.7      1.24031e+7 
        10195.5        1.243e+7 
        10206.4      1.24579e+7 
        10218.9       1.2473e+7 
        10237.2      1.24716e+7 
        10255.5      1.24508e+7 
        10292.1       1.2375e+7 
        10328.7      1.22681e+7 
        10365.3      1.21473e+7 
        10401.9        1.202e+7 
        10438.5      1.18588e+7 
        10511.7      1.15781e+7 
        10584.9      1.12964e+7 
        10621.5       1.1136e+7 
        10658.1      1.09633e+7 
        10694.7      1.07684e+7 
        10731.3      1.05409e+7 
        10749.6      1.04126e+7 
        10767.9        1.027e+7 
        10786.2      1.01084e+7 
        10804.5      9.93007e+6 
        10822.8      9.73039e+6 
        10841.1      9.49044e+6 
        10859.4      9.21206e+6 
        10877.7       8.8625e+6 
          10896      8.43153e+6 
        10914.3      7.90491e+6 
        10927.2       7.4566e+6 
        10937.4      6.93617e+6 
        10948.7      7.39895e+6 
        10959.6      7.73608e+6 
        10970.5      8.01932e+6 
        10981.5       8.2534e+6 
        10992.4      8.45924e+6 
        11003.3      8.62336e+6 
        11014.2      8.76212e+6 
        11025.2      8.86991e+6 
        11036.1      8.96136e+6 
          11047       9.0382e+6 
        11057.9      9.09818e+6 
        11068.9      9.14521e+6 
        11079.8       9.1824e+6 
        11101.7       9.2415e+6 
        11123.5       9.2715e+6 
        11145.4      9.28008e+6 
        11167.2      9.27367e+6 
        11189.1      9.25607e+6 
        11204.7      9.23653e+6 
        11232.8      9.19057e+6 
        11260.9      9.13534e+6 
        11317.1      9.00578e+6 
        11373.4      8.86529e+6 
        11429.6      8.72185e+6 
        11485.9      8.59332e+6 
        11542.1      8.44696e+6 
        11598.3      8.30364e+6 
        11654.6       8.1633e+6 
        11710.8      8.02592e+6 
          11767      7.89137e+6 
        11823.3      7.75961e+6 
        11879.5      7.63052e+6 
        11935.8      7.50413e+6 
          11992      7.38029e+6 
        12048.2      7.24718e+6 
        12104.5      7.12604e+6 
        12160.7      7.00657e+6 
        12216.9      6.88832e+6 
        12261.7      6.79426e+6 
        12273.2      6.77013e+6 
        12284.6      6.74594e+6 
        12307.5      6.69715e+6 
        12353.3      6.59851e+6 
        12444.9      6.39047e+6 
        12490.7      6.27784e+6 
        12536.5      6.15451e+6 
        12582.3      6.01273e+6 
        12605.2      5.93283e+6 
        12628.1      5.84452e+6 
          12651      5.74453e+6 
        12673.9      5.62926e+6 
        12696.8      5.49584e+6 
        12708.3      5.41959e+6 
        12719.7      5.33546e+6 
        12731.2      5.24304e+6 
        12742.6      5.14228e+6 
        12754.1      5.02771e+6 
        12765.5       4.9023e+6 
          12777      4.76159e+6 
        12788.4      4.60897e+6 
        12799.9      4.43649e+6 
        12809.9      4.24134e+6 
        12820.8      4.06252e+6 
        12832.8      4.34457e+6 
        12848.8      4.55223e+6 
        12864.8      4.71704e+6 
        12880.7      4.85291e+6 
        12896.7      4.96303e+6 
        12920.7      5.08413e+6 
        12936.7      5.14367e+6 
        12952.7      5.18891e+6 
        12968.6      5.22302e+6 
        12984.6      5.24844e+6 
        13000.6      5.26613e+6 
        13016.6      5.27703e+6 
        13048.5      5.28472e+6 
        13080.5      5.27891e+6 
        13112.5      5.26236e+6 
        13144.4      5.23817e+6 
        13208.3      5.17634e+6 
        13236.2      5.14574e+6 
        13272.3      5.10371e+6 
        13308.4      5.05994e+6 
        13380.5      4.96959e+6 
        13452.7      4.87786e+6 
        13524.9      4.78669e+6 
        13597.1      4.69684e+6 
        13669.2      4.61236e+6 
        13741.4      4.52506e+6 
        13813.6      4.43976e+6 
        13885.8      4.35648e+6 
          13958      4.27514e+6 
        14030.1      4.19566e+6 
        14102.3        4.118e+6 
        14174.5      4.04216e+6 
        14246.7      3.96802e+6 
        14305.7      3.90871e+6 
        14318.9      3.89557e+6 
        14332.1      3.88251e+6 
        14358.5       3.8564e+6 
        14411.3      3.80481e+6 
        14457.6      3.76027e+6 
        14517.5      3.70369e+6 
        14550.4      3.67306e+6 
        14581.2      3.64459e+6 
        14597.2      3.62995e+6 
        14613.2      3.61534e+6 
        14645.2      3.58638e+6 
        14709.2      3.52933e+6 
        14773.2      3.47338e+6 
        14837.1      3.41852e+6 
        14901.1      3.36477e+6 
        14965.1      3.31206e+6 
        15029.1      3.26034e+6 
        15093.1      3.20964e+6 
        15157.1      3.15994e+6 
          15221      3.11117e+6 
          15285      3.06334e+6 
          15349      3.01642e+6 
          15413      2.97039e+6 
        15471.6      2.92902e+6 
        15482.4      2.92148e+6 
        15493.1      2.91407e+6 
        15514.7      2.89932e+6 
        15557.9       2.8701e+6 
        15644.2      2.81276e+6 
        15730.5      2.75683e+6 
        15816.8      2.70229e+6 
        15903.1      2.64908e+6 
        15989.4      2.59718e+6 
        16075.8      2.54654e+6 
        16162.1      2.49712e+6 
        16248.4       2.4489e+6 
        16289.9      2.42612e+6 
        16334.7      2.40183e+6 
        16379.5      2.37783e+6 
        16469.1      2.33193e+6 
        16558.8      2.28713e+6 
        16648.4      2.24339e+6 
          16738      2.20069e+6 
        16827.7        2.159e+6 
        16917.3      2.11828e+6 
        17006.9      2.07851e+6 
        17096.6      2.03967e+6 
        17186.2      2.00173e+6 
        17275.8      1.96466e+6 
        17327.7       1.9436e+6 
        17365.5      1.92844e+6 
        17403.2      1.91343e+6 
        17478.8      1.88384e+6 
        17554.3      1.85482e+6 
        17629.9      1.82636e+6 
        17705.4      1.79843e+6 
          17781      1.77104e+6 
        17856.5      1.74416e+6 
        17932.1      1.71778e+6 
        18007.6      1.68544e+6 
        18083.2      1.65826e+6 
        18158.7      1.63087e+6 
        18234.3       1.6028e+6 
        18309.8      1.57325e+6 
        18343.7      1.55918e+6 
        18385.3      1.54088e+6 
          18427      1.52099e+6 
        18468.6       1.4987e+6 
        18510.2      1.47295e+6 
        18551.8       1.4422e+6 
        18572.6      1.42434e+6 
        18593.4      1.40456e+6 
        18614.2      1.38217e+6 
          18635      1.35692e+6 
        18655.8      1.32828e+6 
        18676.6      1.29593e+6 
        18697.4      1.25947e+6 
          18710      1.23497e+6 
        18726.4       1.1975e+6 
        18738.8      1.15947e+6 
        18748.8      1.08356e+6 
        18759.3      1.13747e+6 
        18771.7      1.17713e+6 
          18784      1.20243e+6 
        18800.5      1.22822e+6 
        18825.2      1.25935e+6 
        18841.6      1.27643e+6 
        18858.1      1.29108e+6 
        18874.6       1.3032e+6 
          18891       1.3132e+6 
        18907.5      1.32138e+6 
          18924      1.32778e+6 
        18956.9      1.33674e+6 
        18989.8      1.34144e+6 
        19022.7      1.34293e+6 
        19055.6      1.34198e+6 
        19088.6      1.33934e+6 
        19121.5      1.33545e+6 
        19187.3      1.32516e+6 
        19253.2      1.31276e+6 
          19319      1.29912e+6 
        19384.9      1.28484e+6 
        19450.7      1.27022e+6 
        19516.5       1.2553e+6 
        19582.3      1.24348e+6 
        19648.1      1.22795e+6 
        19713.9      1.21266e+6 
        19779.7      1.19761e+6 
        19845.5      1.18279e+6 
        19911.3      1.16819e+6 
          19977      1.15382e+6 
        20042.8      1.13966e+6 
        20108.6      1.12572e+6 
        20174.4      1.11199e+6 
        20240.2      1.09847e+6 
          20306      1.08516e+6 
        20371.8      1.07204e+6 
        20400.9      1.06632e+6 
        20437.6      1.05913e+6 
        20474.4      1.05199e+6 
        20547.9      1.03782e+6 
        20621.5      1.02388e+6 
          20695      1.01017e+6 
        20768.5          996683 
          20842          983425 
        20915.6          970385 
        20989.1          957561 
        21062.6          944944 
        21136.2          932535 
        21209.7          920326 
        21283.2          908316 
        21356.7          896501 
        21430.3          884874 
        21503.8          873435 
        21524.1          870319 
        21577.3          862182 
        21630.6          854136 
        21683.9          846160 
        21737.2          838277 
        21790.5          830483 
        21843.7          822780 
          21897          815165 
        21950.3          807637 
        22003.6          800198 
        22056.9          792841 
        22110.1          785571 
        22163.4          778380 
        22216.7          771270 
          22270          764243 
        22323.3          757293 
        22376.5          750423 
        22429.8          743631 
        22483.1          736914 
        22536.4          730269 
        22589.7          723704 
          22643          717207 
        22696.2          710785 
        22712.2          708875 
        22749.5          704436 
        22784.8          700264 
        22800.8          698382 
        22816.8          696507 
        22848.8          692775 
        22912.8          685382 
        22976.8          678088 
        23040.8          670890 
        23104.8          663790 
        23168.7          656781 
        23232.7          649864 
        23296.7          643037 
        23360.7          636301 
        23424.7          629651 
        23488.6          623088 
        23552.6          616610 
        23616.6          610217 
        23680.6          603905 
        23744.6          597675 
        23808.6          591530 
        23872.5          585461 
        23936.5          579473 
        24000.5          573557 
        24064.5          567720 
        24128.5          561956 
        24192.5          556263 
        24256.4          550643 
        24320.4          545091 
        24384.4          539613 
        24448.4          534200 
        24512.4          528856 
        24576.3          523578 
        24640.3          518369 
        24704.3          513220 
        24768.3          508137 
        24832.3          503117 
        24896.3          498156 
        24960.2          493258 
        25004.4          489909 
        25024.2          488420 
          25044          486934 
        25083.6          484000 
        25162.8          478201 
        25241.9          472489 
        25321.1          466860 
        25400.2          461315 
        25479.4          455851 
        25558.5          450470 
        25637.7          445167 
        25716.9          439942 
          25796          434793 
        25875.2          429720 
        25954.3          424718 
        26033.5          419792 
        26112.7          414935 
        26191.8          410147 
          26271          405429 
        26350.1          400776 
        26429.3          396193 
        26508.4          391672 
        26587.6          387217 
        26666.8          382825 
        26745.9          378493 
        26825.1          374223 
        26904.2          370014 
        26983.4          365864 
        27062.6          361770 
        27141.7          357736 
        27220.9          353756 
        27299.2          349873 
        27377.5          346062 
        27455.8          342302 
        27534.2          338591 
        27612.5          334935 
        27690.8          331325 
        27769.1          327762 
        27847.5          324250 
        27925.8          320782 
        28004.1          317361 
        28082.4          313987 
        28160.8          310657 
        28239.1          307370 
        28317.4          304127 
        28395.7          300927 
          28474          297768 
        28552.4          294651 
        28630.7          291574 
          28709          288538 
        28787.3          285541 
        28865.7          282582 
          28944          279662 
        29022.3          276780 
        29100.6          273934 
          29179          271125 
        29257.3          268352 
        29335.6          265614 
        29413.9          262911 
        29492.3          260243 
        29570.6          257607 
        29648.9          255006 
        29727.2          252437 
        29805.5          249900 
        29883.9          247395 
        29932.6          245852 
        29962.2          244921 
        29991.8          243995 
