# Koester WD models
# teff = 11000 K (value for the effective temperature for the model. Temperatures are given in K)
# logg = 9 log(cm/s2) (value for Log(G) for the model.)
#
# column 1: WAVELENGTH (ANGSTROM), Wavelength in Angstrom
# column 2: FLUX (ERG/CM2/S/A), Flux in erg/cm2/s/A
         899.23          2047.3 
        909.241         2461.85 
        919.251         8431.72 
        929.252         13374.5 
        939.271         42492.2 
         949.28         5929.13 
        959.289          139873 
        969.297         75325.7 
        979.305          144562 
        989.312          259894 
        999.319          409397 
        1009.33          306878 
        1019.33          186797 
        1029.34          172761 
        1039.34          411140 
        1049.35          743263 
        1059.36          867413 
        1069.36      2.03961e+6 
        1079.36      2.22276e+6 
        1089.37      8.11018e+6 
        1099.37      9.67752e+6 
        1109.38      9.69364e+6 
        1119.38      9.21897e+6 
        1129.38      8.49471e+6 
        1139.39        7.307e+6 
        1149.39      5.70563e+6 
        1159.39      3.95347e+6 
        1169.39       2.3624e+6 
         1179.4      1.53015e+6 
         1189.4      1.34641e+6 
         1199.4      1.26763e+6 
         1209.4          958993 
        1219.41          910405 
        1229.41      1.56114e+6 
        1239.41      2.14973e+6 
        1249.41       2.5904e+6 
        1259.41       3.1222e+6 
        1269.41      4.14445e+6 
        1279.42      5.90478e+6 
        1289.42      8.04075e+6 
        1299.42      1.02747e+7 
        1309.42      1.21953e+7 
        1319.42      1.43228e+7 
        1329.42      1.68367e+7 
        1339.42      1.82453e+7 
        1349.42      1.96245e+7 
        1359.42      2.22472e+7 
        1369.42      2.43227e+7 
        1379.42      2.29994e+7 
        1389.42      2.12573e+7 
        1399.42      2.13721e+7 
        1409.42      2.90055e+7 
        1419.42       3.9481e+7 
        1429.42       4.5767e+7 
        1439.42      4.78942e+7 
        1449.54      4.47093e+7 
        1459.54      4.20578e+7 
        1471.08      4.04791e+7 
        1481.13      4.19264e+7 
        1491.42      4.84839e+7 
        1502.44      5.55949e+7 
        1514.42      6.03641e+7 
        1525.04      6.19001e+7 
        1536.92      4.96617e+7 
        1548.17      3.77808e+7 
        1559.42      3.27018e+7 
        1570.19      2.88441e+7 
        1580.57       2.5177e+7 
        1591.14      2.36939e+7 
        1601.51      2.51471e+7 
        1611.81      2.97143e+7 
        1623.01      4.17687e+7 
        1634.01      6.56439e+7 
        1644.41      1.00025e+8 
        1655.68      1.40288e+8 
        1665.87       1.6941e+8 
        1676.33      1.90713e+8 
         1687.1      2.05807e+8 
         1699.4      2.17123e+8 
         1714.4      2.25405e+8 
         1729.4      2.30958e+8 
         1744.4      2.35052e+8 
        1759.39      2.37629e+8 
         1771.7      2.39282e+8 
        1784.39      2.40986e+8 
        1799.39      2.42804e+8 
           1824      2.45168e+8 
        1834.77      2.46125e+8 
        1845.54      2.47022e+8 
           1864      2.48795e+8 
        1876.29      2.49623e+8 
        1888.59      2.50387e+8 
        1906.98      2.51414e+8 
        1919.37      2.52029e+8 
        1931.76      2.52654e+8 
        1944.47      2.53343e+8 
        1956.53      2.53776e+8 
         1967.6      2.54108e+8 
        1992.71      2.54698e+8 
        2017.81      2.55083e+8 
        2067.03      2.55412e+8 
        2116.25      2.54836e+8 
        2165.42      2.53737e+8 
        2178.22      2.53324e+8 
        2191.02       2.5288e+8 
         2214.7      2.51975e+8 
        2260.18      2.49936e+8 
        2275.12      2.49256e+8 
        2290.06      2.48463e+8 
        2313.13      2.47176e+8 
        2356.21      2.44571e+8 
         2368.5      2.43784e+8 
        2380.79      2.42977e+8 
        2401.46      2.41583e+8 
        2417.09      2.40495e+8 
        2432.72      2.39413e+8 
        2451.59      2.38031e+8 
        2466.76      2.36895e+8 
        2488.39      2.35239e+8 
        2510.01       2.3369e+8 
         2547.3      2.30676e+8 
        2559.23      2.29695e+8 
        2571.17      2.28703e+8 
        2595.04      2.26697e+8 
        2627.89      2.23917e+8 
        2642.78      2.22631e+8 
        2657.67      2.21337e+8 
        2687.45      2.18714e+8 
        2737.93       2.1422e+8 
        2756.11      2.12591e+8 
        2766.75      2.11632e+8 
        2810.65      2.07661e+8 
        2854.55      2.03687e+8 
        2931.71      1.96742e+8 
        2942.34      1.95792e+8 
        2952.98      1.94843e+8 
        2974.26      1.92947e+8 
        3016.81      1.89175e+8 
        3051.42      1.86132e+8 
        3091.41      1.82636e+8 
        3120.64      1.80096e+8 
        3149.86      1.77569e+8 
        3168.31      1.75981e+8 
         3208.3      1.72561e+8 
        3248.29      1.69183e+8 
        3309.83      1.64065e+8 
        3322.09      1.63059e+8 
        3346.73      1.61047e+8 
        3383.63      1.58069e+8 
        3445.17      1.53193e+8 
        3469.81      1.51271e+8 
        3495.92      1.49257e+8 
        3506.71      1.48431e+8 
         3543.6      1.45634e+8 
        3591.28      1.42083e+8 
        3635.88      1.38826e+8 
        3647.12      1.38027e+8 
        3658.96      1.37189e+8 
        3671.11      1.36318e+8 
        3682.58      1.35509e+8 
         3693.5       1.3474e+8 
        3703.57      1.34031e+8 
        3713.83      1.33316e+8 
        3724.38       1.3259e+8 
        3734.43      1.31871e+8 
        3744.62      1.31224e+8 
        3754.84        1.306e+8 
        3765.07      1.29769e+8 
         3775.5      1.29276e+8 
        3786.22      1.28907e+8 
        3796.45      1.26577e+8 
        3807.84      1.28331e+8 
        3818.92      1.28167e+8 
        3830.45      1.23213e+8 
        3840.76      1.23622e+8 
        3851.98      1.28747e+8 
        3862.01      1.29198e+8 
        3872.59      1.25161e+8 
         3884.4       1.1313e+8 
        3894.46      1.14294e+8 
        3906.64      1.26942e+8 
        3918.89      1.31639e+8 
        3929.56      1.31864e+8 
        3940.04      1.28625e+8 
         3950.3      1.20864e+8 
        3960.37      1.06417e+8 
        3970.37      8.50281e+7 
         3980.9      1.08269e+8 
        3991.68      1.22898e+8 
        4003.87      1.31626e+8 
        4016.33      1.35247e+8 
        4028.86      1.36087e+8 
        4043.86      1.34638e+8 
        4058.85      1.29347e+8 
        4071.35      1.20208e+8 
        4082.28      1.07906e+8 
        4093.69      8.56562e+7 
        4103.79       6.8532e+7 
        4114.23      9.51714e+7 
        4125.62      1.12212e+8 
        4136.53       1.2207e+8 
        4148.83      1.29268e+8 
        4163.83      1.33706e+8 
        4178.82      1.35437e+8 
        4193.82      1.35896e+8 
        4208.81      1.35663e+8 
         4221.1      1.35077e+8 
        4233.81      1.34064e+8 
         4248.8      1.32105e+8 
         4263.8      1.28881e+8 
         4278.8      1.23794e+8 
        4293.79      1.16059e+8 
        4306.29      1.07244e+8 
        4316.43      9.74136e+7 
        4328.73      7.84861e+7 
        4338.78      5.48701e+7 
        4348.98      7.09526e+7 
        4359.17      8.91754e+7 
        4369.56      1.00366e+8 
        4381.27      1.08645e+8 
        4393.77      1.14783e+8 
        4408.76      1.19588e+8 
        4423.76      1.22421e+8 
        4438.75      1.23729e+8 
        4453.75       1.2415e+8 
        4468.74      1.24068e+8 
        4483.74      1.23705e+8 
        4498.74      1.23202e+8 
        4513.73       1.2258e+8 
        4527.19      1.21959e+8 
        4538.73      1.21392e+8 
        4553.72       1.2062e+8 
        4568.72      1.19814e+8 
        4583.72      1.18978e+8 
        4596.53      1.18243e+8 
        4608.71      1.17537e+8 
         4623.7      1.16624e+8 
         4638.7      1.15677e+8 
         4653.7      1.14686e+8 
        4668.69      1.13635e+8 
        4683.69      1.12492e+8 
        4698.68      1.11218e+8 
        4713.68      1.09751e+8 
        4724.83      1.08501e+8 
        4738.67      1.06692e+8 
        4753.67      1.04376e+8 
        4768.67      1.01621e+8 
        4783.66      9.81226e+7 
        4798.66      9.36377e+7 
        4813.65      8.77016e+7 
        4826.15      8.12278e+7 
        4836.81      7.35155e+7 
        4847.03      6.26657e+7 
        4857.58       4.8105e+7 
        4868.64       5.2835e+7 
        4879.54      6.63567e+7 
        4890.71      7.54617e+7 
        4901.94      8.14518e+7 
        4913.63      8.56913e+7 
        4924.69       8.8696e+7 
        4935.82        9.089e+7 
        4948.62      9.26782e+7 
        4963.61      9.40012e+7 
        4978.61      9.47819e+7 
        4993.61      9.51736e+7 
         5008.6      9.52537e+7 
         5023.6      9.50998e+7 
        5038.59      9.47778e+7 
        5053.59      9.43467e+7 
        5068.59      9.38422e+7 
        5083.58      9.32918e+7 
        5098.58      9.27131e+7 
        5113.57      9.21143e+7 
        5128.57       9.1503e+7 
        5143.57      9.08819e+7 
        5158.56      9.02554e+7 
        5173.56      8.96262e+7 
        5188.55       8.8996e+7 
        5203.55      8.83658e+7 
        5218.55      8.77368e+7 
        5233.54      8.71095e+7 
        5248.54      8.64843e+7 
        5263.53      8.58622e+7 
        5278.53      8.52433e+7 
        5293.52      8.46276e+7 
        5308.52      8.40159e+7 
        5323.52       8.3408e+7 
        5338.51      8.28042e+7 
        5353.51      8.22042e+7 
        5368.51      8.16619e+7 
         5383.5      8.10657e+7 
         5398.5      8.04744e+7 
        5413.49      7.98872e+7 
        5428.49      7.93051e+7 
        5443.48      7.87274e+7 
        5458.48      7.81547e+7 
        5473.48      7.75863e+7 
        5488.47      7.70231e+7 
        5503.47      7.64642e+7 
        5518.47        7.591e+7 
        5533.46      7.53605e+7 
        5548.46      7.48155e+7 
        5563.45      7.42751e+7 
        5578.45      7.37388e+7 
        5593.44      7.32073e+7 
        5608.44      7.26801e+7 
        5623.44      7.21574e+7 
        5638.43      7.16387e+7 
        5653.43      7.11247e+7 
        5668.43      7.07411e+7 
        5682.86      7.02498e+7 
        5693.42      6.98932e+7 
        5704.77      6.95118e+7 
        5715.23      6.91628e+7 
        5728.41      6.87258e+7 
         5743.4      6.82329e+7 
         5758.4      6.77437e+7 
         5773.4      6.71996e+7 
        5788.39      6.67171e+7 
        5803.39      6.62383e+7 
        5818.39      6.57633e+7 
        5833.38      6.52923e+7 
        5848.38      6.48252e+7 
        5863.37      6.43615e+7 
        5878.37      6.39019e+7 
        5893.36      6.34454e+7 
        5908.36      6.29921e+7 
        5923.36      6.25422e+7 
        5938.35      6.20958e+7 
        5953.35      6.16525e+7 
        5968.34      6.12124e+7 
        5983.34      6.07754e+7 
        5998.34      6.03412e+7 
        6013.33      5.99099e+7 
        6028.33      5.94813e+7 
        6043.32      5.90557e+7 
        6058.32      5.86319e+7 
        6073.32      5.82099e+7 
        6088.31       5.7789e+7 
        6103.31      5.73702e+7 
         6118.3       5.6953e+7 
         6133.3      5.65367e+7 
         6148.3      5.61217e+7 
        6163.29      5.57077e+7 
        6178.29      5.52927e+7 
        6193.28      5.48767e+7 
        6208.28      5.44586e+7 
        6223.28      5.40379e+7 
        6238.27      5.36122e+7 
        6252.16      5.32145e+7 
        6262.16       5.2928e+7 
        6273.26      5.26063e+7 
        6284.63       5.2272e+7 
        6295.99      5.19334e+7 
        6306.09      5.16318e+7 
        6316.22      5.13233e+7 
        6328.25      5.09478e+7 
        6343.24       5.0465e+7 
        6358.24      4.99595e+7 
        6373.23      4.94257e+7 
        6388.23      4.88552e+7 
        6403.23      4.82351e+7 
        6418.22      4.75496e+7 
        6433.22      4.67796e+7 
        6448.22      4.58889e+7 
        6463.21       4.4839e+7 
        6478.21      4.35777e+7 
         6493.2       4.2032e+7 
         6508.2      4.00745e+7 
        6523.19       3.7455e+7 
        6537.09       3.3998e+7 
        6548.06      3.03265e+7 
        6558.19      2.65047e+7 
        6569.28      2.71936e+7 
        6579.79      3.07379e+7 
        6590.04      3.37416e+7 
        6603.34      3.64723e+7 
        6613.66       3.7941e+7 
        6623.98      3.90107e+7 
         6634.3       3.9853e+7 
        6644.62      4.04904e+7 
        6654.94      4.09818e+7 
        6665.26      4.13518e+7 
        6675.58      4.16236e+7 
         6685.9      4.18177e+7 
        6696.23      4.19437e+7 
        6706.55      4.20169e+7 
        6721.34      4.20521e+7 
        6741.06      4.20025e+7 
        6760.77      4.18733e+7 
        6780.49      4.16918e+7 
        6815.08      4.12868e+7 
        6834.48      4.10286e+7 
        6853.88      4.07597e+7 
        6892.68      4.01913e+7 
        6970.27      3.89938e+7 
        6986.58      3.87377e+7 
        7047.86      3.77792e+7 
        7109.15       3.6832e+7 
        7170.43      3.59056e+7 
        7231.71       3.5003e+7 
        7292.99      3.41246e+7 
        7315.03      3.38148e+7 
        7354.27      3.32714e+7 
        7393.51      3.27505e+7 
           7472      3.17112e+7 
        7550.48      3.07117e+7 
        7580.06       3.0345e+7 
        7628.97      2.97501e+7 
        7677.88      2.91694e+7 
        7775.71       2.8049e+7 
        7873.53      2.69806e+7 
        7962.25      2.60544e+7 
        8019.38      2.54785e+7 
        8050.96      2.51667e+7 
        8082.55      2.48596e+7 
        8145.72       2.4259e+7 
        8200.85      2.37492e+7 
        8216.85      2.36038e+7 
        8232.84      2.34594e+7 
        8264.83      2.31739e+7 
        8289.72      2.29548e+7 
        8328.82      2.26155e+7 
        8343.44      2.24902e+7 
        8367.92      2.22823e+7 
        8388.68      2.21079e+7 
        8408.65      2.19418e+7 
        8432.02      2.17492e+7 
        8467.25      2.14625e+7 
        8502.48      2.11805e+7 
        8516.58      2.10688e+7 
        8530.98      2.09554e+7 
        8545.38      2.08443e+7 
        8574.18      2.06236e+7 
        8598.39      2.04402e+7 
         8628.6      2.02144e+7 
        8646.81       2.0079e+7 
        8665.01      1.99445e+7 
        8685.59      1.97951e+7 
        8701.43      1.96804e+7 
        8750.47      1.93226e+7 
        8767.92      1.92009e+7 
        8815.35      1.88674e+7 
        8862.78      1.85422e+7 
        8900.38      1.83137e+7 
        8957.65      1.79349e+7 
        8986.28      1.77286e+7 
        9014.91      1.75263e+7 
        9043.54      1.73812e+7 
        9072.17      1.72376e+7 
        9099.72      1.70839e+7 
        9127.26      1.69179e+7 
        9154.81      1.67309e+7 
        9182.36      1.65189e+7 
         9209.9      1.62862e+7 
        9229.01      1.61455e+7 
        9248.11      1.60658e+7 
        9267.22      1.60251e+7 
        9305.43      1.59134e+7 
        9343.64      1.57514e+7 
        9379.63      1.55659e+7 
        9397.45      1.54645e+7 
        9415.28      1.53574e+7 
        9450.94      1.51151e+7 
        9468.76      1.49796e+7 
        9486.59      1.48223e+7 
        9498.52      1.47073e+7 
        9522.24      1.44329e+7 
         9534.1      1.42725e+7 
        9545.97      1.41259e+7 
        9557.83      1.41503e+7 
        9569.68      1.42066e+7 
        9581.55      1.42444e+7 
        9593.41      1.42625e+7 
        9605.27      1.42677e+7 
        9628.99      1.42499e+7 
        9648.72      1.42131e+7 
        9668.45      1.41609e+7 
        9707.92      1.40285e+7 
        9747.38      1.38688e+7 
        9786.84      1.36933e+7 
        9826.31      1.34989e+7 
        9865.77      1.32931e+7 
        9905.23      1.30306e+7 
        9936.58      1.27865e+7 
        9952.82      1.26379e+7 
        9969.06      1.24756e+7 
        9985.31      1.23012e+7 
        10001.6      1.20932e+7 
        10017.8       1.1837e+7 
          10034      1.15568e+7 
        10045.5      1.13907e+7 
          10057      1.13793e+7 
        10068.5      1.14856e+7 
          10080      1.15975e+7 
        10095.3      1.17277e+7 
        10110.7      1.18122e+7 
          10126      1.18655e+7 
        10141.3      1.18973e+7 
        10156.6      1.19267e+7 
        10187.3      1.19339e+7 
        10198.6      1.19281e+7 
        10217.9      1.19084e+7 
        10237.2      1.18756e+7 
        10275.8      1.17903e+7 
        10314.3      1.16836e+7 
        10352.9      1.15669e+7 
        10391.4      1.14449e+7 
          10430      1.13202e+7 
        10468.6      1.11529e+7 
        10507.1      1.10167e+7 
        10584.3      1.07436e+7 
        10622.8      1.05888e+7 
        10661.4      1.04214e+7 
          10700       1.0237e+7 
        10738.5      1.00194e+7 
        10757.8      9.90516e+6 
        10777.1      9.77981e+6 
        10796.4      9.63841e+6 
        10815.7      9.47972e+6 
          10835       9.3152e+6 
        10854.2      9.11964e+6 
        10873.5      8.88207e+6 
        10892.8       8.5861e+6 
        10912.1      8.20433e+6 
        10924.6       7.9033e+6 
        10934.7      7.60187e+6 
        10944.8      7.68408e+6 
        10957.8      7.96717e+6 
        10971.3      8.19824e+6 
        10984.7      8.37407e+6 
        10998.1      8.50442e+6 
        11011.6      8.61758e+6 
          11025       8.6942e+6 
        11038.5      8.75439e+6 
        11051.9      8.79781e+6 
        11065.3      8.83048e+6 
        11092.2       8.8853e+6 
        11119.1      8.90554e+6 
          11146       8.9078e+6 
        11172.8      8.89762e+6 
        11199.7      8.87126e+6 
        11246.1      8.80472e+6 
        11260.9      8.77899e+6 
        11275.8        8.751e+6 
        11305.5      8.69125e+6 
        11364.9      8.56219e+6 
        11424.3      8.42761e+6 
        11483.7      8.31262e+6 
        11543.1      8.17084e+6 
        11602.6      8.03198e+6 
          11662      7.89605e+6 
        11721.4      7.76294e+6 
        11780.8      7.63256e+6 
        11840.2      7.50489e+6 
        11899.7      7.37982e+6 
        11959.1      7.25733e+6 
        12018.5      7.11766e+6 
        12077.9      6.99608e+6 
        12137.3      6.87556e+6 
        12196.8      6.75512e+6 
        12227.7      6.69213e+6 
        12256.2      6.63382e+6 
        12284.6      6.57488e+6 
        12341.5      6.45359e+6 
        12398.5      6.32632e+6 
        12455.4      6.19063e+6 
        12512.3      6.03962e+6 
        12540.8      5.95737e+6 
        12569.2      5.86875e+6 
        12597.7      5.77023e+6 
        12626.1      5.65945e+6 
        12654.6      5.53665e+6 
        12668.8        5.468e+6 
        12683.1      5.39349e+6 
        12697.3      5.31193e+6 
        12711.5      5.22258e+6 
        12725.8      5.11674e+6 
          12740      4.99849e+6 
        12754.2      4.86608e+6 
        12768.4      4.70849e+6 
        12782.7      4.52766e+6 
        12796.9      4.33285e+6 
        12807.7      4.16899e+6 
        12817.8      4.15865e+6 
        12829.8      4.16424e+6 
        12850.5      4.41497e+6 
        12864.4      4.55804e+6 
        12878.3      4.67434e+6 
        12892.1      4.77506e+6 
          12906      4.85342e+6 
        12919.8      4.91876e+6 
        12933.7      4.97016e+6 
        12947.5      5.00971e+6 
        12961.4      5.04317e+6 
        12989.1       5.0912e+6 
        13016.8       5.1202e+6 
        13044.5      5.13867e+6 
        13072.3      5.14477e+6 
          13100        5.142e+6 
        13155.4       5.1197e+6 
        13210.8      5.08087e+6 
        13224.2      5.06959e+6 
        13266.3      5.03104e+6 
        13308.4      4.98888e+6 
        13392.5      4.89749e+6 
        13476.7      4.80152e+6 
        13560.9      4.70435e+6 
          13645      4.61748e+6 
        13729.2      4.51994e+6 
        13813.4      4.42493e+6 
        13897.5      4.33235e+6 
        13981.7      4.24219e+6 
        14065.9      4.15432e+6 
        14150.1      4.06871e+6 
        14234.2      3.98527e+6 
        14304.7        3.917e+6 
        14318.4      3.90393e+6 
        14332.1      3.89093e+6 
        14359.4      3.86469e+6 
        14370.5      3.85414e+6 
        14414.1      3.81292e+6 
        14457.6      3.77227e+6 
        14506.4      3.72737e+6 
        14544.8       3.6925e+6 
        14581.2       3.6598e+6 
        14597.2      3.64547e+6 
        14613.2      3.63124e+6 
        14645.2      3.60297e+6 
        14709.2       3.5472e+6 
        14773.2      3.49254e+6 
        14837.1      3.43888e+6 
        14901.1      3.38629e+6 
        14965.1      3.33464e+6 
        15029.1        3.284e+6 
        15093.1      3.23433e+6 
        15157.1      3.18554e+6 
          15221      3.13771e+6 
          15285      3.09075e+6 
          15349      3.04466e+6 
          15413      2.99942e+6 
        15471.6      2.95873e+6 
        15482.4      2.95132e+6 
        15493.1      2.94385e+6 
        15514.7      2.92901e+6 
        15557.9      2.89959e+6 
        15644.2      2.84185e+6 
        15730.5      2.78553e+6 
        15816.8      2.73059e+6 
        15903.1        2.677e+6 
        15989.4       2.6247e+6 
        16075.8      2.57367e+6 
        16162.1      2.52387e+6 
        16248.4      2.47526e+6 
        16289.9      2.45231e+6 
        16334.7      2.42781e+6 
        16379.5      2.40362e+6 
        16469.1      2.35595e+6 
        16558.8      2.30946e+6 
        16648.4       2.2641e+6 
          16738      2.21985e+6 
        16827.7      2.17666e+6 
        16917.3      2.13452e+6 
        17006.9      2.09339e+6 
        17096.6      2.05324e+6 
        17186.2      2.01404e+6 
        17275.8      1.97578e+6 
        17327.7      1.95405e+6 
        17365.5      1.93841e+6 
        17403.2      1.92292e+6 
        17478.8      1.89269e+6 
        17554.3      1.86306e+6 
        17629.9      1.83399e+6 
        17705.4       1.8055e+6 
          17781      1.77754e+6 
        17856.5      1.75013e+6 
        17894.3      1.73663e+6 
        17913.2      1.72992e+6 
        17932.1      1.72325e+6 
        17946.2      1.71826e+6 
        17956.3      1.70109e+6 
        17966.3       1.6972e+6 
        17976.3      1.69334e+6 
        17986.4      1.68947e+6 
        17996.4      1.68559e+6 
        18006.4       1.6817e+6 
        18016.8       1.6777e+6 
        18045.1      1.66667e+6 
        18082.9      1.65184e+6 
        18158.4      1.62163e+6 
          18234      1.58999e+6 
        18309.5      1.55596e+6 
        18343.2      1.53967e+6 
        18385.1      1.51813e+6 
          18427      1.49473e+6 
        18468.9      1.46876e+6 
        18510.8      1.43882e+6 
        18531.7      1.42178e+6 
        18552.7       1.4028e+6 
        18573.6      1.38255e+6 
        18594.6      1.35968e+6 
        18615.5      1.33443e+6 
        18636.5      1.30553e+6 
        18657.4      1.27303e+6 
        18678.4      1.23725e+6 
        18689.4      1.21703e+6 
        18704.8      1.18881e+6 
        18720.3      1.15821e+6 
        18731.8       1.1314e+6 
        18743.4      1.09057e+6 
        18753.8      1.04902e+6 
        18763.9      1.10641e+6 
        18775.5      1.13317e+6 
        18790.9       1.1585e+6 
          18814      1.19024e+6 
        18829.5      1.21002e+6 
        18844.9      1.22822e+6 
        18860.3      1.24428e+6 
        18875.7      1.25812e+6 
        18891.2      1.27005e+6 
        18906.6       1.2798e+6 
        18937.5      1.29531e+6 
        18968.3      1.30618e+6 
        18999.2       1.3132e+6 
          19030      1.31716e+6 
        19060.9      1.31876e+6 
        19091.7      1.31877e+6 
        19122.6      1.31745e+6 
        19184.3      1.31183e+6 
          19246      1.30367e+6 
        19307.7      1.29365e+6 
        19369.5      1.28237e+6 
        19411.7      1.27416e+6 
        19431.2      1.27028e+6 
        19450.7      1.26635e+6 
        19489.7      1.25835e+6 
        19509.2       1.2543e+6 
        19528.7      1.25021e+6 
        19543.3      1.24714e+6 
        19553.4      1.25318e+6 
        19563.4      1.25079e+6 
        19577.3      1.24752e+6 
        19606.5      1.24064e+6 
        19645.5      1.23154e+6 
        19723.5      1.21358e+6 
        19801.5      1.19595e+6 
        19879.5      1.17864e+6 
        19957.5      1.16164e+6 
        20035.5      1.14493e+6 
        20113.5      1.12853e+6 
        20191.5      1.11242e+6 
        20269.5      1.09659e+6 
        20347.5      1.08104e+6 
        20376.6      1.07531e+6 
        20425.5      1.06577e+6 
        20474.4      1.05633e+6 
        20572.2      1.03769e+6 
        20669.9      1.01946e+6 
        20767.7      1.00162e+6 
        20865.4          984167 
        20963.2          967089 
        21060.9          950379 
        21158.7          934024 
        21256.5          918036 
        21354.2          902400 
          21452          887092 
        21468.8          884481 
        21549.7          872106 
        21630.6          859942 
        21711.5          847947 
        21792.4          836160 
        21873.3          824574 
        21954.2          813189 
          22035          801998 
        22115.9          791000 
        22196.8          780186 
        22277.7          769555 
        22358.6          759106 
        22439.5          748833 
        22520.4          738733 
        22601.2          728799 
        22682.1          719032 
        22739.2          712240 
          22763          709428 
        22784.8          706861 
        22800.8          704986 
        22816.8          703114 
        22848.8          699384 
        22912.8          692005 
        22976.8          684720 
        23040.8          677532 
        23104.8          670435 
        23168.7          663432 
        23232.7          656517 
        23296.7          649694 
        23360.7          642958 
        23424.7          636311 
        23488.6          629745 
        23552.6          623267 
        23616.6          616867 
        23680.6          610550 
        23744.6          604310 
        23808.6          598150 
        23872.5          592065 
        23936.5          586058 
        24000.5          580126 
        24064.5          574271 
        24128.5          568487 
        24192.5          562775 
        24256.4          557133 
        24320.4          551563 
        24384.4          546059 
        24448.4          540624 
        24512.4          535258 
        24576.3          529958 
        24640.3          524721 
        24704.3          519547 
        24768.3          514436 
        24832.3          509387 
        24896.3          504402 
        24960.2          499476 
        25004.4          496108 
        25024.2          494609 
          25044          493114 
        25083.6          490161 
        25162.8          484314 
        25241.9          478556 
        25321.1          472882 
        25400.2          467290 
        25479.4          461780 
        25558.5          456351 
        25637.7          451001 
        25716.9          445729 
          25796          440533 
        25875.2          435412 
        25954.3          430364 
        26033.5          425387 
        26112.7          420483 
        26191.8          415648 
          26271          410883 
        26350.1          406183 
        26429.3          401552 
        26508.4          396984 
        26587.6          392482 
        26666.8          388043 
        26745.9          383667 
        26825.1          379350 
        26904.2          375094 
        26983.4          370896 
        27062.6          366756 
        27141.7          362675 
        27220.9          358647 
        27299.2          354717 
        27377.5          350822 
        27455.8          346979 
        27534.2          343188 
        27612.5          339449 
        27690.8          335761 
        27769.1          332120 
        27847.5          328532 
        27925.8          324988 
        28004.1          321492 
        28082.4          318045 
        28160.8          314643 
        28239.1          311284 
        28317.4          307971 
        28395.7          304702 
          28474          301475 
        28552.4          298291 
        28630.7          295149 
          28709          292048 
        28787.3          288987 
        28865.7          285966 
          28944          282984 
        29022.3          280041 
        29100.6          277139 
          29179          274276 
        29257.3          271450 
        29335.6          268660 
        29413.9          265906 
        29492.3          263187 
        29570.6          260502 
        29648.9          257852 
        29727.2          255235 
        29805.5          252652 
        29883.9          250100 
        29932.6          248530 
        29962.2          247581 
        29991.8          246638 
