# Koester WD models
# teff = 11250 K (value for the effective temperature for the model. Temperatures are given in K)
# logg = 8.25 log(cm/s2) (value for Log(G) for the model.)
#
# column 1: WAVELENGTH (ANGSTROM), Wavelength in Angstrom
# column 2: FLUX (ERG/CM2/S/A), Flux in erg/cm2/s/A
         899.23         2147.08 
        909.241         2581.33 
        919.251         14603.7 
        929.261         21841.9 
        939.271         65198.1 
         949.28         7578.06 
        959.289          214868 
        969.297          112650 
        979.305          212731 
        989.312          404163 
        999.319          682643 
        1009.33          466341 
        1019.33          269751 
        1029.34          250843 
        1039.34          613839 
        1049.35      1.22226e+6 
        1059.35      1.43495e+6 
        1069.36      3.68556e+6 
        1079.36      3.99667e+6 
        1089.37      1.70735e+7 
        1099.37      2.05722e+7 
        1109.38      2.05001e+7 
        1119.38      1.91198e+7 
        1129.38      1.73456e+7 
        1139.39      1.46515e+7 
        1149.39      1.13937e+7 
        1159.39      8.07072e+6 
        1169.39      4.99152e+6 
         1179.4      2.76799e+6 
         1189.4      2.14914e+6 
         1199.4      1.88098e+6 
         1209.4      1.35346e+6 
        1219.41      1.28743e+6 
        1229.41       2.1911e+6 
        1239.41      3.33317e+6 
        1249.41      4.65509e+6 
        1259.41      6.57168e+6 
        1269.41       1.0265e+7 
        1279.42      1.58433e+7 
        1289.42      2.21961e+7 
        1299.42      2.88984e+7 
        1309.42      3.44853e+7 
        1319.42      4.08724e+7 
        1329.42      4.76529e+7 
        1339.42      5.02177e+7 
        1349.42      5.43489e+7 
        1359.42      6.25067e+7 
        1369.42      6.57784e+7 
        1379.42      5.65348e+7 
        1389.42      4.90896e+7 
        1399.42      5.01414e+7 
        1409.42      7.98448e+7 
        1419.42      1.18923e+8 
        1429.42      1.37604e+8 
        1439.42      1.43066e+8 
        1452.42      1.39262e+8 
        1462.42      1.37045e+8 
        1472.88      1.36889e+8 
        1484.42      1.45095e+8 
        1494.42      1.56854e+8 
        1509.42      1.67363e+8 
        1520.67      1.72413e+8 
        1530.67      1.64095e+8 
        1541.92      1.40526e+8 
        1554.42      1.22743e+8 
        1566.72        1.102e+8 
        1577.11      9.64968e+7 
        1587.11      8.74657e+7 
        1597.13      8.77909e+7 
        1607.54      9.91474e+7 
        1618.16      1.23213e+8 
        1629.41      1.61014e+8 
        1641.91      2.06415e+8 
        1654.41      2.40354e+8 
        1665.56      2.57976e+8 
        1676.33      2.67946e+8 
         1689.4      2.75236e+8 
         1704.4      2.79994e+8 
         1719.4      2.82811e+8 
         1734.4      2.84816e+8 
        1749.39      2.86257e+8 
        1764.39      2.87159e+8 
        1775.55      2.87706e+8 
        1789.39      2.88357e+8 
        1809.39      2.88961e+8 
           1824      2.89288e+8 
        1834.77      2.89474e+8 
        1845.54      2.89607e+8 
           1864       2.8984e+8 
        1876.29      2.89839e+8 
        1888.59      2.89781e+8 
        1906.98      2.89595e+8 
        1919.37      2.89405e+8 
        1931.76      2.89187e+8 
        1944.47      2.88942e+8 
        1956.53      2.88614e+8 
         1967.6      2.88273e+8 
        1992.71      2.87358e+8 
        2017.81      2.86276e+8 
        2067.03      2.83729e+8 
        2116.25      2.80609e+8 
        2165.42      2.77047e+8 
        2178.22      2.76039e+8 
        2191.02      2.75007e+8 
         2214.7      2.73036e+8 
        2260.18       2.6906e+8 
        2275.12       2.6772e+8 
        2290.06      2.66335e+8 
        2313.13      2.64152e+8 
        2356.21      2.59958e+8 
         2368.5      2.58732e+8 
        2380.79      2.57494e+8 
        2401.46      2.55389e+8 
        2417.09      2.53784e+8 
        2432.72      2.52172e+8 
        2451.59        2.502e+8 
        2466.76      2.48601e+8 
        2488.39      2.46301e+8 
        2510.01      2.44077e+8 
         2547.3      2.40047e+8 
        2559.23      2.38751e+8 
        2571.17      2.37453e+8 
        2595.04      2.34854e+8 
        2627.89      2.31288e+8 
        2642.78      2.29683e+8 
        2657.67      2.28076e+8 
        2687.45      2.24858e+8 
        2737.93      2.19437e+8 
        2756.11      2.17496e+8 
        2766.75      2.16361e+8 
        2810.65      2.11706e+8 
        2854.55      2.07093e+8 
        2931.71      1.99086e+8 
        2942.34      1.97997e+8 
        2952.98      1.96911e+8 
        2974.26      1.94748e+8 
        3016.81      1.90468e+8 
        3051.42      1.87032e+8 
        3091.41      1.83112e+8 
        3120.64      1.80288e+8 
        3149.86      1.77497e+8 
        3168.31      1.75751e+8 
         3208.3      1.72011e+8 
        3248.29      1.68354e+8 
        3309.83      1.62899e+8 
        3322.09      1.61834e+8 
        3346.73      1.59712e+8 
        3383.63      1.56587e+8 
        3445.17      1.51506e+8 
        3469.81      1.49512e+8 
        3495.92      1.47426e+8 
        3506.71      1.46573e+8 
         3543.6      1.43688e+8 
        3591.28      1.40042e+8 
        3635.88      1.36707e+8 
        3647.12      1.35879e+8 
        3658.96      1.35009e+8 
        3671.11      1.34105e+8 
        3682.58      1.33262e+8 
         3693.5      1.32462e+8 
        3703.57      1.31729e+8 
        3713.83      1.31005e+8 
        3724.38      1.30285e+8 
        3734.43      1.29451e+8 
        3744.62      1.29025e+8 
        3754.84      1.28662e+8 
        3765.07      1.27565e+8 
         3775.5      1.27486e+8 
        3786.22       1.2816e+8 
        3796.45      1.21238e+8 
        3806.86      1.27969e+8 
        3817.44      1.29982e+8 
        3827.86      1.21212e+8 
        3837.97      1.13189e+8 
        3848.91      1.29996e+8 
        3861.47      1.34577e+8 
        3872.36      1.27398e+8 
         3882.5      1.08302e+8 
        3892.89      1.01044e+8 
        3903.14      1.25202e+8 
        3913.89      1.38353e+8 
        3926.02      1.42661e+8 
        3937.35      1.39659e+8 
        3947.73      1.29146e+8 
        3958.88      1.07141e+8 
        3969.05      7.40015e+7 
        3979.89      1.02877e+8 
        3990.73      1.26747e+8 
         4001.3       1.4053e+8 
        4012.03      1.47768e+8 
        4023.86      1.50753e+8 
         4035.9      1.50926e+8 
        4048.86      1.47971e+8 
        4061.35      1.40504e+8 
        4073.85      1.26677e+8 
        4083.99      1.09876e+8 
        4094.05      8.40822e+7 
        4104.62      6.84968e+7 
        4115.15       9.9214e+7 
        4125.26      1.18349e+8 
        4135.54      1.31406e+8 
        4146.66      1.41393e+8 
        4158.83      1.47607e+8 
        4173.82      1.51098e+8 
        4188.82      1.52347e+8 
        4203.81      1.52461e+8 
        4216.52      1.51983e+8 
        4228.81      1.51017e+8 
        4243.81      1.49053e+8 
         4258.8      1.45734e+8 
         4273.8      1.40221e+8 
        4288.79      1.31456e+8 
        4301.29      1.21672e+8 
        4313.79      1.08119e+8 
        4324.82      9.06862e+7 
        4335.37      6.62138e+7 
        4345.89      6.68236e+7 
        4356.08       8.9591e+7 
        4367.23      1.05915e+8 
        4377.58      1.16024e+8 
        4388.77      1.23799e+8 
        4403.76      1.31256e+8 
        4418.76      1.35517e+8 
        4433.75      1.37595e+8 
        4448.75      1.38329e+8 
        4463.75      1.38356e+8 
        4478.74      1.37957e+8 
        4493.74      1.37348e+8 
        4508.73      1.36613e+8 
        4523.35      1.35805e+8 
        4533.35      1.35215e+8 
        4543.73      1.34581e+8 
        4558.72       1.3363e+8 
        4573.72      1.32647e+8 
        4588.71      1.31634e+8 
        4600.89      1.30791e+8 
        4613.71        1.299e+8 
         4628.7      1.28811e+8 
         4643.7      1.27685e+8 
        4658.69      1.26514e+8 
        4673.69      1.25255e+8 
        4688.69      1.23881e+8 
        4703.68      1.22336e+8 
         4715.6      1.20943e+8 
        4728.68      1.19184e+8 
        4743.67       1.1683e+8 
        4758.67      1.14045e+8 
        4773.66      1.10574e+8 
        4788.66      1.06151e+8 
        4803.66      1.00315e+8 
        4818.65      9.25771e+7 
        4831.15      8.38727e+7 
        4842.27      7.30411e+7 
        4853.42      5.77428e+7 
        4863.64       4.8651e+7 
        4874.75      6.52028e+7 
        4884.94      7.64811e+7 
        4896.24      8.49292e+7 
        4906.77       9.0438e+7 
        4918.24      9.48541e+7 
        4928.62      9.78201e+7 
        4943.62      1.00729e+8 
        4958.61       1.0252e+8 
        4973.61      1.03526e+8 
        4988.61      1.04008e+8 
         5003.6      1.04165e+8 
         5018.6      1.04007e+8 
         5033.6      1.03643e+8 
        5048.59      1.03138e+8 
        5063.59      1.02544e+8 
        5078.58      1.01885e+8 
        5093.58      1.01198e+8 
        5108.57      1.00489e+8 
        5123.57      9.97685e+7 
        5138.57      9.90403e+7 
        5153.56      9.83077e+7 
        5168.56      9.75735e+7 
        5183.56      9.68396e+7 
        5198.55      9.61073e+7 
        5213.55      9.53772e+7 
        5228.54      9.46505e+7 
        5243.54       9.3927e+7 
        5258.53      9.32079e+7 
        5273.53      9.24932e+7 
        5288.53      9.17835e+7 
        5303.52      9.10789e+7 
        5318.52      9.03792e+7 
        5333.52      8.96849e+7 
        5348.51       8.8996e+7 
        5363.51      8.83607e+7 
         5378.5      8.76781e+7 
         5393.5      8.70017e+7 
        5408.49       8.6331e+7 
        5423.49      8.56665e+7 
        5438.49       8.5008e+7 
        5453.48      8.43552e+7 
        5468.48      8.37071e+7 
        5483.48      8.30647e+7 
        5498.47      8.24282e+7 
        5513.47      8.17976e+7 
        5528.46      8.11725e+7 
        5543.46      8.05529e+7 
        5558.45      7.99394e+7 
        5573.45      7.93309e+7 
        5588.45       7.8728e+7 
        5603.44      7.81305e+7 
        5618.44      7.75383e+7 
        5633.43      7.69514e+7 
        5648.43      7.63699e+7 
        5663.43      7.57934e+7 
        5673.98      7.54362e+7 
         5686.2      7.49713e+7 
        5698.42      7.45095e+7 
        5708.88      7.41168e+7 
        5723.41      7.35758e+7 
        5738.41      7.30226e+7 
         5753.4       7.2474e+7 
         5768.4      7.18906e+7 
        5783.39      7.13509e+7 
        5798.39      7.08156e+7 
        5813.39      7.02853e+7 
        5828.38      6.97594e+7 
        5843.38      6.92382e+7 
        5858.37      6.87214e+7 
        5873.37       6.8209e+7 
        5888.37       6.7701e+7 
        5903.36      6.71971e+7 
        5918.36      6.66973e+7 
        5933.35      6.62018e+7 
        5948.35      6.57105e+7 
        5963.35      6.52229e+7 
        5978.34      6.47394e+7 
        5993.34      6.42597e+7 
        6008.33      6.37834e+7 
        6023.33      6.33113e+7 
        6038.32      6.28422e+7 
        6053.32      6.23766e+7 
        6068.32      6.19142e+7 
        6083.31       6.1453e+7 
        6098.31      6.09946e+7 
        6113.31      6.05385e+7 
         6128.3      6.00845e+7 
         6143.3      5.96321e+7 
        6158.29       5.9181e+7 
        6173.29      5.87308e+7 
        6188.28      5.82803e+7 
        6203.28      5.78289e+7 
        6218.28      5.73762e+7 
        6233.27        5.692e+7 
        6244.38      5.65791e+7 
        6256.04      5.62238e+7 
        6266.59      5.59037e+7 
        6278.26      5.55462e+7 
        6290.52      5.51664e+7 
        6302.31      5.47972e+7 
        6312.59      5.44711e+7 
        6323.25      5.41265e+7 
        6338.24      5.36295e+7 
        6353.24      5.31158e+7 
        6368.24      5.25768e+7 
        6383.23      5.20081e+7 
        6398.23      5.13952e+7 
        6413.22      5.07254e+7 
        6428.22      4.99749e+7 
        6443.22      4.91091e+7 
        6458.21       4.8083e+7 
        6473.21      4.68443e+7 
         6488.2      4.53326e+7 
         6503.2      4.34152e+7 
         6518.2      4.08771e+7 
        6532.67      3.74808e+7 
        6543.19      3.40982e+7 
        6556.02      2.90445e+7 
        6566.09      2.71731e+7 
        6577.95      3.20549e+7 
        6588.18      3.53784e+7 
        6603.34      3.87739e+7 
        6613.66      4.03142e+7 
        6623.98      4.14832e+7 
         6634.3      4.23515e+7 
        6649.78      4.32588e+7 
         6660.1      4.36769e+7 
        6670.42       4.3977e+7 
        6680.74      4.41808e+7 
        6691.06      4.43053e+7 
        6701.27      4.43668e+7 
        6711.43      4.43816e+7 
        6724.22      4.43483e+7 
        6737.02      4.42704e+7 
        6751.63      4.41406e+7 
        6762.61      4.40216e+7 
        6788.21      4.36952e+7 
        6824.78      4.31498e+7 
        6861.35      4.25529e+7 
        6897.93      4.19371e+7 
        6971.07      4.06761e+7 
        7044.22      3.94179e+7 
        7109.15      3.83243e+7 
        7174.07      3.72612e+7 
           7239       3.6231e+7 
        7303.93      3.52342e+7 
        7344.21       3.4632e+7 
        7368.86      3.42773e+7 
        7393.51      3.39185e+7 
        7442.82      3.32148e+7 
        7541.44      3.18598e+7 
        7602.23      3.10582e+7 
        7640.06       3.0572e+7 
        7677.88      3.00951e+7 
        7753.53      2.91683e+7 
        7829.18      2.82762e+7 
         7847.4      2.80664e+7 
        7904.82      2.74175e+7 
        7962.25      2.67869e+7 
        8019.67       2.6174e+7 
        8071.64       2.5634e+7 
        8082.55      2.55225e+7 
        8093.45      2.54115e+7 
        8114.92      2.51948e+7 
        8158.89      2.47579e+7 
        8200.85      2.43496e+7 
        8216.85      2.41961e+7 
        8232.84      2.40438e+7 
        8264.83      2.37427e+7 
        8289.72      2.35117e+7 
        8328.82      2.31542e+7 
        8343.44      2.30221e+7 
        8367.92       2.2803e+7 
        8388.68      2.26197e+7 
        8408.65      2.24452e+7 
        8432.02      2.22429e+7 
        8467.25      2.19411e+7 
        8502.48      2.16442e+7 
        8516.58      2.15267e+7 
        8530.98       2.1407e+7 
        8545.38      2.12937e+7 
        8574.18      2.10675e+7 
        8598.39      2.08785e+7 
         8628.6      2.06475e+7 
        8646.81      2.05056e+7 
        8665.01      2.03641e+7 
        8685.59      2.02132e+7 
        8701.43       2.0095e+7 
        8750.47      1.97024e+7 
        8767.92       1.9584e+7 
        8815.35      1.92347e+7 
        8839.07      1.90467e+7 
        8862.78       1.8857e+7 
         8886.5      1.87466e+7 
        8910.21      1.86299e+7 
        8933.93      1.84721e+7 
        8957.65      1.82849e+7 
        8981.36      1.80553e+7 
        8995.25      1.79059e+7 
        9014.91       1.7718e+7 
        9034.57      1.76732e+7 
        9054.23      1.76486e+7 
        9087.39       1.7539e+7 
        9099.72      1.74773e+7 
        9112.05      1.74063e+7 
        9136.72      1.72273e+7 
        9161.38      1.69906e+7 
        9186.05      1.66893e+7 
        9210.71      1.63351e+7 
        9224.43      1.61358e+7 
        9238.16      1.61077e+7 
        9251.88      1.61522e+7 
         9265.6       1.6211e+7 
        9293.05      1.62755e+7 
        9311.35      1.62733e+7 
        9329.65      1.62361e+7 
        9347.95      1.61698e+7 
        9366.25       1.6085e+7 
        9384.08       1.5986e+7 
        9401.92      1.58678e+7 
        9419.76      1.57366e+7 
         9437.6      1.55846e+7 
        9455.44      1.53965e+7 
        9473.28      1.51899e+7 
        9491.12      1.49197e+7 
        9508.96      1.45695e+7 
        9525.48      1.41073e+7 
        9535.72      1.37835e+7 
        9545.97       1.3506e+7 
        9556.21      1.36855e+7 
        9574.14       1.4081e+7 
        9584.38      1.42551e+7 
        9594.62      1.43716e+7 
        9604.87      1.44465e+7 
        9615.11      1.45077e+7 
        9625.35      1.45461e+7 
         9635.6      1.45639e+7 
        9656.09      1.45863e+7 
        9668.45      1.45776e+7 
        9693.18      1.45305e+7 
         9717.9      1.44614e+7 
        9742.63      1.43691e+7 
        9767.35      1.42657e+7 
        9816.81      1.40186e+7 
        9841.53       1.3869e+7 
        9866.26      1.37237e+7 
         9878.6       1.3628e+7 
        9890.99      1.35217e+7 
        9915.71      1.32794e+7 
        9934.26      1.30741e+7 
        9952.82      1.28265e+7 
        9971.37      1.25482e+7 
        9989.93      1.22084e+7 
        10008.5      1.17719e+7 
          10027       1.1227e+7 
        10041.8      1.07232e+7 
        10053.1       1.0593e+7 
        10064.5      1.08773e+7 
        10079.6      1.12598e+7 
        10094.7      1.15581e+7 
        10109.8      1.17773e+7 
        10132.5      1.19895e+7 
        10147.6      1.20872e+7 
        10162.7      1.21628e+7 
        10177.8      1.22074e+7 
        10192.9      1.22366e+7 
          10209      1.22578e+7 
        10223.1      1.22597e+7 
        10237.2      1.22494e+7 
        10265.4       1.2208e+7 
        10293.5       1.2145e+7 
        10321.7      1.20667e+7 
        10378.1      1.18891e+7 
        10434.4      1.16989e+7 
        10490.8      1.14584e+7 
        10547.1      1.12441e+7 
        10603.5      1.10277e+7 
        10659.8      1.07709e+7 
          10688      1.06254e+7 
        10716.2      1.04613e+7 
        10744.4      1.02752e+7 
        10772.5      1.00709e+7 
        10800.7      9.82373e+6 
        10814.8      9.68456e+6 
        10828.9      9.53527e+6 
          10843      9.36038e+6 
        10857.1      9.17003e+6 
        10871.1      8.94141e+6 
        10885.2      8.67089e+6 
        10899.3      8.34614e+6 
        10913.4      7.95857e+6 
        10927.5       7.5064e+6 
        10937.8      7.01989e+6 
          10948      7.44005e+6 
        10958.6      7.73982e+6 
        10969.2      7.99758e+6 
        10979.8      8.21413e+6 
        10990.3      8.39641e+6 
        11000.9      8.54234e+6 
        11011.5      8.66913e+6 
        11022.1      8.76429e+6 
        11032.7      8.84132e+6 
        11043.3      8.91088e+6 
        11053.9      8.96573e+6 
        11064.4      9.00732e+6 
        11085.6      9.07534e+6 
        11106.8       9.1208e+6 
        11127.9      9.14081e+6 
        11149.1      9.14882e+6 
        11170.3      9.14486e+6 
        11212.6      9.10544e+6 
          11249      9.04735e+6 
        11260.9      9.02539e+6 
        11272.8      9.00164e+6 
        11296.6      8.95131e+6 
        11344.1      8.84245e+6 
        11439.2      8.63709e+6 
        11534.2      8.39462e+6 
        11629.3      8.16051e+6 
        11724.4      7.93444e+6 
        11819.5      7.71603e+6 
        11914.5      7.50498e+6 
        12009.6      7.30106e+6 
        12104.7      7.08498e+6 
        12114.9      7.06359e+6 
        12199.7      6.88634e+6 
        12284.6      6.70875e+6 
        12369.5      6.52449e+6 
        12454.4      6.32484e+6 
        12496.8      6.21498e+6 
        12539.3      6.09526e+6 
        12581.7      5.95841e+6 
        12602.9       5.8816e+6 
        12624.2      5.79771e+6 
        12645.4      5.70607e+6 
        12666.6      5.60287e+6 
        12687.8      5.48597e+6 
        12698.4      5.42129e+6 
          12709      5.35057e+6 
        12719.7      5.27106e+6 
        12730.3      5.18539e+6 
        12740.9       5.0912e+6 
        12751.5      4.98703e+6 
        12762.1       4.8689e+6 
        12772.7      4.74132e+6 
        12783.3      4.60089e+6 
        12793.9      4.44981e+6 
        12804.5      4.28252e+6 
        12815.2      4.03626e+6 
        12827.9      4.19205e+6 
        12842.4      4.39779e+6 
        12854.1      4.53269e+6 
        12865.7      4.65493e+6 
        12877.3      4.75763e+6 
          12889      4.84936e+6 
        12900.6      4.92325e+6 
        12912.3      4.98502e+6 
        12923.9      5.03921e+6 
        12935.5      5.08256e+6 
        12947.2      5.11759e+6 
        12970.5      5.17128e+6 
        12993.7      5.20719e+6 
          13017      5.22909e+6 
        13040.3       5.2419e+6 
        13063.6      5.24624e+6 
        13086.8      5.24344e+6 
        13133.4      5.22205e+6 
        13144.7      5.21492e+6 
          13180      5.18774e+6 
        13226.5       5.1447e+6 
        13308.4      5.05523e+6 
        13390.2      4.95753e+6 
          13472      4.85706e+6 
        13553.9      4.75681e+6 
        13635.7      4.66417e+6 
        13717.6      4.56549e+6 
        13799.4      4.46942e+6 
        13881.2      4.37583e+6 
        13963.1      4.28463e+6 
        14044.9      4.19582e+6 
        14126.8      4.10927e+6 
        14208.6      4.02488e+6 
        14248.8      3.98423e+6 
        14290.4      3.94267e+6 
        14332.1      3.90164e+6 
          14373      3.86149e+6 
        14415.3      3.82055e+6 
        14457.6      3.78015e+6 
        14501.3        3.739e+6 
        14542.3      3.70092e+6 
        14581.2      3.66511e+6 
        14597.2      3.65053e+6 
        14613.2      3.63599e+6 
        14645.2      3.60711e+6 
        14709.2      3.55025e+6 
        14773.2      3.49449e+6 
        14837.1      3.43979e+6 
        14901.1       3.3862e+6 
        14965.1      3.33361e+6 
        15029.1      3.28202e+6 
        15093.1      3.23144e+6 
        15157.1      3.18181e+6 
          15221      3.13314e+6 
          15285      3.08538e+6 
          15349      3.03853e+6 
          15413      2.99256e+6 
        15471.6      2.95122e+6 
        15482.4      2.94369e+6 
        15493.1       2.9362e+6 
        15514.7      2.92129e+6 
        15557.9      2.89175e+6 
        15644.2      2.83378e+6 
        15730.5      2.77725e+6 
        15816.8      2.72211e+6 
        15903.1      2.66834e+6 
        15989.4      2.61588e+6 
        16075.8       2.5647e+6 
        16162.1      2.51476e+6 
        16248.4      2.46604e+6 
        16289.9      2.44304e+6 
        16334.7      2.41851e+6 
        16379.5      2.39429e+6 
        16469.1      2.34745e+6 
        16558.8      2.30175e+6 
        16648.4      2.25716e+6 
          16738      2.21364e+6 
        16827.7      2.17115e+6 
        16917.3      2.12968e+6 
        17006.9      2.08918e+6 
        17096.6      2.04965e+6 
        17186.2      2.01104e+6 
        17275.8      1.97334e+6 
        17327.7      1.95193e+6 
        17365.5      1.93651e+6 
        17403.2      1.92125e+6 
        17478.8      1.89139e+6 
        17554.3       1.8621e+6 
        17629.9      1.83338e+6 
        17705.4      1.80521e+6 
          17781      1.77757e+6 
        17856.5      1.75046e+6 
        17894.3      1.73709e+6 
        17932.1      1.72386e+6 
        17969.8      1.70247e+6 
        18007.6      1.68855e+6 
        18083.2      1.66058e+6 
        18158.7      1.63217e+6 
        18234.3      1.60281e+6 
        18309.8      1.57164e+6 
        18343.7      1.55669e+6 
        18385.3      1.53716e+6 
          18427      1.51582e+6 
        18468.6      1.49191e+6 
        18510.2       1.4642e+6 
          18531      1.44842e+6 
        18551.8      1.43105e+6 
        18572.6      1.41205e+6 
        18593.4       1.3906e+6 
        18614.2      1.36691e+6 
          18635      1.33974e+6 
        18655.8      1.30888e+6 
        18676.6      1.27437e+6 
        18697.4      1.23654e+6 
          18710      1.21218e+6 
        18726.4      1.17622e+6 
        18738.8      1.13866e+6 
        18749.1      1.05945e+6 
        18759.5      1.11745e+6 
        18770.7        1.154e+6 
        18786.6      1.18484e+6 
        18805.8       1.2131e+6 
        18818.6      1.23014e+6 
        18831.4      1.24587e+6 
          18857      1.27277e+6 
        18882.6      1.29366e+6 
        18908.2      1.30879e+6 
        18933.8      1.32018e+6 
        18959.4      1.32796e+6 
          18985      1.33328e+6 
        19010.6      1.33638e+6 
        19036.2      1.33769e+6 
        19061.8      1.33756e+6 
          19113      1.33437e+6 
        19164.1      1.32834e+6 
        19215.3      1.32045e+6 
        19266.5      1.31131e+6 
        19317.7      1.30135e+6 
        19368.9      1.29086e+6 
        19389.5      1.28653e+6 
        19420.1      1.28001e+6 
        19450.7      1.27342e+6 
        19511.9      1.25995e+6 
        19573.1      1.25097e+6 
        19634.3      1.23655e+6 
        19695.5      1.22233e+6 
        19756.7      1.20831e+6 
        19817.8      1.19449e+6 
          19879      1.18087e+6 
        19940.2      1.16744e+6 
        20001.4       1.1542e+6 
        20062.6      1.14114e+6 
        20123.8      1.12827e+6 
          20185      1.11557e+6 
        20246.2      1.10306e+6 
        20307.4      1.09071e+6 
        20368.6      1.07854e+6 
        20385.2      1.07527e+6 
        20429.8      1.06654e+6 
        20474.4      1.05789e+6 
        20563.6      1.04075e+6 
        20652.8      1.02395e+6 
          20742      1.00749e+6 
        20831.2          991348 
        20920.4          975530 
        21009.5          960024 
        21098.7          944818 
        21187.9          929915 
        21277.1          915297 
        21366.3          900965 
        21455.5          886912 
        21544.7          873127 
        21630.6          860099 
        21716.5          847256 
        21802.5          834649 
        21888.4          822274 
        21974.3          810129 
        22060.2          798203 
        22146.2          786495 
        22232.1          774996 
          22318          763709 
        22403.9          752622 
        22489.9          741736 
        22575.8          731042 
        22661.7          720540 
        22708.4          714907 
        22747.6          710223 
        22784.8          705809 
        22800.8          703921 
        22816.8          702036 
        22848.8          698285 
        22912.8          690855 
        22976.8          683526 
        23040.8          676291 
        23104.8          669153 
        23168.7          662106 
        23232.7          655151 
        23296.7          648286 
        23360.7          641510 
        23424.7          634822 
        23488.6          628221 
        23552.6          621705 
        23616.6          615271 
        23680.6          608922 
        23744.6          602652 
        23808.6          596463 
        23872.5          590349 
        23936.5          584314 
        24000.5          578358 
        24064.5          572474 
        24128.5          566665 
        24192.5          560928 
        24256.4          555264 
        24320.4          549669 
        24384.4          544146 
        24448.4          538692 
        24512.4          533310 
        24576.3          527998 
        24640.3          522748 
        24704.3          517565 
        24768.3          512444 
        24832.3          507389 
        24896.3          502394 
        24960.2          497462 
        25004.4          494088 
        25024.2          492586 
          25044          491094 
        25083.6          488131 
        25162.8          482278 
        25241.9          476510 
        25321.1          470830 
        25400.2          465232 
        25479.4          459719 
        25558.5          454287 
        25637.7          448934 
        25716.9          443659 
          25796          438460 
        25875.2          433339 
        25954.3          428290 
        26033.5          423314 
        26112.7          418410 
        26191.8          413578 
          26271          408815 
        26350.1          404119 
        26429.3          399491 
        26508.4          394926 
        26587.6          390428 
        26666.8          385992 
        26745.9          381622 
        26825.1          377308 
        26904.2          373058 
        26983.4          368867 
        27062.6          364733 
        27141.7          360658 
        27220.9          356637 
        27299.2          352716 
        27377.5          348855 
        27455.8          345051 
        27534.2          341296 
        27612.5          337592 
        27690.8          333939 
        27769.1          330335 
        27847.5          326779 
        27925.8          323273 
        28004.1          319811 
        28082.4          316396 
        28160.8          313026 
        28239.1          309701 
        28317.4          306420 
        28395.7          303182 
          28474          299987 
        28552.4          296833 
        28630.7          293721 
          28709          290650 
        28787.3          287618 
        28865.7          284626 
          28944          281673 
        29022.3          278758 
        29100.6          275881 
          29179          273040 
        29257.3          270236 
        29335.6          267468 
        29413.9          264734 
        29492.3          262036 
        29570.6          259372 
        29648.9          256742 
        29727.2          254145 
        29805.5          251580 
        29883.9          249048 
        29932.6          247489 
        29962.2          246549 
        29991.8          245613 
