# Koester WD models
# teff = 12750 K (value for the effective temperature for the model. Temperatures are given in K)
# logg = 8.5 log(cm/s2) (value for Log(G) for the model.)
#
# column 1: WAVELENGTH (ANGSTROM), Wavelength in Angstrom
# column 2: FLUX (ERG/CM2/S/A), Flux in erg/cm2/s/A
         899.23         20815.2 
        909.241         24312.5 
        919.241          107317 
        929.261          152275 
        939.271          362430 
         949.28         70504.6 
        959.289      1.19123e+6 
        969.297          587374 
        979.305      1.09579e+6 
         989.31      2.41007e+6 
        999.319      4.49798e+6 
        1009.33      2.59421e+6 
        1019.33      1.28671e+6 
        1029.34      1.18099e+6 
        1039.34      3.19475e+6 
        1049.35      7.42921e+6 
        1059.36      8.63369e+6 
        1069.36      2.15991e+7 
        1079.36      2.30632e+7 
        1089.37      9.58616e+7 
        1099.37      1.15055e+8 
        1109.38      1.12403e+8 
        1119.38      1.02168e+8 
        1129.38      9.13927e+7 
        1139.39      7.64639e+7 
        1149.39      5.99856e+7 
        1159.39      4.42393e+7 
        1169.39       3.0141e+7 
         1179.4      1.80543e+7 
         1189.4      1.12222e+7 
         1199.4      7.85056e+6 
         1209.4      5.13855e+6 
        1219.41      4.85244e+6 
        1229.41       8.3103e+6 
        1239.41       1.5546e+7 
        1249.41      2.76548e+7 
        1259.41       4.4233e+7 
        1269.41      6.73633e+7 
        1279.42      9.62248e+7 
        1289.42       1.2665e+8 
        1299.42      1.58728e+8 
        1309.42        1.851e+8 
        1319.42      2.17575e+8 
        1329.42      2.40358e+8 
        1339.42      2.49536e+8 
        1349.42      2.77082e+8 
        1359.42      3.07458e+8 
        1369.42      3.00442e+8 
        1379.42      2.50856e+8 
        1389.42      2.13177e+8 
        1399.42      2.24114e+8 
        1409.42      3.64833e+8 
        1419.42      5.35949e+8 
        1429.42      6.05328e+8 
        1439.42      6.24172e+8 
         1449.9      6.27109e+8 
        1460.22      6.26949e+8 
        1471.02      6.29069e+8 
        1484.42      6.40458e+8 
        1494.42      6.47979e+8 
        1509.42      6.52801e+8 
        1521.92      6.49625e+8 
        1534.42      6.26773e+8 
        1544.42      6.04807e+8 
        1559.42      5.81383e+8 
        1570.19      5.59775e+8 
        1581.91      5.34712e+8 
        1594.41      5.26038e+8 
        1604.41      5.38007e+8 
        1619.41      5.77736e+8 
        1634.41      6.20465e+8 
        1649.41      6.47492e+8 
        1664.41      6.57529e+8 
        1676.33      6.58977e+8 
         1689.4      6.57765e+8 
         1704.4      6.54516e+8 
         1719.4      6.50244e+8 
         1734.4      6.45544e+8 
        1749.39      6.40602e+8 
        1764.39      6.35456e+8 
        1775.55      6.31605e+8 
        1789.39      6.26798e+8 
        1809.39      6.19755e+8 
           1824      6.14605e+8 
        1834.77      6.10832e+8 
        1845.54      6.07044e+8 
           1864      6.00594e+8 
        1876.29      5.96284e+8 
        1888.59      5.92002e+8 
        1906.98      5.85621e+8 
        1919.37      5.81336e+8 
        1931.76      5.77082e+8 
        1944.47      5.72741e+8 
        1956.53      5.68625e+8 
         1967.6      5.64865e+8 
        1992.71      5.56385e+8 
        2017.81      5.47985e+8 
        2067.03      5.31664e+8 
        2116.25      5.15658e+8 
        2165.47      5.00025e+8 
         2214.7      4.84666e+8 
        2263.91      4.69668e+8 
        2313.13      4.55047e+8 
        2362.35      4.40844e+8 
        2409.27       4.2764e+8 
        2451.59      4.16029e+8 
        2466.76      4.11932e+8 
        2488.39      4.06148e+8 
        2510.01      4.00531e+8 
         2547.3      3.90874e+8 
        2559.23      3.87833e+8 
        2571.17      3.84817e+8 
        2595.04      3.78864e+8 
        2627.89      3.70818e+8 
        2642.78      3.67218e+8 
        2657.67      3.63649e+8 
        2687.45      3.56612e+8 
        2737.93         3.45e+8 
        2756.11      3.40913e+8 
        2766.75      3.38547e+8 
        2810.65      3.28959e+8 
        2854.55      3.19651e+8 
        2931.71      3.03954e+8 
        2942.34      3.01853e+8 
        2952.98      2.99767e+8 
        2974.26      2.95644e+8 
        3016.81      2.87579e+8 
        3051.42      2.81195e+8 
        3091.41      2.74018e+8 
        3120.64      2.68913e+8 
        3149.86      2.63916e+8 
        3168.31      2.60813e+8 
         3208.3      2.54227e+8 
        3248.29      2.47828e+8 
        3309.83      2.38357e+8 
        3322.09      2.36522e+8 
        3346.73      2.32879e+8 
        3383.63       2.2755e+8 
        3445.17      2.18963e+8 
        3469.81      2.15629e+8 
        3495.92      2.12156e+8 
        3506.71      2.10739e+8 
         3543.6      2.05973e+8 
        3591.28      1.99993e+8 
        3635.88      1.94559e+8 
        3647.12      1.93218e+8 
        3658.96      1.91812e+8 
        3671.11      1.90355e+8 
        3682.58      1.89003e+8 
         3693.5       1.8772e+8 
        3703.57      1.86541e+8 
        3713.83      1.85361e+8 
        3724.38      1.84182e+8 
        3734.43       1.8299e+8 
        3744.62      1.82014e+8 
        3754.84      1.81097e+8 
        3765.07      1.79632e+8 
         3775.5      1.79012e+8 
        3786.22      1.78755e+8 
        3796.45      1.73509e+8 
        3807.84      1.78369e+8 
        3818.92       1.7837e+8 
        3830.45      1.67741e+8 
        3840.76      1.68911e+8 
        3851.98      1.80581e+8 
        3862.01      1.82031e+8 
        3872.59      1.73611e+8 
         3884.4      1.50443e+8 
        3894.46        1.527e+8 
        3906.64      1.77736e+8 
        3917.15      1.88245e+8 
        3928.22      1.90388e+8 
        3938.89      1.84724e+8 
        3950.65      1.67504e+8 
        3962.28      1.36717e+8 
        3972.79      1.18683e+8 
        3982.85      1.51147e+8 
        3993.25      1.74691e+8 
        4003.87      1.90365e+8 
        4016.36      1.99109e+8 
        4028.86      2.01722e+8 
        4039.49      2.00559e+8 
        4050.11      1.95771e+8 
        4061.35      1.85524e+8 
        4073.85      1.66563e+8 
        4083.99      1.45407e+8 
        4094.05      1.15648e+8 
        4104.79      9.85571e+7 
        4115.43      1.33094e+8 
        4127.38      1.59619e+8 
        4138.83      1.77504e+8 
           4151      1.91065e+8 
        4163.83      1.99548e+8 
        4178.82      2.04252e+8 
        4193.82      2.05969e+8 
        4208.81      2.06019e+8 
         4221.1      2.05099e+8 
        4233.81      2.03153e+8 
         4248.8      1.99134e+8 
         4263.8      1.92304e+8 
         4278.8      1.81692e+8 
        4293.79      1.66629e+8 
        4306.29      1.51061e+8 
        4316.43      1.35257e+8 
        4328.73      1.08923e+8 
        4338.78      7.93884e+7 
        4348.98      9.95181e+7 
        4360.12      1.24801e+8 
        4371.86      1.42812e+8 
        4383.77      1.56391e+8 
        4398.76      1.69233e+8 
        4413.76      1.78141e+8 
        4428.76      1.83447e+8 
        4443.75      1.86112e+8 
        4458.75      1.87131e+8 
        4473.74      1.87185e+8 
        4488.74      1.86697e+8 
        4503.74      1.85894e+8 
        4514.12      1.85204e+8 
        4527.19       1.8422e+8 
        4538.73       1.8327e+8 
        4553.72      1.81948e+8 
        4568.72      1.80543e+8 
        4583.72       1.7907e+8 
        4596.53      1.77759e+8 
        4608.71      1.76501e+8 
         4623.7      1.74849e+8 
         4638.7      1.73122e+8 
         4653.7      1.71301e+8 
        4668.69      1.69343e+8 
        4683.69       1.6716e+8 
        4698.68       1.6469e+8 
        4713.68      1.61803e+8 
        4724.83      1.59304e+8 
        4738.67      1.55682e+8 
        4753.67      1.51189e+8 
        4768.67      1.45856e+8 
        4783.66      1.39305e+8 
        4798.66      1.31272e+8 
        4813.65      1.21279e+8 
        4828.65      1.08718e+8 
        4839.16      9.71952e+7 
        4849.39      8.25095e+7 
        4859.63      6.31768e+7 
        4870.86      7.79172e+7 
        4882.01      9.36411e+7 
        4893.63      1.05206e+8 
        4908.63      1.15629e+8 
         4921.7      1.22296e+8 
        4933.62      1.26896e+8 
        4948.62      1.31101e+8 
        4963.61      1.33912e+8 
        4978.61      1.35709e+8 
        4993.61      1.36794e+8 
         5008.6      1.37287e+8 
         5023.6      1.37274e+8 
        5038.59      1.36901e+8 
        5053.59      1.36292e+8 
        5068.59      1.35515e+8 
        5083.58      1.34639e+8 
        5098.58      1.33705e+8 
        5113.57       1.3273e+8 
        5128.57      1.31729e+8 
        5143.57      1.30708e+8 
        5158.56      1.29677e+8 
        5173.56       1.2864e+8 
        5188.55        1.276e+8 
        5203.55      1.26562e+8 
        5218.55      1.25524e+8 
        5233.54      1.24488e+8 
        5248.54      1.23457e+8 
        5263.53      1.22432e+8 
        5278.53      1.21413e+8 
        5293.52      1.20401e+8 
        5308.52      1.19397e+8 
        5323.52      1.18401e+8 
        5338.51      1.17413e+8 
        5353.51      1.16432e+8 
        5368.51      1.15558e+8 
         5383.5      1.14585e+8 
         5398.5      1.13621e+8 
        5413.49      1.12667e+8 
        5428.49      1.11723e+8 
        5443.48      1.10788e+8 
        5458.48      1.09862e+8 
        5473.48      1.08945e+8 
        5488.47      1.08037e+8 
        5503.47      1.07139e+8 
        5518.47      1.06249e+8 
        5533.46      1.05369e+8 
        5548.46      1.04497e+8 
        5563.45      1.03634e+8 
        5578.45      1.02779e+8 
        5593.44      1.01932e+8 
        5608.44      1.01095e+8 
        5623.44      1.00265e+8 
        5638.43      9.94433e+7 
        5653.43      9.86297e+7 
        5668.43      9.79517e+7 
        5682.86      9.71773e+7 
        5693.42      9.66159e+7 
        5704.77      9.60168e+7 
        5715.23      9.54683e+7 
        5728.41      9.47834e+7 
         5743.4      9.40112e+7 
         5758.4      9.32469e+7 
         5773.4      9.24137e+7 
        5788.39      9.16619e+7 
        5803.39      9.09177e+7 
        5818.39      9.01807e+7 
        5833.38      8.94509e+7 
        5848.38       8.8728e+7 
        5863.37       8.8012e+7 
        5878.37      8.73027e+7 
        5893.36      8.65996e+7 
        5908.36      8.59028e+7 
        5923.36      8.52122e+7 
        5938.35       8.4528e+7 
        5953.35      8.38501e+7 
        5968.34      8.31777e+7 
        5983.34      8.25114e+7 
        5998.34      8.18504e+7 
        6013.33      8.11951e+7 
        6028.33      8.05448e+7 
        6043.32      7.98998e+7 
        6058.32      7.92596e+7 
        6073.32      7.86221e+7 
        6088.31      7.79872e+7 
        6103.31      7.73554e+7 
         6118.3      7.67259e+7 
         6133.3      7.60988e+7 
         6148.3      7.54739e+7 
        6163.29      7.48503e+7 
        6178.29      7.42264e+7 
        6193.28      7.36006e+7 
        6208.28      7.29726e+7 
        6223.28      7.23399e+7 
        6238.27      7.16999e+7 
        6252.16      7.11027e+7 
        6262.16      7.06786e+7 
        6273.26      7.02027e+7 
        6284.63      6.97088e+7 
        6295.99      6.92083e+7 
        6306.09      6.87613e+7 
        6316.22      6.83036e+7 
        6328.25      6.77469e+7 
        6343.24      6.70309e+7 
        6358.24       6.6282e+7 
        6373.23      6.54937e+7 
        6388.23       6.4654e+7 
        6403.23      6.37413e+7 
        6418.22      6.27323e+7 
        6433.22      6.15975e+7 
        6448.22      6.02843e+7 
        6463.21      5.87431e+7 
        6478.21       5.6914e+7 
         6493.2      5.47331e+7 
         6508.2      5.20336e+7 
        6523.19      4.85857e+7 
        6537.09      4.43389e+7 
        6548.06      3.99595e+7 
        6558.19      3.50988e+7 
        6569.28      3.59945e+7 
        6579.79      4.03946e+7 
        6590.04      4.38987e+7 
        6603.34      4.72043e+7 
        6613.66      4.90842e+7 
        6623.98      5.05432e+7 
         6634.3      5.16817e+7 
        6644.62      5.25664e+7 
        6654.94      5.32635e+7 
        6665.26      5.38035e+7 
        6675.58      5.42006e+7 
         6685.9      5.44834e+7 
        6696.23      5.46669e+7 
        6711.48      5.48013e+7 
        6726.73      5.48148e+7 
        6741.98      5.47379e+7 
        6757.23       5.4593e+7 
        6772.48      5.44011e+7 
        6802.98      5.39129e+7 
        6824.78      5.35067e+7 
        6868.37      5.26157e+7 
        6955.56      5.07119e+7 
        6976.35      5.02454e+7 
        7042.75      4.87622e+7 
        7109.15      4.73052e+7 
        7175.54      4.58902e+7 
        7241.94      4.45223e+7 
        7308.33      4.32016e+7 
        7355.95      4.22833e+7 
        7374.73       4.1939e+7 
        7393.51      4.15859e+7 
        7431.08      4.08907e+7 
        7506.22      3.95429e+7 
        7581.35      3.82495e+7 
         7635.1      3.73567e+7 
        7656.49      3.70083e+7 
        7677.88       3.6664e+7 
        7720.67      3.59873e+7 
        7806.23      3.46797e+7 
        7821.36      3.44545e+7 
         7891.8        3.343e+7 
        7962.25      3.24432e+7 
        7982.84      3.21614e+7 
        8032.69       3.1492e+7 
        8082.55      3.08395e+7 
        8161.68       2.9838e+7 
        8182.26       2.9584e+7 
        8200.85      2.93571e+7 
        8216.85      2.91634e+7 
        8232.84      2.89714e+7 
        8264.83       2.8592e+7 
        8289.72      2.83012e+7 
        8328.82      2.78514e+7 
        8343.44      2.76854e+7 
        8367.92      2.74102e+7 
        8388.68        2.718e+7 
        8408.65      2.69608e+7 
        8432.02      2.67069e+7 
        8467.25      2.63288e+7 
        8502.48      2.59574e+7 
        8516.58      2.58104e+7 
        8530.98      2.56612e+7 
        8545.38      2.55176e+7 
        8574.18      2.52313e+7 
        8598.39      2.49935e+7 
         8628.6      2.47016e+7 
        8646.81      2.45252e+7 
        8665.01      2.43498e+7 
        8685.59      2.41574e+7 
        8701.43      2.40088e+7 
        8750.47      2.35325e+7 
        8767.92      2.33775e+7 
        8815.35      2.29408e+7 
        8862.78      2.25103e+7 
        8900.38      2.22485e+7 
        8957.65      2.17543e+7 
        8986.28       2.1456e+7 
        9000.59      2.13015e+7 
        9014.91      2.11631e+7 
        9029.22      2.10864e+7 
        9043.54      2.10247e+7 
        9057.85      2.09593e+7 
        9072.17      2.08862e+7 
        9086.49      2.07988e+7 
        9099.72      2.07086e+7 
        9126.18      2.05026e+7 
        9152.64      2.02445e+7 
         9179.1      1.99307e+7 
        9204.06      1.95953e+7 
        9216.53      1.94231e+7 
        9229.01      1.92887e+7 
        9241.49      1.92723e+7 
        9253.96      1.92465e+7 
        9266.44      1.92569e+7 
        9278.92      1.92623e+7 
        9297.63      1.92452e+7 
        9322.58      1.91848e+7 
        9347.54      1.90687e+7 
         9360.9      1.89911e+7 
        9372.49      1.89153e+7 
        9384.08      1.88325e+7 
        9407.27      1.86426e+7 
        9430.46      1.84247e+7 
        9453.65      1.81513e+7 
        9476.83      1.78469e+7 
        9488.54      1.76579e+7 
        9500.02      1.74599e+7 
        9511.51      1.72172e+7 
        9522.99      1.69348e+7 
        9534.48      1.66326e+7 
        9544.53      1.63833e+7 
        9554.58      1.64509e+7 
        9564.63      1.66107e+7 
        9577.55      1.67995e+7 
        9589.04      1.69214e+7 
        9600.52      1.70069e+7 
        9612.01      1.70637e+7 
        9623.49      1.71018e+7 
        9634.98      1.71173e+7 
        9647.45       1.7133e+7 
        9657.95      1.71323e+7 
        9668.45      1.71188e+7 
        9689.45      1.70707e+7 
        9710.45      1.70049e+7 
        9731.45      1.69166e+7 
        9773.46      1.67031e+7 
        9815.46      1.64402e+7 
        9836.46      1.62837e+7 
        9857.47      1.61414e+7 
        9878.47      1.59448e+7 
        9899.47      1.57111e+7 
        9920.47      1.54477e+7 
        9941.47      1.51557e+7 
        9952.82      1.49714e+7 
        9964.17      1.47802e+7 
        9975.51      1.45823e+7 
        9986.86      1.43512e+7 
        9998.21      1.41026e+7 
        10009.6      1.38195e+7 
        10020.9      1.35088e+7 
        10037.8      1.30218e+7 
        10049.4      1.28399e+7 
        10060.9      1.29272e+7 
        10072.4      1.31579e+7 
          10084      1.33857e+7 
        10095.5      1.35794e+7 
          10107      1.37277e+7 
        10118.6      1.38667e+7 
        10130.1      1.39669e+7 
        10141.7      1.40421e+7 
        10153.2      1.41268e+7 
        10176.3      1.42254e+7 
        10199.3      1.42877e+7 
        10222.4      1.43124e+7 
        10237.2      1.43055e+7 
        10266.7      1.42646e+7 
        10296.3       1.4193e+7 
        10325.8      1.40998e+7 
        10355.3      1.39949e+7 
        10384.9      1.38831e+7 
        10414.4      1.37667e+7 
          10444      1.35909e+7 
          10503      1.33255e+7 
        10562.1       1.3067e+7 
        10621.2      1.27534e+7 
        10650.7      1.25804e+7 
        10680.3      1.23902e+7 
        10709.8      1.21748e+7 
        10739.4      1.19258e+7 
        10768.9      1.16629e+7 
        10798.4       1.1346e+7 
        10813.2      1.11678e+7 
          10828      1.09892e+7 
        10842.8      1.07778e+7 
        10857.5      1.05479e+7 
        10872.3      1.02873e+7 
        10887.1      9.98555e+6 
        10901.8       9.6331e+6 
        10916.6      9.23638e+6 
          10928      8.87927e+6 
        10938.1      8.41636e+6 
        10951.1      8.90594e+6 
        10961.1       9.1547e+6 
        10974.6      9.43078e+6 
          10988      9.66769e+6 
        11001.4      9.85411e+6 
        11014.8      1.00088e+7 
        11028.2      1.01265e+7 
        11041.7      1.02336e+7 
        11055.1      1.03116e+7 
        11068.5      1.03743e+7 
        11095.3      1.04774e+7 
        11122.2      1.05339e+7 
          11149      1.05616e+7 
        11175.9      1.05687e+7 
        11198.1       1.0556e+7 
        11229.5      1.05168e+7 
        11260.9      1.04603e+7 
        11292.3      1.03896e+7 
        11323.7      1.03102e+7 
        11386.4      1.01386e+7 
        11417.8      1.00495e+7 
        11449.2       9.9962e+6 
        11480.6      9.89947e+6 
          11512      9.80387e+6 
        11574.7      9.61613e+6 
        11637.5      9.43279e+6 
        11700.2      9.25378e+6 
          11763      9.07892e+6 
        11825.8      8.90814e+6 
        11888.5      8.74132e+6 
        11951.3      8.57834e+6 
        12014.1      8.41909e+6 
        12076.8      8.23625e+6 
        12139.6      8.07769e+6 
        12202.3      7.91989e+6 
        12245.6      7.81091e+6 
        12265.1      7.76115e+6 
        12284.6       7.7111e+6 
        12323.7      7.60897e+6 
        12401.8      7.39521e+6 
        12440.8      7.28039e+6 
        12479.9      7.15787e+6 
        12518.9      7.02567e+6 
          12558      6.88094e+6 
        12597.1      6.71616e+6 
        12616.6      6.62414e+6 
        12636.1      6.52798e+6 
        12655.6      6.42214e+6 
        12675.2       6.3032e+6 
        12694.7      6.17191e+6 
        12714.2      6.02586e+6 
        12733.7      5.85379e+6 
        12753.3      5.65468e+6 
        12772.8      5.42333e+6 
        12792.3      5.15626e+6 
        12805.6      4.94163e+6 
        12815.7      4.71148e+6 
        12827.6      4.86149e+6 
        12840.4      5.04851e+6 
        12853.2      5.19324e+6 
          12866      5.32183e+6 
        12878.8      5.43122e+6 
        12891.6      5.52905e+6 
        12904.4      5.60878e+6 
        12917.2      5.67764e+6 
          12930      5.73469e+6 
        12942.8      5.78003e+6 
        12955.6      5.82002e+6 
        12981.2      5.88141e+6 
        13006.8       5.9197e+6 
        13032.4      5.94374e+6 
          13058      5.95668e+6 
        13083.5      5.95894e+6 
        13109.1      5.95282e+6 
        13160.3        5.923e+6 
        13211.5      5.87691e+6 
        13262.7       5.8193e+6 
        13308.4      5.76174e+6 
        13399.7      5.63753e+6 
          13491      5.50828e+6 
        13582.3      5.37907e+6 
        13673.6      5.25969e+6 
        13764.9      5.13286e+6 
        13856.2       5.0098e+6 
        13947.5      4.89039e+6 
        14038.8      4.77447e+6 
        14130.1      4.66197e+6 
        14221.5       4.5527e+6 
        14293.5      4.46879e+6 
        14312.8      4.44664e+6 
        14332.1      4.42459e+6 
        14370.7      4.38064e+6 
        14438.1      4.30514e+6 
        14449.4      4.29264e+6 
        14477.2       4.2621e+6 
        14516.3      4.21957e+6 
        14581.2      4.15017e+6 
        14597.2      4.13327e+6 
        14613.2      4.11643e+6 
        14645.2      4.08307e+6 
        14709.2      4.01734e+6 
        14773.2      3.95294e+6 
        14837.1      3.88979e+6 
        14901.1      3.82794e+6 
        14965.1      3.76727e+6 
        15029.1       3.7078e+6 
        15093.1      3.64953e+6 
        15157.1      3.59238e+6 
          15221      3.53633e+6 
          15285      3.48139e+6 
          15349      3.42748e+6 
          15413      3.37464e+6 
        15471.6       3.3271e+6 
        15482.4      3.31846e+6 
        15493.1      3.30986e+6 
        15514.7      3.29273e+6 
        15557.9      3.25884e+6 
        15644.2      3.19233e+6 
        15730.5      3.12749e+6 
        15816.8       3.0643e+6 
        15903.1      3.00269e+6 
        15989.4      2.94262e+6 
        16075.8      2.88403e+6 
        16162.1      2.82688e+6 
        16248.4      2.77113e+6 
        16289.9      2.74481e+6 
        16334.7      2.71674e+6 
        16379.5      2.68903e+6 
        16469.1      2.63553e+6 
        16558.8      2.58334e+6 
        16648.4      2.53245e+6 
          16738       2.4828e+6 
        16827.7      2.43436e+6 
        16917.3       2.3871e+6 
        17006.9      2.34097e+6 
        17096.6      2.29596e+6 
        17186.2      2.25202e+6 
        17275.8      2.20913e+6 
        17327.7      2.18478e+6 
        17365.5      2.16725e+6 
        17403.2       2.1499e+6 
        17478.8       2.1161e+6 
        17554.3      2.08297e+6 
        17629.9      2.05048e+6 
        17705.4      2.01861e+6 
          17781      1.98737e+6 
        17856.5      1.95672e+6 
        17894.3      1.94162e+6 
        17913.2      1.93412e+6 
        17932.1      1.92666e+6 
        17946.2      1.92109e+6 
        17956.3      1.90717e+6 
        17966.3      1.90296e+6 
        17976.3      1.89876e+6 
        17986.4      1.89456e+6 
        17996.4      1.89036e+6 
        18006.4      1.88615e+6 
        18016.8      1.88182e+6 
        18045.1      1.86991e+6 
        18082.9      1.85396e+6 
        18158.4      1.82161e+6 
          18234      1.78809e+6 
        18309.5      1.75242e+6 
        18343.2      1.73547e+6 
        18385.1      1.71301e+6 
          18427      1.68855e+6 
        18468.9      1.66131e+6 
        18510.8      1.63022e+6 
        18552.7      1.59358e+6 
        18573.6      1.57265e+6 
        18594.6      1.54939e+6 
        18615.5      1.52372e+6 
        18636.5      1.49506e+6 
        18657.4       1.4627e+6 
        18678.4      1.42755e+6 
        18689.4      1.40767e+6 
        18704.8      1.37857e+6 
        18720.3      1.34582e+6 
        18731.8      1.31491e+6 
        18743.4      1.26484e+6 
        18753.5      1.20719e+6 
        18766.7      1.29464e+6 
        18779.5      1.32538e+6 
        18798.6      1.35632e+6 
        18811.4      1.37321e+6 
          18837      1.40319e+6 
        18862.6      1.42804e+6 
        18888.2       1.4473e+6 
        18913.8      1.46182e+6 
        18939.4      1.47257e+6 
          18965       1.4801e+6 
        18990.6        1.485e+6 
        19016.2      1.48776e+6 
        19041.8      1.48881e+6 
        19067.4      1.48851e+6 
        19118.6      1.48484e+6 
        19169.7      1.47816e+6 
        19220.9      1.46945e+6 
        19272.1      1.45936e+6 
        19323.3      1.44835e+6 
        19374.5      1.43672e+6 
        19400.7      1.43059e+6 
        19425.7      1.42466e+6 
        19450.7      1.41867e+6 
        19500.7      1.40645e+6 
        19550.7      1.39413e+6 
        19600.7      1.38693e+6 
        19650.7      1.37378e+6 
        19700.7      1.36078e+6 
        19750.7      1.34794e+6 
        19800.7      1.33524e+6 
        19850.7      1.32269e+6 
        19900.7      1.31029e+6 
        19950.7      1.29803e+6 
        20000.7      1.28591e+6 
        20050.7      1.27394e+6 
        20100.7       1.2621e+6 
        20150.7       1.2504e+6 
        20200.6      1.23883e+6 
        20250.6      1.22739e+6 
        20300.6      1.21609e+6 
        20350.6      1.20492e+6 
        20400.6      1.19388e+6 
        20426.9      1.18813e+6 
        20450.6      1.18296e+6 
        20474.4      1.17782e+6 
        20521.9      1.16754e+6 
        20616.9      1.14733e+6 
        20711.9      1.12756e+6 
        20806.9       1.1082e+6 
          20902      1.08925e+6 
          20997      1.07071e+6 
          21092      1.05256e+6 
          21187      1.03478e+6 
          21282      1.01738e+6 
          21377      1.00034e+6 
          21472          983655 
        21503.5          978207 
        21567.1          967312 
        21630.6          956565 
        21694.2          945921 
        21757.7          935425 
        21821.3          925070 
        21884.9          914860 
        21948.4          904788 
          22012          894851 
        22075.5          885053 
        22139.1          875386 
        22202.7          865854 
        22266.2          856448 
        22329.8          847171 
        22393.4          838020 
        22456.9          828991 
        22520.5          820081 
          22584          811288 
        22647.6          802617 
        22711.2          794056 
        22762.6          787211 
        22774.7          785612 
        22784.8          784280 
        22800.8          782169 
        22816.8          780067 
        22848.8          775882 
        22912.8          767595 
        22976.8          759420 
        23040.8          751353 
        23104.8          743392 
        23168.7          735535 
        23232.7          727781 
        23296.7          720128 
        23360.7          712576 
        23424.7          705124 
        23488.6          697767 
        23552.6          690506 
        23616.6          683337 
        23680.6          676262 
        23744.6          669279 
        23808.6          662383 
        23872.5          655575 
        23936.5          648852 
        24000.5          642217 
        24064.5          635664 
        24128.5          629192 
        24192.5          622805 
        24256.4          616497 
        24320.4          610267 
        24384.4          604116 
        24448.4          598040 
        24512.4          592043 
        24576.3          586118 
        24640.3          580265 
        24704.3          574487 
        24768.3          568779 
        24832.3          563143 
        24896.3          557573 
        24960.2          552075 
        25004.4          548315 
        25024.2          546640 
          25044          544975 
        25083.6          541673 
        25162.8          535142 
        25241.9          528708 
        25321.1          522371 
        25400.2          516129 
        25479.4          509978 
        25558.5          503918 
        25637.7          497949 
        25716.9          492065 
          25796          486268 
        25875.2          480557 
        25954.3          474927 
        26033.5          469382 
        26112.7          463916 
        26191.8          458525 
          26271          453219 
        26350.1          447985 
        26429.3          442829 
        26508.4          437746 
        26587.6          432736 
        26666.8          427794 
        26745.9          422924 
        26825.1          418124 
        26904.2          413390 
        26983.4          408724 
        27062.6          404122 
        27141.7          399585 
        27220.9          395112 
        27299.2          390745 
        27377.5          386447 
        27455.8          382203 
        27534.2          378022 
        27612.5          373894 
        27690.8          369825 
        27769.1          365810 
        27847.5          361849 
        27925.8          357941 
        28004.1          354086 
        28082.4          350284 
        28160.8          346530 
        28239.1          342829 
        28317.4          339176 
        28395.7          335572 
          28474          332016 
        28552.4          328507 
        28630.7          325042 
          28709          321624 
        28787.3          318250 
        28865.7          314923 
          28944          311636 
        29022.3          308393 
        29100.6          305193 
          29179          302033 
        29257.3          298915 
        29335.6          295837 
        29413.9          292798 
        29492.3          289798 
        29570.6          286837 
        29648.9          283913 
        29727.2          281026 
        29805.5          278175 
        29883.9          275361 
        29932.6          273628 
        29962.2          272582 
        29991.8          271541 
