# Koester WD models
# teff = 12250 K (value for the effective temperature for the model. Temperatures are given in K)
# logg = 7.5 log(cm/s2) (value for Log(G) for the model.)
#
# column 1: WAVELENGTH (ANGSTROM), Wavelength in Angstrom
# column 2: FLUX (ERG/CM2/S/A), Flux in erg/cm2/s/A
         899.23         5642.27 
        909.241            6710 
        919.241         54321.6 
        929.261         76514.7 
        939.271          180366 
         949.28         28686.6 
        959.289          583208 
        969.297          293726 
        979.305          536229 
        989.312       1.1408e+6 
        999.319      2.11878e+6 
        1009.33      1.26127e+6 
        1019.33          651679 
        1029.34          610977 
        1039.34      1.59549e+6 
        1049.35      3.64613e+6 
        1059.36      4.29603e+6 
        1069.36      1.49496e+7 
        1079.36      1.59835e+7 
        1089.37      2.01278e+8 
        1099.37      2.51336e+8 
        1109.38       2.3263e+8 
        1119.38      1.91564e+8 
        1129.38      1.52409e+8 
        1139.39      1.06521e+8 
        1149.39      6.52854e+7 
        1159.39      3.63708e+7 
        1169.39      1.93099e+7 
         1179.4      9.95693e+6 
         1189.4      6.13613e+6 
         1199.4      4.40564e+6 
         1209.4      2.91665e+6 
        1219.41      2.79719e+6 
        1229.41      4.70733e+6 
        1239.41      8.56197e+6 
        1249.41      1.59474e+7 
        1259.41      2.98708e+7 
        1269.41      5.69659e+7 
        1279.42      1.00033e+8 
        1289.42      1.52602e+8 
        1299.42      2.08442e+8 
        1309.42      2.54619e+8 
        1319.42      3.06378e+8 
        1329.42      3.39817e+8 
        1339.42      3.48506e+8 
        1349.42      3.83391e+8 
        1359.42      4.23776e+8 
        1369.42      4.07298e+8 
        1379.42      3.23047e+8 
        1389.42      2.54246e+8 
        1399.42      2.66792e+8 
        1409.42      4.66288e+8 
        1419.42       6.4762e+8 
        1429.42      7.00443e+8 
        1439.42      7.09588e+8 
        1454.42      6.99878e+8 
        1464.42      6.92134e+8 
        1474.42      6.85807e+8 
        1489.42      6.85423e+8 
        1504.42      6.81829e+8 
        1514.42      6.77239e+8 
        1529.42       6.6155e+8 
        1544.42      6.28315e+8 
        1559.42       6.0203e+8 
        1570.19      5.80902e+8 
        1581.91      5.54915e+8 
        1594.41      5.40586e+8 
        1604.41      5.44391e+8 
        1619.41      5.67299e+8 
        1634.41      5.91512e+8 
        1649.41      6.03123e+8 
        1664.41      6.02711e+8 
        1676.33      5.98301e+8 
         1689.4      5.91882e+8 
         1704.4      5.83557e+8 
         1719.4      5.74858e+8 
         1734.4      5.66112e+8 
        1749.39      5.57447e+8 
        1764.39      5.48934e+8 
        1775.55      5.42745e+8 
        1789.39      5.35214e+8 
        1809.39      5.24611e+8 
           1824      5.17062e+8 
        1834.77      5.11612e+8 
        1845.54      5.06258e+8 
           1864      4.97314e+8 
        1876.29      4.91411e+8 
        1888.59      4.85631e+8 
        1906.98      4.77205e+8 
        1919.37      4.71663e+8 
        1931.76      4.66244e+8 
        1944.47       4.6079e+8 
        1956.53      4.55723e+8 
         1967.6      4.51167e+8 
        1992.71      4.41102e+8 
        2017.81      4.31397e+8 
        2067.03       4.1311e+8 
        2116.25      3.96051e+8 
        2165.42      3.80192e+8 
        2178.22      3.76231e+8 
        2191.02      3.72329e+8 
         2214.7       3.6527e+8 
        2260.18      3.52314e+8 
        2275.12      3.48192e+8 
        2290.06      3.44139e+8 
        2313.13      3.38023e+8 
        2356.21      3.27099e+8 
         2368.5      3.24084e+8 
        2380.79      3.21108e+8 
        2401.46      3.16192e+8 
        2417.09      3.12553e+8 
        2432.72       3.0897e+8 
        2451.59      3.04701e+8 
        2466.76      3.01334e+8 
        2488.39      2.96608e+8 
        2510.01      2.92056e+8 
         2547.3      2.84361e+8 
        2559.23       2.8196e+8 
        2571.17      2.79591e+8 
        2595.04      2.74941e+8 
        2627.89      2.68737e+8 
        2642.78      2.65995e+8 
        2657.67       2.6329e+8 
        2687.45      2.57995e+8 
        2737.93      2.49302e+8 
        2756.11      2.46273e+8 
        2766.75      2.44525e+8 
        2810.65       2.3749e+8 
        2854.55      2.30739e+8 
        2931.71      2.19476e+8 
        2942.34      2.17981e+8 
        2952.98      2.16499e+8 
        2974.26      2.13581e+8 
        3016.81      2.07892e+8 
        3051.42      2.03409e+8 
        3091.41      1.98389e+8 
        3120.64      1.94829e+8 
        3149.86      1.91354e+8 
        3168.31      1.89204e+8 
         3208.3      1.84644e+8 
        3248.29      1.80217e+8 
        3309.83      1.73667e+8 
        3322.09        1.724e+8 
        3346.73      1.69888e+8 
        3383.63       1.6622e+8 
        3445.17      1.60326e+8 
        3469.81      1.58039e+8 
        3495.92      1.55659e+8 
        3506.71       1.5469e+8 
         3543.6      1.51428e+8 
        3591.28       1.4734e+8 
        3635.88      1.43631e+8 
        3647.12      1.42714e+8 
        3658.96       1.4175e+8 
        3671.11      1.40752e+8 
        3682.58      1.39819e+8 
         3693.5      1.38948e+8 
        3703.57      1.38158e+8 
        3713.83      1.37474e+8 
        3724.38      1.36858e+8 
        3734.43      1.35568e+8 
        3744.62      1.35867e+8 
        3754.84      1.35855e+8 
        3765.03      1.34045e+8 
         3775.5      1.34239e+8 
        3785.73      1.38066e+8 
        3795.99      1.21777e+8 
        3806.86      1.37857e+8 
        3817.37      1.44088e+8 
        3827.39      1.27894e+8 
        3837.97      1.10522e+8 
        3848.19      1.42503e+8 
         3858.5      1.54997e+8 
         3868.9       1.4931e+8 
        3880.16      1.20796e+8 
        3890.32      8.99227e+7 
        3900.77      1.30598e+8 
        3911.18      1.57575e+8 
        3921.73      1.70135e+8 
        3933.45      1.70494e+8 
        3943.88      1.58139e+8 
        3954.55      1.32005e+8 
        3964.68      9.68493e+7 
        3975.49      9.66464e+7 
        3985.59      1.31145e+8 
        3996.44      1.59396e+8 
        4007.51      1.77633e+8 
        4018.86      1.86115e+8 
        4032.38       1.8914e+8 
        4043.86      1.87095e+8 
        4056.32      1.78222e+8 
        4066.35      1.64135e+8 
        4078.85      1.39148e+8 
        4090.38       1.0794e+8 
        4100.51      7.19676e+7 
         4110.7       9.9701e+7 
        4120.98      1.28611e+8 
        4131.53      1.51082e+8 
        4141.87      1.68116e+8 
        4153.83       1.8139e+8 
        4168.82      1.89822e+8 
        4183.82      1.93241e+8 
        4198.82      1.94223e+8 
        4213.81      1.93794e+8 
        4224.95      1.92691e+8 
        4238.81      1.90336e+8 
         4253.8      1.85995e+8 
         4268.8      1.78357e+8 
        4283.79      1.65792e+8 
        4298.79      1.49299e+8 
        4311.29      1.31239e+8 
         4323.5      1.07816e+8 
        4333.66      8.28529e+7 
        4344.08       7.3758e+7 
        4354.64      1.00336e+8 
        4366.07      1.22344e+8 
        4377.98      1.38759e+8 
        4388.77      1.49932e+8 
        4403.76      1.61598e+8 
        4418.76      1.68671e+8 
        4433.75      1.71985e+8 
        4448.75      1.72987e+8 
        4463.75       1.7296e+8 
        4478.74      1.72286e+8 
        4493.74      1.71309e+8 
        4508.73      1.70151e+8 
        4523.35      1.68903e+8 
        4533.35         1.68e+8 
        4543.73      1.67035e+8 
        4558.72      1.65597e+8 
        4573.72      1.64117e+8 
        4588.71      1.62607e+8 
        4600.89      1.61359e+8 
        4613.71      1.60048e+8 
         4628.7      1.58459e+8 
         4643.7      1.56823e+8 
        4658.69      1.55136e+8 
        4673.69      1.53331e+8 
        4688.69      1.51374e+8 
        4703.68      1.49203e+8 
         4715.6      1.47259e+8 
        4728.68      1.44815e+8 
        4743.67      1.41558e+8 
        4758.67      1.37644e+8 
        4773.66      1.32692e+8 
        4788.66      1.26484e+8 
        4803.66      1.18339e+8 
        4818.65      1.07955e+8 
        4831.15      9.66888e+7 
        4842.32       8.3736e+7 
        4853.42      6.76485e+7 
        4863.64      5.70871e+7 
        4874.75      7.52763e+7 
        4886.05      8.88226e+7 
        4896.13      9.80255e+7 
        4908.63      1.06422e+8 
         4921.7      1.12721e+8 
        4933.62      1.16879e+8 
        4948.62      1.20275e+8 
        4963.61      1.22345e+8 
        4978.61      1.23383e+8 
        4993.61      1.23763e+8 
         5008.6      1.23684e+8 
         5023.6      1.23262e+8 
        5038.59      1.22616e+8 
        5053.59       1.2183e+8 
        5068.59      1.20943e+8 
        5083.58          1.2e+8 
        5098.58      1.19029e+8 
        5113.57      1.18041e+8 
        5128.57      1.17045e+8 
        5143.57      1.16047e+8 
        5158.56       1.1505e+8 
        5173.56      1.14056e+8 
        5188.55      1.13066e+8 
        5203.55      1.12083e+8 
        5218.55      1.11106e+8 
        5233.54      1.10137e+8 
        5248.54      1.09177e+8 
        5263.53      1.08224e+8 
        5278.53       1.0728e+8 
        5293.52      1.06345e+8 
        5308.52      1.05419e+8 
        5323.52      1.04501e+8 
        5338.51      1.03592e+8 
        5353.51      1.02691e+8 
        5368.51      1.01845e+8 
         5383.5      1.00959e+8 
         5398.5       1.0008e+8 
        5413.49      9.92109e+7 
        5428.49       9.8351e+7 
        5443.48      9.75006e+7 
        5458.48      9.66593e+7 
        5473.48      9.58274e+7 
        5488.47       9.5004e+7 
        5503.47      9.41897e+7 
        5518.47      9.33845e+7 
        5533.46      9.25881e+7 
        5548.46      9.17999e+7 
        5563.45      9.10201e+7 
        5578.45      9.02488e+7 
        5593.44      8.94858e+7 
        5608.44      8.87305e+7 
        5623.44      8.79838e+7 
        5638.43      8.72445e+7 
        5653.43      8.65132e+7 
        5668.43      8.57919e+7 
        5682.86      8.51017e+7 
        5693.42      8.46015e+7 
        5704.77      8.40681e+7 
        5715.23      8.35799e+7 
        5728.41      8.29704e+7 
         5743.4      8.22837e+7 
         5758.4      8.16038e+7 
         5773.4      8.08985e+7 
        5788.39      8.02316e+7 
        5803.39      7.95712e+7 
        5818.39      7.89177e+7 
        5833.38      7.82709e+7 
        5848.38      7.76306e+7 
        5863.37      7.69964e+7 
        5878.37       7.6369e+7 
        5893.36      7.57479e+7 
        5908.36      7.51328e+7 
        5923.36      7.45236e+7 
        5938.35      7.39204e+7 
        5953.35      7.33232e+7 
        5968.34       7.2732e+7 
        5983.34       7.2146e+7 
        5998.34      7.15655e+7 
        6013.33      7.09906e+7 
        6028.33      7.04207e+7 
        6043.32      6.98561e+7 
        6058.32      6.92963e+7 
        6073.32      6.87412e+7 
        6088.31      6.81898e+7 
        6103.31      6.76429e+7 
         6118.3         6.71e+7 
         6133.3      6.65606e+7 
         6148.3      6.60247e+7 
        6163.29      6.54915e+7 
        6178.29      6.49606e+7 
        6193.28      6.44312e+7 
        6208.28      6.39038e+7 
        6223.28      6.33769e+7 
        6238.27      6.28491e+7 
        6252.16      6.23603e+7 
        6262.16      6.20113e+7 
        6273.26      6.16223e+7 
        6284.63      6.12224e+7 
        6295.99      6.08193e+7 
        6306.09      6.04587e+7 
        6316.22      6.00918e+7 
        6328.25      5.96494e+7 
        6343.24      5.90908e+7 
        6358.24      5.85159e+7 
        6373.23      5.79181e+7 
        6388.23      5.72876e+7 
        6403.23      5.66106e+7 
        6418.22      5.58644e+7 
        6433.22      5.50212e+7 
        6448.22      5.40382e+7 
        6463.21      5.28642e+7 
        6478.21      5.14357e+7 
         6493.2       4.9657e+7 
         6508.2      4.73482e+7 
        6523.19      4.42669e+7 
        6537.09       4.0421e+7 
        6548.06      3.65216e+7 
        6558.19      3.17869e+7 
        6569.28      3.26867e+7 
        6579.79      3.69131e+7 
        6590.04      4.00226e+7 
        6603.34      4.30125e+7 
        6613.66      4.46819e+7 
        6623.98      4.59181e+7 
         6634.3      4.68302e+7 
        6644.62       4.7488e+7 
        6654.94      4.79555e+7 
        6665.26      4.82891e+7 
        6675.58      4.85012e+7 
         6685.9      4.86187e+7 
        6696.23      4.86611e+7 
        6706.55      4.86469e+7 
        6721.34       4.8553e+7 
        6741.06       4.8334e+7 
        6760.77       4.8045e+7 
        6780.49      4.77136e+7 
        6815.08      4.70736e+7 
        6834.48      4.66944e+7 
        6853.88      4.63068e+7 
        6892.68      4.55201e+7 
        6970.27       4.3943e+7 
        6986.58      4.36144e+7 
        7047.86      4.23983e+7 
        7109.15      4.12155e+7 
        7170.43      4.00698e+7 
        7231.71      3.89617e+7 
        7292.99      3.78911e+7 
        7315.03      3.75147e+7 
        7354.27      3.68578e+7 
        7393.51      3.62175e+7 
           7472      3.49684e+7 
        7550.48       3.3774e+7 
        7580.06      3.33373e+7 
        7628.97      3.26314e+7 
        7677.88      3.19428e+7 
        7775.71      3.06202e+7 
        7873.53      2.93649e+7 
        7962.25      2.82817e+7 
        8019.38      2.76105e+7 
        8050.96      2.72481e+7 
        8082.55      2.68915e+7 
        8145.72      2.61958e+7 
        8200.85      2.56068e+7 
        8216.85       2.5439e+7 
        8232.84      2.52727e+7 
        8264.83      2.49439e+7 
        8289.72       2.4692e+7 
        8328.82      2.43021e+7 
        8343.44      2.41583e+7 
        8367.92      2.39192e+7 
        8388.68      2.37218e+7 
        8408.65      2.35337e+7 
        8432.02      2.33153e+7 
        8467.25      2.29878e+7 
        8502.48      2.26646e+7 
        8516.58      2.25369e+7 
        8530.98      2.24053e+7 
        8545.38      2.22892e+7 
        8574.18      2.20582e+7 
        8598.39       2.1857e+7 
         8628.6      2.16238e+7 
        8646.81      2.14653e+7 
        8665.01      2.13028e+7 
        8683.22      2.11793e+7 
        8701.43      2.10436e+7 
        8719.64      2.08693e+7 
        8737.85      2.06764e+7 
        8750.47      2.05466e+7 
        8763.09      2.04823e+7 
        8775.71      2.04232e+7 
        8786.57      2.03595e+7 
        8800.96       2.0249e+7 
        8815.35      2.01076e+7 
        8829.74       1.9954e+7 
        8854.26      1.96314e+7 
         8871.3      1.95294e+7 
        8896.85      1.95546e+7 
        8913.89       1.9516e+7 
        8930.92      1.94084e+7 
        8947.96      1.92523e+7 
        8964.99      1.90366e+7 
        8982.03      1.87492e+7 
        8999.07      1.84021e+7 
        9010.95      1.81564e+7 
        9022.83      1.81447e+7 
        9034.71      1.82635e+7 
         9046.6      1.83696e+7 
        9058.48      1.84486e+7 
        9074.32       1.8499e+7 
        9087.02      1.84923e+7 
        9099.72      1.84561e+7 
        9112.42      1.83859e+7 
        9125.11      1.82851e+7 
        9137.81      1.81523e+7 
        9150.51      1.79894e+7 
         9163.2      1.77707e+7 
         9175.9      1.75254e+7 
         9188.6      1.72111e+7 
         9201.3       1.6852e+7 
           9214      1.64434e+7 
        9224.38       1.6099e+7 
        9238.27      1.61566e+7 
        9256.81      1.65618e+7 
        9275.34      1.68805e+7 
        9293.87      1.70837e+7 
        9321.66      1.72323e+7 
        9340.19      1.72369e+7 
        9358.73      1.71894e+7 
        9370.43      1.71385e+7 
        9384.08      1.70624e+7 
        9397.74      1.69592e+7 
        9411.39      1.68424e+7 
        9425.05      1.67038e+7 
         9438.7       1.6533e+7 
        9452.35      1.63224e+7 
        9466.01      1.60917e+7 
        9479.66      1.57929e+7 
        9493.32      1.54321e+7 
        9506.97      1.49469e+7 
        9520.63      1.43149e+7 
        9534.28      1.35854e+7 
         9544.5      1.30487e+7 
        9554.73       1.3355e+7 
        9567.87      1.39472e+7 
        9579.56      1.44118e+7 
        9591.24      1.47585e+7 
        9602.92      1.50107e+7 
        9614.61      1.51882e+7 
        9626.29      1.53216e+7 
        9637.98      1.54007e+7 
        9649.66      1.54755e+7 
        9668.45      1.55329e+7 
        9687.24       1.5532e+7 
        9706.03      1.55077e+7 
        9724.82       1.5458e+7 
        9743.61      1.53892e+7 
        9781.19      1.52191e+7 
        9818.78      1.50069e+7 
        9837.57      1.48804e+7 
        9856.36      1.47683e+7 
        9875.15       1.4598e+7 
        9893.94      1.43945e+7 
        9910.22      1.41921e+7 
        9920.87       1.4051e+7 
        9931.52      1.38933e+7 
        9942.17      1.37119e+7 
        9952.82      1.35154e+7 
        9963.47      1.33093e+7 
        9974.12      1.30828e+7 
        9984.77      1.28155e+7 
        9995.42      1.25225e+7 
        10006.1      1.21656e+7 
        10016.7      1.17893e+7 
        10027.4      1.13406e+7 
          10038      1.08186e+7 
        10048.7      1.03136e+7 
        10061.9      1.07916e+7 
          10073       1.1249e+7 
        10084.2      1.16171e+7 
        10095.3       1.1913e+7 
        10106.5      1.21607e+7 
        10117.6      1.23563e+7 
        10128.8      1.25203e+7 
        10139.9      1.26364e+7 
        10151.1      1.27479e+7 
        10162.2       1.2839e+7 
        10173.4      1.29074e+7 
        10184.5      1.29559e+7 
        10195.6      1.29878e+7 
        10217.9      1.30377e+7 
        10237.2      1.30395e+7 
        10256.4      1.30161e+7 
        10275.7      1.29776e+7 
        10294.9      1.29259e+7 
        10333.4      1.28016e+7 
        10371.9      1.26626e+7 
        10410.4      1.25171e+7 
        10487.4      1.21811e+7 
        10564.4      1.18734e+7 
        10602.8      1.17013e+7 
        10641.3      1.15191e+7 
        10679.8      1.13185e+7 
        10718.3      1.10864e+7 
        10737.6      1.09549e+7 
        10756.8      1.08104e+7 
        10776.1      1.06461e+7 
        10795.3      1.04602e+7 
        10814.5      1.02571e+7 
        10833.8      1.00157e+7 
          10853      9.73146e+6 
        10872.3      9.38733e+6 
        10891.5      8.96347e+6 
        10910.8      8.42946e+6 
        10921.9      8.06274e+6 
          10932      7.64321e+6 
        10943.6      7.59405e+6 
        10955.7      8.03334e+6 
        10971.9       8.4594e+6 
          10988      8.78301e+6 
        11004.2      9.02825e+6 
        11020.3      9.21699e+6 
        11036.5      9.35453e+6 
        11052.6      9.46166e+6 
        11068.8      9.53624e+6 
        11084.9      9.58651e+6 
        11101.1      9.62691e+6 
        11117.2      9.65031e+6 
        11133.4      9.65917e+6 
        11165.6      9.64811e+6 
        11197.9      9.61045e+6 
        11230.2      9.55186e+6 
        11260.9      9.48472e+6 
        11322.3      9.32962e+6 
        11383.6      9.16415e+6 
          11445      9.01367e+6 
        11506.3      8.84264e+6 
        11567.7      8.67529e+6 
        11629.1      8.51221e+6 
        11690.4      8.35293e+6 
        11751.8      8.19733e+6 
        11813.1      8.04568e+6 
        11874.5      7.89718e+6 
        11935.9       7.7521e+6 
        11997.2      7.61029e+6 
        12058.6      7.46166e+6 
        12119.9      7.32415e+6 
        12181.3      7.18884e+6 
        12200.7      7.14643e+6 
        12242.7      7.05514e+6 
        12284.6      6.96365e+6 
        12368.6      6.77827e+6 
        12452.5      6.58333e+6 
        12494.4      6.47982e+6 
        12536.4      6.36725e+6 
        12578.4      6.24074e+6 
        12599.3      6.17056e+6 
        12620.3      6.09394e+6 
        12641.3      6.00902e+6 
        12662.3      5.91329e+6 
        12683.3      5.80475e+6 
        12704.3       5.6794e+6 
        12725.2      5.53065e+6 
        12735.7      5.44733e+6 
        12746.2      5.35484e+6 
        12756.7      5.25274e+6 
        12767.2      5.14071e+6 
        12777.7      5.01571e+6 
        12788.2       4.8772e+6 
        12798.7      4.71559e+6 
        12809.2      4.50891e+6 
        12819.2       4.1961e+6 
        12832.4       4.5909e+6 
        12848.4       4.8077e+6 
        12861.2      4.93711e+6 
        12880.4      5.09324e+6 
        12893.2       5.1753e+6 
          12906      5.24206e+6 
        12918.8      5.29698e+6 
        12931.6      5.34181e+6 
        12944.4      5.37734e+6 
        12957.2      5.40495e+6 
          12970      5.42657e+6 
        12995.6      5.45481e+6 
        13021.2      5.46634e+6 
        13046.8      5.46559e+6 
        13072.3       5.4567e+6 
        13123.5      5.42038e+6 
        13174.7      5.36842e+6 
        13225.9      5.30879e+6 
        13245.8      5.28406e+6 
        13277.1       5.2442e+6 
        13308.4      5.20342e+6 
        13370.9      5.12042e+6 
        13433.4      5.03682e+6 
        13495.9      4.95379e+6 
        13558.4      4.87186e+6 
        13620.9       4.7947e+6 
        13683.5      4.71481e+6 
          13746      4.63658e+6 
        13808.5      4.55996e+6 
          13871      4.48491e+6 
        13933.5      4.41139e+6 
        13996.1      4.33939e+6 
        14058.6      4.26883e+6 
        14121.1      4.19968e+6 
        14183.6      4.13192e+6 
        14246.1      4.06554e+6 
        14285.2      4.02469e+6 
        14300.2      4.00921e+6 
        14332.1      3.97644e+6 
        14378.9      3.92878e+6 
        14457.6      3.85027e+6 
        14489.5      3.81901e+6 
        14536.4      3.77371e+6 
        14581.2      3.73096e+6 
        14597.2      3.71584e+6 
        14613.2       3.7008e+6 
        14645.2      3.67098e+6 
        14709.2       3.6122e+6 
        14773.2      3.55462e+6 
        14837.1      3.49816e+6 
        14901.1      3.44284e+6 
        14965.1      3.38858e+6 
        15029.1       3.3354e+6 
        15093.1      3.28328e+6 
        15157.1      3.23213e+6 
          15221      3.18199e+6 
          15285      3.13285e+6 
          15349      3.08463e+6 
          15413      3.03733e+6 
        15471.6      2.99481e+6 
        15482.4      2.98707e+6 
        15493.1      2.97951e+6 
        15514.7      2.96447e+6 
        15557.9      2.93466e+6 
        15644.2      2.87617e+6 
        15730.5      2.81911e+6 
        15816.8      2.76347e+6 
        15903.1      2.70919e+6 
        15989.4      2.65624e+6 
        16075.8      2.60457e+6 
        16162.1      2.55415e+6 
        16248.4      2.50494e+6 
        16289.9      2.48171e+6 
        16334.7      2.45691e+6 
        16379.5      2.43243e+6 
        16469.1      2.38577e+6 
        16558.8      2.34022e+6 
        16648.4      2.29574e+6 
          16738      2.25231e+6 
        16827.7       2.2099e+6 
        16917.3      2.16848e+6 
        17006.9      2.12801e+6 
        17096.6      2.08849e+6 
        17186.2      2.04987e+6 
        17275.8      2.01213e+6 
        17327.7       1.9907e+6 
        17365.5      1.97526e+6 
        17403.2      1.95997e+6 
        17478.8      1.92965e+6 
        17554.3       1.8999e+6 
        17629.9      1.87072e+6 
        17705.4      1.84209e+6 
          17781      1.81401e+6 
        17856.5      1.78646e+6 
        17932.1      1.75942e+6 
        18007.6      1.72808e+6 
        18083.2      1.70068e+6 
        18158.7      1.67324e+6 
        18234.3      1.64536e+6 
        18309.8      1.61639e+6 
        18343.7      1.60276e+6 
        18385.3      1.58524e+6 
          18427      1.56642e+6 
        18468.6      1.54542e+6 
        18510.2      1.52144e+6 
        18551.8      1.49304e+6 
        18572.6      1.47663e+6 
        18593.4      1.45833e+6 
        18614.2      1.43785e+6 
          18635      1.41464e+6 
        18655.8      1.38803e+6 
        18676.6      1.35749e+6 
          18687       1.3404e+6 
        18697.4      1.32193e+6 
        18707.8      1.30158e+6 
        18718.2      1.27888e+6 
        18728.6      1.25226e+6 
          18739      1.21805e+6 
        18749.1      1.13368e+6 
        18759.1      1.19484e+6 
        18769.1      1.23057e+6 
        18779.2      1.25373e+6 
        18792.6      1.27763e+6 
          18806      1.29686e+6 
        18819.5      1.31294e+6 
        18832.9      1.32663e+6 
        18846.3      1.33826e+6 
        18859.7      1.34819e+6 
        18886.6      1.36333e+6 
        18913.4       1.3736e+6 
        18940.3      1.38021e+6 
        18967.1      1.38383e+6 
        18993.9      1.38514e+6 
        19020.8      1.38465e+6 
        19047.6      1.38274e+6 
        19101.3      1.37606e+6 
          19155      1.36687e+6 
        19208.7      1.35623e+6 
        19262.3       1.3447e+6 
          19316      1.33262e+6 
        19369.7      1.32023e+6 
        19396.1      1.31407e+6 
        19423.4      1.30768e+6 
        19450.7      1.30128e+6 
        19505.3      1.28832e+6 
        19559.8      1.27787e+6 
        19614.4      1.26456e+6 
          19669      1.25142e+6 
        19723.6      1.23845e+6 
        19778.2      1.22565e+6 
        19832.8      1.21301e+6 
        19887.3      1.20053e+6 
        19941.9      1.18821e+6 
        19996.5      1.17605e+6 
        20051.1      1.16404e+6 
        20105.7      1.15219e+6 
        20160.2      1.14048e+6 
        20214.8      1.12892e+6 
        20269.4      1.11751e+6 
          20324      1.10624e+6 
        20378.6      1.09511e+6 
        20391.9      1.09241e+6 
        20433.2      1.08412e+6 
        20474.4       1.0759e+6 
        20556.9      1.05963e+6 
        20639.3      1.04366e+6 
        20721.8        1.028e+6 
        20804.2      1.01262e+6 
        20886.7          997525 
        20969.2          982712 
        21051.6          968173 
        21134.1          953901 
        21216.5          939889 
          21299          926132 
        21381.5          912626 
        21463.9          899366 
        21546.4          886344 
        21627.1          873825 
        21641.2          871657 
        21655.3          869492 
        21683.5          865188 
        21739.9          856656 
        21796.3          848230 
        21852.7          839905 
        21909.1          831683 
        21965.5          823562 
        22021.9          815539 
        22078.3          807612 
        22134.7          799784 
        22191.1          792046 
        22247.5          784405 
        22303.9          776853 
        22360.3          769392 
        22416.7          762022 
        22473.1          754739 
        22529.5          747542 
        22585.9          740429 
        22642.3          733402 
        22698.7          726459 
        22723.4          723449 
        22755.1          719598 
        22784.8          716010 
        22800.8          714090 
        22816.8          712174 
        22848.8          708363 
        22912.8          700820 
        22976.8          693375 
        23040.8          686026 
        23104.8          678779 
        23168.7          671625 
        23232.7          664563 
        23296.7          657595 
        23360.7          650718 
        23424.7          643932 
        23488.6          637234 
        23552.6          630621 
        23616.6          624093 
        23680.6          617653 
        23744.6          611291 
        23808.6          605014 
        23872.5          598816 
        23936.5          592696 
        24000.5          586658 
        24064.5          580692 
        24128.5          574805 
        24192.5          568990 
        24256.4          563250 
        24320.4          557582 
        24384.4          551984 
        24448.4          546458 
        24512.4          540998 
        24576.3          535607 
        24640.3          530285 
        24704.3          525026 
        24768.3          519833 
        24832.3          514706 
        24896.3          509639 
        24960.2          504637 
        25004.4          501216 
        25024.2          499695 
          25044          498178 
        25083.6          495184 
        25162.8          489265 
        25241.9          483438 
        25321.1          477695 
        25400.2          472034 
        25479.4          466461 
        25558.5          460969 
        25637.7          455556 
        25716.9          450225 
          25796          444969 
        25875.2          439792 
        25954.3          434686 
        26033.5          429657 
        26112.7          424702 
        26191.8          419817 
          26271          415001 
        26350.1          410254 
        26429.3          405576 
        26508.4          400965 
        26587.6          396416 
        26666.8          391936 
        26745.9          387515 
        26825.1          383158 
        26904.2          378864 
        26983.4          374629 
        27062.6          370450 
        27141.7          366332 
        27220.9          362273 
        27299.2          358308 
        27377.5          354416 
        27455.8          350577 
        27534.2          346791 
        27612.5          343052 
        27690.8          339367 
        27769.1          335729 
        27847.5          332142 
        27925.8          328601 
        28004.1          325108 
        28082.4          321661 
        28160.8          318259 
        28239.1          314904 
        28317.4          311590 
        28395.7          308321 
          28474          305095 
        28552.4          301910 
        28630.7          298767 
          28709          295664 
        28787.3          292602 
        28865.7          289579 
          28944          286595 
        29022.3          283650 
        29100.6          280742 
          29179          277871 
        29257.3          275037 
        29335.6          272239 
        29413.9          269476 
        29492.3          266748 
        29570.6          264055 
        29648.9          261396 
        29727.2          258770 
        29805.5          256176 
        29883.9          253615 
        29932.6          252038 
        29962.2          251087 
        29991.8          250139 
