# Koester WD models
# teff = 12250 K (value for the effective temperature for the model. Temperatures are given in K)
# logg = 7.75 log(cm/s2) (value for Log(G) for the model.)
#
# column 1: WAVELENGTH (ANGSTROM), Wavelength in Angstrom
# column 2: FLUX (ERG/CM2/S/A), Flux in erg/cm2/s/A
         899.23         6614.47 
        909.241         7850.02 
        919.241         54729.1 
        929.261         77853.7 
        939.271          188156 
         949.28         29790.5 
        959.289          606221 
        969.297          307436 
        979.305          562681 
        989.312      1.17076e+6 
        999.319      2.13791e+6 
        1009.33      1.29779e+6 
        1019.33          683736 
        1029.34          639192 
        1039.34      1.64297e+6 
        1049.35      3.66464e+6 
        1059.36      4.30235e+6 
        1069.36      1.30799e+7 
        1079.36      1.40154e+7 
        1089.37      1.28252e+8 
        1099.37      1.64719e+8 
        1109.38       1.5253e+8 
        1119.38      1.25369e+8 
        1129.38      1.00537e+8 
        1139.39      7.22639e+7 
        1149.39      4.78342e+7 
        1159.39      2.99924e+7 
        1169.39      1.77693e+7 
         1179.4      9.67315e+6 
         1189.4      6.13682e+6 
         1199.4      4.52914e+6 
         1209.4       3.0309e+6 
        1219.41      2.89955e+6 
        1229.41      4.87544e+6 
        1239.41       8.6472e+6 
        1249.41       1.5459e+7 
        1259.41      2.69367e+7 
        1269.41      4.67928e+7 
        1279.42      7.67259e+7 
        1289.42       1.1367e+8 
        1299.42       1.5563e+8 
        1309.42      1.91842e+8 
        1319.42      2.35205e+8 
        1329.42      2.64676e+8 
        1339.42      2.73964e+8 
        1349.42      3.07648e+8 
        1359.42      3.45519e+8 
        1369.42      3.30998e+8 
        1379.42      2.58009e+8 
        1389.42      2.02689e+8 
        1399.42      2.13941e+8 
        1409.42      3.94735e+8 
        1419.42      5.85404e+8 
        1429.42      6.48114e+8 
        1439.42      6.60746e+8 
        1454.42      6.52848e+8 
        1464.42      6.46172e+8 
        1474.42      6.41642e+8 
        1489.42      6.45497e+8 
        1504.42      6.44922e+8 
        1514.42      6.41878e+8 
        1526.92      6.30181e+8 
        1539.42      6.00471e+8 
        1554.42       5.6849e+8 
        1566.72       5.4506e+8 
        1579.41      5.13892e+8 
        1591.91       4.9541e+8 
        1604.41       5.0153e+8 
        1619.41      5.32465e+8 
        1634.41      5.65782e+8 
        1649.41      5.84119e+8 
        1664.41      5.87475e+8 
        1676.33      5.84851e+8 
         1689.4      5.79891e+8 
         1704.4      5.72939e+8 
         1719.4       5.6548e+8 
         1734.4      5.57919e+8 
        1749.39      5.50325e+8 
        1764.39      5.42773e+8 
        1775.55      5.37272e+8 
        1789.39      5.30568e+8 
        1809.39      5.21099e+8 
           1824      5.14364e+8 
        1834.77      5.09475e+8 
        1845.54      5.04662e+8 
           1864      4.96639e+8 
        1876.29      4.91367e+8 
        1888.59      4.86224e+8 
        1906.98      4.78688e+8 
        1919.37      4.73718e+8 
        1931.76      4.68851e+8 
        1944.47       4.6395e+8 
        1956.53      4.59373e+8 
         1967.6      4.55245e+8 
        1992.71      4.46116e+8 
        2017.81      4.37322e+8 
        2067.03      4.20794e+8 
        2116.25      4.05218e+8 
        2165.42      3.90487e+8 
        2178.22      3.86774e+8 
        2191.02      3.83117e+8 
         2214.7      3.76492e+8 
        2260.18      3.64296e+8 
        2275.12      3.60394e+8 
        2290.06      3.56539e+8 
        2313.13      3.50702e+8 
        2356.21      3.40184e+8 
         2368.5      3.37259e+8 
        2380.79      3.34369e+8 
        2401.46      3.29581e+8 
        2417.09      3.26028e+8 
        2432.72      3.22528e+8 
        2451.59      3.18347e+8 
        2466.76      3.15039e+8 
        2488.39      3.10392e+8 
        2510.01      3.05893e+8 
         2547.3      2.98234e+8 
        2559.23      2.95834e+8 
        2571.17      2.93462e+8 
        2595.04      2.88787e+8 
        2627.89      2.82516e+8 
        2642.78      2.79735e+8 
        2657.67       2.7699e+8 
        2687.45       2.7159e+8 
        2737.93      2.62689e+8 
        2756.11      2.59573e+8 
        2766.75      2.57772e+8 
        2810.65      2.50506e+8 
        2854.55      2.43503e+8 
        2931.71       2.3177e+8 
        2942.34      2.30205e+8 
        2952.98      2.28654e+8 
        2974.26      2.25591e+8 
        3016.81      2.19613e+8 
        3051.42      2.14893e+8 
        3091.41      2.09599e+8 
        3120.64       2.0583e+8 
        3149.86      2.02144e+8 
        3168.31      1.99861e+8 
         3208.3      1.95015e+8 
        3248.29      1.90302e+8 
        3309.83      1.83313e+8 
        3322.09      1.81959e+8 
        3346.73      1.79273e+8 
        3383.63      1.75349e+8 
        3445.17      1.69037e+8 
        3469.81      1.66587e+8 
        3495.92      1.64036e+8 
        3506.71      1.62995e+8 
         3543.6      1.59495e+8 
        3591.28      1.55109e+8 
        3635.88      1.51131e+8 
        3647.12      1.50148e+8 
        3658.96      1.49116e+8 
        3671.11      1.48046e+8 
        3682.58      1.47048e+8 
         3693.5      1.46108e+8 
        3703.57       1.4525e+8 
        3713.83      1.44455e+8 
        3724.38      1.43717e+8 
        3734.43      1.42609e+8 
        3744.62      1.42473e+8 
        3754.84      1.42253e+8 
        3765.07      1.40585e+8 
         3775.5      1.40671e+8 
        3785.73      1.43122e+8 
        3795.99      1.30607e+8 
        3806.86      1.42968e+8 
        3817.37      1.47548e+8 
        3827.39      1.33812e+8 
        3837.97       1.1928e+8 
        3848.19      1.46453e+8 
        3858.91      1.56712e+8 
        3869.89      1.49834e+8 
        3881.37      1.21373e+8 
        3891.68      1.02283e+8 
        3902.12      1.38725e+8 
        3913.89      1.63061e+8 
           3925      1.71043e+8 
        3935.81       1.6837e+8 
        3946.58      1.53065e+8 
         3957.6      1.24743e+8 
        3968.08      8.58993e+7 
        3978.87      1.11668e+8 
        3990.73      1.46912e+8 
         4001.3      1.68359e+8 
        4012.03      1.80424e+8 
        4023.86       1.8585e+8 
        4035.85      1.86625e+8 
         4047.6      1.82964e+8 
        4058.85      1.73646e+8 
        4071.35      1.54681e+8 
        4082.28      1.31531e+8 
        4093.57      9.88113e+7 
        4103.79      7.72496e+7 
        4114.23      1.11489e+8 
        4125.26      1.38475e+8 
        4135.54      1.57252e+8 
        4145.79      1.71664e+8 
        4156.66      1.81371e+8 
        4168.82       1.8734e+8 
        4183.82       1.9069e+8 
        4198.82      1.91686e+8 
        4213.81      1.91317e+8 
        4224.95      1.90262e+8 
        4238.81      1.87952e+8 
         4253.8      1.83682e+8 
         4268.8      1.76319e+8 
        4283.79      1.64351e+8 
        4298.79       1.4841e+8 
        4311.29      1.30943e+8 
         4323.5      1.08098e+8 
        4333.66       8.3332e+7 
        4344.08      7.45123e+7 
        4354.64      1.00655e+8 
        4366.07       1.2228e+8 
        4377.98      1.38181e+8 
        4388.77      1.48939e+8 
        4403.76      1.60282e+8 
        4418.76      1.67213e+8 
        4433.75      1.70642e+8 
        4448.75      1.71892e+8 
        4463.75      1.72072e+8 
        4478.74      1.71562e+8 
        4493.74      1.70723e+8 
        4508.73      1.69683e+8 
        4523.35      1.68534e+8 
        4533.35      1.67693e+8 
        4543.73      1.66786e+8 
        4558.72      1.65424e+8 
        4573.72      1.64012e+8 
        4588.71       1.6256e+8 
        4600.89      1.61353e+8 
        4613.71      1.60081e+8 
         4628.7      1.58527e+8 
         4643.7       1.5692e+8 
        4658.69      1.55254e+8 
        4673.69      1.53453e+8 
        4688.69      1.51482e+8 
        4703.68      1.49273e+8 
         4715.6      1.47284e+8 
        4728.68      1.44775e+8 
        4743.67      1.41429e+8 
        4758.67      1.37455e+8 
        4773.66      1.32475e+8 
        4788.66      1.26266e+8 
        4803.66      1.18178e+8 
        4818.65      1.07914e+8 
        4831.15       9.6811e+7 
        4842.32       8.3955e+7 
        4853.42      6.79344e+7 
        4863.64      5.76071e+7 
        4874.75      7.54881e+7 
        4886.05      8.90173e+7 
        4896.13      9.81097e+7 
        4908.63      1.06394e+8 
         4921.7      1.12701e+8 
        4933.62      1.16892e+8 
        4948.62      1.20403e+8 
        4963.61       1.2259e+8 
        4978.61      1.23768e+8 
        4993.61      1.24308e+8 
         5008.6      1.24382e+8 
         5023.6      1.24073e+8 
        5038.59       1.2351e+8 
        5053.59      1.22787e+8 
        5068.59      1.21945e+8 
        5083.58      1.21039e+8 
        5098.58      1.20099e+8 
        5113.57      1.19138e+8 
        5128.57      1.18167e+8 
        5143.57      1.17189e+8 
        5158.56       1.1621e+8 
        5173.56      1.15232e+8 
        5188.55      1.14258e+8 
        5203.55      1.13288e+8 
        5218.55      1.12323e+8 
        5233.54      1.11364e+8 
        5248.54      1.10412e+8 
        5263.53      1.09467e+8 
        5278.53      1.08529e+8 
        5293.52        1.076e+8 
        5308.52      1.06679e+8 
        5323.52      1.05766e+8 
        5338.51      1.04862e+8 
        5353.51      1.03967e+8 
        5368.51      1.03137e+8 
         5383.5      1.02254e+8 
         5398.5      1.01378e+8 
        5413.49      1.00512e+8 
        5428.49      9.96545e+7 
        5443.48      9.88062e+7 
        5458.48      9.79643e+7 
        5473.48       9.7134e+7 
        5488.47      9.63121e+7 
        5503.47      9.54991e+7 
        5518.47      9.46945e+7 
        5533.46      9.38984e+7 
        5548.46      9.31108e+7 
        5563.45      9.23314e+7 
        5578.45      9.15601e+7 
        5593.44      9.07967e+7 
        5608.44      9.00437e+7 
        5623.44      8.92963e+7 
        5638.43      8.85565e+7 
        5653.43      8.78242e+7 
        5668.43      8.71142e+7 
        5682.86      8.64221e+7 
        5693.42      8.59204e+7 
        5704.77      8.53847e+7 
        5715.23      8.48949e+7 
        5728.41       8.4283e+7 
         5743.4      8.35934e+7 
         5758.4      8.29101e+7 
         5773.4      8.21935e+7 
        5788.39      8.15224e+7 
        5803.39      8.08583e+7 
        5818.39      8.02008e+7 
        5833.38      7.95498e+7 
        5848.38      7.89052e+7 
        5863.37      7.82668e+7 
        5878.37      7.76347e+7 
        5893.36      7.70086e+7 
        5908.36      7.63888e+7 
        5923.36      7.57746e+7 
        5938.35      7.51664e+7 
        5953.35      7.45641e+7 
        5968.34      7.39672e+7 
        5983.34      7.33763e+7 
        5998.34      7.27904e+7 
        6013.33      7.22095e+7 
        6028.33       7.1634e+7 
        6043.32      7.10638e+7 
        6058.32       7.0498e+7 
        6073.32      6.99363e+7 
        6088.31       6.9378e+7 
        6103.31      6.88238e+7 
         6118.3      6.82731e+7 
         6133.3      6.77255e+7 
         6148.3      6.71811e+7 
        6163.29      6.66388e+7 
        6178.29      6.60985e+7 
        6193.28      6.55588e+7 
        6208.28      6.50203e+7 
        6223.28      6.44812e+7 
        6238.27      6.39396e+7 
        6252.16      6.34372e+7 
        6262.16      6.30797e+7 
        6273.26      6.26807e+7 
        6284.63      6.22689e+7 
        6295.99      6.18532e+7 
        6306.09      6.14807e+7 
        6316.22      6.11015e+7 
        6328.25      6.06431e+7 
        6343.24      6.00616e+7 
        6358.24      5.94606e+7 
        6373.23      5.88332e+7 
        6388.23      5.81688e+7 
        6403.23      5.74494e+7 
        6418.22      5.66567e+7 
        6433.22      5.57608e+7 
        6448.22      5.47159e+7 
        6463.21       5.3463e+7 
        6478.21      5.19491e+7 
         6493.2      5.00808e+7 
         6508.2      4.76831e+7 
        6523.19      4.45195e+7 
        6537.09      4.05913e+7 
        6548.06      3.66432e+7 
        6558.19       3.2005e+7 
        6569.28      3.28865e+7 
        6579.79      3.70334e+7 
        6590.04      4.01992e+7 
        6603.34      4.32679e+7 
        6613.66       4.4992e+7 
        6623.98      4.62895e+7 
         6634.3      4.72624e+7 
        6644.62      4.79803e+7 
        6654.94      4.85071e+7 
        6665.26      4.88942e+7 
        6675.58      4.91537e+7 
         6685.9       4.9313e+7 
        6696.23       4.9389e+7 
        6711.48      4.93918e+7 
        6726.73      4.93016e+7 
        6741.98      4.91464e+7 
        6757.23      4.89448e+7 
        6787.73       4.8455e+7 
        6824.78      4.77736e+7 
        6898.88      4.62904e+7 
        6972.97      4.47768e+7 
        6984.99      4.45321e+7 
        7047.07      4.32845e+7 
        7109.15      4.20684e+7 
        7171.23      4.08894e+7 
        7233.31       3.9749e+7 
        7295.38      3.86469e+7 
        7321.41      3.81961e+7 
        7357.46      3.75819e+7 
        7393.51      3.69853e+7 
        7465.62      3.58154e+7 
        7537.72      3.46907e+7 
        7609.82      3.36097e+7 
        7677.88      3.26276e+7 
        7745.94      3.16814e+7 
           7814      3.07691e+7 
        7882.06      2.98893e+7 
        7937.99      2.91896e+7 
        7950.12      2.90406e+7 
        7962.25      2.88925e+7 
        7986.51      2.85992e+7 
        8035.02      2.80236e+7 
        8082.55      2.74737e+7 
        8152.37        2.669e+7 
        8177.61      2.64135e+7 
        8200.85      2.61621e+7 
        8216.85      2.59907e+7 
        8232.84      2.58208e+7 
        8264.83      2.54851e+7 
        8289.72      2.52277e+7 
        8328.82      2.48296e+7 
        8343.44      2.46828e+7 
        8367.92      2.44389e+7 
        8388.68      2.42364e+7 
        8408.65      2.40435e+7 
        8432.02      2.38197e+7 
        8467.25      2.34851e+7 
        8502.48      2.31555e+7 
        8516.58      2.30252e+7 
        8530.98      2.28918e+7 
        8545.38      2.27705e+7 
        8574.18      2.25282e+7 
        8598.39      2.23222e+7 
         8628.6      2.20757e+7 
        8646.81      2.19174e+7 
        8665.01      2.17577e+7 
        8701.43      2.14753e+7 
        8725.95      2.12447e+7 
        8750.47      2.10066e+7 
        8774.99      2.08513e+7 
        8799.51      2.06677e+7 
        8815.35      2.05191e+7 
        8831.29      2.03623e+7 
        8847.03      2.01906e+7 
        8862.78      2.00267e+7 
        8878.53      1.99884e+7 
        8894.27      1.99556e+7 
        8910.02      1.99017e+7 
        8925.77      1.98174e+7 
        8941.51      1.96771e+7 
        8957.26      1.95148e+7 
        8973.01       1.9308e+7 
        8988.75      1.90662e+7 
         9004.5      1.87996e+7 
        9014.91      1.86575e+7 
        9025.31      1.86765e+7 
        9035.72      1.87287e+7 
        9046.13      1.87719e+7 
        9066.94      1.88185e+7 
        9087.75      1.87841e+7 
        9099.72      1.87356e+7 
        9123.65      1.85725e+7 
        9135.61      1.84567e+7 
        9147.58      1.83215e+7 
        9159.55      1.81452e+7 
        9171.51      1.79523e+7 
        9183.48      1.77188e+7 
        9195.44       1.7454e+7 
        9207.41      1.71544e+7 
        9219.38      1.68355e+7 
        9231.42        1.665e+7 
        9243.46      1.68216e+7 
        9272.36      1.71958e+7 
        9291.63       1.7363e+7 
         9310.9      1.74502e+7 
        9330.17      1.74654e+7 
        9349.44      1.74237e+7 
        9366.76       1.7351e+7 
        9384.08       1.7251e+7 
        9401.41      1.71154e+7 
        9418.73      1.69594e+7 
        9436.05      1.67652e+7 
        9453.37      1.65121e+7 
         9470.7      1.62307e+7 
        9488.02      1.58492e+7 
        9505.34      1.53441e+7 
        9522.66      1.46444e+7 
        9534.01      1.41007e+7 
        9544.47      1.36275e+7 
        9554.93        1.388e+7 
        9569.13      1.44264e+7 
        9581.09      1.48206e+7 
        9593.04      1.51092e+7 
           9605      1.53064e+7 
        9616.96       1.5454e+7 
        9628.91      1.55546e+7 
        9640.87      1.56199e+7 
        9652.82       1.5676e+7 
        9664.78       1.5705e+7 
        9675.79      1.57106e+7 
        9690.47      1.56973e+7 
        9719.84      1.56378e+7 
         9749.2      1.55282e+7 
        9778.57      1.53921e+7 
        9807.93      1.52294e+7 
        9837.29      1.50349e+7 
        9851.97      1.49555e+7 
        9866.66      1.48283e+7 
        9881.34      1.46843e+7 
        9896.02      1.45172e+7 
         9910.7      1.43335e+7 
        9925.38      1.41331e+7 
         9939.1      1.39193e+7 
        9952.82      1.36702e+7 
        9966.54      1.34084e+7 
        9980.26      1.31027e+7 
        9993.97      1.27463e+7 
        10007.7      1.23136e+7 
        10021.4      1.18204e+7 
        10035.1      1.12446e+7 
        10048.3      1.06991e+7 
        10060.8      1.10315e+7 
        10077.4      1.16165e+7 
          10094      1.20686e+7 
        10110.5      1.24092e+7 
        10127.1      1.26584e+7 
          10152       1.2906e+7 
        10168.6      1.30267e+7 
        10185.2      1.31032e+7 
        10199.6      1.31477e+7 
        10218.4      1.31866e+7 
        10237.2      1.31903e+7 
          10256      1.31706e+7 
        10293.6      1.30901e+7 
        10331.2      1.29736e+7 
        10368.8      1.28411e+7 
        10406.4      1.27011e+7 
          10444      1.25214e+7 
        10519.2      1.22104e+7 
        10556.8      1.20658e+7 
        10594.4      1.18949e+7 
          10632      1.17134e+7 
        10669.6      1.15151e+7 
        10707.2      1.12853e+7 
          10726      1.11579e+7 
        10744.8      1.10177e+7 
        10763.5      1.08644e+7 
        10782.3      1.06903e+7 
        10801.1      1.04968e+7 
        10819.9      1.02828e+7 
        10838.7      1.00293e+7 
        10857.5      9.73677e+6 
        10876.3      9.37919e+6 
        10895.1      8.94254e+6 
        10913.9      8.41862e+6 
        10927.4      7.95605e+6 
        10937.4      7.43342e+6 
        10952.6      8.03198e+6 
        10963.3      8.32613e+6 
          10974       8.5806e+6 
        10984.7      8.79439e+6 
        10995.4      8.97192e+6 
        11006.1      9.12677e+6 
        11016.8      9.25614e+6 
        11027.5      9.35689e+6 
        11038.2      9.44796e+6 
        11048.9      9.52361e+6 
        11059.6      9.58289e+6 
        11070.3      9.63077e+6 
          11081       9.6685e+6 
        11102.4      9.73005e+6 
        11123.8      9.76256e+6 
        11145.2      9.77277e+6 
        11166.6      9.76743e+6 
          11188      9.75078e+6 
        11200.6      9.73529e+6 
        11230.7      9.68531e+6 
        11260.9      9.62304e+6 
        11321.2      9.47464e+6 
        11381.6      9.31331e+6 
        11441.9      9.17021e+6 
        11502.2      8.99966e+6 
        11562.6      8.83303e+6 
        11622.9       8.6702e+6 
        11683.2      8.51111e+6 
        11743.6      8.35566e+6 
        11803.9       8.2037e+6 
        11864.2      8.05517e+6 
        11924.6      7.90993e+6 
        11984.9      7.76796e+6 
        12045.2      7.61673e+6 
        12105.6      7.47844e+6 
        12165.9      7.34218e+6 
        12226.2      7.20744e+6 
        12284.6      7.07681e+6 
          12343      6.94405e+6 
        12401.4      6.80723e+6 
        12459.8      6.66203e+6 
        12518.2      6.50442e+6 
        12547.4      6.41708e+6 
        12576.6      6.32158e+6 
        12605.8      6.21558e+6 
          12635      6.09579e+6 
        12664.2      5.95508e+6 
        12678.8      5.87541e+6 
        12693.4      5.78807e+6 
          12708      5.69106e+6 
        12722.6      5.58192e+6 
        12737.2      5.46125e+6 
        12751.8      5.32315e+6 
        12766.4      5.16786e+6 
          12781      4.99139e+6 
        12795.6      4.78826e+6 
        12806.6      4.59364e+6 
          12817      4.24715e+6 
        12827.1      4.51893e+6 
        12837.4      4.69125e+6 
        12849.7      4.84097e+6 
        12866.2      5.00054e+6 
        12882.7      5.12984e+6 
        12899.1      5.23421e+6 
        12915.6      5.31539e+6 
        12932.1      5.37998e+6 
        12948.5      5.42883e+6 
          12965      5.46537e+6 
        12981.5      5.49311e+6 
          12998      5.51233e+6 
        13014.4      5.52405e+6 
        13047.4      5.53172e+6 
        13080.3      5.52449e+6 
        13113.3      5.50555e+6 
        13146.2      5.47837e+6 
        13212.1       5.4096e+6 
        13247.6      5.36738e+6 
          13278      5.32933e+6 
        13308.4      5.29013e+6 
        13369.1       5.2097e+6 
        13429.9      5.12812e+6 
        13490.6      5.04665e+6 
        13551.4      4.96601e+6 
        13612.2      4.88653e+6 
        13672.9      4.81207e+6 
        13733.7      4.73447e+6 
        13794.4      4.65842e+6 
        13855.2       4.5839e+6 
          13916      4.51086e+6 
        13976.7      4.43923e+6 
        14037.5      4.36901e+6 
        14098.2      4.30018e+6 
          14159       4.2327e+6 
        14219.8      4.16654e+6 
        14280.5      4.10163e+6 
        14332.1      4.04757e+6 
        14383.6      3.99419e+6 
        14412.7      3.96447e+6 
        14435.2      3.94169e+6 
        14457.6      3.91907e+6 
        14502.6      3.87431e+6 
        14581.2      3.79753e+6 
        14597.2      3.78213e+6 
        14613.2      3.76683e+6 
        14645.2      3.73642e+6 
        14709.2      3.67654e+6 
        14773.2      3.61783e+6 
        14837.1       3.5603e+6 
        14901.1      3.50391e+6 
        14965.1      3.44865e+6 
        15029.1      3.39443e+6 
        15093.1       3.3413e+6 
        15157.1      3.28918e+6 
          15221       3.2381e+6 
          15285      3.18799e+6 
          15349      3.13886e+6 
          15413      3.09066e+6 
        15471.6      3.04734e+6 
        15482.4      3.03944e+6 
        15493.1      3.03169e+6 
        15514.7      3.01627e+6 
        15557.9       2.9857e+6 
        15644.2      2.92572e+6 
        15730.5      2.86724e+6 
        15816.8      2.81021e+6 
        15903.1      2.75459e+6 
        15989.4      2.70034e+6 
        16075.8      2.64742e+6 
        16162.1      2.59579e+6 
        16248.4      2.54541e+6 
        16289.9      2.52162e+6 
        16334.7      2.49624e+6 
        16379.5      2.47118e+6 
        16469.1      2.42333e+6 
        16558.8      2.37663e+6 
        16648.4      2.33105e+6 
          16738      2.28655e+6 
        16827.7       2.2431e+6 
        16917.3      2.20068e+6 
        17006.9      2.15925e+6 
        17096.6      2.11879e+6 
        17186.2      2.07927e+6 
        17275.8      2.04066e+6 
        17327.7      2.01873e+6 
        17365.5      2.00294e+6 
        17403.2       1.9873e+6 
        17478.8      1.95651e+6 
        17554.3      1.92631e+6 
        17629.9      1.89669e+6 
        17705.4      1.86763e+6 
          17781      1.83913e+6 
        17856.5      1.81116e+6 
        17932.1      1.78371e+6 
        18007.6      1.75067e+6 
        18083.2      1.72255e+6 
        18158.7      1.69427e+6 
        18234.3      1.66538e+6 
        18309.8      1.63513e+6 
        18343.7      1.62079e+6 
        18385.3      1.60223e+6 
          18427      1.58216e+6 
        18468.6      1.55972e+6 
        18510.2      1.53401e+6 
        18551.8      1.50355e+6 
        18572.6      1.48596e+6 
        18593.4      1.46648e+6 
        18614.2      1.44466e+6 
          18635      1.42021e+6 
        18655.8       1.3925e+6 
        18676.6       1.3613e+6 
          18687      1.34411e+6 
        18697.4      1.32571e+6 
        18707.8      1.30564e+6 
        18718.2      1.28347e+6 
        18728.6       1.2572e+6 
          18739      1.22291e+6 
        18749.1      1.13785e+6 
        18759.9      1.20371e+6 
          18775      1.24972e+6 
        18788.4      1.27511e+6 
        18801.9      1.29504e+6 
        18815.3      1.31182e+6 
        18828.7      1.32639e+6 
        18842.1      1.33899e+6 
        18855.5      1.35007e+6 
        18882.4      1.36758e+6 
        18909.2      1.38011e+6 
        18936.1      1.38863e+6 
        18962.9      1.39396e+6 
        18989.7      1.39673e+6 
        19016.6      1.39749e+6 
        19043.4       1.3966e+6 
        19097.1      1.39148e+6 
        19150.8      1.38339e+6 
        19204.5      1.37347e+6 
        19258.1      1.36241e+6 
        19311.8      1.35064e+6 
        19365.5      1.33844e+6 
        19387.7      1.33332e+6 
        19419.2      1.32599e+6 
        19450.7      1.31864e+6 
        19513.6      1.30369e+6 
        19576.6      1.29175e+6 
        19639.6      1.27628e+6 
        19702.6      1.26104e+6 
        19765.5      1.24602e+6 
        19828.5      1.23122e+6 
        19891.5      1.21665e+6 
        19954.4      1.20228e+6 
        20017.4      1.18813e+6 
        20080.4      1.17418e+6 
        20143.3      1.16044e+6 
        20206.3      1.14689e+6 
        20269.3      1.13354e+6 
        20332.3      1.12038e+6 
        20395.2      1.10741e+6 
          20442       1.0979e+6 
        20458.2      1.09463e+6 
        20474.4      1.09138e+6 
        20506.8      1.08486e+6 
        20571.6      1.07196e+6 
        20636.3      1.05926e+6 
        20701.1      1.04675e+6 
        20765.9      1.03442e+6 
        20830.6      1.02227e+6 
        20895.4      1.01029e+6 
        20960.2          998492 
          21025          986865 
        21089.7          975402 
        21154.5          964108 
        21219.3          952974 
        21284.1          942003 
        21348.8          931184 
        21413.6          920524 
        21478.4          910013 
        21543.1          899652 
        21585.2          892998 
        21607.9          889435 
        21630.6          885888 
          21676          878826 
        21766.8          864912 
        21857.6          851271 
        21948.4          837897 
        22039.2          824784 
          22130          811926 
        22220.8          799315 
        22311.6          786947 
        22402.4          774817 
        22493.2          762920 
        22584.1          751249 
        22674.9          739801 
        22744.5          731168 
        22765.7          728567 
        22784.8          726223 
        22800.8          724272 
        22816.8          722328 
        22848.8          718454 
        22912.8          710792 
        22976.8          703230 
        23040.8          695765 
        23104.8          688401 
        23168.7          681138 
        23232.7          673966 
        23296.7          666891 
        23360.7          659907 
        23424.7          653015 
        23488.6          646213 
        23552.6          639496 
        23616.6          632868 
        23680.6          626327 
        23744.6          619868 
        23808.6          613493 
        23872.5          607198 
        23936.5          600984 
        24000.5          594851 
        24064.5          588794 
        24128.5          582816 
        24192.5          576910 
        24256.4          571082 
        24320.4          565326 
        24384.4          559640 
        24448.4          554029 
        24512.4          548488 
        24576.3          543012 
        24640.3          537608 
        24704.3          532267 
        24768.3          526996 
        24832.3          521787 
        24896.3          516644 
        24960.2          511564 
        25004.4          508090 
        25024.2          506544 
          25044          505005 
        25083.6          501961 
        25162.8          495944 
        25241.9          490016 
        25321.1          484176 
        25400.2          478421 
        25479.4          472753 
        25558.5          467167 
        25637.7          461663 
        25716.9          456241 
          25796          450900 
        25875.2          445635 
        25954.3          440448 
        26033.5          435334 
        26112.7          430295 
        26191.8          425331 
          26271          420436 
        26350.1          415611 
        26429.3          410854 
        26508.4          406167 
        26587.6          401546 
        26666.8          396990 
        26745.9          392501 
        26825.1          388072 
        26904.2          383708 
        26983.4          379401 
        27062.6          375156 
        27141.7          370972 
        27220.9          366847 
        27299.2          362819 
        27377.5          358867 
        27455.8          354965 
        27534.2          351120 
        27612.5          347325 
        27690.8          343580 
        27769.1          339889 
        27847.5          336245 
        27925.8          332651 
        28004.1          329104 
        28082.4          325601 
        28160.8          322148 
        28239.1          318740 
        28317.4          315378 
        28395.7          312058 
          28474          308783 
        28552.4          305551 
        28630.7          302360 
          28709          299212 
        28787.3          296104 
        28865.7          293036 
          28944          290009 
        29022.3          287020 
        29100.6          284069 
          29179          281157 
        29257.3          278282 
        29335.6          275443 
        29413.9          272640 
        29492.3          269873 
        29570.6          267141 
        29648.9          264443 
        29727.2          261780 
        29805.5          259150 
        29883.9          256552 
        29932.6          254953 
        29962.2          253987 
        29991.8          253027 
