# Koester WD models
# teff = 12750 K (value for the effective temperature for the model. Temperatures are given in K)
# logg = 8.75 log(cm/s2) (value for Log(G) for the model.)
#
# column 1: WAVELENGTH (ANGSTROM), Wavelength in Angstrom
# column 2: FLUX (ERG/CM2/S/A), Flux in erg/cm2/s/A
         899.23         24280.3 
        909.241         28299.2 
        919.241          107693 
        929.261          154627 
        939.271          376523 
         949.28         73863.6 
        959.289      1.23384e+6 
        969.297          614279 
        979.305      1.15807e+6 
        989.312      2.56848e+6 
        999.319      4.77418e+6 
        1009.33       2.7592e+6 
        1019.33       1.3529e+6 
        1029.34      1.23546e+6 
        1039.34      3.38692e+6 
        1049.35      7.84757e+6 
        1059.36      9.09535e+6 
        1069.36      2.15515e+7 
        1079.36      2.30192e+7 
        1089.37      8.20763e+7 
        1099.37      9.67827e+7 
        1109.38      9.57429e+7 
        1119.38      8.89664e+7 
        1129.38      8.13088e+7 
        1139.39      6.99617e+7 
        1149.39      5.66505e+7 
        1159.39      4.31787e+7 
        1169.39      3.03041e+7 
         1179.4      1.84674e+7 
         1189.4      1.15851e+7 
         1199.4       8.1655e+6 
         1209.4      5.34416e+6 
        1219.41      5.02567e+6 
        1229.41      8.67098e+6 
        1239.41      1.62116e+7 
        1249.41      2.82004e+7 
        1259.41      4.37514e+7 
        1269.41      6.47448e+7 
        1279.42      9.01342e+7 
        1289.42      1.16029e+8 
        1299.42       1.4289e+8 
        1309.42      1.64502e+8 
        1319.42      1.90806e+8 
        1329.42      2.10242e+8 
        1339.42      2.18103e+8 
        1349.42       2.3965e+8 
        1359.42      2.65002e+8 
        1369.42      2.62786e+8 
        1379.42      2.24248e+8 
        1389.42       1.9492e+8 
        1399.42      2.04176e+8 
        1409.42      3.17229e+8 
        1419.42      4.53919e+8 
        1429.42      5.11655e+8 
        1439.42      5.28183e+8 
        1454.42      5.33031e+8 
        1464.42      5.35393e+8 
        1474.42      5.42515e+8 
        1489.42      5.61271e+8 
        1504.42       5.7247e+8 
        1514.42      5.77123e+8 
        1526.92      5.68082e+8 
        1539.42      5.41045e+8 
        1554.42      5.16745e+8 
        1566.72      4.96431e+8 
        1579.41      4.69272e+8 
        1591.71      4.57887e+8 
        1601.91      4.69646e+8 
        1614.41      5.02322e+8 
        1629.41      5.54768e+8 
        1644.41      5.96698e+8 
        1659.41      6.18108e+8 
        1670.17      6.24505e+8 
         1684.4      6.27712e+8 
         1699.4      6.27948e+8 
         1714.4      6.26487e+8 
         1729.4      6.24253e+8 
         1744.4      6.21574e+8 
        1759.39      6.18498e+8 
         1771.7      6.15812e+8 
        1784.39      6.12953e+8 
        1799.39      6.09466e+8 
           1824       6.0345e+8 
        1834.77      6.00751e+8 
        1845.54      5.98015e+8 
           1864      5.93302e+8 
        1876.29      5.90057e+8 
        1888.59      5.86784e+8 
        1906.98      5.81823e+8 
        1919.37      5.78446e+8 
        1931.76      5.75069e+8 
        1944.47      5.71591e+8 
        1956.53      5.68239e+8 
         1967.6      5.65147e+8 
        1992.71      5.58098e+8 
        2017.81      5.50998e+8 
        2067.03      5.36958e+8 
        2116.25       5.2289e+8 
        2165.47      5.08806e+8 
         2214.7      4.94763e+8 
        2263.91      4.80884e+8 
        2313.13      4.67155e+8 
        2362.35      4.53621e+8 
        2409.27      4.40923e+8 
        2451.59       4.2966e+8 
        2466.76       4.2567e+8 
        2488.39      4.20028e+8 
        2510.01      4.14539e+8 
         2547.3      4.05042e+8 
        2559.23      4.02039e+8 
        2571.17      3.99058e+8 
        2595.04      3.93139e+8 
        2627.89      3.85109e+8 
        2642.78      3.81515e+8 
        2657.67      3.77952e+8 
        2687.45      3.70912e+8 
        2737.93      3.59257e+8 
        2756.11      3.55148e+8 
        2766.75       3.5276e+8 
        2810.65      3.43052e+8 
        2854.55      3.33596e+8 
        2931.71      3.17593e+8 
        2942.34      3.15447e+8 
        2952.98      3.13318e+8 
        2974.26      3.09099e+8 
        3016.81       3.0083e+8 
        3051.42      2.94273e+8 
        3091.41      2.86876e+8 
        3120.64      2.81591e+8 
        3149.86      2.76407e+8 
        3168.31      2.73187e+8 
         3208.3      2.66338e+8 
        3248.29       2.5967e+8 
        3309.83       2.4976e+8 
        3322.09      2.47835e+8 
        3346.73      2.44014e+8 
        3383.63      2.38435e+8 
        3445.17      2.29442e+8 
        3469.81      2.25949e+8 
        3495.92      2.22312e+8 
        3506.71      2.20828e+8 
         3543.6      2.15835e+8 
        3591.28      2.09578e+8 
        3635.88      2.03896e+8 
        3647.12      2.02495e+8 
        3658.96      2.01026e+8 
        3671.11      1.99505e+8 
        3682.58      1.98094e+8 
         3693.5      1.96755e+8 
        3703.57      1.95525e+8 
        3713.83      1.94284e+8 
        3724.38      1.93033e+8 
        3734.43      1.91809e+8 
        3744.62      1.90709e+8 
        3754.84      1.89653e+8 
        3765.07      1.88244e+8 
         3775.5       1.8741e+8 
        3786.22      1.86738e+8 
        3796.45      1.82852e+8 
        3807.84      1.85765e+8 
        3818.92      1.85329e+8 
        3830.45       1.7722e+8 
        3840.76      1.77944e+8 
        3851.98      1.86383e+8 
        3862.01      1.87051e+8 
        3872.59      1.79983e+8 
         3884.4      1.61407e+8 
        3894.46      1.63275e+8 
        3906.64      1.83249e+8 
        3918.39      1.91893e+8 
        3928.89       1.9268e+8 
        3940.04       1.8667e+8 
        3950.65      1.72353e+8 
        3962.28      1.44957e+8 
        3972.79      1.28861e+8 
        3982.85      1.57863e+8 
        3993.25      1.78869e+8 
        4003.87      1.92356e+8 
        4018.86      2.00547e+8 
        4032.38      2.01724e+8 
        4043.86      1.99202e+8 
        4056.35      1.91366e+8 
        4068.85      1.76376e+8 
        4080.56       1.5634e+8 
        4092.03      1.26766e+8 
        4102.05      9.41507e+7 
        4113.31      1.31589e+8 
        4123.84      1.55778e+8 
           4134      1.71937e+8 
        4146.66      1.87567e+8 
        4158.83      1.96772e+8 
        4173.82      2.02421e+8 
        4188.82      2.04723e+8 
        4203.81      2.05153e+8 
        4216.52      2.04522e+8 
        4228.81      2.03024e+8 
        4243.81      1.99737e+8 
         4258.8      1.94107e+8 
         4273.8      1.85066e+8 
        4288.79      1.72046e+8 
        4301.29      1.58497e+8 
        4313.79      1.41191e+8 
        4324.82      1.20422e+8 
        4336.17        8.988e+7 
        4346.17      9.37426e+7 
        4357.43      1.21586e+8 
        4368.77      1.40099e+8 
        4381.14      1.54383e+8 
        4393.77      1.65401e+8 
        4408.76      1.75135e+8 
        4423.76       1.8149e+8 
        4438.75      1.84906e+8 
        4453.75      1.86429e+8 
        4468.74      1.86814e+8 
        4483.74      1.86536e+8 
        4498.74      1.85891e+8 
        4513.73       1.8499e+8 
        4527.19      1.84027e+8 
        4538.73      1.83115e+8 
        4553.72       1.8184e+8 
        4568.72      1.80479e+8 
        4583.72      1.79046e+8 
        4596.53      1.77767e+8 
        4608.71      1.76533e+8 
         4623.7      1.74909e+8 
         4638.7      1.73201e+8 
         4653.7      1.71391e+8 
        4668.69      1.69438e+8 
        4683.69      1.67263e+8 
        4698.68      1.64792e+8 
        4713.68       1.6189e+8 
        4724.83       1.5939e+8 
        4738.67      1.55759e+8 
        4753.67      1.51218e+8 
        4768.67       1.4591e+8 
        4783.66      1.39411e+8 
        4798.66      1.31534e+8 
        4813.65      1.21794e+8 
        4828.65      1.09547e+8 
        4839.16      9.81657e+7 
        4849.39      8.34303e+7 
        4859.63      6.38749e+7 
        4869.86      7.71173e+7 
        4880.19      9.24225e+7 
        4890.71      1.03507e+8 
        4903.63      1.13209e+8 
        4915.55      1.19813e+8 
        4928.62      1.25383e+8 
        4943.62      1.30092e+8 
        4958.61      1.33349e+8 
        4973.61      1.35507e+8 
        4988.61      1.36891e+8 
         5003.6      1.37673e+8 
         5018.6      1.37882e+8 
         5033.6       1.3769e+8 
        5048.59        1.372e+8 
        5063.59      1.36529e+8 
        5078.58      1.35725e+8 
        5093.58      1.34848e+8 
        5108.57      1.33919e+8 
        5123.57      1.32954e+8 
        5138.57      1.31964e+8 
        5153.56      1.30956e+8 
        5168.56      1.29939e+8 
        5183.56      1.28917e+8 
        5198.55      1.27893e+8 
        5213.55      1.26869e+8 
        5228.54      1.25845e+8 
        5243.54      1.24826e+8 
        5258.53       1.2381e+8 
        5273.53        1.228e+8 
        5288.53      1.21796e+8 
        5303.52      1.20799e+8 
        5318.52      1.19808e+8 
        5333.52      1.18825e+8 
        5348.51       1.1785e+8 
        5363.51      1.16998e+8 
         5378.5      1.16027e+8 
         5393.5      1.15066e+8 
        5408.49      1.14114e+8 
        5423.49      1.13171e+8 
        5438.49      1.12238e+8 
        5453.48      1.11313e+8 
        5468.48      1.10397e+8 
        5483.48      1.09489e+8 
        5498.47       1.0859e+8 
        5513.47        1.077e+8 
        5528.46      1.06819e+8 
        5543.46      1.05946e+8 
        5558.45      1.05082e+8 
        5573.45      1.04226e+8 
        5588.45      1.03379e+8 
        5603.44      1.02539e+8 
        5618.44      1.01707e+8 
        5633.43      1.00884e+8 
        5648.43      1.00069e+8 
        5663.43      9.92608e+7 
        5673.98      9.88892e+7 
         5686.2      9.82345e+7 
        5698.42      9.75854e+7 
        5708.88      9.70334e+7 
        5723.41      9.62735e+7 
        5738.41      9.54966e+7 
         5753.4      9.47272e+7 
         5768.4      9.38771e+7 
        5783.39      9.31199e+7 
        5798.39      9.23704e+7 
        5813.39       9.1628e+7 
        5828.38      9.08922e+7 
        5843.38      9.01637e+7 
        5858.37      8.94421e+7 
        5873.37      8.87271e+7 
        5888.37      8.80183e+7 
        5903.36      8.73149e+7 
        5918.36      8.66178e+7 
        5933.35       8.5927e+7 
        5948.35      8.52418e+7 
        5963.35      8.45626e+7 
        5978.34      8.38887e+7 
        5993.34      8.32205e+7 
        6008.33      8.25573e+7 
        6023.33      8.18991e+7 
        6038.32       8.1246e+7 
        6053.32      8.05972e+7 
        6068.32      7.99523e+7 
        6083.31      7.93086e+7 
        6098.31       7.8668e+7 
        6113.31      7.80296e+7 
         6128.3      7.73925e+7 
         6143.3      7.67576e+7 
        6158.29      7.61246e+7 
        6173.29      7.54906e+7 
        6188.28       7.4855e+7 
        6203.28       7.4216e+7 
        6218.28      7.35726e+7 
        6233.27      7.29211e+7 
        6244.38      7.24316e+7 
        6256.04      7.19195e+7 
        6266.59      7.14568e+7 
        6278.26      7.09372e+7 
        6290.52      7.03814e+7 
        6302.31      6.98442e+7 
        6312.59      6.93689e+7 
        6323.25      6.88643e+7 
        6338.24       6.8133e+7 
        6353.24      6.73696e+7 
        6368.24      6.65634e+7 
        6383.23       6.5708e+7 
        6398.23       6.4784e+7 
        6413.22      6.37687e+7 
        6428.22      6.26374e+7 
        6443.22      6.13484e+7 
        6458.21      5.98489e+7 
        6473.21      5.80874e+7 
         6488.2      5.60045e+7 
         6503.2      5.34862e+7 
         6518.2      5.02975e+7 
        6532.67      4.62634e+7 
        6543.19      4.23842e+7 
        6556.02      3.66014e+7 
        6566.09       3.4325e+7 
        6577.95      3.99859e+7 
        6588.18        4.372e+7 
        6603.34      4.76423e+7 
        6613.66      4.95357e+7 
        6623.98      5.10138e+7 
         6634.3      5.21636e+7 
        6644.62      5.30668e+7 
        6654.94      5.37882e+7 
        6665.26      5.43511e+7 
        6675.58      5.47743e+7 
         6685.9      5.50847e+7 
        6696.23      5.52949e+7 
        6711.48      5.54683e+7 
        6726.73      5.55163e+7 
        6741.98      5.54692e+7 
        6757.23      5.53498e+7 
        6772.48      5.51796e+7 
        6802.98       5.4725e+7 
        6824.78      5.43351e+7 
        6868.37      5.34696e+7 
        6911.97      5.25457e+7 
        6955.56      5.15799e+7 
        6976.35      5.11131e+7 
        7042.75       4.9623e+7 
        7109.15      4.81537e+7 
        7175.54      4.67243e+7 
        7241.94      4.53404e+7 
        7308.33      4.40027e+7 
        7355.95      4.30725e+7 
        7374.73       4.2726e+7 
        7393.51      4.23678e+7 
        7431.08      4.16629e+7 
        7506.22      4.02956e+7 
        7581.35      3.89834e+7 
         7635.1       3.8077e+7 
        7656.49      3.77236e+7 
        7677.88       3.7374e+7 
        7720.67      3.66869e+7 
        7806.23      3.53589e+7 
        7821.36      3.51305e+7 
         7891.8      3.40901e+7 
        7962.25      3.30873e+7 
        7982.84      3.28011e+7 
        8032.69      3.21206e+7 
        8082.55      3.14577e+7 
        8161.68      3.04396e+7 
        8182.26      3.01814e+7 
        8200.85      2.99505e+7 
        8216.85      2.97536e+7 
        8232.84      2.95583e+7 
        8264.83      2.91724e+7 
        8289.72      2.88766e+7 
        8328.82      2.84191e+7 
        8343.44      2.82503e+7 
        8367.92      2.79704e+7 
        8388.68      2.77359e+7 
        8408.65      2.75127e+7 
        8432.02      2.72542e+7 
        8467.25      2.68695e+7 
        8502.48      2.64917e+7 
        8516.58      2.63422e+7 
        8530.98      2.61905e+7 
        8545.38       2.6043e+7 
        8574.18      2.57493e+7 
        8598.39      2.55058e+7 
         8628.6      2.52063e+7 
        8646.81      2.50266e+7 
        8665.01      2.48481e+7 
        8685.59      2.46503e+7 
        8701.43      2.44983e+7 
        8750.47      2.40203e+7 
        8767.92      2.38595e+7 
        8815.35       2.3416e+7 
        8862.78      2.29881e+7 
        8900.38      2.26978e+7 
        8957.65      2.21954e+7 
        8986.28      2.19151e+7 
        9014.91      2.16408e+7 
        9043.54      2.14657e+7 
        9072.17       2.1291e+7 
        9099.72      2.10943e+7 
        9127.26      2.08763e+7 
        9154.81      2.06192e+7 
        9182.36      2.03192e+7 
         9209.9      1.99929e+7 
        9229.01      1.98004e+7 
        9248.11      1.97054e+7 
        9267.22      1.96771e+7 
        9305.43      1.95819e+7 
        9343.64      1.93974e+7 
        9379.63      1.91593e+7 
        9397.45      1.90211e+7 
        9415.28      1.88713e+7 
        9450.94      1.85182e+7 
        9468.76      1.83167e+7 
        9486.59       1.8079e+7 
        9498.52      1.79066e+7 
        9522.24      1.74731e+7 
         9534.1      1.72306e+7 
        9545.97      1.70226e+7 
        9557.83      1.70779e+7 
        9569.68      1.71949e+7 
        9581.55      1.72932e+7 
        9593.41      1.73564e+7 
         9611.2      1.74064e+7 
        9634.92      1.74163e+7 
        9648.82      1.74097e+7 
        9668.45      1.73706e+7 
        9688.08      1.73111e+7 
        9727.33      1.71504e+7 
        9766.58      1.69455e+7 
        9805.83      1.67049e+7 
        9815.86      1.66368e+7 
        9845.09      1.64143e+7 
        9884.34      1.60971e+7 
        9918.58      1.57121e+7 
         9935.7      1.54998e+7 
        9952.82      1.52541e+7 
        9969.94      1.49891e+7 
        9987.06      1.46949e+7 
        10004.2      1.43517e+7 
        10021.3       1.3962e+7 
        10035.3      1.36283e+7 
        10045.9      1.34318e+7 
        10056.4      1.34218e+7 
        10066.9      1.35556e+7 
        10077.4       1.3716e+7 
        10091.5      1.39049e+7 
        10105.5       1.4063e+7 
        10119.5      1.41917e+7 
        10133.6      1.42805e+7 
        10147.6       1.4357e+7 
        10175.7      1.44513e+7 
        10203.7      1.45016e+7 
        10226.4      1.45017e+7 
        10237.2      1.44902e+7 
          10248      1.44715e+7 
        10269.6       1.4434e+7 
        10312.9      1.43108e+7 
        10356.2      1.41579e+7 
        10399.4      1.39907e+7 
        10442.7      1.37542e+7 
        10485.9      1.35591e+7 
        10529.2      1.33568e+7 
        10572.5      1.31648e+7 
        10615.7      1.29308e+7 
          10659      1.26719e+7 
        10680.6      1.25291e+7 
        10702.3      1.23737e+7 
        10723.9      1.22017e+7 
        10745.5      1.20133e+7 
        10767.1      1.18205e+7 
        10788.8      1.16009e+7 
        10810.4      1.13512e+7 
          10832      1.10929e+7 
        10853.7      1.07826e+7 
        10864.5      1.06129e+7 
        10875.3      1.04197e+7 
        10886.1      1.02119e+7 
        10896.9      9.97735e+6 
        10907.8      9.72505e+6 
        10918.6      9.43678e+6 
        10930.8      9.06453e+6 
        10940.8      8.86224e+6 
        10952.1      9.20254e+6 
        10971.6      9.60778e+6 
        10991.2      9.91103e+6 
        11010.7      1.01408e+7 
        11030.2      1.03006e+7 
        11049.7      1.04292e+7 
        11069.2       1.0516e+7 
        11088.7      1.05912e+7 
        11108.3       1.0641e+7 
        11127.8      1.06692e+7 
        11166.8      1.06993e+7 
        11205.9      1.06791e+7 
        11228.9      1.06506e+7 
        11244.9      1.06246e+7 
        11260.9       1.0595e+7 
        11292.9      1.05242e+7 
          11357      1.03588e+7 
        11421.1      1.01794e+7 
        11485.1      1.00288e+7 
        11549.2      9.83362e+6 
        11613.3      9.64309e+6 
        11677.4      9.45707e+6 
        11741.4      9.27549e+6 
        11805.5      9.09818e+6 
        11869.6      8.92501e+6 
        11933.6       8.7559e+6 
        11997.7      8.59075e+6 
        12061.8      8.39798e+6 
        12125.8      8.23295e+6 
        12189.9      8.06843e+6 
        12223.3      7.98238e+6 
          12254       7.9028e+6 
        12284.6      7.82219e+6 
        12345.9       7.6554e+6 
        12407.2        7.479e+6 
        12468.5      7.28667e+6 
        12499.2      7.18121e+6 
        12529.8      7.07034e+6 
        12560.5      6.94993e+6 
        12591.1       6.8165e+6 
        12621.8      6.66671e+6 
        12652.4       6.5041e+6 
        12667.8      6.41221e+6 
        12683.1      6.31221e+6 
        12698.4       6.2043e+6 
        12713.7      6.08762e+6 
        12729.1      5.95354e+6 
        12744.4      5.80535e+6 
        12759.7      5.63291e+6 
          12775      5.44639e+6 
        12790.4      5.23622e+6 
        12802.6      5.04958e+6 
        12813.4       4.8417e+6 
        12824.4       4.8618e+6 
        12840.4      5.09887e+6 
        12859.6      5.30976e+6 
        12872.4      5.42971e+6 
        12885.2      5.53586e+6 
          12898      5.62364e+6 
        12910.8      5.69822e+6 
        12923.6      5.76265e+6 
        12936.4      5.81367e+6 
        12949.2      5.85715e+6 
          12962      5.89507e+6 
        12987.6      5.95244e+6 
        13013.2      5.98872e+6 
        13038.8      6.01436e+6 
        13064.3      6.02793e+6 
        13089.9      6.03063e+6 
        13115.5      6.02561e+6 
        13141.1       6.0143e+6 
        13192.3      5.97839e+6 
        13243.5      5.92753e+6 
          13281      5.88417e+6 
        13294.7       5.8674e+6 
        13308.4      5.85018e+6 
        13335.7      5.81474e+6 
        13390.3      5.74085e+6 
          13445      5.66435e+6 
        13499.6      5.58688e+6 
        13554.3      5.50916e+6 
          13609      5.43181e+6 
        13663.6      5.36553e+6 
        13718.3      5.28783e+6 
        13772.9      5.21149e+6 
        13827.6      5.13654e+6 
        13882.2       5.0629e+6 
        13936.9      4.99058e+6 
        13991.6      4.91951e+6 
        14046.2      4.84971e+6 
        14100.9      4.78113e+6 
        14155.5      4.71374e+6 
        14210.2      4.64752e+6 
        14264.8      4.58245e+6 
        14306.9       4.5331e+6 
        14319.5      4.51849e+6 
        14332.1      4.50398e+6 
        14357.2      4.47479e+6 
        14407.5      4.41711e+6 
        14457.6      4.36047e+6 
        14507.8       4.3047e+6 
        14532.8      4.27728e+6 
          14558      4.24982e+6 
        14581.2      4.22475e+6 
        14597.2      4.20754e+6 
        14613.2      4.19041e+6 
        14645.2      4.15645e+6 
        14709.2      4.08954e+6 
        14773.2      4.02397e+6 
        14837.1      3.95969e+6 
        14901.1      3.89667e+6 
        14965.1      3.83494e+6 
        15029.1      3.77444e+6 
        15093.1      3.71509e+6 
        15157.1      3.65691e+6 
          15221      3.59986e+6 
          15285      3.54394e+6 
          15349      3.48908e+6 
          15413      3.43527e+6 
        15471.6      3.38689e+6 
        15482.4      3.37806e+6 
        15493.1       3.3693e+6 
        15514.7      3.35186e+6 
        15557.9      3.31727e+6 
        15644.2      3.24944e+6 
        15730.5      3.18331e+6 
        15816.8      3.11886e+6 
        15903.1      3.05603e+6 
        15989.4      2.99478e+6 
        16075.8      2.93505e+6 
        16162.1      2.87679e+6 
        16248.4      2.81997e+6 
        16289.9      2.79315e+6 
        16334.7      2.76454e+6 
        16379.5       2.7363e+6 
        16469.1      2.68153e+6 
        16558.8      2.62813e+6 
        16648.4      2.57605e+6 
          16738      2.52525e+6 
        16827.7      2.47569e+6 
        16917.3      2.42735e+6 
        17006.9      2.38017e+6 
        17096.6      2.33414e+6 
        17186.2      2.28921e+6 
        17275.8      2.24535e+6 
        17327.7      2.22046e+6 
        17365.5      2.20254e+6 
        17403.2       2.1848e+6 
        17478.8      2.15028e+6 
        17554.3      2.11643e+6 
        17629.9      2.08324e+6 
        17705.4       2.0507e+6 
          17781      2.01879e+6 
        17856.5       1.9875e+6 
        17894.3      1.97208e+6 
        17913.2      1.96443e+6 
        17932.1      1.95682e+6 
        17946.2      1.95113e+6 
        17956.3      1.93481e+6 
        17966.3      1.93045e+6 
        17976.3      1.92612e+6 
        17986.4      1.92178e+6 
        17996.4      1.91743e+6 
        18006.4      1.91309e+6 
        18016.8      1.90861e+6 
        18045.1      1.89627e+6 
        18082.9      1.87973e+6 
        18158.4      1.84609e+6 
          18234      1.81111e+6 
        18309.5      1.77373e+6 
        18343.2      1.75591e+6 
        18385.1      1.73223e+6 
          18427      1.70632e+6 
        18468.9      1.67756e+6 
        18510.8       1.6448e+6 
        18552.7      1.60662e+6 
        18573.6      1.58489e+6 
        18594.6      1.56077e+6 
        18615.5      1.53404e+6 
        18636.5      1.50437e+6 
        18657.4      1.47098e+6 
        18678.4      1.43483e+6 
        18689.4      1.41453e+6 
        18704.8      1.38534e+6 
        18720.3      1.35231e+6 
        18731.8      1.32133e+6 
        18743.4      1.27065e+6 
        18753.5      1.21502e+6 
        18764.6      1.29385e+6 
        18776.2      1.32524e+6 
        18787.8      1.34655e+6 
        18803.2      1.36916e+6 
        18818.6      1.38904e+6 
          18834      1.40747e+6 
        18849.5      1.42405e+6 
        18864.9       1.4389e+6 
        18880.3      1.45144e+6 
        18895.8      1.46211e+6 
        18911.2       1.4714e+6 
          18942      1.48541e+6 
        18972.9      1.49468e+6 
        19003.8      1.50041e+6 
        19034.6      1.50335e+6 
        19065.5      1.50401e+6 
        19096.3      1.50312e+6 
          19158      1.49731e+6 
        19219.8      1.48789e+6 
        19281.5      1.47619e+6 
        19343.2      1.46303e+6 
        19359.1      1.45946e+6 
        19404.9      1.44894e+6 
        19450.7      1.43812e+6 
        19542.2      1.41577e+6 
          19588      1.41104e+6 
        19633.8      1.39879e+6 
        19679.6      1.38667e+6 
        19725.3      1.37469e+6 
        19816.9       1.3511e+6 
        19908.4      1.32801e+6 
          20000      1.30541e+6 
        20091.5      1.28329e+6 
        20183.1      1.26163e+6 
        20274.7      1.24042e+6 
        20366.2      1.21966e+6 
        20441.1      1.20298e+6 
        20457.8      1.19932e+6 
        20474.4      1.19567e+6 
        20507.7      1.18837e+6 
        20574.2      1.17394e+6 
        20640.7      1.15972e+6 
        20707.2      1.14572e+6 
        20773.8      1.13192e+6 
        20840.3      1.11833e+6 
        20906.8      1.10493e+6 
        20973.3      1.09174e+6 
        21039.9      1.07874e+6 
        21106.4      1.06593e+6 
        21172.9      1.05331e+6 
        21239.5      1.04088e+6 
          21306      1.02862e+6 
        21372.5      1.01655e+6 
          21439      1.00465e+6 
        21505.6          992922 
        21572.1          981364 
        21630.6          971333 
        21689.1          961384 
        21747.7          951557 
        21806.2          941859 
        21864.7          932280 
        21923.3          922824 
        21981.8          913484 
        22040.3          904263 
        22098.9          895156 
        22157.4          886162 
        22215.9          877280 
        22274.5          868509 
          22333          859848 
        22391.5          851290 
        22450.1          842842 
        22508.6          834495 
        22567.1          826258 
        22625.6          818121 
        22684.2          810082 
        22698.6          808118 
        22742.7          802140 
        22784.8          796485 
        22800.8          794345 
        22816.8          792209 
        22848.8          787962 
        22912.8          779549 
        22976.8          771248 
        23040.8          763055 
        23104.8          754975 
        23168.7          746995 
        23232.7          739123 
        23296.7          731353 
        23360.7          723685 
        23424.7          716117 
        23488.6          708646 
        23552.6          701273 
        23616.6          693994 
        23680.6          686809 
        23744.6          679715 
        23808.6          672712 
        23872.5          665801 
        23936.5          658974 
        24000.5          652235 
        24064.5          645585 
        24128.5          639016 
        24192.5          632531 
        24256.4          626126 
        24320.4          619802 
        24384.4          613559 
        24448.4          607392 
        24512.4          601304 
        24576.3          595294 
        24640.3          589356 
        24704.3          583494 
        24768.3          577704 
        24832.3          571983 
        24896.3          566335 
        24960.2          560755 
        25004.4          556942 
        25024.2          555245 
          25044          553555 
        25083.6          550206 
        25162.8          543580 
        25241.9          537055 
        25321.1          530628 
        25400.2          524294 
        25479.4          518058 
        25558.5          511910 
        25637.7          505853 
        25716.9          499887 
          25796          494006 
        25875.2          488210 
        25954.3          482502 
        26033.5          476872 
        26112.7          471327 
        26191.8          465860 
          26271          460473 
        26350.1          455160 
        26429.3          449926 
        26508.4          444768 
        26587.6          439678 
        26666.8          434664 
        26745.9          429720 
        26825.1          424844 
        26904.2          420037 
        26983.4          415297 
        27062.6          410622 
        27141.7          406013 
        27220.9          401470 
        27299.2          397034 
        27377.5          392655 
        27455.8          388335 
        27534.2          384072 
        27612.5          379872 
        27690.8          375725 
        27769.1          371635 
        27847.5          367601 
        27925.8          363624 
        28004.1          359697 
        28082.4          355823 
        28160.8          352003 
        28239.1          348233 
        28317.4          344513 
        28395.7          340841 
          28474          337219 
        28552.4          333647 
        28630.7          330119 
          28709          326638 
        28787.3          323204 
        28865.7          319814 
          28944          316468 
        29022.3          313165 
        29100.6          309905 
          29179          306688 
        29257.3          303512 
        29335.6          300377 
        29413.9          297283 
        29492.3          294227 
        29570.6          291212 
        29648.9          288236 
        29727.2          285298 
        29805.5          282397 
        29883.9          279533 
        29932.6          277769 
        29962.2          276705 
        29991.8          275646 
