# Koester WD models
# teff = 12000 K (value for the effective temperature for the model. Temperatures are given in K)
# logg = 8.25 log(cm/s2) (value for Log(G) for the model.)
#
# column 1: WAVELENGTH (ANGSTROM), Wavelength in Angstrom
# column 2: FLUX (ERG/CM2/S/A), Flux in erg/cm2/s/A
         899.23         6658.01 
        909.241         7897.59 
        919.241         43190.6 
        929.261         63116.2 
        939.271          164803 
         949.28         24758.6 
        959.289          535173 
        969.297          273512 
        979.305          508602 
        989.312      1.03242e+6 
        999.319      1.87535e+6 
        1009.33      1.14935e+6 
        1019.33          620848 
        1029.34          575845 
        1039.34      1.46109e+6 
        1049.35      3.22632e+6 
        1059.36      3.77648e+6 
        1069.36      9.93708e+6 
        1079.36      1.06813e+7 
        1089.37      4.63529e+7 
        1099.37      5.56068e+7 
        1109.38      5.48755e+7 
        1119.38      5.04986e+7 
        1129.38        4.545e+7 
        1139.39      3.81317e+7 
        1149.39      2.97169e+7 
        1159.39      2.14359e+7 
        1169.39      1.39374e+7 
         1179.4      7.81236e+6 
         1189.4      5.16019e+6 
         1199.4      4.04163e+6 
         1209.4      2.77239e+6 
        1219.41      2.63503e+6 
        1229.41      4.46131e+6 
        1239.41      7.56851e+6 
        1249.41      1.25953e+7 
        1259.41      1.99643e+7 
        1269.41      3.16296e+7 
        1279.42       4.7128e+7 
        1289.42      6.36502e+7 
        1299.42      8.12611e+7 
        1309.42      9.54695e+7 
        1319.42      1.12446e+8 
        1329.42      1.27072e+8 
        1339.42      1.32044e+8 
        1349.42      1.44487e+8 
        1359.42      1.63095e+8 
        1369.42      1.64831e+8 
        1379.42      1.38003e+8 
        1389.42      1.17855e+8 
        1399.42      1.22477e+8 
        1409.42      1.99556e+8 
        1419.42      2.93107e+8 
        1429.42      3.32157e+8 
        1439.42      3.43401e+8 
        1453.22      3.43646e+8 
        1464.42      3.43822e+8 
        1476.35       3.4829e+8 
        1487.11      3.60407e+8 
        1499.42      3.71773e+8 
        1509.42      3.77186e+8 
        1521.92      3.79822e+8 
        1531.92      3.67519e+8 
        1544.42      3.41742e+8 
        1559.42      3.21828e+8 
        1570.19      3.04513e+8 
        1581.72      2.83505e+8 
        1593.61      2.76369e+8 
        1604.41      2.88781e+8 
        1616.91      3.22469e+8 
        1629.41      3.64893e+8 
        1641.91       4.0136e+8 
        1654.41      4.23744e+8 
        1665.56      4.33838e+8 
        1676.33      4.38805e+8 
         1689.4       4.4178e+8 
         1704.4       4.4293e+8 
         1719.4      4.42861e+8 
         1734.4      4.42248e+8 
        1749.39      4.41259e+8 
        1764.39      4.39917e+8 
        1775.55      4.38818e+8 
        1789.39      4.37388e+8 
        1809.39      4.35076e+8 
           1824      4.33292e+8 
        1834.77      4.31934e+8 
        1845.54       4.3053e+8 
           1864      4.28099e+8 
        1876.29      4.26383e+8 
        1888.59      4.24633e+8 
        1906.98      4.21944e+8 
        1919.37      4.20091e+8 
        1931.76      4.18209e+8 
        1944.47      4.16261e+8 
        1956.53      4.14357e+8 
         1967.6      4.12589e+8 
        1992.71      4.08495e+8 
        2017.81      4.04295e+8 
        2067.03      3.95809e+8 
        2116.25      3.87082e+8 
        2165.47      3.78182e+8 
         2214.7      3.69096e+8 
        2263.91      3.59973e+8 
        2313.13      3.50847e+8 
        2362.35      3.41752e+8 
        2409.27      3.33122e+8 
        2451.59        3.254e+8 
        2466.76      3.22654e+8 
        2488.39      3.18755e+8 
        2510.01      3.14957e+8 
         2547.3      3.08324e+8 
        2559.23      3.06221e+8 
        2571.17      3.04125e+8 
        2595.04      2.99962e+8 
        2627.89      2.94305e+8 
        2642.78      2.91766e+8 
        2657.67      2.89243e+8 
        2687.45       2.8424e+8 
        2737.93      2.75914e+8 
        2756.11      2.72962e+8 
        2766.75      2.71245e+8 
        2810.65      2.64259e+8 
        2854.55      2.57462e+8 
        2931.71      2.45931e+8 
        2942.34      2.44382e+8 
        2952.98      2.42841e+8 
        2974.26      2.39788e+8 
        3016.81      2.33791e+8 
        3051.42      2.29017e+8 
        3091.41      2.23619e+8 
        3120.64      2.19754e+8 
        3149.86      2.15958e+8 
        3168.31      2.13597e+8 
         3208.3      2.08568e+8 
        3248.29       2.0366e+8 
        3309.83      1.96341e+8 
        3322.09      1.94916e+8 
        3346.73      1.92082e+8 
        3383.63      1.87925e+8 
        3445.17       1.8121e+8 
        3469.81      1.78609e+8 
        3495.92        1.759e+8 
        3506.71      1.74794e+8 
         3543.6      1.71069e+8 
        3591.28      1.66388e+8 
        3635.88      1.62129e+8 
        3647.12      1.61076e+8 
        3658.96      1.59969e+8 
        3671.11       1.5882e+8 
        3682.58      1.57751e+8 
         3693.5      1.56737e+8 
        3703.57      1.55803e+8 
        3713.83      1.54881e+8 
        3724.38      1.53983e+8 
        3734.43      1.53014e+8 
        3744.62      1.52412e+8 
        3754.84      1.51872e+8 
        3765.07      1.50535e+8 
         3775.5       1.5026e+8 
        3786.22      1.50684e+8 
        3796.45      1.43498e+8 
        3807.84      1.50899e+8 
        3818.92      1.51754e+8 
        3829.97      1.39243e+8 
        3840.76       1.3988e+8 
        3851.84       1.5496e+8 
        3862.22      1.57279e+8 
        3872.36      1.48906e+8 
         3882.5      1.27572e+8 
        3892.89      1.19938e+8 
        3904.25      1.48579e+8 
         3914.9      1.62871e+8 
        3924.94      1.67104e+8 
        3935.81      1.64469e+8 
        3946.58      1.52372e+8 
         3957.6      1.28608e+8 
        3967.98      9.31831e+7 
        3978.37      1.15317e+8 
        3988.87      1.43726e+8 
         4001.3      1.64454e+8 
        4012.03      1.73789e+8 
        4023.86      1.77774e+8 
        4035.85      1.78041e+8 
         4047.6      1.74744e+8 
        4058.85      1.66895e+8 
        4071.35      1.50807e+8 
        4082.28      1.30817e+8 
        4093.57      9.99617e+7 
        4103.79      7.84343e+7 
        4114.23      1.12325e+8 
        4125.26        1.369e+8 
        4135.54      1.52855e+8 
        4146.66      1.65778e+8 
        4158.83      1.74253e+8 
        4173.82      1.79271e+8 
        4188.82      1.81228e+8 
        4203.81      1.81574e+8 
        4216.52      1.81038e+8 
        4228.81      1.79788e+8 
        4243.81      1.77126e+8 
         4258.8      1.72541e+8 
         4273.8      1.64979e+8 
        4288.79      1.53306e+8 
        4301.29      1.40834e+8 
        4313.79      1.24364e+8 
        4324.82      1.04252e+8 
        4335.37       7.7755e+7 
        4345.89      7.83947e+7 
        4356.08      1.02925e+8 
        4368.77      1.23734e+8 
        4379.56      1.35916e+8 
        4393.77      1.47495e+8 
        4408.76       1.5613e+8 
        4423.76      1.61122e+8 
        4438.75      1.63537e+8 
        4453.75      1.64425e+8 
        4468.74       1.6445e+8 
        4483.74      1.63963e+8 
        4498.74      1.63222e+8 
        4513.73      1.62305e+8 
        4527.19      1.61379e+8 
        4538.73      1.60528e+8 
        4553.72      1.59365e+8 
        4568.72      1.58146e+8 
        4583.72      1.56881e+8 
        4596.53      1.55766e+8 
        4608.71      1.54701e+8 
         4623.7      1.53321e+8 
         4638.7       1.5189e+8 
         4653.7      1.50397e+8 
        4668.69      1.48806e+8 
        4683.69      1.47047e+8 
        4698.68       1.4508e+8 
        4713.68        1.428e+8 
        4724.83      1.40836e+8 
        4738.67      1.37995e+8 
        4753.67      1.34459e+8 
        4768.67      1.30137e+8 
        4783.66      1.24741e+8 
        4798.66       1.1791e+8 
        4813.65      1.09117e+8 
        4828.65      9.76193e+7 
        4839.16      8.68861e+7 
        4849.39       7.2994e+7 
        4859.63      5.50762e+7 
        4870.86      6.87402e+7 
        4881.14      8.26961e+7 
        4892.33      9.35079e+7 
        4903.18      1.01122e+8 
        4913.63      1.06601e+8 
        4925.16      1.11305e+8 
        4938.62      1.15231e+8 
        4953.62      1.18168e+8 
        4968.61      1.19993e+8 
        4983.61      1.21019e+8 
         4998.6      1.21549e+8 
         5013.6      1.21611e+8 
         5028.6      1.21341e+8 
        5043.59      1.20837e+8 
        5058.59      1.20191e+8 
        5073.58      1.19425e+8 
        5088.58      1.18609e+8 
        5103.58      1.17759e+8 
        5118.57      1.16886e+8 
        5133.57         1.16e+8 
        5148.56      1.15104e+8 
        5163.56      1.14203e+8 
        5178.56      1.13302e+8 
        5193.55      1.12401e+8 
        5208.55      1.11503e+8 
        5223.54      1.10607e+8 
        5238.54      1.09714e+8 
        5253.54      1.08827e+8 
        5268.53      1.07945e+8 
        5283.53       1.0707e+8 
        5298.52        1.062e+8 
        5313.52      1.05338e+8 
        5328.52      1.04482e+8 
        5343.51      1.03634e+8 
        5358.51      1.02792e+8 
         5373.5      1.02021e+8 
         5388.5      1.01188e+8 
         5403.5      1.00363e+8 
        5418.49      9.95461e+7 
        5433.49      9.87368e+7 
        5448.48      9.79354e+7 
        5463.48      9.71415e+7 
        5478.48      9.63545e+7 
        5493.47      9.55754e+7 
        5508.47      9.48038e+7 
        5523.46      9.40395e+7 
        5538.46       9.3283e+7 
        5553.46      9.25334e+7 
        5568.45      9.17911e+7 
        5583.45      9.10559e+7 
        5598.44      9.03277e+7 
        5613.44      8.96067e+7 
        5628.44      8.88923e+7 
        5643.43      8.81851e+7 
        5658.43      8.74842e+7 
        5673.42      8.68531e+7 
         5686.2      8.62641e+7 
        5698.42      8.57048e+7 
        5708.88      8.52295e+7 
        5723.41      8.45751e+7 
        5738.41       8.3906e+7 
         5753.4      8.32431e+7 
         5768.4       8.2535e+7 
        5783.39      8.18834e+7 
        5798.39      8.12378e+7 
        5813.39      8.05982e+7 
        5828.38      7.99648e+7 
        5843.38      7.93372e+7 
        5858.37      7.87154e+7 
        5873.37      7.80991e+7 
        5888.37      7.74886e+7 
        5903.36      7.68833e+7 
        5918.36      7.62832e+7 
        5933.35      7.56885e+7 
        5948.35      7.50991e+7 
        5963.35      7.45148e+7 
        5978.34      7.39355e+7 
        5993.34      7.33609e+7 
        6008.33       7.2791e+7 
        6023.33      7.22255e+7 
        6038.32      7.16648e+7 
        6053.32      7.11081e+7 
        6068.32      7.05551e+7 
        6083.31      7.00041e+7 
        6098.31      6.94562e+7 
        6113.31      6.89111e+7 
         6128.3      6.83686e+7 
         6143.3      6.78279e+7 
        6158.29      6.72891e+7 
        6173.29       6.6751e+7 
        6188.28      6.62125e+7 
        6203.28      6.56731e+7 
        6218.28      6.51315e+7 
        6233.27      6.45855e+7 
        6244.38      6.41771e+7 
        6256.04      6.37517e+7 
        6266.59      6.33684e+7 
        6278.26      6.29402e+7 
        6290.52      6.24844e+7 
        6302.31      6.20417e+7 
        6312.59      6.16503e+7 
        6323.25      6.12359e+7 
        6338.24      6.06381e+7 
        6353.24      6.00186e+7 
        6368.24      5.93679e+7 
        6383.23      5.86799e+7 
        6398.23      5.79373e+7 
        6413.22       5.7122e+7 
        6428.22      5.62075e+7 
        6443.22      5.51535e+7 
        6458.21       5.3906e+7 
        6473.21      5.24084e+7 
         6488.2      5.05997e+7 
         6503.2      4.83607e+7 
         6518.2      4.54607e+7 
        6532.67      4.17018e+7 
        6543.19      3.80855e+7 
        6556.02      3.27077e+7 
        6566.09       3.0643e+7 
        6577.95      3.58943e+7 
        6588.18      3.93774e+7 
        6603.34       4.3064e+7 
        6613.66      4.48246e+7 
        6623.98      4.61528e+7 
         6634.3      4.71654e+7 
        6644.62      4.79432e+7 
        6654.94      4.85404e+7 
        6665.26      4.89913e+7 
        6675.58       4.9313e+7 
         6685.9      4.95294e+7 
        6696.23      4.96592e+7 
        6711.48      4.97336e+7 
        6726.73      4.97044e+7 
        6741.98      4.96001e+7 
        6772.48      4.92463e+7 
        6802.98      4.87748e+7 
        6824.78      4.83947e+7 
        6868.37      4.75735e+7 
        6955.56      4.58515e+7 
        6976.35       4.5434e+7 
        7042.75      4.41098e+7 
        7109.15      4.28124e+7 
        7175.54      4.15538e+7 
        7241.94      4.03368e+7 
        7308.33      3.91615e+7 
        7355.95      3.83438e+7 
        7374.73      3.80353e+7 
        7393.51      3.77208e+7 
        7431.08      3.71016e+7 
        7506.22      3.58999e+7 
        7581.35       3.4746e+7 
         7635.1      3.39487e+7 
        7656.49      3.36373e+7 
        7677.88      3.33298e+7 
        7720.67       3.2725e+7 
        7806.23      3.15554e+7 
        7821.36      3.13545e+7 
         7891.8      3.04385e+7 
        7962.25      2.95556e+7 
        7982.84      2.93036e+7 
        8032.69      2.87042e+7 
        8082.55        2.812e+7 
        8161.68      2.72225e+7 
        8182.26      2.69948e+7 
        8200.85      2.67913e+7 
        8216.85      2.66176e+7 
        8232.84      2.64454e+7 
        8264.83       2.6105e+7 
        8289.72       2.5844e+7 
        8328.82      2.54402e+7 
        8343.44      2.52912e+7 
        8367.92       2.5044e+7 
        8388.68      2.48374e+7 
        8408.65      2.46406e+7 
        8432.02      2.44126e+7 
        8467.25      2.40727e+7 
        8502.48      2.37386e+7 
        8516.58      2.36064e+7 
        8530.98      2.34718e+7 
        8545.38      2.33443e+7 
        8574.18      2.30895e+7 
        8598.39      2.28771e+7 
         8628.6       2.2617e+7 
        8646.81      2.24582e+7 
        8665.01      2.22999e+7 
        8685.59      2.21295e+7 
        8701.43      2.19964e+7 
        8750.47      2.15586e+7 
        8767.92      2.14237e+7 
        8815.35      2.10305e+7 
        8839.07      2.08242e+7 
        8862.78      2.06177e+7 
         8886.5      2.04885e+7 
        8910.21       2.0354e+7 
        8933.93      2.01748e+7 
        8957.65       1.9967e+7 
        8981.36      1.97173e+7 
        8995.25      1.95557e+7 
        9014.91      1.93499e+7 
        9034.57      1.92961e+7 
        9054.23      1.92592e+7 
        9087.39      1.91289e+7 
        9099.72      1.90586e+7 
        9112.05      1.89792e+7 
        9136.72      1.87781e+7 
        9161.38      1.85155e+7 
        9186.05      1.81839e+7 
        9210.71      1.77939e+7 
        9224.43      1.75873e+7 
        9238.16      1.75525e+7 
        9256.46      1.76071e+7 
         9283.9      1.77149e+7 
         9302.2      1.77304e+7 
         9320.5      1.77086e+7 
         9338.8      1.76551e+7 
        9357.09      1.75733e+7 
        9384.08      1.74138e+7 
        9411.07      1.72052e+7 
        9438.06      1.69462e+7 
        9451.56      1.67829e+7 
        9465.05      1.66143e+7 
        9478.54      1.64134e+7 
        9492.04      1.61783e+7 
        9505.53      1.58837e+7 
        9519.03      1.55062e+7 
        9532.57      1.50738e+7 
        9542.62      1.47576e+7 
        9552.66      1.47822e+7 
         9562.7      1.50097e+7 
         9576.1      1.53164e+7 
        9589.49      1.55223e+7 
        9602.88      1.56629e+7 
        9616.27      1.57559e+7 
        9629.67      1.58078e+7 
        9643.06      1.58383e+7 
        9668.45      1.58562e+7 
        9693.84      1.58132e+7 
        9719.23      1.57409e+7 
        9744.62      1.56383e+7 
        9770.01      1.55209e+7 
         9820.8       1.5231e+7 
        9846.19      1.50837e+7 
        9871.58      1.48715e+7 
         9891.9      1.46709e+7 
        9907.13      1.44953e+7 
        9922.36      1.43084e+7 
        9937.59      1.41069e+7 
        9952.82      1.38674e+7 
        9968.05      1.36108e+7 
        9983.28      1.33122e+7 
        9998.51      1.29665e+7 
        10013.7      1.25396e+7 
          10029       1.2047e+7 
          10039      1.16945e+7 
        10049.4      1.14899e+7 
        10062.3      1.16879e+7 
        10072.6      1.19676e+7 
          10083      1.22202e+7 
        10093.3      1.24263e+7 
        10103.7      1.26091e+7 
          10114      1.27501e+7 
        10124.4      1.28699e+7 
        10134.7      1.29599e+7 
        10155.4       1.3111e+7 
        10176.1      1.32042e+7 
        10196.8      1.32635e+7 
        10217.4       1.3298e+7 
        10237.2      1.32953e+7 
        10256.9      1.32728e+7 
        10296.4      1.31897e+7 
        10335.9      1.30697e+7 
        10375.4      1.29333e+7 
        10414.9       1.2789e+7 
        10454.4      1.25929e+7 
        10533.4      1.22629e+7 
        10572.9      1.21059e+7 
        10612.4      1.19166e+7 
        10651.9      1.17109e+7 
        10691.3      1.14772e+7 
        10730.8      1.11983e+7 
        10750.6      1.10432e+7 
        10770.3      1.08753e+7 
        10790.1      1.06823e+7 
        10809.8      1.04715e+7 
        10829.6      1.02385e+7 
        10849.3      9.95395e+6 
        10869.1      9.62996e+6 
        10888.8      9.22123e+6 
        10908.6      8.70959e+6 
        10923.4       8.2546e+6 
        10934.4      7.83648e+6 
        10944.8      7.93997e+6 
        10959.5      8.36572e+6 
        10974.2      8.70347e+6 
        10993.7      9.05168e+6 
        11013.3      9.31225e+6 
        11032.9      9.48529e+6 
        11052.4      9.62119e+6 
          11072      9.71079e+6 
        11091.5      9.77877e+6 
        11111.1      9.82467e+6 
        11130.7      9.84735e+6 
        11150.2      9.86155e+6 
        11189.4      9.85398e+6 
        11228.5      9.80614e+6 
        11260.9      9.74767e+6 
        11293.3      9.67651e+6 
        11325.7      9.59782e+6 
        11390.5      9.42977e+6 
        11455.4      9.28375e+6 
        11520.2      9.10107e+6 
          11585      8.92281e+6 
        11649.8      8.74883e+6 
        11714.6      8.57906e+6 
        11779.4      8.41331e+6 
        11844.3      8.25152e+6 
        11909.1      8.09356e+6 
        11973.9      7.93931e+6 
        12038.7      7.77042e+6 
        12103.5      7.61918e+6 
        12168.3       7.4697e+6 
        12181.7      7.43907e+6 
        12233.2      7.32104e+6 
        12284.6      7.20179e+6 
        12336.1      7.07958e+6 
        12387.6       6.9531e+6 
          12439      6.81886e+6 
        12490.5      6.67353e+6 
          12542      6.51246e+6 
        12567.7      6.42242e+6 
        12593.4       6.3234e+6 
        12619.2      6.21404e+6 
        12644.9      6.09419e+6 
        12670.6      5.95395e+6 
        12683.5      5.87713e+6 
        12696.4      5.79407e+6 
        12709.2      5.70322e+6 
        12722.1      5.59989e+6 
          12735      5.48799e+6 
        12747.8      5.36295e+6 
        12760.7      5.21976e+6 
        12773.6      5.06516e+6 
        12786.4      4.89429e+6 
        12799.3      4.70529e+6 
          12811      4.48057e+6 
        12821.9      4.38098e+6 
        12833.6      4.61591e+6 
        12852.3       4.8444e+6 
        12871.1      5.02969e+6 
        12889.9      5.17986e+6 
        12908.6      5.29355e+6 
        12927.4      5.38434e+6 
        12946.1       5.4495e+6 
        12964.9      5.49876e+6 
        12983.6      5.53715e+6 
        13002.4      5.56351e+6 
        13021.1      5.58063e+6 
        13058.6      5.59747e+6 
        13096.1      5.59354e+6 
        13133.7       5.5746e+6 
        13171.2      5.54664e+6 
          13184      5.53511e+6 
        13208.7      5.51167e+6 
        13246.2      5.47137e+6 
        13308.4      5.39691e+6 
        13370.5      5.31718e+6 
        13432.7      5.23493e+6 
        13494.9      5.15209e+6 
          13557      5.06962e+6 
        13619.2      4.99548e+6 
        13681.4      4.91345e+6 
        13743.6      4.83306e+6 
        13805.7       4.7543e+6 
        13867.9      4.67714e+6 
        13930.1      4.60149e+6 
        13992.3      4.52738e+6 
        14054.4      4.45475e+6 
        14116.6      4.38356e+6 
        14178.8      4.31375e+6 
          14241      4.24533e+6 
        14274.2      4.20929e+6 
        14303.1      4.17826e+6 
        14332.1      4.14747e+6 
        14389.9       4.0864e+6 
          14438      4.03651e+6 
        14449.9      4.02422e+6 
        14477.3      3.99629e+6 
        14516.6      3.95655e+6 
        14581.2      3.89224e+6 
        14597.2      3.87654e+6 
        14613.2      3.86086e+6 
        14645.2      3.82979e+6 
        14709.2      3.76859e+6 
        14773.2      3.70859e+6 
        14837.1      3.64978e+6 
        14901.1      3.59213e+6 
        14965.1      3.53558e+6 
        15029.1      3.48016e+6 
        15093.1      3.42581e+6 
        15157.1       3.3725e+6 
          15221      3.32022e+6 
          15285      3.26895e+6 
          15349      3.21869e+6 
          15413      3.16936e+6 
        15471.6      3.12501e+6 
        15482.4      3.11692e+6 
        15493.1      3.10891e+6 
        15514.7      3.09297e+6 
        15557.9      3.06139e+6 
        15644.2      2.99942e+6 
        15730.5      2.93901e+6 
        15816.8      2.88011e+6 
        15903.1      2.82266e+6 
        15989.4      2.76664e+6 
        16075.8        2.712e+6 
        16162.1      2.65869e+6 
        16248.4      2.60669e+6 
        16289.9      2.58214e+6 
        16334.7      2.55595e+6 
        16379.5      2.53008e+6 
        16469.1      2.48028e+6 
        16558.8      2.43169e+6 
        16648.4      2.38429e+6 
          16738      2.33803e+6 
        16827.7      2.29289e+6 
        16917.3      2.24883e+6 
        17006.9      2.20582e+6 
        17096.6      2.16383e+6 
        17186.2      2.12284e+6 
        17275.8      2.08281e+6 
        17327.7      2.06008e+6 
        17365.5      2.04372e+6 
        17403.2      2.02752e+6 
        17478.8      1.99589e+6 
        17554.3      1.96488e+6 
        17629.9      1.93447e+6 
        17705.4      1.90464e+6 
          17781      1.87538e+6 
        17856.5      1.84668e+6 
        17932.1      1.81853e+6 
        18007.6      1.78134e+6 
        18083.2      1.75178e+6 
        18158.7       1.7218e+6 
        18234.3      1.69084e+6 
        18309.8      1.65799e+6 
        18343.7      1.64225e+6 
        18385.3      1.62173e+6 
          18427      1.59938e+6 
        18468.6      1.57432e+6 
        18510.2      1.54547e+6 
        18551.8      1.51111e+6 
        18572.6      1.49147e+6 
        18593.4      1.46958e+6 
        18614.2      1.44532e+6 
          18635      1.41791e+6 
        18655.8      1.38708e+6 
        18676.6      1.35301e+6 
        18697.4      1.31565e+6 
          18710      1.29128e+6 
        18726.4      1.25444e+6 
        18738.8      1.21489e+6 
        18749.1      1.13051e+6 
        18759.5      1.19248e+6 
        18770.7      1.23106e+6 
        18786.6      1.26269e+6 
        18805.8      1.29051e+6 
        18818.6      1.30686e+6 
        18831.4      1.32184e+6 
          18857      1.34762e+6 
        18882.6      1.36788e+6 
        18908.2      1.38283e+6 
        18933.8      1.39396e+6 
        18959.4      1.40169e+6 
          18985      1.40686e+6 
        19010.6      1.40982e+6 
        19036.2      1.41094e+6 
        19061.8      1.41067e+6 
          19113      1.40702e+6 
        19164.1      1.40045e+6 
        19215.3      1.39198e+6 
        19266.5      1.38224e+6 
        19317.7      1.37164e+6 
        19368.9      1.36049e+6 
        19389.5      1.35589e+6 
        19420.1      1.34896e+6 
        19450.7      1.34197e+6 
        19511.9      1.32767e+6 
        19573.1        1.318e+6 
        19634.3      1.30273e+6 
        19695.5      1.28769e+6 
        19756.7      1.27285e+6 
        19817.8      1.25823e+6 
          19879      1.24382e+6 
        19940.2      1.22962e+6 
        20001.4      1.21561e+6 
        20062.6       1.2018e+6 
        20123.8      1.18819e+6 
          20185      1.17476e+6 
        20246.2      1.16153e+6 
        20307.4      1.14848e+6 
        20368.6      1.13561e+6 
        20385.2      1.13215e+6 
        20429.8      1.12292e+6 
        20474.4      1.11379e+6 
        20563.6      1.09566e+6 
        20652.8      1.07791e+6 
          20742      1.06051e+6 
        20831.2      1.04345e+6 
        20920.4      1.02674e+6 
        21009.5      1.01036e+6 
        21098.7          994298 
        21187.9          978553 
        21277.1          963112 
        21366.3          947972 
        21455.5          933125 
        21544.7          918567 
        21630.6          904810 
        21716.5          891248 
        21802.5          877937 
        21888.4          864874 
        21974.3          852050 
        22060.2          839459 
        22146.2          827100 
        22232.1          814967 
          22318          803051 
        22403.9          791351 
        22489.9          779866 
        22575.8          768581 
        22661.7          757501 
        22708.4          751563 
        22747.6          746618 
        22784.8          741966 
        22800.8          739974 
        22816.8          737985 
        22848.8          734027 
        22912.8          726195 
        22976.8          718463 
        23040.8          710836 
        23104.8          703308 
        23168.7          695878 
        23232.7          688546 
        23296.7          681308 
        23360.7          674167 
        23424.7          667117 
        23488.6          660159 
        23552.6          653291 
        23616.6          646511 
        23680.6          639820 
        23744.6          633213 
        23808.6          626691 
        23872.5          620254 
        23936.5          613895 
        24000.5          607622 
        24064.5          601423 
        24128.5          595307 
        24192.5          589265 
        24256.4          583300 
        24320.4          577409 
        24384.4          571591 
        24448.4          565845 
        24512.4          560171 
        24576.3          554570 
        24640.3          549037 
        24704.3          543571 
        24768.3          538174 
        24832.3          532842 
        24896.3          527583 
        24960.2          522387 
        25004.4          518837 
        25024.2          517254 
          25044          515680 
        25083.6          512563 
        25162.8          506396 
        25241.9          500324 
        25321.1          494342 
        25400.2          488449 
        25479.4          482643 
        25558.5          476922 
        25637.7          471286 
        25716.9          465732 
          25796          460262 
        25875.2          454868 
        25954.3          449556 
        26033.5          444319 
        26112.7          439160 
        26191.8          434074 
          26271          429060 
        26350.1          424121 
        26429.3          419249 
        26508.4          414448 
        26587.6          409717 
        26666.8          405052 
        26745.9          400453 
        26825.1          395919 
        26904.2          391449 
        26983.4          387041 
        27062.6          382696 
        27141.7          378408 
        27220.9          374183 
        27299.2          370058 
        27377.5          366002 
        27455.8          361999 
        27534.2          358054 
        27612.5          354158 
        27690.8          350319 
        27769.1          346527 
        27847.5          342789 
        27925.8          339104 
        28004.1          335462 
        28082.4          331872 
        28160.8          328331 
        28239.1          324834 
        28317.4          321385 
        28395.7          317983 
          28474          314624 
        28552.4          311310 
        28630.7          308039 
          28709          304810 
        28787.3          301624 
        28865.7          298480 
          28944          295376 
        29022.3          292312 
        29100.6          289289 
          29179          286303 
        29257.3          283357 
        29335.6          280448 
        29413.9          277576 
        29492.3          274741 
        29570.6          271943 
        29648.9          269179 
        29727.2          266451 
        29805.5          263757 
        29883.9          261097 
        29932.6          259459 
        29962.2          258470 
        29991.8          257486 
