# Koester WD models
# teff = 12250 K (value for the effective temperature for the model. Temperatures are given in K)
# logg = 8 log(cm/s2) (value for Log(G) for the model.)
#
# column 1: WAVELENGTH (ANGSTROM), Wavelength in Angstrom
# column 2: FLUX (ERG/CM2/S/A), Flux in erg/cm2/s/A
         899.23         8090.48 
        909.241         9577.74 
        919.241         57151.9 
        929.261         81907.3 
        939.271          201395 
         949.28         32494.1 
        959.289          649703 
        969.297          329716 
        979.305          606126 
        989.312      1.25428e+6 
        999.319      2.29644e+6 
        1009.33      1.38743e+6 
        1019.33          734583 
        1029.34          683856 
        1039.34      1.75193e+6 
        1049.35      3.92093e+6 
        1059.36       4.5931e+6 
        1069.36       1.2945e+7 
        1079.36      1.38782e+7 
        1089.37      8.19594e+7 
        1099.37      1.03217e+8 
        1109.38      9.80899e+7 
        1119.38      8.47222e+7 
        1129.38      7.20867e+7 
        1139.39      5.66671e+7 
        1149.39      4.15576e+7 
        1159.39      2.85177e+7 
        1169.39      1.79233e+7 
         1179.4      1.00049e+7 
         1189.4      6.38648e+6 
         1199.4      4.77041e+6 
         1209.4        3.212e+6 
        1219.41       3.0635e+6 
        1229.41      5.16258e+6 
        1239.41      9.07704e+6 
        1249.41      1.59248e+7 
        1259.41      2.66503e+7 
        1269.41      4.37583e+7 
        1279.42      6.72225e+7 
        1289.42      9.38303e+7 
        1299.42      1.23476e+8 
        1309.42      1.48757e+8 
        1319.42      1.80101e+8 
        1329.42      2.03027e+8 
        1339.42      2.11074e+8 
        1349.42      2.37077e+8 
        1359.42      2.68039e+8 
        1369.42      2.59686e+8 
        1379.42      2.07193e+8 
        1389.42       1.6876e+8 
        1399.42      1.77385e+8 
        1409.42       3.1742e+8 
        1419.42      4.86702e+8 
        1429.42      5.49901e+8 
        1439.42      5.64918e+8 
        1453.22      5.61717e+8 
        1464.42      5.57369e+8 
        1476.35      5.56668e+8 
        1487.11      5.63709e+8 
        1499.42       5.6882e+8 
        1509.42      5.69115e+8 
        1521.92      5.65537e+8 
        1531.92      5.49081e+8 
        1544.42      5.18532e+8 
        1559.42      4.92492e+8 
        1570.19      4.70601e+8 
        1581.91      4.44306e+8 
        1594.41        4.331e+8 
        1604.41      4.42676e+8 
        1619.41       4.7903e+8 
        1634.41      5.19092e+8 
        1649.41       5.4353e+8 
        1664.41      5.51444e+8 
        1676.33      5.51698e+8 
         1689.4      5.49493e+8 
         1704.4      5.45362e+8 
         1719.4      5.40398e+8 
         1734.4      5.35173e+8 
        1749.39       5.2982e+8 
        1764.39      5.24395e+8 
        1775.55      5.20402e+8 
        1789.39      5.15517e+8 
        1809.39      5.08558e+8 
           1824      5.03582e+8 
        1834.77      4.99966e+8 
        1845.54      4.96381e+8 
           1864      4.90384e+8 
        1876.29      4.86397e+8 
        1888.59      4.82454e+8 
        1906.98      4.76595e+8 
        1919.37      4.72703e+8 
        1931.76      4.68873e+8 
        1944.47      4.64997e+8 
        1956.53      4.61352e+8 
         1967.6      4.58038e+8 
        1992.71      4.50649e+8 
        2017.81      4.43426e+8 
        2067.03       4.2949e+8 
        2116.25      4.16025e+8 
        2165.47         4.03e+8 
         2214.7      3.90393e+8 
        2263.91      3.78245e+8 
        2313.13      3.66404e+8 
        2362.35      3.54962e+8 
        2409.27      3.44381e+8 
        2451.59      3.35104e+8 
        2466.76      3.31831e+8 
        2488.39      3.27219e+8 
        2510.01      3.22742e+8 
         2547.3      3.15045e+8 
        2559.23      3.12622e+8 
        2571.17      3.10223e+8 
        2595.04      3.05496e+8 
        2627.89      2.99131e+8 
        2642.78      2.96295e+8 
        2657.67      2.93491e+8 
        2687.45      2.87962e+8 
        2737.93      2.78835e+8 
        2756.11      2.75621e+8 
        2766.75      2.73759e+8 
        2810.65      2.66218e+8 
        2854.55      2.58912e+8 
        2931.71      2.46593e+8 
        2942.34      2.44943e+8 
        2952.98      2.43304e+8 
        2974.26      2.40066e+8 
        3016.81      2.33731e+8 
        3051.42      2.28717e+8 
        3091.41      2.23081e+8 
        3120.64      2.19061e+8 
        3149.86      2.15133e+8 
        3168.31      2.12702e+8 
         3208.3      2.07541e+8 
        3248.29       2.0252e+8 
        3309.83      1.95073e+8 
        3322.09      1.93629e+8 
        3346.73      1.90758e+8 
        3383.63      1.86556e+8 
        3445.17      1.79784e+8 
        3469.81      1.77153e+8 
        3495.92      1.74411e+8 
        3506.71      1.73293e+8 
         3543.6      1.69526e+8 
        3591.28      1.64794e+8 
        3635.88      1.60498e+8 
        3647.12      1.59437e+8 
        3658.96      1.58322e+8 
        3671.11      1.57166e+8 
        3682.58       1.5609e+8 
         3693.5      1.55071e+8 
        3703.57      1.54138e+8 
        3713.83       1.5324e+8 
        3724.38      1.52383e+8 
        3734.43      1.51336e+8 
        3744.62      1.50892e+8 
        3754.84      1.50471e+8 
        3765.07      1.48924e+8 
         3775.5      1.48824e+8 
        3786.22      1.49994e+8 
        3796.45      1.40159e+8 
        3806.86      1.49942e+8 
        3817.44      1.53058e+8 
        3827.86      1.40789e+8 
        3837.97      1.30001e+8 
        3848.91      1.53278e+8 
        3860.37      1.60412e+8 
        3871.21      1.52077e+8 
        3881.42       1.2846e+8 
        3891.68       1.1129e+8 
        3902.49      1.45365e+8 
        3913.89      1.65874e+8 
        3924.65      1.72534e+8 
        3934.66       1.7061e+8 
        3945.81      1.57288e+8 
        3956.32      1.32694e+8 
         3967.1      9.49565e+7 
        3977.34       1.1087e+8 
        3988.52      1.44947e+8 
        3998.87      1.66365e+8 
        4011.23      1.80381e+8 
        4023.86       1.8582e+8 
        4035.85      1.86358e+8 
         4047.6      1.82749e+8 
        4058.85      1.73848e+8 
        4071.35      1.55752e+8 
        4082.28       1.3364e+8 
        4093.57       1.0125e+8 
        4103.79      7.95951e+7 
        4114.23      1.13945e+8 
        4125.26      1.40271e+8 
        4135.54       1.5813e+8 
        4145.79      1.71887e+8 
        4156.66      1.81167e+8 
        4168.82      1.86885e+8 
        4183.82      1.90147e+8 
        4198.82      1.91102e+8 
        4213.81      1.90741e+8 
        4224.95      1.89706e+8 
        4238.81      1.87427e+8 
         4253.8      1.83215e+8 
         4268.8      1.76003e+8 
        4283.79      1.64462e+8 
        4298.79      1.48919e+8 
        4311.29      1.31909e+8 
        4322.18      1.12383e+8 
        4333.66      8.45418e+7 
        4344.37       7.6543e+7 
        4354.64      1.02083e+8 
        4366.07      1.23398e+8 
        4377.98      1.38884e+8 
        4388.77      1.49316e+8 
        4403.76      1.60449e+8 
        4418.76      1.67251e+8 
        4433.75       1.7074e+8 
        4448.75      1.72123e+8 
        4463.75      1.72396e+8 
        4478.74      1.71976e+8 
        4493.74      1.71221e+8 
        4508.73      1.70257e+8 
        4523.35      1.69174e+8 
        4533.35      1.68375e+8 
        4543.73      1.67509e+8 
        4558.72      1.66203e+8 
        4573.72      1.64841e+8 
        4588.71      1.63434e+8 
        4600.89      1.62261e+8 
        4613.71       1.6102e+8 
         4628.7      1.59496e+8 
         4643.7      1.57916e+8 
        4658.69      1.56268e+8 
        4673.69       1.5448e+8 
        4688.69      1.52513e+8 
        4703.68      1.50291e+8 
         4715.6      1.48274e+8 
        4728.68      1.45707e+8 
        4743.67      1.42291e+8 
        4758.67      1.38253e+8 
        4773.66      1.33242e+8 
        4788.66      1.26982e+8 
        4803.66      1.18919e+8 
        4818.65      1.08729e+8 
        4831.15      9.77513e+7 
        4842.32      8.49465e+7 
        4853.42      6.86359e+7 
        4863.64       5.8411e+7 
        4874.75      7.63435e+7 
        4884.94      8.88405e+7 
        4896.24      9.90601e+7 
        4906.77      1.06124e+8 
        4918.24      1.11984e+8 
        4928.62      1.16109e+8 
        4943.62      1.20293e+8 
        4958.61      1.22988e+8 
        4973.61      1.24582e+8 
        4988.61      1.25403e+8 
         5003.6      1.25755e+8 
         5018.6      1.25646e+8 
         5033.6      1.25229e+8 
        5048.59      1.24604e+8 
        5063.59      1.23844e+8 
        5078.58      1.22984e+8 
        5093.58      1.22082e+8 
        5108.57      1.21149e+8 
        5123.57        1.202e+8 
        5138.57       1.1924e+8 
        5153.56      1.18274e+8 
        5168.56      1.17306e+8 
        5183.56       1.1634e+8 
        5198.55      1.15376e+8 
        5213.55      1.14416e+8 
        5228.54       1.1346e+8 
        5243.54      1.12509e+8 
        5258.53      1.11565e+8 
        5273.53      1.10628e+8 
        5288.53      1.09698e+8 
        5303.52      1.08776e+8 
        5318.52      1.07862e+8 
        5333.52      1.06955e+8 
        5348.51      1.06057e+8 
        5363.51      1.05233e+8 
         5378.5      1.04345e+8 
         5393.5      1.03466e+8 
        5408.49      1.02595e+8 
        5423.49      1.01734e+8 
        5438.49      1.00882e+8 
        5453.48      1.00038e+8 
        5468.48      9.92024e+7 
        5483.48      9.83755e+7 
        5498.47      9.75571e+7 
        5513.47      9.67469e+7 
        5528.46      9.59452e+7 
        5543.46      9.51513e+7 
        5558.45      9.43656e+7 
        5573.45      9.35877e+7 
        5588.45      9.28177e+7 
        5603.44      9.20553e+7 
        5618.44      9.13007e+7 
        5633.43      9.05536e+7 
        5648.43      8.98137e+7 
        5663.43      8.90814e+7 
        5673.98       8.8602e+7 
         5686.2       8.8012e+7 
        5698.42      8.74268e+7 
        5708.88      8.69294e+7 
        5723.41      8.62446e+7 
        5738.41      8.55446e+7 
         5753.4      8.48516e+7 
         5768.4       8.4118e+7 
        5783.39      8.34376e+7 
        5798.39      8.27637e+7 
        5813.39      8.20964e+7 
        5828.38      8.14354e+7 
        5843.38       8.0781e+7 
        5858.37      8.01329e+7 
        5873.37      7.94908e+7 
        5888.37      7.88549e+7 
        5903.36       7.8225e+7 
        5918.36      7.76011e+7 
        5933.35      7.69828e+7 
        5948.35      7.63702e+7 
        5963.35      7.57633e+7 
        5978.34      7.51617e+7 
        5993.34      7.45654e+7 
        6008.33      7.39745e+7 
        6023.33      7.33882e+7 
        6038.32      7.28074e+7 
        6053.32      7.22309e+7 
        6068.32      7.16588e+7 
        6083.31      7.10892e+7 
        6098.31      7.05237e+7 
        6113.31      6.99614e+7 
         6128.3      6.94019e+7 
         6143.3      6.88452e+7 
        6158.29      6.82907e+7 
        6173.29      6.77374e+7 
        6188.28      6.71845e+7 
        6203.28      6.66313e+7 
        6218.28      6.60771e+7 
        6233.27      6.55198e+7 
        6244.38      6.51032e+7 
        6256.04      6.46697e+7 
        6266.59      6.42795e+7 
        6278.26      6.38441e+7 
        6290.52      6.33816e+7 
        6302.31      6.29324e+7 
        6312.59       6.2535e+7 
        6323.25      6.21156e+7 
        6338.24      6.15121e+7 
        6353.24      6.08891e+7 
        6368.24      6.02369e+7 
        6383.23      5.95483e+7 
        6398.23      5.88065e+7 
        6413.22      5.79932e+7 
        6428.22      5.70818e+7 
        6443.22      5.60275e+7 
        6458.21      5.47765e+7 
        6473.21       5.3272e+7 
         6488.2      5.14605e+7 
         6503.2      4.91901e+7 
         6518.2      4.62424e+7 
        6532.67      4.24479e+7 
        6543.19      3.88681e+7 
        6556.02      3.35104e+7 
        6566.09      3.13927e+7 
        6577.95      3.67029e+7 
        6588.18      4.01166e+7 
        6603.34      4.38013e+7 
        6613.66      4.55669e+7 
        6623.98       4.6915e+7 
         6634.3       4.7935e+7 
        6649.78      4.90117e+7 
         6660.1      4.95137e+7 
        6670.42      4.98766e+7 
        6680.74      5.01238e+7 
        6691.06      5.02758e+7 
        6701.27      5.03497e+7 
        6711.43      5.03666e+7 
        6724.22      5.03236e+7 
        6737.02      5.02268e+7 
        6751.63      5.00672e+7 
        6762.61      4.99218e+7 
        6788.21      4.95241e+7 
        6824.78      4.88653e+7 
        6861.35      4.81455e+7 
        6897.93      4.74047e+7 
        6971.07      4.58958e+7 
        7044.22      4.43976e+7 
        7109.15      4.31008e+7 
        7174.07      4.18444e+7 
           7239      4.06302e+7 
        7303.93      3.94578e+7 
        7344.21      3.87512e+7 
        7368.86      3.83334e+7 
        7393.51      3.79134e+7 
        7442.82      3.70903e+7 
        7541.44      3.55094e+7 
        7602.23      3.45767e+7 
        7640.06      3.40115e+7 
        7677.88       3.3458e+7 
        7753.53      3.23835e+7 
        7829.18      3.13518e+7 
         7847.4      3.11094e+7 
        7904.82      3.03605e+7 
        7962.25       2.9634e+7 
        8019.67      2.89289e+7 
        8071.64      2.83085e+7 
        8082.55      2.81805e+7 
        8093.45      2.80531e+7 
        8114.92      2.78045e+7 
        8158.89      2.73037e+7 
        8200.85      2.68362e+7 
        8216.85      2.66605e+7 
        8232.84      2.64864e+7 
        8264.83      2.61422e+7 
        8289.72      2.58783e+7 
        8328.82      2.54701e+7 
        8343.44      2.53196e+7 
        8367.92      2.50696e+7 
        8388.68      2.48612e+7 
        8408.65      2.46628e+7 
        8432.02      2.44327e+7 
        8467.25      2.40893e+7 
        8502.48      2.37515e+7 
        8516.58      2.36179e+7 
        8530.98      2.34816e+7 
        8545.38      2.33549e+7 
        8574.18      2.31015e+7 
        8598.39      2.28889e+7 
         8628.6      2.26304e+7 
        8646.81      2.24696e+7 
        8665.01      2.23088e+7 
        8701.43      2.20088e+7 
        8750.47       2.1552e+7 
        8783.66      2.13074e+7 
        8799.51      2.11765e+7 
        8815.35      2.10302e+7 
        8831.29      2.08828e+7 
        8847.03      2.07277e+7 
        8862.78      2.05808e+7 
        8878.53      2.05123e+7 
        8894.27      2.04498e+7 
        8910.02      2.03738e+7 
        8925.77      2.02767e+7 
        8941.51      2.01348e+7 
        8957.26      1.99811e+7 
        8988.75      1.95897e+7 
        9001.83      1.94099e+7 
        9014.91      1.92573e+7 
        9027.99       1.9243e+7 
        9041.06      1.92544e+7 
        9054.14      1.92604e+7 
        9067.21      1.92469e+7 
        9086.83      1.91824e+7 
        9099.72      1.91182e+7 
        9125.49      1.89349e+7 
        9138.38      1.88109e+7 
        9151.27       1.8669e+7 
        9164.16      1.84922e+7 
        9177.05      1.82976e+7 
        9189.94      1.80692e+7 
        9202.83      1.78167e+7 
        9228.19      1.73311e+7 
        9241.22      1.73976e+7 
        9254.24      1.75002e+7 
        9267.26      1.76121e+7 
        9280.28      1.76988e+7 
         9293.3      1.77529e+7 
        9306.32      1.77877e+7 
        9319.34      1.77921e+7 
        9332.36      1.77727e+7 
         9358.4      1.76767e+7 
        9384.08      1.75272e+7 
        9409.77      1.73209e+7 
        9422.61      1.71992e+7 
        9435.45      1.70602e+7 
        9448.29      1.68936e+7 
        9461.14      1.67102e+7 
        9473.98      1.65026e+7 
        9486.82      1.62454e+7 
        9499.66      1.59489e+7 
         9512.5      1.55618e+7 
        9525.35       1.5071e+7 
        9538.19      1.45597e+7 
        9548.88      1.43515e+7 
        9560.55      1.46875e+7 
         9576.1      1.51506e+7 
        9591.66      1.54832e+7 
        9607.21      1.56837e+7 
        9630.54      1.58594e+7 
        9646.09      1.59218e+7 
        9661.65      1.59555e+7 
        9682.06      1.59499e+7 
        9709.28      1.58987e+7 
         9736.5      1.58051e+7 
        9763.71      1.56862e+7 
        9790.93       1.5545e+7 
        9818.15      1.53808e+7 
        9845.37      1.51841e+7 
        9858.98      1.51061e+7 
        9872.58      1.49824e+7 
        9886.19      1.48433e+7 
         9899.8      1.46827e+7 
        9913.41      1.45142e+7 
        9927.02      1.43291e+7 
        9939.92      1.41333e+7 
        9952.82      1.39059e+7 
        9965.72      1.36673e+7 
        9978.62      1.34035e+7 
        9991.52      1.30853e+7 
        10004.4      1.27265e+7 
        10017.3      1.23129e+7 
        10030.2      1.18253e+7 
        10043.1      1.13128e+7 
          10054      1.12235e+7 
        10068.1      1.16719e+7 
        10080.6      1.20442e+7 
        10093.1      1.23391e+7 
        10105.6      1.25889e+7 
        10118.1      1.27841e+7 
        10130.6      1.29335e+7 
        10143.1      1.30447e+7 
        10155.6      1.31552e+7 
        10168.1      1.32355e+7 
        10180.6       1.3292e+7 
        10205.5      1.33676e+7 
        10223.9      1.33913e+7 
        10237.2      1.33901e+7 
        10250.5      1.33772e+7 
        10277.1       1.3335e+7 
        10303.7      1.32661e+7 
        10330.2       1.3183e+7 
        10383.4       1.2995e+7 
        10436.6      1.27934e+7 
        10489.8      1.25332e+7 
          10543      1.23049e+7 
        10596.1      1.20775e+7 
        10649.3      1.18059e+7 
        10675.9       1.1654e+7 
        10702.5      1.14842e+7 
        10729.1      1.12943e+7 
        10755.7      1.10831e+7 
        10782.2      1.08375e+7 
        10808.8      1.05509e+7 
        10822.1      1.03922e+7 
        10835.4      1.02133e+7 
        10848.7      1.00109e+7 
          10862      9.79439e+6 
        10875.3      9.53448e+6 
        10888.6      9.24744e+6 
        10901.9      8.90557e+6 
        10915.2      8.52038e+6 
        10928.5      8.07044e+6 
        10938.7      7.60903e+6 
        10949.5      8.08197e+6 
        10963.9      8.47376e+6 
        10983.1      8.89539e+6 
        11002.3      9.20452e+6 
        11021.6      9.43266e+6 
        11050.4      9.66106e+6 
        11069.6      9.75873e+6 
        11088.8      9.82951e+6 
          11108       9.8805e+6 
        11127.3      9.90755e+6 
        11146.5      9.92002e+6 
        11184.9      9.91094e+6 
        11223.3      9.86262e+6 
        11260.9      9.79131e+6 
        11298.5      9.70413e+6 
        11373.6      9.50781e+6 
        11448.7      9.32773e+6 
        11523.8      9.11335e+6 
          11599      8.90503e+6 
        11674.1      8.70259e+6 
        11749.2       8.5058e+6 
        11824.4      8.31444e+6 
        11899.5      8.12843e+6 
        11974.6      7.94754e+6 
        12049.7      7.75565e+6 
        12124.9      7.58013e+6 
          12200      7.40712e+6 
        12265.6      7.25651e+6 
        12284.6      7.21244e+6 
        12303.7      7.16789e+6 
        12341.8      7.07782e+6 
          12418      6.88998e+6 
        12456.1      6.78908e+6 
        12494.2       6.6828e+6 
        12532.3      6.56791e+6 
        12570.4      6.43926e+6 
        12608.5      6.29208e+6 
        12627.5      6.20986e+6 
        12646.6      6.12048e+6 
        12665.6      6.02064e+6 
        12684.7      5.90946e+6 
        12703.7      5.78336e+6 
        12722.8      5.63661e+6 
        12741.8       5.4698e+6 
        12760.9      5.27062e+6 
        12779.9      5.04163e+6 
        12794.2      4.84616e+6 
        12806.1      4.64469e+6 
        12816.2      4.35472e+6 
        12827.3      4.56587e+6 
        12839.5      4.75659e+6 
        12851.6      4.89627e+6 
        12867.9      5.05375e+6 
        12884.1      5.18375e+6 
        12900.3      5.28969e+6 
        12916.5       5.3736e+6 
        12932.8       5.4413e+6 
          12949      5.49317e+6 
        12965.2      5.53266e+6 
        12981.4       5.5636e+6 
        12997.6       5.5855e+6 
        13013.9      5.60001e+6 
        13046.3      5.61447e+6 
        13078.7      5.61333e+6 
        13111.2      5.59948e+6 
        13143.6      5.57655e+6 
        13208.5      5.51425e+6 
        13238.5      5.48045e+6 
        13273.4      5.43807e+6 
        13308.4      5.39358e+6 
        13378.2      5.30115e+6 
        13448.1      5.20659e+6 
          13518      5.11216e+6 
        13587.9      5.01879e+6 
        13657.8      4.93208e+6 
        13727.7      4.84069e+6 
        13797.6      4.75144e+6 
        13867.5       4.6642e+6 
        13937.4      4.57893e+6 
        14007.2      4.49559e+6 
        14077.1      4.41416e+6 
          14147      4.33452e+6 
        14216.9      4.25667e+6 
        14241.5      4.22968e+6 
        14286.8      4.18061e+6 
        14332.1      4.13223e+6 
        14387.6      4.07361e+6 
        14422.6      4.03714e+6 
        14457.6       4.0011e+6 
        14472.2      3.98624e+6 
        14527.7      3.93016e+6 
        14581.2      3.87704e+6 
        14597.2      3.86133e+6 
        14613.2      3.84569e+6 
        14645.2      3.81465e+6 
        14709.2      3.75348e+6 
        14773.2      3.69357e+6 
        14837.1      3.63482e+6 
        14901.1      3.57727e+6 
        14965.1      3.52081e+6 
        15029.1      3.46549e+6 
        15093.1       3.4112e+6 
        15157.1      3.35802e+6 
          15221      3.30587e+6 
          15285      3.25469e+6 
          15349      3.20452e+6 
          15413      3.15529e+6 
        15471.6      3.11104e+6 
        15482.4      3.10297e+6 
        15493.1      3.09502e+6 
        15514.7      3.07917e+6 
        15557.9      3.04779e+6 
        15644.2      2.98622e+6 
        15730.5      2.92619e+6 
        15816.8      2.86765e+6 
        15903.1      2.81057e+6 
        15989.4       2.7549e+6 
        16075.8       2.7006e+6 
        16162.1      2.64763e+6 
        16248.4      2.59595e+6 
        16289.9      2.57156e+6 
        16334.7      2.54553e+6 
        16379.5      2.51983e+6 
        16469.1      2.47057e+6 
        16558.8      2.42251e+6 
        16648.4      2.37561e+6 
          16738      2.32983e+6 
        16827.7      2.28515e+6 
        16917.3      2.24154e+6 
        17006.9      2.19895e+6 
        17096.6      2.15738e+6 
        17186.2      2.11677e+6 
        17275.8      2.07712e+6 
        17327.7       2.0546e+6 
        17365.5      2.03839e+6 
        17403.2      2.02233e+6 
        17478.8       1.9909e+6 
        17554.3      1.96008e+6 
        17629.9      1.92984e+6 
        17705.4      1.90019e+6 
          17781       1.8711e+6 
        17856.5      1.84256e+6 
        17932.1      1.81456e+6 
        18007.6      1.77944e+6 
        18083.2      1.75044e+6 
        18158.7      1.72114e+6 
        18234.3      1.69105e+6 
        18309.8       1.6593e+6 
        18343.7      1.64416e+6 
        18385.3      1.62447e+6 
          18427      1.60309e+6 
        18468.6      1.57906e+6 
        18510.2      1.55154e+6 
        18551.8      1.51903e+6 
        18572.6      1.50021e+6 
        18593.4      1.47955e+6 
        18614.2      1.45636e+6 
          18635      1.43039e+6 
        18655.8      1.40118e+6 
        18676.6      1.36868e+6 
        18697.4      1.33249e+6 
          18710      1.30816e+6 
        18726.4      1.27069e+6 
        18738.8      1.23099e+6 
        18749.1      1.14523e+6 
        18759.1       1.2063e+6 
        18770.3      1.24586e+6 
        18786.2      1.27848e+6 
        18805.4      1.30642e+6 
        18818.2      1.32207e+6 
          18831      1.33616e+6 
        18856.6      1.35998e+6 
        18882.2      1.37827e+6 
        18907.8      1.39193e+6 
        18933.4      1.40156e+6 
          18959      1.40824e+6 
        18984.6       1.4123e+6 
        19010.2       1.4143e+6 
        19035.8      1.41464e+6 
        19061.4      1.41373e+6 
        19112.6      1.40894e+6 
        19163.7      1.40148e+6 
        19214.9       1.3923e+6 
        19266.1      1.38198e+6 
        19317.3      1.37093e+6 
        19368.5      1.35942e+6 
        19388.7      1.35479e+6 
        19419.7      1.34761e+6 
        19450.7      1.34038e+6 
        19512.7      1.32564e+6 
        19574.7      1.31465e+6 
        19636.7      1.29918e+6 
        19698.7      1.28393e+6 
        19760.6       1.2689e+6 
        19822.6      1.25409e+6 
        19884.6      1.23949e+6 
        19946.6       1.2251e+6 
        20008.6      1.21092e+6 
        20070.6      1.19694e+6 
        20132.6      1.18316e+6 
        20194.6      1.16958e+6 
        20256.6      1.15619e+6 
        20318.6      1.14299e+6 
        20380.6      1.12997e+6 
        20410.8       1.1237e+6 
        20442.6      1.11714e+6 
        20474.4      1.11063e+6 
          20538      1.09766e+6 
        20601.6      1.08488e+6 
        20665.2      1.07229e+6 
        20728.8      1.05987e+6 
        20792.4      1.04763e+6 
          20856      1.03556e+6 
        20919.6      1.02367e+6 
        20983.2      1.01195e+6 
        21046.8      1.00039e+6 
        21110.4          988995 
          21174          977761 
        21237.6          966687 
        21301.2          955764 
        21364.8          944997 
        21428.4          934379 
          21492          923908 
        21555.6          913581 
        21607.7          905222 
        21619.2          903400 
        21630.6          901581 
        21653.5          897946 
        21699.3          890729 
        21790.9          876520 
        21882.5          862590 
        21974.1          848937 
        22065.6          835551 
        22157.2          822425 
        22248.8          809557 
        22340.4          796937 
          22432          784562 
        22523.6          772427 
        22615.1          760523 
        22626.6          759050 
        22706.7          748846 
        22784.8          739063 
        22800.8          737074 
        22816.8          735095 
        22848.8          731152 
        22912.8          723345 
        22976.8          715642 
        23040.8          708043 
        23104.8          700544 
        23168.7          693142 
        23232.7          685838 
        23296.7          678628 
        23360.7          671515 
        23424.7          664491 
        23488.6          657560 
        23552.6          650721 
        23616.6          643967 
        23680.6          637300 
        23744.6          630719 
        23808.6          624222 
        23872.5          617807 
        23936.5          611476 
        24000.5          605225 
        24064.5          599051 
        24128.5          592957 
        24192.5          586937 
        24256.4          580997 
        24320.4          575131 
        24384.4          569335 
        24448.4          563614 
        24512.4          557966 
        24576.3          552386 
        24640.3          546876 
        24704.3          541435 
        24768.3          536059 
        24832.3          530753 
        24896.3          525510 
        24960.2          520333 
        25004.4          516792 
        25024.2          515218 
          25044          513647 
        25083.6          510543 
        25162.8          504405 
        25241.9          498357 
        25321.1          492398 
        25400.2          486532 
        25479.4          480755 
        25558.5          475062 
        25637.7          469454 
        25716.9          463928 
          25796          458484 
        25875.2          453118 
        25954.3          447831 
        26033.5          442619 
        26112.7          437482 
        26191.8          432421 
          26271          427436 
        26350.1          422519 
        26429.3          417672 
        26508.4          412893 
        26587.6          408187 
        26666.8          403544 
        26745.9          398967 
        26825.1          394455 
        26904.2          390007 
        26983.4          385621 
        27062.6          381298 
        27141.7          377035 
        27220.9          372829 
        27299.2          368726 
        27377.5          364695 
        27455.8          360721 
        27534.2          356800 
        27612.5          352930 
        27690.8          349116 
        27769.1          345349 
        27847.5          341636 
        27925.8          337973 
        28004.1          334357 
        28082.4          330791 
        28160.8          327272 
        28239.1          323798 
        28317.4          320370 
        28395.7          316987 
          28474          313651 
        28552.4          310357 
        28630.7          307106 
          28709          303898 
        28787.3          300731 
        28865.7          297606 
          28944          294521 
        29022.3          291475 
        29100.6          288469 
          29179          285502 
        29257.3          282573 
        29335.6          279681 
        29413.9          276826 
        29492.3          274007 
        29570.6          271224 
        29648.9          268476 
        29727.2          265763 
        29805.5          263085 
        29883.9          260439 
        29932.6          258810 
        29962.2          257827 
        29991.8          256849 
