# Koester WD models
# teff = 12000 K (value for the effective temperature for the model. Temperatures are given in K)
# logg = 8.75 log(cm/s2) (value for Log(G) for the model.)
#
# column 1: WAVELENGTH (ANGSTROM), Wavelength in Angstrom
# column 2: FLUX (ERG/CM2/S/A), Flux in erg/cm2/s/A
         899.23         8671.49 
        909.241         10248.6 
        919.241         40966.1 
        929.257         61582.4 
        939.271          166406 
         949.28         26695.8 
        959.289          554428 
        969.289          280546 
        979.305          534014 
        989.312       1.0667e+6 
        999.319       1.9014e+6 
        1009.33      1.18928e+6 
        1019.33          646801 
        1029.34          592910 
        1039.34      1.51351e+6 
        1049.35      3.25636e+6 
        1059.36      3.79954e+6 
        1069.36      9.14518e+6 
        1079.36      9.84129e+6 
        1089.37      3.50017e+7 
        1099.37      4.14197e+7 
        1109.38      4.13418e+7 
        1119.38      3.88851e+7 
        1129.38       3.5823e+7 
        1139.39       3.1031e+7 
        1149.39      2.51648e+7 
        1159.39      1.89469e+7 
        1169.39      1.27498e+7 
         1179.4      7.24231e+6 
         1189.4       5.0159e+6 
         1199.4       4.1141e+6 
         1209.4      2.83925e+6 
        1219.41      2.67631e+6 
        1229.41      4.61132e+6 
        1239.41      7.51805e+6 
        1249.41      1.16724e+7 
        1259.41      1.73628e+7 
        1269.41      2.63227e+7 
        1279.42      3.79693e+7 
        1289.42      5.01656e+7 
        1299.42      6.27436e+7 
        1309.42      7.28281e+7 
        1319.42      8.48268e+7 
        1329.42      9.58792e+7 
        1339.42      9.98354e+7 
        1349.42      1.08425e+8 
        1359.42      1.22374e+8 
        1369.42      1.25639e+8 
        1379.42      1.08347e+8 
        1389.42      9.51152e+7 
        1399.42      9.84823e+7 
        1409.42      1.52008e+8 
        1419.42      2.20627e+8 
        1429.42      2.51838e+8 
        1439.42      2.59509e+8 
        1450.07      2.57905e+8 
        1462.38      2.57042e+8 
        1472.38       2.5992e+8 
         1483.9       2.7402e+8 
        1494.42      2.88835e+8 
        1509.28      3.01141e+8 
        1519.42      3.05606e+8 
        1529.42      2.93811e+8 
        1541.39      2.63901e+8 
        1554.42       2.4206e+8 
        1566.72       2.2444e+8 
        1577.11      2.04828e+8 
        1587.11      1.92291e+8 
        1597.41      1.94634e+8 
        1607.54      2.12428e+8 
        1619.41      2.51299e+8 
        1634.41      3.15783e+8 
        1646.91      3.61902e+8 
        1659.41      3.90242e+8 
        1670.17      4.03512e+8 
         1684.4      4.13217e+8 
         1699.4       4.1857e+8 
         1714.4      4.21253e+8 
         1729.4       4.2278e+8 
         1744.4      4.23656e+8 
        1759.39      4.23905e+8 
         1771.7      4.23876e+8 
        1784.39      4.23735e+8 
        1799.39      4.23411e+8 
           1824      4.22469e+8 
        1834.77       4.2196e+8 
        1845.54      4.21391e+8 
           1864      4.20402e+8 
        1876.29      4.19579e+8 
        1888.59      4.18689e+8 
        1906.98      4.17247e+8 
        1919.37      4.16198e+8 
        1931.76      4.15121e+8 
        1944.47      4.13987e+8 
        1956.53      4.12805e+8 
         1967.6      4.11681e+8 
        1992.71      4.08988e+8 
        2017.81      4.06129e+8 
        2067.03       4.0005e+8 
        2116.25      3.93368e+8 
        2165.47      3.86278e+8 
         2214.7      3.78791e+8 
        2263.91      3.71047e+8 
        2313.13      3.63086e+8 
        2362.35      3.54987e+8 
        2409.27      3.47162e+8 
        2451.59      3.40059e+8 
        2466.76      3.37504e+8 
        2488.39       3.3386e+8 
        2510.01      3.30323e+8 
         2547.3       3.2404e+8 
        2559.23      3.22035e+8 
        2571.17      3.20031e+8 
        2595.04      3.16035e+8 
        2627.89      3.10573e+8 
        2642.78      3.08106e+8 
        2657.67      3.05649e+8 
        2687.45      3.00757e+8 
        2737.93      2.92564e+8 
        2756.11      2.89642e+8 
        2766.75      2.87939e+8 
        2810.65      2.80976e+8 
        2854.55      2.74126e+8 
        2931.71      2.62376e+8 
        2942.34      2.60785e+8 
        2952.98      2.59201e+8 
        2974.26      2.56056e+8 
        3016.81      2.49859e+8 
        3051.42      2.44908e+8 
        3091.41      2.39292e+8 
        3120.64      2.35264e+8 
        3149.86      2.31318e+8 
        3168.31      2.28858e+8 
         3208.3      2.23613e+8 
        3248.29      2.18486e+8 
        3309.83      2.10825e+8 
        3322.09      2.09332e+8 
        3346.73      2.06361e+8 
        3383.63      2.01994e+8 
        3445.17      1.94914e+8 
        3469.81      1.92149e+8 
        3495.92      1.89263e+8 
        3506.71      1.88084e+8 
         3543.6      1.84105e+8 
        3591.28      1.79086e+8 
        3635.88      1.74504e+8 
        3647.12      1.73372e+8 
        3658.96      1.72182e+8 
        3671.11      1.70947e+8 
        3682.58      1.69801e+8 
         3693.5      1.68712e+8 
        3703.57      1.67709e+8 
        3713.83      1.66696e+8 
        3724.38       1.6568e+8 
        3734.43      1.64685e+8 
        3744.62      1.63838e+8 
        3754.84      1.63045e+8 
        3765.07      1.61874e+8 
         3775.5      1.61282e+8 
        3786.22      1.60844e+8 
        3796.45      1.57107e+8 
        3807.84      1.60173e+8 
        3818.92      1.59946e+8 
        3830.45      1.52281e+8 
        3840.76      1.52999e+8 
        3851.98      1.61096e+8 
        3862.01      1.61915e+8 
        3872.59      1.55705e+8 
         3884.4      1.38238e+8 
        3894.46      1.39994e+8 
        3906.64      1.58652e+8 
        3918.39      1.66505e+8 
        3928.89      1.67291e+8 
        3940.04      1.62243e+8 
        3950.65      1.49736e+8 
        3961.44      1.27108e+8 
        3971.59      1.06073e+8 
        3981.61      1.34167e+8 
        3992.64      1.54693e+8 
        4003.87      1.67163e+8 
        4018.86      1.73893e+8 
        4032.38       1.7483e+8 
        4043.86      1.72808e+8 
        4056.35      1.66494e+8 
        4068.85      1.54014e+8 
        4080.56       1.3659e+8 
        4092.03      1.09903e+8 
        4102.05      7.95492e+7 
        4113.31      1.14429e+8 
        4123.84       1.3624e+8 
           4134      1.50367e+8 
        4146.66      1.63333e+8 
        4158.83       1.7061e+8 
        4173.82      1.74912e+8 
        4188.82      1.76584e+8 
        4203.81      1.76822e+8 
        4216.52      1.76269e+8 
        4228.81      1.75065e+8 
        4243.81      1.72493e+8 
         4258.8      1.68118e+8 
         4273.8      1.61047e+8 
        4288.79      1.50571e+8 
        4301.29      1.39243e+8 
        4313.79      1.24185e+8 
        4324.82      1.05555e+8 
        4336.17       7.7472e+7 
        4346.17      8.10135e+7 
         4356.7      1.05424e+8 
        4368.72      1.23342e+8 
        4378.77      1.33791e+8 
        4389.17      1.41812e+8 
        4399.96      1.48678e+8 
        4412.56      1.54248e+8 
        4423.76      1.57569e+8 
        4434.35      1.59508e+8 
        4444.95      1.60617e+8 
        4457.55       1.6117e+8 
        4468.74      1.61224e+8 
        4479.36      1.61018e+8 
        4489.99       1.6066e+8 
        4503.58      1.60044e+8 
        4513.73       1.5949e+8 
        4524.16      1.58859e+8 
        4534.49      1.58186e+8 
        4548.72      1.57196e+8 
        4563.72      1.56091e+8 
        4578.72       1.5493e+8 
        4593.71       1.5372e+8 
         4604.8      1.52815e+8 
         4618.7      1.51609e+8 
         4633.7      1.50254e+8 
         4648.7      1.48829e+8 
        4663.69      1.47319e+8 
        4678.69      1.45649e+8 
        4693.69      1.43796e+8 
        4708.68      1.41638e+8 
        4720.98      1.39588e+8 
        4733.68      1.37108e+8 
        4748.67      1.33732e+8 
        4763.67       1.2974e+8 
        4778.66      1.24851e+8 
        4793.66      1.18757e+8 
        4808.65       1.1112e+8 
        4823.65      1.01351e+8 
        4834.97      9.15155e+7 
        4845.43      7.92219e+7 
        4855.45      6.39402e+7 
        4865.65      6.12274e+7 
        4876.63      7.74648e+7 
        4888.63      9.03214e+7 
        4901.13       9.9296e+7 
        4913.63      1.05622e+8 
        4925.16      1.10061e+8 
        4938.62      1.13858e+8 
        4953.62       1.1681e+8 
        4968.61      1.18694e+8 
        4983.61        1.199e+8 
         4998.6      1.20578e+8 
         5013.6      1.20779e+8 
         5028.6      1.20633e+8 
        5043.59      1.20228e+8 
        5058.59      1.19672e+8 
        5073.58      1.18993e+8 
        5088.58      1.18254e+8 
        5103.58      1.17471e+8 
        5118.57       1.1666e+8 
        5133.57      1.15827e+8 
        5148.56       1.1498e+8 
        5163.56      1.14125e+8 
        5178.56      1.13265e+8 
        5193.55      1.12404e+8 
        5208.55      1.11543e+8 
        5223.54      1.10683e+8 
        5238.54      1.09825e+8 
        5253.54      1.08971e+8 
        5268.53      1.08121e+8 
        5283.53      1.07276e+8 
        5298.52      1.06436e+8 
        5313.52      1.05602e+8 
        5328.52      1.04774e+8 
        5343.51      1.03951e+8 
        5358.51      1.03135e+8 
         5373.5      1.02406e+8 
         5388.5      1.01595e+8 
         5403.5      1.00791e+8 
        5418.49      9.99944e+7 
        5433.49      9.92052e+7 
        5448.48       9.8423e+7 
        5463.48      9.76473e+7 
        5478.48      9.68782e+7 
        5493.47      9.61164e+7 
        5508.47      9.53618e+7 
        5523.46      9.46138e+7 
        5538.46       9.3873e+7 
        5553.46      9.31385e+7 
        5568.45      9.24109e+7 
        5583.45      9.16899e+7 
        5598.44      9.09755e+7 
        5613.44      9.02677e+7 
        5628.44      8.95662e+7 
        5643.43      8.88713e+7 
        5658.43      8.81826e+7 
        5673.42      8.76492e+7 
         5686.2      8.70674e+7 
        5698.42      8.65151e+7 
        5708.88      8.60454e+7 
        5723.41      8.53985e+7 
        5738.41      8.47369e+7 
         5753.4      8.40816e+7 
         5768.4      8.33615e+7 
        5783.39      8.27159e+7 
        5798.39      8.20763e+7 
        5813.39      8.14426e+7 
        5828.38      8.08143e+7 
        5843.38      8.01917e+7 
        5858.37      7.95747e+7 
        5873.37       7.8963e+7 
        5888.37      7.83567e+7 
        5903.36      7.77547e+7 
        5918.36      7.71578e+7 
        5933.35       7.6566e+7 
        5948.35      7.59791e+7 
        5963.35      7.53967e+7 
        5978.34      7.48189e+7 
        5993.34      7.42453e+7 
        6008.33      7.36763e+7 
        6023.33      7.31111e+7 
        6038.32      7.25497e+7 
        6053.32      7.19924e+7 
        6068.32      7.14379e+7 
        6083.31      7.08847e+7 
        6098.31      7.03337e+7 
        6113.31      6.97848e+7 
         6128.3      6.92372e+7 
         6143.3      6.86912e+7 
        6158.29      6.81468e+7 
        6173.29      6.76017e+7 
        6188.28      6.70551e+7 
        6203.28      6.65056e+7 
        6218.28      6.59524e+7 
        6233.27      6.53926e+7 
        6244.38      6.49725e+7 
        6256.04      6.45333e+7 
        6266.59      6.41359e+7 
        6278.26      6.36901e+7 
        6290.52      6.32136e+7 
        6302.31      6.27524e+7 
        6312.59       6.2344e+7 
        6323.25      6.19107e+7 
        6338.24      6.12827e+7 
        6353.24      6.06274e+7 
        6368.24      5.99362e+7 
        6383.23      5.92036e+7 
        6398.23       5.8411e+7 
        6413.22      5.75392e+7 
        6428.22      5.65647e+7 
        6443.22       5.5451e+7 
        6458.21      5.41475e+7 
        6473.21      5.26016e+7 
         6488.2       5.0749e+7 
         6503.2      4.84848e+7 
         6518.2      4.55977e+7 
        6532.67      4.18602e+7 
        6543.19      3.82187e+7 
        6556.02      3.29085e+7 
        6566.09      3.08345e+7 
        6577.95      3.60187e+7 
        6588.18      3.95332e+7 
        6603.34      4.32101e+7 
        6613.66       4.4964e+7 
        6623.98      4.62977e+7 
         6634.3      4.73369e+7 
        6644.62      4.81524e+7 
        6654.94       4.8794e+7 
        6665.26      4.92869e+7 
        6675.58      4.96532e+7 
         6685.9      4.99174e+7 
        6696.23      5.00933e+7 
        6711.48      5.02316e+7 
        6726.73      5.02617e+7 
        6741.98      5.02099e+7 
        6772.48      4.99381e+7 
        6802.98      4.95256e+7 
        6824.78      4.91763e+7 
        6868.37      4.84053e+7 
        6911.97      4.75863e+7 
        6955.56      4.67324e+7 
        6976.35        4.632e+7 
        7042.75      4.50043e+7 
        7109.15      4.37065e+7 
        7175.54      4.24429e+7 
        7241.94       4.1218e+7 
        7308.33       4.0033e+7 
        7355.95       3.9208e+7 
        7374.73      3.89008e+7 
        7393.51      3.85828e+7 
        7431.08      3.79567e+7 
        7506.22      3.67416e+7 
        7581.35      3.55735e+7 
         7635.1      3.47658e+7 
        7656.49      3.44507e+7 
        7677.88      3.41391e+7 
        7720.67      3.35261e+7 
        7806.23      3.23399e+7 
        7821.36      3.21357e+7 
         7891.8       3.1205e+7 
        7962.25      3.03073e+7 
        7982.84      3.00508e+7 
        8032.69       2.9441e+7 
        8082.55      2.88462e+7 
        8161.68      2.79321e+7 
        8182.26      2.77001e+7 
        8200.85      2.74927e+7 
        8216.85      2.73157e+7 
        8232.84      2.71402e+7 
        8264.83      2.67931e+7 
        8289.72       2.6527e+7 
        8328.82      2.61153e+7 
        8343.44      2.59633e+7 
        8367.92      2.57112e+7 
        8388.68         2.55e+7 
        8408.65      2.52989e+7 
        8432.02      2.50659e+7 
        8467.25      2.47191e+7 
        8502.48      2.43783e+7 
        8516.58      2.42434e+7 
        8530.98      2.41065e+7 
        8545.38      2.39737e+7 
        8574.18      2.37092e+7 
        8598.39      2.34897e+7 
         8628.6      2.32197e+7 
        8646.81      2.30573e+7 
        8665.01       2.2896e+7 
        8685.59      2.27176e+7 
        8701.43      2.25804e+7 
        8750.47      2.21481e+7 
        8767.92      2.20032e+7 
        8815.35      2.16023e+7 
        8862.78      2.12119e+7 
        8900.38      2.09498e+7 
        8957.65      2.04942e+7 
        8986.28      2.02372e+7 
        9014.91      1.99867e+7 
        9043.54      1.98292e+7 
        9072.17      1.96741e+7 
        9099.72       1.9499e+7 
        9127.26      1.93008e+7 
        9154.81      1.90654e+7 
        9182.36      1.87916e+7 
         9209.9      1.84909e+7 
        9229.01      1.83105e+7 
        9248.11      1.82309e+7 
        9267.22      1.82077e+7 
        9286.33      1.81734e+7 
        9324.54      1.80535e+7 
        9341.42      1.79732e+7 
        9362.75      1.78535e+7 
        9384.08      1.77171e+7 
        9405.42      1.75628e+7 
        9426.75      1.73923e+7 
        9448.09      1.71943e+7 
        9469.42      1.69737e+7 
        9490.75      1.67137e+7 
        9512.09      1.63874e+7 
        9529.03      1.60645e+7 
        9541.73      1.58299e+7 
        9554.43      1.58014e+7 
        9567.14      1.59179e+7 
        9579.84      1.60268e+7 
        9592.54      1.61001e+7 
        9609.48      1.61455e+7 
        9626.42      1.61594e+7 
        9643.36       1.6153e+7 
         9660.3      1.61323e+7 
        9684.76      1.60684e+7 
        9717.38      1.59515e+7 
           9750       1.5803e+7 
        9782.62      1.56351e+7 
        9815.24      1.54444e+7 
        9847.86      1.52487e+7 
        9873.38      1.50497e+7 
        9893.24      1.48725e+7 
         9913.1      1.46696e+7 
        9932.96      1.44486e+7 
        9952.82      1.41982e+7 
        9972.68      1.39211e+7 
        9992.54      1.35861e+7 
        10012.4      1.31952e+7 
        10023.7      1.29355e+7 
        10036.5      1.26375e+7 
        10049.4      1.24712e+7 
        10062.2      1.25363e+7 
          10075      1.27289e+7 
        10092.1      1.29645e+7 
        10109.2      1.31378e+7 
        10126.3      1.32683e+7 
        10143.4      1.33503e+7 
        10160.5      1.34196e+7 
        10177.6      1.34565e+7 
        10194.7      1.34816e+7 
        10220.7      1.34908e+7 
        10237.2      1.34742e+7 
        10253.7      1.34473e+7 
        10286.7       1.3376e+7 
        10319.7      1.32782e+7 
        10352.7      1.31686e+7 
        10385.7      1.30516e+7 
        10418.8      1.29301e+7 
        10451.8      1.27509e+7 
        10484.8      1.26144e+7 
        10550.8      1.23501e+7 
        10616.8      1.20329e+7 
        10649.9      1.18573e+7 
        10682.9      1.16636e+7 
        10715.9      1.14427e+7 
        10748.9      1.11884e+7 
        10765.4      1.10544e+7 
        10781.9      1.09069e+7 
        10798.4      1.07435e+7 
        10814.9      1.05662e+7 
        10831.4      1.03868e+7 
        10847.9      1.01684e+7 
        10864.5      9.93447e+6 
          10881      9.64174e+6 
        10897.5      9.31445e+6 
          10914       8.9176e+6 
        10926.7      8.56244e+6 
        10937.1      8.15231e+6 
          10949      8.49267e+6 
        10964.2      8.82788e+6 
        10979.4      9.10342e+6 
        10994.6      9.31243e+6 
        11009.8      9.48865e+6 
        11025.1      9.61085e+6 
        11040.3      9.71547e+6 
        11055.5      9.78892e+6 
        11070.7      9.84798e+6 
        11085.9      9.89834e+6 
        11101.1      9.93767e+6 
        11116.3      9.96306e+6 
        11131.5      9.97688e+6 
        11161.9      9.99661e+6 
        11184.6      9.99146e+6 
        11222.8      9.95304e+6 
        11260.9       9.8909e+6 
        11299.1      9.81031e+6 
        11375.4      9.62289e+6 
        11413.5      9.52349e+6 
        11451.7      9.45792e+6 
        11489.8      9.34929e+6 
          11528      9.24219e+6 
        11604.3      9.03249e+6 
        11680.5       8.8286e+6 
        11756.8      8.63039e+6 
        11833.1      8.43763e+6 
        11909.4      8.25017e+6 
        11985.7      8.06783e+6 
          12062       7.8625e+6 
        12138.3      7.68167e+6 
        12214.6      7.50112e+6 
        12284.6      7.33307e+6 
        12354.6      7.15733e+6 
        12424.6      6.96925e+6 
        12494.6      6.75854e+6 
        12529.6      6.64199e+6 
        12564.6      6.51469e+6 
        12599.6      6.37146e+6 
        12634.6      6.20961e+6 
        12652.1      6.12055e+6 
        12669.6      6.02121e+6 
        12687.1      5.91135e+6 
        12704.6       5.7936e+6 
        12722.1      5.65641e+6 
        12739.6      5.49842e+6 
        12757.1      5.31583e+6 
        12774.6      5.10741e+6 
        12792.1       4.8706e+6 
        12805.3      4.66863e+6 
        12815.4      4.48723e+6 
          12826      4.56103e+6 
        12838.8      4.74462e+6 
        12855.7      4.93224e+6 
        12872.7      5.09516e+6 
        12889.7      5.23188e+6 
        12906.7      5.33662e+6 
        12923.7      5.42264e+6 
        12940.6      5.48553e+6 
        12957.6      5.53756e+6 
        12974.6      5.57988e+6 
        12991.6      5.61123e+6 
        13008.6       5.6336e+6 
        13025.5      5.65125e+6 
        13059.5       5.6723e+6 
        13093.5      5.67538e+6 
        13127.4      5.66567e+6 
        13161.4      5.64827e+6 
        13195.4      5.62329e+6 
        13229.3      5.59247e+6 
        13286.1      5.53203e+6 
        13297.2      5.51924e+6 
        13308.4      5.50618e+6 
        13330.6      5.47941e+6 
          13375      5.42396e+6 
        13463.9      5.30829e+6 
        13552.8      5.19079e+6 
        13641.7      5.08457e+6 
        13730.6      4.96683e+6 
        13819.5      4.85244e+6 
        13908.4      4.74129e+6 
        13997.3      4.63338e+6 
        14086.2      4.52848e+6 
        14175.1       4.4265e+6 
          14196        4.403e+6 
          14264      4.32739e+6 
        14332.1      4.25334e+6 
        14342.6      4.24194e+6 
        14400.1      4.18014e+6 
        14457.6      4.11948e+6 
        14515.2      4.05988e+6 
        14562.2      4.01197e+6 
        14572.7      4.00135e+6 
        14583.2      3.99077e+6 
        14597.2      3.97672e+6 
        14613.2       3.9607e+6 
        14645.2      3.92897e+6 
        14709.2      3.86642e+6 
        14773.2       3.8051e+6 
        14837.1        3.745e+6 
        14901.1      3.68606e+6 
        14965.1      3.62829e+6 
        15029.1      3.57165e+6 
        15093.1       3.5161e+6 
        15157.1       3.4616e+6 
          15221      3.40819e+6 
          15285      3.35576e+6 
          15349      3.30436e+6 
          15413      3.25394e+6 
        15471.6      3.20857e+6 
        15482.4      3.20031e+6 
        15493.1      3.19208e+6 
        15514.7      3.17568e+6 
        15557.9      3.14319e+6 
        15644.2      3.07945e+6 
        15730.5      3.01731e+6 
        15816.8      2.95673e+6 
        15903.1      2.89765e+6 
        15989.4      2.84003e+6 
        16075.8      2.78384e+6 
        16162.1      2.72902e+6 
        16248.4      2.67553e+6 
        16289.9      2.65029e+6 
        16334.7      2.62335e+6 
        16379.5      2.59676e+6 
        16469.1      2.54504e+6 
        16558.8      2.49459e+6 
        16648.4      2.44539e+6 
          16738       2.3974e+6 
        16827.7      2.35057e+6 
        16917.3      2.30488e+6 
        17006.9       2.2603e+6 
        17096.6      2.21678e+6 
        17186.2      2.17431e+6 
        17275.8      2.13284e+6 
        17327.7       2.1093e+6 
        17365.5      2.09236e+6 
        17403.2      2.07559e+6 
        17478.8      2.04291e+6 
        17554.3      2.01088e+6 
        17629.9      1.97947e+6 
        17705.4      1.94867e+6 
          17781      1.91846e+6 
        17856.5      1.88884e+6 
        17894.3      1.87424e+6 
        17913.2        1.867e+6 
        17932.1      1.85979e+6 
        17946.2       1.8544e+6 
        17956.3      1.83833e+6 
        17966.3      1.83418e+6 
        17976.3      1.83006e+6 
        17986.4      1.82594e+6 
        17996.4      1.82181e+6 
        18006.4      1.81767e+6 
        18016.8      1.81341e+6 
        18045.1      1.80168e+6 
        18082.9      1.78593e+6 
        18158.4      1.75387e+6 
          18234      1.72044e+6 
        18309.5      1.68464e+6 
        18343.2      1.66751e+6 
        18385.1      1.64467e+6 
          18427      1.61983e+6 
        18468.9      1.59228e+6 
        18510.8       1.5608e+6 
        18531.7      1.54305e+6 
        18552.7      1.52358e+6 
        18573.6      1.50234e+6 
        18594.6      1.47868e+6 
        18615.5      1.45265e+6 
        18636.5      1.42341e+6 
        18657.4      1.39062e+6 
        18678.4      1.35515e+6 
        18689.4      1.33532e+6 
        18704.8      1.30697e+6 
        18720.3      1.27509e+6 
        18731.8      1.24547e+6 
        18743.4      1.19763e+6 
        18753.8      1.14873e+6 
        18764.8      1.22041e+6 
        18780.3      1.25721e+6 
        18795.7      1.28184e+6 
        18818.8      1.31202e+6 
        18834.3      1.33032e+6 
        18849.7      1.34697e+6 
        18865.1      1.36185e+6 
        18880.6      1.37458e+6 
          18896      1.38539e+6 
        18911.4      1.39467e+6 
        18942.3      1.40885e+6 
        18973.1      1.41858e+6 
          19004      1.42455e+6 
        19034.9      1.42762e+6 
        19065.7      1.42854e+6 
        19127.4      1.42578e+6 
        19189.1      1.41882e+6 
        19250.9        1.409e+6 
        19312.6      1.39737e+6 
        19374.3      1.38459e+6 
        19421.3      1.37433e+6 
          19436      1.37107e+6 
        19450.7      1.36778e+6 
          19480       1.3611e+6 
        19538.7      1.34754e+6 
        19568.1      1.34774e+6 
        19597.5      1.34024e+6 
        19626.8       1.3328e+6 
        19656.2       1.3254e+6 
        19714.9      1.31076e+6 
        19773.6      1.29632e+6 
        19832.3      1.28208e+6 
          19891      1.26803e+6 
        19949.7      1.25417e+6 
        20008.5       1.2405e+6 
        20067.2      1.22701e+6 
        20125.9      1.21371e+6 
        20184.6      1.20058e+6 
        20243.3      1.18763e+6 
          20302      1.17485e+6 
        20360.7      1.16224e+6 
        20419.4       1.1498e+6 
        20474.4      1.13831e+6 
        20529.3      1.12689e+6 
        20584.3      1.11562e+6 
        20639.2      1.10448e+6 
        20694.2      1.09348e+6 
        20749.1      1.08262e+6 
        20804.1      1.07189e+6 
          20859       1.0613e+6 
        20913.9      1.05083e+6 
        20968.9      1.04049e+6 
        21023.8      1.03027e+6 
        21078.8      1.02018e+6 
        21133.7      1.01021e+6 
        21188.7      1.00036e+6 
        21243.6          990632 
        21298.6          981022 
        21353.5          971525 
        21408.4          962141 
        21463.4          952867 
        21518.3          943706 
        21573.3          934655 
        21625.8          926098 
          21645          922990 
        21664.2          919893 
        21702.5          913732 
        21779.2          901584 
        21855.8          889633 
        21932.5          877880 
        22009.2          866319 
        22085.8          854947 
        22162.5          843760 
        22239.2          832755 
        22315.9          821925 
        22392.5          811272 
        22469.2          800792 
        22545.9          790475 
        22622.5          780324 
        22699.2          770337 
        22764.9          761902 
        22775.9          760507 
        22786.8          759112 
        22800.8          757334 
        22816.8          755305 
        22848.8          751268 
        22912.8          743276 
        22976.8          735387 
        23040.8          727605 
        23104.8          719924 
        23168.7          712344 
        23232.7          704863 
        23296.7          697478 
        23360.7          690189 
        23424.7          682998 
        23488.6          675895 
        23552.6          668886 
        23616.6          661968 
        23680.6          655138 
        23744.6          648393 
        23808.6          641739 
        23872.5          635167 
        23936.5          628680 
        24000.5          622274 
        24064.5          615947 
        24128.5          609701 
        24192.5          603535 
        24256.4          597446 
        24320.4          591433 
        24384.4          585495 
        24448.4          579630 
        24512.4          573837 
        24576.3          568119 
        24640.3          562471 
        24704.3          556891 
        24768.3          551378 
        24832.3          545937 
        24896.3          540558 
        24960.2          535249 
        25004.4          531617 
        25024.2          529999 
          25044          528391 
        25083.6          525202 
        25162.8          518897 
        25241.9          512686 
        25321.1          506566 
        25400.2          500537 
        25479.4          494597 
        25558.5          488744 
        25637.7          482976 
        25716.9          477293 
          25796          471694 
        25875.2          466175 
        25954.3          460733 
        26033.5          455374 
        26112.7          450090 
        26191.8          444881 
          26271          439748 
        26350.1          434686 
        26429.3          429698 
        26508.4          424778 
        26587.6          419930 
        26666.8          415149 
        26745.9          410437 
        26825.1          405790 
        26904.2          401210 
        26983.4          396692 
        27062.6          392240 
        27141.7          387845 
        27220.9          383516 
        27299.2          379288 
        27377.5          375112 
        27455.8          370991 
        27534.2          366929 
        27612.5          362920 
        27690.8          358965 
        27769.1          355063 
        27847.5          351214 
        27925.8          347419 
        28004.1          343675 
        28082.4          339980 
        28160.8          336333 
        28239.1          332736 
        28317.4          329186 
        28395.7          325683 
          28474          322227 
        28552.4          318818 
        28630.7          315450 
          28709          312133 
        28787.3          308858 
        28865.7          305625 
          28944          302435 
        29022.3          299286 
        29100.6          296177 
          29179          293109 
        29257.3          290081 
        29335.6          287092 
        29413.9          284141 
        29492.3          281228 
        29570.6          278351 
        29648.9          275512 
        29727.2          272709 
        29805.5          269941 
        29883.9          267208 
        29932.6          265526 
        29962.2          264510 
        29991.8          263500 
