# Koester WD models
# teff = 12250 K (value for the effective temperature for the model. Temperatures are given in K)
# logg = 7 log(cm/s2) (value for Log(G) for the model.)
#
# column 1: WAVELENGTH (ANGSTROM), Wavelength in Angstrom
# column 2: FLUX (ERG/CM2/S/A), Flux in erg/cm2/s/A
         899.23         4858.72 
        909.241          5789.2 
        919.241         59701.3 
        929.261         82336.7 
        939.271          180546 
         949.28         31461.2 
        959.289          606227 
        969.297          291522 
        979.305          534705 
        989.312      1.26108e+6 
        999.319      2.67528e+6 
        1009.33      1.36363e+6 
        1019.33          642610 
        1029.34          604735 
        1039.34      1.70465e+6 
        1049.35      4.68349e+6 
        1059.36       5.6527e+6 
        1069.36      3.44139e+7 
        1079.36      3.61915e+7 
        1089.37      3.91807e+8 
        1099.37      4.51965e+8 
        1109.38      4.25604e+8 
        1119.38       3.6909e+8 
        1129.38      3.10318e+8 
        1139.39      2.33179e+8 
        1149.39      1.51646e+8 
        1159.39      8.19352e+7 
        1169.39      3.58911e+7 
         1179.4      1.40421e+7 
         1189.4       7.1344e+6 
         1199.4      4.57026e+6 
         1209.4      2.88899e+6 
        1219.41      2.78339e+6 
        1229.41      4.74701e+6 
        1239.41      9.65311e+6 
        1249.41      2.25334e+7 
        1259.41      5.56363e+7 
        1269.41      1.17751e+8 
        1279.42      1.98397e+8 
        1289.42       2.7772e+8 
        1299.42      3.48748e+8 
        1309.42      3.99978e+8 
        1319.42      4.50523e+8 
        1329.42      4.81147e+8 
        1339.42      4.85872e+8 
        1349.42      5.13088e+8 
        1359.42      5.45845e+8 
        1369.42      5.30282e+8 
        1379.42      4.49465e+8 
        1389.42      3.76466e+8 
        1399.42      3.86931e+8 
        1409.42      5.65399e+8 
        1419.42       6.9154e+8 
        1429.42      7.21407e+8 
        1439.42      7.23917e+8 
        1454.42      7.13647e+8 
        1464.42      7.05771e+8 
        1474.42      6.98276e+8 
        1489.42      6.91414e+8 
        1504.42      6.83381e+8 
        1514.42      6.76988e+8 
        1529.42      6.63935e+8 
        1544.42      6.42506e+8 
        1559.42      6.24266e+8 
        1570.19      6.10276e+8 
        1584.41      5.90117e+8 
        1599.41      5.80249e+8 
        1614.41      5.82633e+8 
        1629.41      5.89124e+8 
        1644.41      5.90864e+8 
        1659.41      5.86586e+8 
        1670.17      5.81405e+8 
         1684.4      5.73579e+8 
         1699.4      5.64899e+8 
         1714.4      5.56096e+8 
         1729.4      5.47347e+8 
         1744.4      5.38708e+8 
        1759.39        5.302e+8 
         1771.7      5.23355e+8 
        1784.39      5.16428e+8 
        1799.39      5.08407e+8 
           1824      4.95596e+8 
        1834.77      4.90148e+8 
        1845.54      4.84792e+8 
           1864      4.75819e+8 
        1876.29      4.69982e+8 
        1888.59      4.64265e+8 
        1906.98      4.55917e+8 
        1919.37      4.50432e+8 
        1931.76      4.45066e+8 
        1944.47      4.39656e+8 
        1956.53      4.34614e+8 
         1967.6      4.30049e+8 
        1992.71      4.19956e+8 
        2017.81      4.10217e+8 
        2067.03       3.9209e+8 
         2116.2      3.75241e+8 
           2129      3.71041e+8 
         2141.8      3.66919e+8 
        2165.47      3.59448e+8 
        2210.96      3.45695e+8 
        2225.91      3.41362e+8 
        2240.86      3.37109e+8 
        2263.91      3.30709e+8 
        2306.93       3.1928e+8 
        2319.34      3.16107e+8 
        2331.75      3.12988e+8 
        2350.78      3.08293e+8 
        2362.35      3.05493e+8 
        2373.93      3.02732e+8 
        2384.89      3.00155e+8 
        2397.08      2.97328e+8 
        2409.27       2.9454e+8 
        2433.66      2.89082e+8 
        2451.59      2.85153e+8 
        2466.76      2.81893e+8 
        2488.39      2.77346e+8 
        2510.01      2.72942e+8 
         2547.3      2.65542e+8 
        2559.23      2.63238e+8 
        2571.17      2.60971e+8 
        2595.04      2.56526e+8 
        2627.89      2.50607e+8 
        2642.78      2.47988e+8 
        2657.67        2.454e+8 
        2687.45      2.40351e+8 
        2737.93       2.3213e+8 
        2756.11      2.29271e+8 
        2766.75      2.27626e+8 
        2810.65       2.2102e+8 
        2854.55      2.14696e+8 
        2898.45      2.08647e+8 
        2931.71       2.0423e+8 
        2942.34      2.02842e+8 
        2952.98      2.01467e+8 
        2974.26      1.98761e+8 
        3016.81      1.93497e+8 
        3051.42      1.89361e+8 
        3091.41      1.84742e+8 
        3120.64      1.81466e+8 
        3149.86      1.78271e+8 
        3168.31      1.76295e+8 
         3208.3      1.72106e+8 
        3248.29      1.68051e+8 
        3309.83      1.62073e+8 
        3322.09      1.60917e+8 
        3346.73      1.58626e+8 
        3383.63      1.55282e+8 
        3445.17      1.49911e+8 
        3469.81      1.47829e+8 
        3495.92      1.45665e+8 
        3506.71      1.44782e+8 
         3543.6      1.41812e+8 
        3591.28      1.38093e+8 
        3635.88      1.34723e+8 
        3647.12       1.3389e+8 
        3658.96      1.33012e+8 
        3671.11      1.32102e+8 
        3682.58      1.31248e+8 
         3693.5      1.30482e+8 
        3703.57      1.29793e+8 
        3713.83      1.29364e+8 
        3724.38      1.28991e+8 
        3734.43      1.26681e+8 
        3744.65       1.2862e+8 
        3754.84      1.29034e+8 
        3765.23       1.2647e+8 
         3775.5      1.26992e+8 
        3785.73      1.35088e+8 
        3795.99      1.08749e+8 
        3806.35       1.3257e+8 
        3816.64      1.45148e+8 
         3826.8      1.25081e+8 
        3836.98      9.44966e+7 
        3847.23      1.38337e+8 
        3858.09      1.59565e+8 
        3868.74      1.53774e+8 
        3878.82      1.23574e+8 
        3888.84      7.65923e+7 
        3898.89      1.22039e+8 
        3909.74      1.59512e+8 
        3919.95      1.77483e+8 
         3930.9       1.8129e+8 
         3941.6      1.70174e+8 
        3951.72       1.4458e+8 
        3962.04       1.0672e+8 
        3972.06      7.96617e+7 
        3982.23       1.2215e+8 
        3992.62      1.55814e+8 
        4003.87      1.82604e+8 
         4015.8      1.96072e+8 
        4028.86      2.00983e+8 
        4039.49      2.00549e+8 
        4050.11      1.95606e+8 
        4061.39      1.82675e+8 
        4073.85      1.57842e+8 
        4083.99      1.30991e+8 
        4095.34      9.24816e+7 
        4105.79      8.31906e+7 
        4116.22      1.19506e+8 
        4126.69      1.47686e+8 
        4136.91      1.69302e+8 
        4148.83      1.87251e+8 
        4159.58      1.95914e+8 
        4173.82      2.00474e+8 
        4188.82      2.01902e+8 
        4203.81      2.01679e+8 
        4216.52      2.00691e+8 
        4228.81      1.99147e+8 
        4243.81      1.96368e+8 
         4258.8      1.91609e+8 
         4273.8      1.83096e+8 
        4288.79      1.69265e+8 
        4303.79      1.49609e+8 
        4314.07      1.31926e+8 
        4326.14      1.04877e+8 
        4336.17      7.62119e+7 
        4346.61      8.17621e+7 
        4357.43      1.09896e+8 
        4368.77      1.32039e+8 
        4379.56      1.47366e+8 
        4391.27      1.59464e+8 
        4403.76      1.68253e+8 
        4418.76      1.74115e+8 
        4433.75      1.76111e+8 
        4448.75      1.76057e+8 
        4463.75      1.75296e+8 
        4478.74      1.74167e+8 
        4493.74      1.72851e+8 
        4508.73      1.71425e+8 
        4523.35       1.6997e+8 
        4533.35      1.68948e+8 
        4543.73      1.67873e+8 
        4558.72      1.66302e+8 
        4573.72      1.64712e+8 
        4588.71      1.63112e+8 
        4600.89      1.61807e+8 
        4613.71      1.60442e+8 
         4628.7      1.58819e+8 
         4643.7      1.57169e+8 
        4658.69      1.55491e+8 
        4673.69       1.5376e+8 
        4688.69      1.51949e+8 
        4703.68      1.49999e+8 
         4715.6       1.4831e+8 
        4728.68       1.4625e+8 
        4743.67      1.43495e+8 
        4758.67      1.40108e+8 
        4773.66      1.35788e+8 
        4788.66      1.30188e+8 
        4803.66      1.22324e+8 
        4818.65      1.11652e+8 
        4831.15      9.97365e+7 
        4842.32      8.59392e+7 
        4853.38       6.8531e+7 
        4863.38      5.62841e+7 
        4874.75      7.68735e+7 
        4886.05      9.13764e+7 
        4896.13      1.01122e+8 
        4908.63      1.09863e+8 
         4921.7      1.16018e+8 
        4933.62      1.19736e+8 
        4948.62      1.22382e+8 
        4963.61      1.23711e+8 
        4978.61      1.24149e+8 
        4993.61      1.24005e+8 
         5008.6      1.23504e+8 
         5023.6      1.22783e+8 
        5038.59      1.21922e+8 
        5053.59      1.20981e+8 
        5068.59      1.19991e+8 
        5083.58      1.18974e+8 
        5098.58      1.17943e+8 
        5113.57      1.16905e+8 
        5128.57      1.15868e+8 
        5143.57      1.14835e+8 
        5158.56      1.13807e+8 
        5173.56      1.12787e+8 
        5188.55      1.11775e+8 
        5203.55      1.10772e+8 
        5218.55      1.09777e+8 
        5233.54      1.08792e+8 
        5248.54      1.07817e+8 
        5263.53      1.06852e+8 
        5278.53      1.05896e+8 
        5293.52       1.0495e+8 
        5308.52      1.04014e+8 
        5323.52      1.03088e+8 
        5338.51      1.02172e+8 
        5353.51      1.01265e+8 
        5368.51      1.00395e+8 
         5383.5      9.95055e+7 
         5398.5      9.86265e+7 
        5413.49      9.77569e+7 
        5428.49      9.68965e+7 
        5443.48      9.60454e+7 
        5458.48      9.52038e+7 
        5473.48      9.43716e+7 
        5488.47      9.35485e+7 
        5503.47      9.27345e+7 
        5518.47      9.19296e+7 
        5533.46      9.11338e+7 
        5548.46      9.03465e+7 
        5563.45      8.95681e+7 
        5578.45      8.87977e+7 
        5593.44      8.80359e+7 
        5608.44      8.72826e+7 
        5623.44      8.65374e+7 
        5638.43         8.58e+7 
        5653.43      8.50706e+7 
        5668.43      8.43489e+7 
        5682.86      8.36612e+7 
        5693.42      8.31633e+7 
        5704.77      8.26317e+7 
        5715.23      8.21457e+7 
        5728.41      8.15391e+7 
         5743.4      8.08555e+7 
         5758.4      8.01788e+7 
         5773.4      7.94898e+7 
        5788.39       7.8827e+7 
        5803.39      7.81713e+7 
        5818.39      7.75223e+7 
        5833.38      7.68798e+7 
        5848.38      7.62443e+7 
        5863.37       7.5615e+7 
        5878.37      7.49923e+7 
        5893.36      7.43759e+7 
        5908.36      7.37659e+7 
        5923.36       7.3162e+7 
        5938.35      7.25642e+7 
        5953.35      7.19723e+7 
        5968.34      7.13864e+7 
        5983.34      7.08065e+7 
        5998.34      7.02319e+7 
        6013.33      6.96626e+7 
        6028.33      6.90993e+7 
        6043.32      6.85411e+7 
        6058.32      6.79881e+7 
        6073.32      6.74403e+7 
        6088.31      6.68974e+7 
        6103.31      6.63592e+7 
         6118.3      6.58258e+7 
         6133.3      6.52964e+7 
         6148.3      6.47718e+7 
        6163.29      6.42509e+7 
        6178.29      6.37338e+7 
        6193.28      6.32198e+7 
        6208.28       6.2709e+7 
        6223.28      6.22007e+7 
        6238.27      6.16943e+7 
        6252.16      6.12265e+7 
        6262.16      6.08907e+7 
        6273.26      6.05174e+7 
        6284.63      6.01351e+7 
        6295.99      5.97515e+7 
        6306.09      5.94103e+7 
        6316.22      5.90657e+7 
        6328.25      5.86526e+7 
        6343.24      5.81349e+7 
        6358.24       5.7608e+7 
        6373.23      5.70655e+7 
        6388.23         5.65e+7 
        6403.23      5.59012e+7 
        6418.22      5.52528e+7 
        6433.22      5.45302e+7 
        6448.22       5.3693e+7 
        6463.21      5.26905e+7 
        6478.21      5.14602e+7 
         6493.2      4.98816e+7 
         6508.2      4.77553e+7 
        6523.19      4.47991e+7 
        6537.09      4.09585e+7 
        6548.06      3.68782e+7 
        6558.19      3.17562e+7 
        6569.28      3.27257e+7 
        6579.79       3.7319e+7 
        6590.04      4.05448e+7 
        6603.34      4.34938e+7 
        6613.66      4.50627e+7 
        6623.98      4.61704e+7 
         6634.3      4.69385e+7 
        6649.78      4.76382e+7 
         6660.1      4.78989e+7 
        6670.42       4.8045e+7 
        6680.74      4.81063e+7 
        6691.06      4.80975e+7 
        6701.39      4.80365e+7 
        6711.48      4.79398e+7 
        6731.66      4.76712e+7 
        6751.84      4.73381e+7 
        6772.02      4.69681e+7 
        6799.98      4.64221e+7 
        6812.38      4.61739e+7 
        6824.78      4.59222e+7 
        6849.58      4.54145e+7 
        6899.18      4.43932e+7 
        6998.37      4.23867e+7 
           7086      4.06883e+7 
        7097.57      4.04697e+7 
        7109.15      4.02526e+7 
         7132.3      3.98222e+7 
         7178.6      3.89784e+7 
        7271.19      3.73554e+7 
        7334.07      3.63014e+7 
        7363.79      3.58189e+7 
        7393.51      3.53413e+7 
        7452.96      3.44102e+7 
         7512.4      3.35095e+7 
        7571.84      3.26386e+7 
        7584.68      3.24542e+7 
        7631.28      3.17961e+7 
        7677.88      3.11547e+7 
        7771.08      2.99203e+7 
        7864.28      2.87463e+7 
        7952.71      2.76854e+7 
        7971.79       2.7463e+7 
        7990.87      2.72429e+7 
        8029.04      2.68092e+7 
        8082.55      2.62157e+7 
        8136.06      2.56385e+7 
         8176.3       2.5215e+7 
        8189.57      2.50772e+7 
        8200.85      2.49609e+7 
        8216.85      2.47971e+7 
        8232.84      2.46347e+7 
        8264.83      2.43138e+7 
        8289.72      2.40678e+7 
        8328.82      2.36871e+7 
        8343.44      2.35466e+7 
        8367.92      2.33127e+7 
        8388.68      2.31234e+7 
        8408.65      2.29426e+7 
        8432.02       2.2732e+7 
        8467.25      2.24134e+7 
        8502.48      2.20958e+7 
        8516.58       2.1972e+7 
        8530.98        2.184e+7 
        8545.38      2.17307e+7 
        8574.18      2.15239e+7 
        8598.39       2.1319e+7 
         8628.6      2.11231e+7 
        8646.81       2.0952e+7 
        8665.01      2.07614e+7 
        8683.22      2.06883e+7 
        8701.43      2.05807e+7 
        8719.64      2.03888e+7 
        8737.85      2.01303e+7 
        8750.47      1.99489e+7 
        8763.09      1.99531e+7 
        8775.71      1.99605e+7 
        8788.34       1.9927e+7 
        8800.96      1.98425e+7 
        8811.81      1.97299e+7 
        8825.96      1.95436e+7 
        8840.11      1.92863e+7 
        8854.26      1.89618e+7 
        8867.04      1.88173e+7 
        8879.83       1.8983e+7 
        8896.88      1.91299e+7 
        8913.93      1.91697e+7 
        8930.98       1.9099e+7 
        8948.03        1.893e+7 
        8965.08      1.86503e+7 
        8982.13      1.82376e+7 
        8999.18      1.76849e+7 
        9010.98        1.725e+7 
        9022.77      1.73111e+7 
        9034.57       1.7624e+7 
        9046.37      1.78799e+7 
        9058.17      1.80799e+7 
         9073.9      1.82426e+7 
        9089.63      1.82974e+7 
        9099.72      1.82923e+7 
         9109.8      1.82495e+7 
        9119.88      1.81781e+7 
        9129.97      1.80839e+7 
        9140.05      1.79599e+7 
        9150.13         1.78e+7 
        9160.22      1.75847e+7 
         9170.3      1.73567e+7 
        9180.38      1.70615e+7 
        9190.47        1.672e+7 
        9200.55      1.63079e+7 
        9210.63      1.58342e+7 
        9220.72      1.52862e+7 
        9232.16      1.49876e+7 
        9244.95      1.55607e+7 
        9257.75      1.60297e+7 
        9270.55      1.63985e+7 
        9283.34      1.66905e+7 
        9296.14      1.68743e+7 
        9308.94      1.70294e+7 
        9321.73      1.71133e+7 
        9334.53      1.71474e+7 
        9347.33      1.71505e+7 
        9360.12       1.7125e+7 
        9372.92       1.7078e+7 
        9384.08      1.70224e+7 
        9406.41      1.68533e+7 
        9417.58      1.67493e+7 
        9428.74      1.66245e+7 
         9439.9      1.64722e+7 
        9451.07      1.62921e+7 
        9462.23      1.60842e+7 
         9473.4      1.58259e+7 
        9484.56       1.5513e+7 
        9495.72       1.5126e+7 
        9506.89      1.46313e+7 
        9518.05      1.40132e+7 
        9529.22      1.33178e+7 
        9540.38      1.25652e+7 
         9550.5      1.24572e+7 
        9562.02      1.31386e+7 
        9573.19       1.3729e+7 
        9584.36      1.42443e+7 
        9595.54      1.46277e+7 
        9606.71      1.49047e+7 
        9617.88      1.51042e+7 
        9629.05      1.52509e+7 
        9640.22      1.53466e+7 
        9651.39      1.54172e+7 
        9668.45      1.54737e+7 
        9685.51      1.54741e+7 
        9702.57      1.54498e+7 
        9719.63      1.54049e+7 
        9736.69      1.53426e+7 
        9770.81      1.51909e+7 
        9804.93      1.50107e+7 
        9839.05      1.47989e+7 
        9856.11      1.47021e+7 
        9873.17      1.45572e+7 
        9890.23      1.43888e+7 
        9907.29      1.41917e+7 
        9924.35      1.39692e+7 
        9941.41      1.36945e+7 
        9952.82      1.34909e+7 
        9964.23      1.32658e+7 
        9975.65      1.30042e+7 
        9987.06      1.26992e+7 
        9998.47      1.23475e+7 
        10009.9      1.19263e+7 
        10021.3       1.1435e+7 
        10032.7      1.08461e+7 
        10044.1      1.01016e+7 
        10054.6      1.00694e+7 
        10067.7      1.08139e+7 
        10078.2      1.12661e+7 
        10088.7      1.16275e+7 
        10099.2      1.19241e+7 
        10109.6      1.21611e+7 
        10120.1       1.2348e+7 
        10135.9      1.25637e+7 
        10146.3      1.26672e+7 
        10156.8       1.2751e+7 
        10167.3      1.28251e+7 
        10177.8       1.2876e+7 
        10188.3      1.29093e+7 
        10198.7       1.2931e+7 
        10219.7      1.29498e+7 
        10237.2      1.29363e+7 
        10254.7      1.29032e+7 
        10289.6      1.28049e+7 
        10324.5      1.26832e+7 
        10394.4      1.24143e+7 
        10464.3      1.21162e+7 
        10534.2      1.18308e+7 
        10604.1      1.15462e+7 
          10639      1.13919e+7 
          10674      1.12276e+7 
        10708.9      1.10444e+7 
        10743.9      1.08345e+7 
        10761.3      1.07119e+7 
        10778.8      1.05757e+7 
        10796.3      1.04242e+7 
        10813.8      1.02547e+7 
        10831.2      1.00533e+7 
        10848.7      9.81565e+6 
        10866.2      9.52726e+6 
        10883.6      9.16927e+6 
        10901.1      8.71786e+6 
        10914.2      8.29808e+6 
        10927.3      7.76715e+6 
        10937.6      7.07917e+6 
          10948      7.68138e+6 
        10958.1      8.05671e+6 
        10970.3      8.41328e+6 
        10986.5      8.76784e+6 
        11002.8      9.02821e+6 
          11019      9.21897e+6 
        11035.2      9.35045e+6 
        11059.6      9.47944e+6 
        11075.8      9.52832e+6 
          11092      9.55764e+6 
        11108.2      9.57202e+6 
        11140.7      9.56819e+6 
        11173.2      9.52688e+6 
        11205.6      9.46578e+6 
        11238.1      9.39113e+6 
        11260.9      9.33414e+6 
        11306.5      9.21294e+6 
        11397.8       8.9618e+6 
        11489.1      8.72046e+6 
        11580.4      8.47495e+6 
        11671.7      8.23804e+6 
        11762.9      8.00936e+6 
        11854.2      7.78857e+6 
        11945.5      7.57535e+6 
        12036.8      7.36396e+6 
        12128.1      7.16327e+6 
        12154.1      7.10713e+6 
        12219.4      6.96799e+6 
        12284.6      6.83058e+6 
        12349.9      6.69354e+6 
        12415.2      6.55509e+6 
        12480.5      6.41183e+6 
        12545.7      6.25601e+6 
        12578.4      6.16965e+6 
          12611      6.07326e+6 
        12643.7      5.96098e+6 
          12660      5.89671e+6 
        12676.3       5.8252e+6 
        12692.6      5.74462e+6 
        12708.9       5.6516e+6 
        12725.3      5.54321e+6 
        12741.6      5.41567e+6 
        12757.9      5.26295e+6 
        12774.2      5.07785e+6 
        12790.5       4.8504e+6 
        12802.8      4.63536e+6 
          12813      4.38167e+6 
        12823.2      4.37244e+6 
        12835.2      4.63068e+6 
          12848      4.81289e+6 
        12860.8      4.95228e+6 
          12880      5.11115e+6 
        12892.8      5.19035e+6 
        12905.6      5.25271e+6 
        12918.4      5.30119e+6 
        12931.2      5.33845e+6 
          12944      5.36634e+6 
        12956.8      5.38639e+6 
        12969.6      5.40021e+6 
        12982.4      5.40894e+6 
          13008      5.41482e+6 
        13033.6      5.40835e+6 
        13059.1      5.39336e+6 
        13110.3      5.34803e+6 
        13161.5      5.29016e+6 
        13212.7      5.22613e+6 
        13263.9      5.15915e+6 
        13308.4       5.0999e+6 
        13397.3      4.98084e+6 
        13486.2      4.86325e+6 
        13575.1      4.74827e+6 
          13664      4.63796e+6 
        13752.9       4.5287e+6 
        13841.8      4.42264e+6 
        13930.7      4.31966e+6 
        14019.6      4.21966e+6 
        14108.6      4.12252e+6 
        14197.5      4.02818e+6 
        14240.7      3.98329e+6 
        14286.4      3.93654e+6 
        14332.1      3.89045e+6 
        14389.3      3.83365e+6 
        14423.5       3.8002e+6 
        14457.6      3.76712e+6 
        14468.8      3.75637e+6 
          14526      3.70199e+6 
        14581.2      3.65047e+6 
        14597.2       3.6357e+6 
        14613.2      3.62103e+6 
        14645.2      3.59194e+6 
        14709.2      3.53457e+6 
        14773.2      3.47834e+6 
        14837.1      3.42324e+6 
        14901.1      3.36923e+6 
        14965.1       3.3163e+6 
        15029.1      3.26437e+6 
        15093.1      3.21347e+6 
        15157.1      3.16358e+6 
          15221      3.11463e+6 
          15285      3.06662e+6 
          15349      3.01954e+6 
          15413      2.97337e+6 
        15471.6      2.93186e+6 
        15482.4       2.9243e+6 
        15493.1      2.91705e+6 
        15514.7      2.90261e+6 
        15557.9      2.87402e+6 
        15644.2      2.81786e+6 
        15730.5      2.76306e+6 
        15816.8      2.70958e+6 
        15903.1      2.65738e+6 
        15989.4      2.60643e+6 
        16075.8      2.55668e+6 
        16162.1      2.50811e+6 
        16248.4      2.46067e+6 
        16289.9      2.43827e+6 
        16334.7      2.41435e+6 
        16379.5      2.39073e+6 
        16469.1      2.34551e+6 
        16558.8      2.30135e+6 
        16648.4      2.25821e+6 
          16738      2.21607e+6 
        16827.7       2.1749e+6 
        16917.3      2.13468e+6 
        17006.9      2.09537e+6 
        17096.6      2.05696e+6 
        17186.2      2.01942e+6 
        17275.8      1.98272e+6 
        17327.7      1.96186e+6 
        17365.5      1.94684e+6 
        17403.2      1.93197e+6 
        17478.8      1.90194e+6 
        17554.3      1.87249e+6 
        17629.9      1.84361e+6 
        17705.4      1.81527e+6 
          17781      1.78747e+6 
        17856.5       1.7602e+6 
        17932.1      1.73344e+6 
        18007.6      1.70426e+6 
        18083.2      1.67763e+6 
        18158.7      1.65114e+6 
        18234.3      1.62452e+6 
        18309.8      1.59731e+6 
        18343.7      1.58469e+6 
        18385.3      1.56868e+6 
          18427      1.55171e+6 
        18468.6      1.53306e+6 
        18510.2      1.51197e+6 
        18551.8      1.48702e+6 
        18572.6      1.47252e+6 
        18593.4      1.45622e+6 
        18614.2      1.43764e+6 
          18635       1.4161e+6 
        18655.8      1.39074e+6 
        18676.6      1.36066e+6 
          18687      1.34333e+6 
        18697.4      1.32424e+6 
        18707.8      1.30298e+6 
        18718.2      1.27906e+6 
        18728.6      1.25129e+6 
          18739      1.21628e+6 
        18749.1      1.13447e+6 
        18759.2      1.19447e+6 
        18771.3      1.23484e+6 
        18783.4      1.26197e+6 
        18795.5      1.28343e+6 
        18807.5      1.30117e+6 
        18819.6      1.31599e+6 
        18831.7      1.32843e+6 
        18843.8      1.33872e+6 
        18855.8      1.34736e+6 
          18880       1.3602e+6 
        18904.1      1.36846e+6 
        18928.3      1.37332e+6 
        18952.4      1.37568e+6 
        18976.6      1.37608e+6 
        19000.8      1.37499e+6 
        19049.1      1.36958e+6 
        19097.4      1.36152e+6 
          19194      1.34151e+6 
        19290.6       1.3193e+6 
        19323.7      1.31147e+6 
        19387.2      1.29637e+6 
        19450.7      1.28125e+6 
        19514.1      1.26607e+6 
        19577.6      1.25237e+6 
        19641.1      1.23717e+6 
        19704.5      1.22221e+6 
          19768      1.20747e+6 
        19831.5      1.19295e+6 
          19895      1.17865e+6 
        19958.4      1.16455e+6 
        20021.9      1.15067e+6 
        20085.4        1.137e+6 
        20148.8      1.12352e+6 
        20212.3      1.11025e+6 
        20275.8      1.09717e+6 
        20339.2      1.08428e+6 
        20402.7      1.07158e+6 
        20457.9      1.06067e+6 
        20474.4      1.05745e+6 
        20490.9      1.05423e+6 
        20523.8      1.04783e+6 
        20589.6      1.03516e+6 
        20655.5      1.02269e+6 
        20721.4       1.0104e+6 
        20787.2          998301 
        20853.1          986378 
        20918.9          974632 
        20984.8          963062 
        21050.6          951661 
        21116.5          940426 
        21182.3          929359 
        21248.2          918454 
        21314.1          907707 
        21379.9          897116 
        21445.8          886683 
        21511.6          876398 
        21524.3          874428 
        21577.5          866260 
        21630.6          858189 
        21683.8          850200 
        21736.9          842305 
          21790          834498 
        21843.2          826786 
        21896.3          819158 
        21949.5          811621 
        22002.6          804169 
        22055.8          796802 
        22108.9          789520 
        22162.1          782319 
        22215.2          775201 
        22268.3          768163 
        22321.5          761208 
        22374.6          754328 
        22427.8          747526 
        22480.9          740803 
        22534.1          734153 
        22587.2          727577 
        22640.3          721074 
        22693.5          714646 
        22706.4          713091 
        22746.6          708288 
        22784.8          703761 
        22800.8          701876 
        22816.8          699997 
        22848.8          696259 
        22912.8          688860 
        22976.8          681559 
        23040.8          674355 
        23104.8          667243 
        23168.7          660228 
        23232.7          653304 
        23296.7          646468 
        23360.7          639726 
        23424.7          633069 
        23488.6          626496 
        23552.6          620012 
        23616.6          613610 
        23680.6          607292 
        23744.6          601053 
        23808.6          594895 
        23872.5          588816 
        23936.5          582816 
        24000.5          576891 
        24064.5          571038 
        24128.5          565264 
        24192.5          559558 
        24256.4          553926 
        24320.4          548365 
        24384.4          542873 
        24448.4          537451 
        24512.4          532095 
        24576.3          526836 
        24640.3          521611 
        24704.3          516453 
        24768.3          511357 
        24832.3          506324 
        24896.3          501354 
        24960.2          496444 
        25004.4          493089 
        25024.2          491596 
          25044          490107 
        25083.6          487182 
        25162.8          481399 
        25241.9          475700 
        25321.1          470083 
        25400.2          464554 
        25479.4          459103 
        25558.5          453731 
        25637.7          448437 
        25716.9          443222 
          25796          438083 
        25875.2          433018 
        25954.3          428026 
        26033.5          423103 
        26112.7          418256 
        26191.8          413474 
          26271          408762 
        26350.1          404116 
        26429.3          399538 
        26508.4          395024 
        26587.6          390572 
        26666.8          386183 
        26745.9          381835 
        26825.1          377569 
        26904.2          373363 
        26983.4          369216 
        27062.6          365125 
        27141.7          361092 
        27220.9          357114 
        27299.2          353231 
        27377.5          349405 
        27455.8          345647 
        27534.2          341925 
        27612.5          338252 
        27690.8          334627 
        27769.1          331048 
        27847.5          327520 
        27925.8          324040 
        28004.1          320603 
        28082.4          317213 
        28160.8          313866 
        28239.1          310563 
        28317.4          307305 
        28395.7          304088 
          28474          300914 
        28552.4          297780 
        28630.7          294688 
          28709          291635 
        28787.3          288622 
        28865.7          285647 
          28944          282711 
        29022.3          279812 
        29100.6          276950 
          29179          274124 
        29257.3          271335 
        29335.6          268580 
        29413.9          265861 
        29492.3          263176 
        29570.6          260524 
        29648.9          257906 
        29727.2          255321 
        29805.5          252768 
        29883.9          250246 
        29932.6          248693 
        29962.2          247756 
        29991.8          246823 
