# Koester WD models
# teff = 13750 K (value for the effective temperature for the model. Temperatures are given in K)
# logg = 8.75 log(cm/s2) (value for Log(G) for the model.)
#
# column 1: WAVELENGTH (ANGSTROM), Wavelength in Angstrom
# column 2: FLUX (ERG/CM2/S/A), Flux in erg/cm2/s/A
         899.23         73033.9 
        909.241         83822.4 
        919.241          279444 
        929.261          388885 
        939.271          875860 
         949.28          208556 
        959.289      2.91619e+6 
        969.297      1.39101e+6 
        979.305      2.60286e+6 
        989.312      6.18576e+6 
        999.319      1.13546e+7 
        1009.33      6.49813e+6 
        1019.33       2.9252e+6 
        1029.34      2.66001e+6 
        1039.34      7.75125e+6 
        1049.35       1.8051e+7 
        1059.36      2.07289e+7 
        1069.36      4.94707e+7 
        1079.36      5.24533e+7 
        1089.37      2.46228e+8 
        1099.37      3.04811e+8 
        1109.38      2.88756e+8 
        1119.38      2.49343e+8 
        1129.38      2.13863e+8 
        1139.39       1.7128e+8 
        1149.39      1.30611e+8 
        1159.39      9.59241e+7 
        1169.39      6.69624e+7 
         1179.4      4.26399e+7 
         1189.4      2.64522e+7 
         1199.4      1.67695e+7 
         1209.4      1.02999e+7 
        1219.41      9.66957e+6 
        1229.41      1.68007e+7 
        1239.41      3.41064e+7 
        1249.41      6.17439e+7 
        1259.41      9.78235e+7 
        1269.41      1.45194e+8 
        1279.42      2.03764e+8 
        1289.42      2.69467e+8 
        1299.42      3.37916e+8 
        1309.42      4.01194e+8 
        1319.42      4.76108e+8 
        1329.42      5.15136e+8 
        1339.42      5.38114e+8 
        1349.42      6.12978e+8 
        1359.42      6.70416e+8 
        1369.42      6.18705e+8 
        1379.42      5.09569e+8 
        1389.42      4.20285e+8 
        1399.42      4.50542e+8 
        1409.42      7.58487e+8 
        1419.42      1.11427e+9 
        1429.42      1.24435e+9 
        1439.42      1.27385e+9 
         1449.7      1.27458e+9 
         1460.1      1.26671e+9 
        1472.51      1.26006e+9 
        1484.42       1.2586e+9 
        1494.42      1.25345e+9 
        1509.31      1.24135e+9 
        1519.42      1.22661e+9 
        1529.42      1.19944e+9 
        1544.42        1.152e+9 
        1559.42      1.11311e+9 
        1570.19      1.07972e+9 
        1584.41      1.03794e+9 
        1596.91      1.02502e+9 
        1609.41      1.03571e+9 
        1624.41      1.06299e+9 
        1639.41      1.08332e+9 
        1654.41      1.08706e+9 
        1665.56      1.08158e+9 
        1676.33      1.07298e+9 
         1689.4      1.06063e+9 
         1704.4      1.04533e+9 
         1719.4      1.02966e+9 
         1734.4      1.01404e+9 
        1749.39      9.98552e+8 
        1764.39      9.83275e+8 
        1775.55       9.7216e+8 
        1789.39      9.58657e+8 
        1809.39      9.39597e+8 
           1824      9.26054e+8 
        1834.77      9.16286e+8 
        1845.54      9.06686e+8 
           1864      8.90667e+8 
        1876.29      8.80249e+8 
        1888.59      8.70045e+8 
        1906.98      8.55138e+8 
        1919.37      8.45352e+8 
        1931.76      8.35764e+8 
        1944.47      8.26076e+8 
        1956.53      8.17009e+8 
         1967.6      8.08844e+8 
        1992.71      7.90808e+8 
        2017.81       7.7341e+8 
        2067.03      7.40954e+8 
         2116.2      7.10496e+8 
           2129      7.02878e+8 
         2141.8      6.95392e+8 
        2165.47      6.81826e+8 
        2210.96      6.56756e+8 
        2225.91      6.48817e+8 
        2240.86      6.41017e+8 
        2263.91      6.29233e+8 
        2306.93      6.08043e+8 
        2319.34      6.02111e+8 
        2331.75      5.96243e+8 
        2350.78      5.87374e+8 
        2362.35      5.82065e+8 
        2373.93      5.76815e+8 
        2384.89      5.71908e+8 
        2397.08      5.66508e+8 
        2409.27      5.61176e+8 
        2433.66      5.50705e+8 
        2451.59      5.43163e+8 
        2466.76      5.36886e+8 
        2488.39      5.28102e+8 
        2510.01      5.19579e+8 
         2547.3       5.0513e+8 
        2559.23      5.00607e+8 
        2571.17      4.96136e+8 
        2595.04       4.8733e+8 
        2627.89       4.7553e+8 
        2642.78      4.70296e+8 
        2657.67      4.65135e+8 
        2687.45      4.55025e+8 
        2737.93      4.38507e+8 
        2756.11      4.32736e+8 
        2766.75      4.29393e+8 
        2810.65      4.15925e+8 
        2854.55      4.02947e+8 
        2931.71       3.8132e+8 
        2942.34      3.78449e+8 
        2952.98      3.75603e+8 
        2974.26      3.69995e+8 
        3016.81      3.59071e+8 
        3051.42      3.50464e+8 
        3091.41      3.40822e+8 
        3120.64      3.33967e+8 
        3149.86      3.27279e+8 
        3168.31      3.23138e+8 
         3208.3      3.14379e+8 
        3248.29      3.05902e+8 
        3309.83       2.9338e+8 
        3322.09      2.90957e+8 
        3346.73      2.86154e+8 
        3383.63      2.79146e+8 
        3445.17      2.67904e+8 
        3469.81      2.63554e+8 
        3495.92      2.59035e+8 
        3506.71      2.57196e+8 
         3543.6      2.51018e+8 
        3591.28        2.433e+8 
        3635.88      2.36337e+8 
        3647.12      2.34623e+8 
        3658.96      2.32828e+8 
        3671.11      2.30971e+8 
        3682.58      2.29251e+8 
         3693.5       2.2762e+8 
        3703.57      2.26121e+8 
        3713.83      2.24605e+8 
        3724.38      2.23068e+8 
        3734.43      2.21576e+8 
        3744.62      2.20214e+8 
        3754.84      2.18905e+8 
        3765.07      2.17277e+8 
         3775.5      2.16218e+8 
        3786.22      2.15258e+8 
        3796.45      2.11262e+8 
        3807.84      2.13817e+8 
        3818.92      2.13054e+8 
        3830.45      2.04603e+8 
        3840.76      2.05249e+8 
        3851.98      2.13723e+8 
        3862.01      2.14196e+8 
        3872.59      2.06369e+8 
         3884.4      1.86775e+8 
        3894.46      1.88632e+8 
        3904.96      2.07423e+8 
        3916.92      2.18758e+8 
        3928.22      2.20292e+8 
        3938.89      2.14117e+8 
        3950.65      1.96859e+8 
        3962.28        1.671e+8 
        3972.79      1.50409e+8 
        3983.56      1.82595e+8 
        3993.87       2.0533e+8 
        4006.37      2.22224e+8 
        4018.86      2.29496e+8 
        4032.38      2.30933e+8 
        4043.86      2.27859e+8 
        4056.35      2.18352e+8 
        4068.85      2.00605e+8 
        4082.28      1.73654e+8 
        4093.57       1.4063e+8 
        4103.79      1.17579e+8 
        4114.23      1.53227e+8 
        4125.26      1.79892e+8 
        4135.54      1.98043e+8 
        4146.66      2.13817e+8 
        4158.83      2.25157e+8 
        4173.82      2.32344e+8 
        4188.82      2.35422e+8 
        4203.81      2.36126e+8 
        4216.52      2.35423e+8 
        4228.81      2.33583e+8 
        4243.81      2.29431e+8 
         4258.8      2.22313e+8 
         4273.8      2.11053e+8 
        4288.79      1.95235e+8 
        4301.29      1.79262e+8 
        4313.79      1.59603e+8 
        4324.82      1.36898e+8 
        4336.17      1.04752e+8 
        4346.17      1.08762e+8 
        4357.43       1.3794e+8 
        4368.77      1.58126e+8 
        4381.14      1.74338e+8 
        4393.77      1.87369e+8 
        4408.76      1.99287e+8 
        4423.76      2.07414e+8 
        4438.75      2.11997e+8 
        4453.75      2.14207e+8 
        4468.74      2.14928e+8 
        4483.74      2.14771e+8 
        4498.74      2.14119e+8 
        4513.73      2.13121e+8 
        4527.19      2.12016e+8 
        4538.73      2.10951e+8 
        4553.72      2.09443e+8 
        4568.72      2.07815e+8 
        4583.72      2.06088e+8 
        4596.53      2.04535e+8 
        4608.71      2.03034e+8 
         4623.7      2.01042e+8 
         4638.7      1.98936e+8 
         4653.7      1.96694e+8 
        4668.69      1.94258e+8 
        4683.69      1.91536e+8 
        4698.68      1.88427e+8 
        4713.68      1.84758e+8 
        4724.83      1.81593e+8 
        4738.67      1.77024e+8 
        4753.67      1.71337e+8 
        4768.67      1.64792e+8 
        4783.66      1.56905e+8 
        4798.66      1.47564e+8 
        4813.65      1.36333e+8 
        4828.65      1.22648e+8 
        4839.16      1.10308e+8 
        4849.39      9.48186e+7 
        4859.63      7.38768e+7 
        4869.82      8.81286e+7 
        4880.09      1.03906e+8 
        4891.13      1.16262e+8 
        4903.63      1.26493e+8 
        4915.55      1.33972e+8 
        4928.62      1.40432e+8 
        4943.62      1.46085e+8 
        4958.61      1.50127e+8 
        4973.61      1.52888e+8 
        4988.61      1.54744e+8 
         5003.6       1.5585e+8 
         5018.6      1.56243e+8 
         5033.6      1.56121e+8 
        5048.59      1.55608e+8 
        5063.59      1.54862e+8 
        5078.58      1.53942e+8 
        5093.58      1.52929e+8 
        5108.57      1.51844e+8 
        5123.57      1.50712e+8 
        5138.57      1.49546e+8 
        5153.56      1.48356e+8 
        5168.56      1.47154e+8 
        5183.56      1.45944e+8 
        5198.55      1.44731e+8 
        5213.55      1.43517e+8 
        5228.54      1.42304e+8 
        5243.54      1.41095e+8 
        5258.53      1.39891e+8 
        5273.53      1.38693e+8 
        5288.53      1.37503e+8 
        5303.52      1.36323e+8 
        5318.52       1.3515e+8 
        5333.52      1.33987e+8 
        5348.51      1.32833e+8 
        5363.51      1.31837e+8 
         5378.5      1.30689e+8 
         5393.5      1.29552e+8 
        5408.49      1.28427e+8 
        5423.49      1.27313e+8 
        5438.49      1.26211e+8 
        5453.48      1.25121e+8 
        5468.48      1.24041e+8 
        5483.48      1.22975e+8 
        5498.47      1.21919e+8 
        5513.47      1.20874e+8 
        5528.46       1.1984e+8 
        5543.46      1.18818e+8 
        5558.45      1.17805e+8 
        5573.45      1.16803e+8 
        5588.45      1.15811e+8 
        5603.44       1.1483e+8 
        5618.44      1.13858e+8 
        5633.43      1.12897e+8 
        5648.43      1.11945e+8 
        5663.43      1.11003e+8 
        5673.98      1.10572e+8 
         5686.2      1.09809e+8 
        5698.42      1.09052e+8 
        5708.88      1.08408e+8 
        5723.41      1.07523e+8 
        5738.41      1.06618e+8 
         5753.4      1.05724e+8 
         5768.4       1.0473e+8 
        5783.39       1.0385e+8 
        5798.39       1.0298e+8 
        5813.39      1.02119e+8 
        5828.38      1.01266e+8 
        5843.38      1.00422e+8 
        5858.37      9.95853e+7 
        5873.37      9.87572e+7 
        5888.37      9.79373e+7 
        5903.36      9.71239e+7 
        5918.36      9.63181e+7 
        5933.35      9.55195e+7 
        5948.35      9.47281e+7 
        5963.35      9.39437e+7 
        5978.34      9.31664e+7 
        5993.34      9.23955e+7 
        6008.33      9.16311e+7 
        6023.33      9.08728e+7 
        6038.32      9.01204e+7 
        6053.32      8.93733e+7 
        6068.32      8.86309e+7 
        6083.31      8.78901e+7 
        6098.31      8.71531e+7 
        6113.31      8.64189e+7 
         6128.3      8.56869e+7 
         6143.3      8.49575e+7 
        6158.29      8.42305e+7 
        6173.29      8.35026e+7 
        6188.28      8.27728e+7 
        6203.28      8.20399e+7 
        6218.28      8.13013e+7 
        6233.27      8.05542e+7 
        6244.38      7.99925e+7 
        6256.04      7.94053e+7 
        6266.59      7.88744e+7 
        6278.26      7.82787e+7 
        6290.52      7.76416e+7 
        6302.31      7.70259e+7 
        6312.59      7.64805e+7 
        6323.25      7.59018e+7 
        6338.24       7.5063e+7 
        6353.24      7.41884e+7 
        6368.24       7.3267e+7 
        6383.23      7.22902e+7 
        6398.23       7.1234e+7 
        6413.22       7.0077e+7 
        6428.22      6.87915e+7 
        6443.22      6.73325e+7 
        6458.21      6.56445e+7 
        6473.21      6.36757e+7 
         6488.2      6.13691e+7 
         6503.2       5.8619e+7 
         6518.2       5.5183e+7 
        6532.67      5.09271e+7 
        6543.19      4.69282e+7 
        6556.02      4.09306e+7 
        6566.09      3.84581e+7 
        6577.95      4.44306e+7 
        6588.18      4.82027e+7 
        6603.34      5.22657e+7 
        6613.66      5.42669e+7 
        6623.98      5.58421e+7 
         6634.3      5.70818e+7 
        6644.62      5.80683e+7 
        6654.94      5.88599e+7 
        6665.26      5.94839e+7 
        6675.58       5.9956e+7 
         6685.9      6.03041e+7 
        6696.23      6.05416e+7 
        6711.48      6.07411e+7 
        6726.73      6.07996e+7 
        6741.98      6.07509e+7 
        6757.23      6.06217e+7 
        6772.48      6.04348e+7 
        6802.98      5.99287e+7 
        6824.78       5.9493e+7 
        6868.37      5.85241e+7 
        6911.97      5.74886e+7 
        6955.56      5.64057e+7 
        6976.35       5.5882e+7 
        7042.75       5.4212e+7 
        7109.15      5.25664e+7 
        7175.54      5.09673e+7 
        7241.94      4.94213e+7 
        7308.33      4.79291e+7 
        7355.95      4.68917e+7 
        7374.73      4.65056e+7 
        7393.51      4.61066e+7 
        7431.08      4.53219e+7 
        7506.22      4.38017e+7 
        7581.35      4.23443e+7 
         7635.1      4.13386e+7 
        7656.49      4.09466e+7 
        7677.88      4.05592e+7 
        7720.67       3.9798e+7 
        7806.23      3.83284e+7 
        7821.36      3.80755e+7 
         7891.8      3.69253e+7 
        7962.25      3.58182e+7 
        7982.84      3.55025e+7 
        8032.69      3.47523e+7 
        8082.55      3.40212e+7 
        8161.68         3.29e+7 
        8182.26      3.26157e+7 
        8200.85      3.23619e+7 
        8216.85      3.21451e+7 
        8232.84      3.19305e+7 
        8264.83      3.15061e+7 
        8289.72       3.1181e+7 
        8328.82      3.06784e+7 
        8343.44      3.04931e+7 
        8367.92      3.01856e+7 
        8388.68      2.99282e+7 
        8408.65      2.96832e+7 
        8432.02      2.93995e+7 
        8467.25      2.89775e+7 
        8502.48      2.85632e+7 
        8516.58      2.83993e+7 
        8530.98      2.82331e+7 
        8545.38      2.80714e+7 
        8574.18      2.77494e+7 
        8598.39      2.74826e+7 
         8628.6      2.71546e+7 
        8646.81      2.69579e+7 
        8665.01      2.67625e+7 
        8685.59       2.6546e+7 
        8701.43      2.63797e+7 
        8750.47      2.58577e+7 
        8767.92      2.56816e+7 
        8815.35      2.51971e+7 
        8862.78      2.47324e+7 
        8900.38      2.44115e+7 
        8957.65      2.38621e+7 
        8986.28      2.35615e+7 
        9014.91      2.32674e+7 
        9043.54      2.30692e+7 
        9072.17      2.28717e+7 
        9099.72       2.2654e+7 
        9127.26      2.24164e+7 
        9154.81      2.21391e+7 
        9182.36      2.18204e+7 
         9209.9      2.14764e+7 
        9229.01      2.12739e+7 
        9248.11      2.11622e+7 
        9267.22      2.11237e+7 
        9305.43      2.10076e+7 
        9343.64      2.08034e+7 
        9379.63      2.05429e+7 
        9397.45      2.03919e+7 
        9415.28      2.02284e+7 
        9450.94      1.98438e+7 
        9468.76      1.96264e+7 
        9486.59      1.93725e+7 
        9498.52      1.91888e+7 
        9522.24      1.87384e+7 
         9534.1      1.84901e+7 
        9545.97      1.82759e+7 
        9557.83      1.83241e+7 
        9569.68      1.84369e+7 
        9581.55       1.8532e+7 
        9593.41      1.85931e+7 
         9611.2      1.86433e+7 
        9634.92      1.86514e+7 
        9648.82       1.8645e+7 
        9668.45      1.86041e+7 
        9688.08      1.85413e+7 
        9727.33      1.83696e+7 
        9766.58      1.81485e+7 
        9805.83      1.78871e+7 
        9815.86      1.78128e+7 
        9845.09      1.75694e+7 
        9884.34      1.72223e+7 
        9918.58      1.67998e+7 
         9935.7      1.65683e+7 
        9952.82      1.63018e+7 
        9969.94      1.60153e+7 
        9987.06      1.57024e+7 
        10004.2      1.53414e+7 
        10021.3      1.49395e+7 
        10035.3      1.46052e+7 
        10045.9       1.4411e+7 
        10056.4      1.43955e+7 
        10066.9      1.45189e+7 
        10077.4      1.46732e+7 
        10091.5      1.48619e+7 
        10105.5      1.50222e+7 
        10119.5      1.51566e+7 
        10133.6      1.52493e+7 
        10147.6      1.53323e+7 
        10175.7      1.54364e+7 
        10203.7      1.54953e+7 
        10226.4      1.54989e+7 
        10237.2      1.54879e+7 
          10248      1.54689e+7 
        10269.6      1.54311e+7 
        10312.9      1.53008e+7 
        10356.2       1.5137e+7 
        10377.8      1.50484e+7 
        10399.4      1.49569e+7 
        10421.1      1.48633e+7 
        10442.7      1.46997e+7 
        10464.3      1.45949e+7 
        10485.9      1.44883e+7 
        10529.2      1.42688e+7 
        10572.5      1.40608e+7 
        10615.7       1.3806e+7 
          10659      1.35239e+7 
        10680.6      1.33685e+7 
        10702.3       1.3199e+7 
        10723.9      1.30117e+7 
        10745.5      1.28073e+7 
        10767.1      1.25988e+7 
        10788.8      1.23616e+7 
        10810.4      1.20945e+7 
          10832      1.18183e+7 
        10853.7      1.14914e+7 
        10864.5      1.13133e+7 
        10875.3       1.1114e+7 
        10886.1      1.08999e+7 
        10896.9       1.0664e+7 
        10907.8      1.04113e+7 
        10918.6      1.01265e+7 
        10930.8      9.75807e+6 
        10940.8      9.55418e+6 
        10952.1      9.88709e+6 
        10971.6      1.02785e+7 
        10991.2      1.05747e+7 
        11010.7      1.08059e+7 
        11030.2      1.09698e+7 
        11049.7      1.11031e+7 
        11069.2      1.11951e+7 
        11088.7      1.12746e+7 
        11108.3      1.13285e+7 
        11127.8       1.1359e+7 
        11166.8      1.13929e+7 
        11205.9      1.13728e+7 
        11228.9      1.13428e+7 
        11244.9      1.13154e+7 
        11260.9      1.12839e+7 
        11292.9      1.12082e+7 
          11357      1.10305e+7 
        11421.1      1.08373e+7 
        11485.1      1.06754e+7 
        11549.2      1.04648e+7 
        11613.3      1.02594e+7 
        11677.4      1.00589e+7 
        11741.4      9.86319e+6 
        11805.5      9.67221e+6 
        11869.6      9.48572e+6 
        11933.6       9.3037e+6 
        11997.7      9.12592e+6 
        12061.8      8.91898e+6 
        12125.8      8.74158e+6 
        12189.9      8.56492e+6 
        12223.3      8.47256e+6 
          12254      8.38717e+6 
        12284.6      8.30078e+6 
        12345.9      8.12234e+6 
        12407.2      7.93381e+6 
        12468.5      7.72847e+6 
        12499.2      7.61613e+6 
        12529.8      7.49832e+6 
        12560.5      7.37058e+6 
        12591.1      7.22937e+6 
        12621.8      7.07169e+6 
        12652.4      6.90095e+6 
        12683.1      6.70114e+6 
        12698.4      6.58918e+6 
        12713.7      6.46945e+6 
        12729.1      6.33229e+6 
        12744.4      6.18344e+6 
        12759.7      6.01112e+6 
          12775      5.82828e+6 
        12790.4      5.62022e+6 
        12802.6      5.43254e+6 
        12813.4       5.2206e+6 
        12823.6       5.2251e+6 
        12834.8      5.40401e+6 
        12847.6      5.56087e+6 
        12866.8      5.74987e+6 
        12879.6      5.85511e+6 
        12892.4      5.94905e+6 
        12905.2      6.02642e+6 
          12918      6.09504e+6 
        12930.8      6.15074e+6 
        12943.6      6.19585e+6 
        12956.4      6.23748e+6 
          12982      6.30031e+6 
        13007.6      6.34017e+6 
        13033.2      6.36773e+6 
        13058.8      6.38318e+6 
        13084.3      6.38708e+6 
        13109.9      6.38243e+6 
        13135.5      6.37043e+6 
        13186.7      6.33285e+6 
        13237.9      6.27916e+6 
        13269.8      6.24011e+6 
        13289.1      6.21501e+6 
        13308.4        6.189e+6 
        13346.9       6.1349e+6 
        13423.9      6.02127e+6 
          13501      5.90447e+6 
          13578      5.78738e+6 
        13655.1      5.68239e+6 
        13732.1      5.56561e+6 
        13809.2      5.45176e+6 
        13886.2       5.3408e+6 
        13963.3      5.23264e+6 
        14040.3      5.12714e+6 
        14117.4      5.02429e+6 
        14194.4      4.92398e+6 
        14210.9      4.90286e+6 
        14271.5      4.82615e+6 
        14332.1       4.7509e+6 
        14392.7      4.67651e+6 
        14448.8      4.60884e+6 
        14466.4      4.58786e+6 
        14484.1      4.56703e+6 
        14519.3      4.52568e+6 
        14581.2      4.45412e+6 
        14597.2      4.43583e+6 
        14613.2      4.41768e+6 
        14645.2      4.38161e+6 
        14709.2      4.31058e+6 
        14773.2      4.24096e+6 
        14837.1      4.17276e+6 
        14901.1       4.1059e+6 
        14965.1      4.04037e+6 
        15029.1      3.97616e+6 
        15093.1       3.9132e+6 
        15157.1      3.85147e+6 
          15221      3.79096e+6 
          15285      3.73165e+6 
          15349      3.67346e+6 
          15413      3.61638e+6 
        15471.6      3.56511e+6 
        15482.4      3.55578e+6 
        15493.1      3.54651e+6 
        15514.7      3.52804e+6 
        15557.9      3.49144e+6 
        15644.2      3.41966e+6 
        15730.5      3.34972e+6 
        15816.8      3.28155e+6 
        15903.1      3.21511e+6 
        15989.4      3.15036e+6 
        16075.8       3.0872e+6 
        16162.1      3.02561e+6 
        16248.4      2.96555e+6 
        16289.9      2.93721e+6 
        16334.7      2.90698e+6 
        16379.5      2.87713e+6 
        16469.1      2.81931e+6 
        16558.8      2.76294e+6 
        16648.4      2.70797e+6 
          16738      2.65435e+6 
        16827.7      2.60206e+6 
        16917.3      2.55105e+6 
        17006.9      2.50128e+6 
        17096.6      2.45272e+6 
        17186.2      2.40533e+6 
        17275.8      2.35908e+6 
        17327.7      2.33283e+6 
        17365.5      2.31393e+6 
        17403.2      2.29523e+6 
        17478.8      2.25881e+6 
        17554.3      2.22309e+6 
        17629.9      2.18809e+6 
        17705.4      2.15377e+6 
          17781      2.12012e+6 
        17856.5      2.08712e+6 
        17894.3      2.07087e+6 
        17913.2      2.06279e+6 
        17932.1      2.05476e+6 
        17946.2      2.04877e+6 
        17956.3      2.03265e+6 
        17966.3      2.02809e+6 
        17976.3      2.02354e+6 
        17986.4        2.019e+6 
        17996.4      2.01445e+6 
        18006.4       2.0099e+6 
        18016.8      2.00521e+6 
        18045.1      1.99231e+6 
        18082.9      1.97501e+6 
        18158.4       1.9399e+6 
          18234      1.90349e+6 
        18309.5      1.86474e+6 
        18343.2      1.84631e+6 
        18385.1      1.82191e+6 
          18427      1.79534e+6 
        18468.9      1.76588e+6 
        18510.8      1.73259e+6 
        18552.7      1.69387e+6 
        18573.6      1.67186e+6 
        18594.6       1.6477e+6 
        18615.5      1.62105e+6 
        18636.5      1.59184e+6 
        18657.4      1.55911e+6 
        18678.4       1.5238e+6 
        18689.4      1.50382e+6 
        18704.8      1.47456e+6 
        18720.3      1.44063e+6 
        18731.8      1.40846e+6 
        18743.4       1.3553e+6 
        18753.5      1.29545e+6 
        18765.1       1.3815e+6 
        18780.5      1.42091e+6 
        18795.9       1.4466e+6 
        18819.1      1.47636e+6 
        18834.5      1.49355e+6 
        18849.9      1.50894e+6 
        18880.8      1.53436e+6 
        18911.7      1.55293e+6 
        18942.5      1.56601e+6 
        18973.4      1.57459e+6 
        19004.2      1.57953e+6 
        19035.1      1.58175e+6 
        19065.9      1.58189e+6 
        19096.8      1.58033e+6 
        19158.5      1.57333e+6 
        19220.2      1.56281e+6 
        19281.9      1.55005e+6 
        19343.7      1.53586e+6 
        19360.1      1.53192e+6 
        19405.4      1.52078e+6 
        19450.7      1.50935e+6 
        19541.3      1.48585e+6 
        19631.9      1.46762e+6 
        19722.4       1.4425e+6 
          19813      1.41792e+6 
        19903.6      1.39385e+6 
        19994.2      1.37029e+6 
        20084.8      1.34722e+6 
        20175.4      1.32464e+6 
          20266      1.30252e+6 
        20356.6      1.28086e+6 
        20419.9      1.26598e+6 
        20447.2      1.25964e+6 
        20474.4      1.25335e+6 
        20528.9       1.2408e+6 
        20583.3      1.22841e+6 
        20637.8      1.21618e+6 
        20692.3      1.20409e+6 
        20746.8      1.19215e+6 
        20801.3      1.18036e+6 
        20855.7      1.16871e+6 
        20910.2      1.15721e+6 
        20964.7      1.14585e+6 
        21019.2      1.13462e+6 
        21073.6      1.12353e+6 
        21128.1      1.11257e+6 
        21182.6      1.10175e+6 
        21237.1      1.09106e+6 
        21291.6       1.0805e+6 
          21346      1.07006e+6 
        21400.5      1.05975e+6 
          21455      1.04956e+6 
        21509.5      1.03949e+6 
        21563.9      1.02955e+6 
        21606.2      1.02191e+6 
        21618.4      1.01972e+6 
        21630.6      1.01753e+6 
          21655      1.01317e+6 
        21703.8       1.0045e+6 
        21801.3          987434 
        21898.8          970730 
        21996.3          954375 
        22093.8          938362 
        22191.4          922679 
        22288.9          907323 
        22386.4          892281 
        22483.9          877547 
        22581.5          863115 
          22679          848978 
        22766.2          836581 
        22776.5          835126 
        22786.8          833675 
        22800.8          831708 
        22816.8          829465 
        22848.8          825004 
        22912.8          816173 
        22976.8          807458 
        23040.8          798857 
        23104.8          790374 
        23168.7          782008 
        23232.7          773749 
        23296.7          765603 
        23360.7          757561 
        23424.7          749622 
        23488.6          741790 
        23552.6          734058 
        23616.6          726427 
        23680.6          718894 
        23744.6          711458 
        23808.6          704119 
        23872.5          696871 
        23936.5          689718 
        24000.5          682656 
        24064.5          675684 
        24128.5          668801 
        24192.5          662006 
        24256.4          655295 
        24320.4          648670 
        24384.4          642129 
        24448.4          635667 
        24512.4          629286 
        24576.3          622987 
        24640.3          616764 
        24704.3          610619 
        24768.3          604549 
        24832.3          598555 
        24896.3          592636 
        24960.2          586787 
        25004.4          582791 
        25024.2          581009 
          25044          579237 
        25083.6          575722 
        25162.8          568776 
        25241.9          561930 
        25321.1          555189 
        25400.2          548544 
        25479.4          542000 
        25558.5          535554 
        25637.7          529201 
        25716.9          522943 
          25796          516776 
        25875.2          510700 
        25954.3          504713 
        26033.5          498810 
        26112.7          492994 
        26191.8          487261 
          26271          481612 
        26350.1          476046 
        26429.3          470557 
        26508.4          465147 
        26587.6          459816 
        26666.8          454557 
        26745.9          449377 
        26825.1          444268 
        26904.2          439229 
        26983.4          434262 
        27062.6          429365 
        27141.7          424536 
        27220.9          419776 
        27299.2          415130 
        27377.5          410543 
        27455.8          406023 
        27534.2          401562 
        27612.5          397163 
        27690.8          392822 
        27769.1          388543 
        27847.5          384320 
        27925.8          380155 
        28004.1          376045 
        28082.4          371993 
        28160.8          367994 
        28239.1          364048 
        28317.4          360152 
        28395.7          356313 
          28474          352521 
        28552.4          348783 
        28630.7          345091 
          28709          341450 
        28787.3          337856 
        28865.7          334309 
          28944          330807 
        29022.3          327354 
        29100.6          323942 
          29179          320578 
        29257.3          317254 
        29335.6          313975 
        29413.9          310738 
        29492.3          307542 
        29570.6          304387 
        29648.9          301273 
        29727.2          298198 
        29805.5          295163 
        29883.9          292165 
        29932.6          290320 
        29962.2          289206 
        29991.8          288097 
