# Koester WD models
# teff = 13500 K (value for the effective temperature for the model. Temperatures are given in K)
# logg = 7 log(cm/s2) (value for Log(G) for the model.)
#
# column 1: WAVELENGTH (ANGSTROM), Wavelength in Angstrom
# column 2: FLUX (ERG/CM2/S/A), Flux in erg/cm2/s/A
         899.23         52948.1 
        909.241         61321.4 
        919.241          298348 
        929.253          384770 
        939.271          682612 
         949.28          266400 
        959.289      2.77822e+6 
        969.297      1.05546e+6 
        979.305      2.08484e+6 
        989.312      6.97261e+6 
        999.319      2.46063e+7 
        1009.33      6.73209e+6 
        1019.33      2.23779e+6 
        1029.34      2.03406e+6 
        1039.34      7.74758e+6 
        1049.35      4.11926e+7 
        1059.36      5.13101e+7 
        1069.36       3.0881e+8 
        1079.36      3.15334e+8 
        1089.37      1.23145e+9 
        1099.37      1.31049e+9 
        1109.38      1.25943e+9 
        1119.38      1.16011e+9 
        1129.38      1.05356e+9 
        1139.39          9.0e+8 
        1149.39      7.09202e+8 
        1159.39      4.93965e+8 
        1169.39       2.8152e+8 
         1179.4      1.15323e+8 
         1189.4      3.71054e+7 
         1199.4      1.56473e+7 
         1209.4      8.20892e+6 
        1219.41      7.76281e+6 
        1229.41      1.45263e+7 
        1239.41      4.30587e+7 
        1249.41       1.5852e+8 
        1259.41      3.60579e+8 
        1269.41      5.71198e+8 
        1279.42       7.4812e+8 
        1289.42      8.79398e+8 
        1299.42      9.71446e+8 
        1309.42      1.03082e+9 
        1319.42      1.08097e+9 
        1329.42      1.09934e+9 
        1339.42      1.09745e+9 
        1349.42      1.12178e+9 
        1359.42       1.1399e+9 
        1369.42      1.10543e+9 
        1379.42       1.0184e+9 
        1389.42      9.27882e+8 
        1399.42      9.40043e+8 
        1409.42      1.10766e+9 
        1419.42      1.20033e+9 
        1429.42      1.21256e+9 
        1439.42      1.20444e+9 
        1451.58      1.18793e+9 
        1464.42      1.16884e+9 
        1474.42      1.15408e+9 
        1489.42        1.133e+9 
        1504.42      1.11177e+9 
        1514.42      1.09771e+9 
        1529.42      1.07592e+9 
        1544.42      1.05299e+9 
        1559.42      1.03127e+9 
        1570.19      1.01562e+9 
        1584.41      9.95115e+8 
        1599.41      9.76542e+8 
        1614.41      9.60938e+8 
        1629.41      9.46486e+8 
        1644.41      9.31397e+8 
        1659.41       9.1547e+8 
        1670.17       9.0383e+8 
         1684.4      8.88565e+8 
         1699.4      8.72816e+8 
         1714.4        8.574e+8 
         1729.4      8.42302e+8 
         1744.4      8.27552e+8 
        1759.39       8.1316e+8 
         1771.7      8.01609e+8 
        1784.39      7.89947e+8 
        1799.39      7.76476e+8 
           1824      7.55047e+8 
        1834.77      7.45952e+8 
        1845.54      7.37008e+8 
           1864      7.22048e+8 
        1876.29      7.12353e+8 
        1888.59       7.0285e+8 
        1906.98      6.88967e+8 
        1919.37      6.79838e+8 
        1931.76      6.70906e+8 
        1944.47      6.61915e+8 
        1956.53      6.53555e+8 
         1967.6      6.46021e+8 
        1992.71      6.29393e+8 
        2017.81      6.13396e+8 
        2067.03      5.83661e+8 
         2116.2      5.56112e+8 
           2129      5.49248e+8 
         2141.8      5.42509e+8 
        2165.47      5.30364e+8 
        2210.96      5.08099e+8 
        2225.91      5.01097e+8 
        2240.86      4.94238e+8 
        2263.91      4.83931e+8 
        2306.93      4.65537e+8 
        2319.34      4.60429e+8 
        2331.75      4.55405e+8 
        2350.78      4.47853e+8 
        2362.35      4.43348e+8 
        2373.93      4.38909e+8 
        2384.89      4.34768e+8 
        2397.08      4.30225e+8 
        2409.27      4.25755e+8 
        2433.66      4.17015e+8 
        2451.59      4.10748e+8 
        2466.76      4.05558e+8 
        2488.39      3.98323e+8 
        2510.01      3.91289e+8 
         2547.3      3.79552e+8 
        2559.23      3.75901e+8 
        2571.17       3.7231e+8 
        2595.04      3.65279e+8 
        2627.89      3.55905e+8 
        2642.78       3.5177e+8 
        2657.67      3.47702e+8 
        2687.45      3.39779e+8 
        2737.93      3.26917e+8 
        2756.11      3.22453e+8 
        2766.75      3.19886e+8 
        2810.65      3.09592e+8 
        2854.55      2.99755e+8 
        2898.45      2.90366e+8 
        2931.71      2.83522e+8 
        2942.34      2.81381e+8 
        2952.98      2.79262e+8 
        2974.26      2.75098e+8 
        3016.81      2.67023e+8 
        3051.42       2.6069e+8 
        3091.41      2.53634e+8 
        3120.64      2.48639e+8 
        3149.86      2.43778e+8 
        3168.31       2.4078e+8 
         3208.3      2.34448e+8 
        3248.29      2.28336e+8 
        3309.83      2.19349e+8 
        3322.09      2.17616e+8 
        3346.73      2.14184e+8 
        3383.63       2.0919e+8 
        3445.17      2.01195e+8 
        3469.81      1.98106e+8 
        3495.92      1.94901e+8 
        3506.71      1.93596e+8 
         3543.6      1.89217e+8 
        3591.28      1.83751e+8 
        3635.88      1.78817e+8 
        3647.12        1.776e+8 
        3658.96      1.76319e+8 
        3671.11      1.74995e+8 
        3682.58      1.73746e+8 
         3693.5       1.7259e+8 
        3703.57      1.71542e+8 
        3713.83       1.7075e+8 
        3724.38      1.70052e+8 
        3734.43      1.67354e+8 
        3744.65      1.69187e+8 
        3754.84      1.69686e+8 
        3765.23      1.66331e+8 
         3775.5      1.67013e+8 
        3785.73      1.76158e+8 
        3795.99      1.44651e+8 
        3806.86      1.74629e+8 
        3817.37      1.87856e+8 
        3827.39      1.59767e+8 
        3837.97      1.31642e+8 
        3848.19      1.83068e+8 
         3858.5      2.06842e+8 
        3868.74      1.98932e+8 
        3878.82      1.59955e+8 
        3888.84      1.03115e+8 
        3898.89      1.57775e+8 
        3909.74       2.0562e+8 
        3919.95      2.28861e+8 
         3930.9      2.33692e+8 
         3941.6       2.1935e+8 
        3951.72      1.86198e+8 
        3962.28      1.36857e+8 
        3972.45      1.07364e+8 
        3983.56      1.63407e+8 
        3993.85      2.04516e+8 
        4003.87      2.33787e+8 
         4015.8       2.4957e+8 
        4028.86      2.54726e+8 
        4039.49      2.53966e+8 
        4050.11      2.48245e+8 
        4061.39      2.33046e+8 
        4073.85      2.02175e+8 
        4083.99      1.67735e+8 
        4095.34      1.19341e+8 
        4105.79      1.07874e+8 
        4116.22      1.52835e+8 
        4126.69      1.88661e+8 
        4136.91      2.15551e+8 
        4148.83      2.35966e+8 
        4159.58      2.44772e+8 
        4173.82      2.48671e+8 
        4188.82      2.49326e+8 
        4203.81      2.48388e+8 
        4216.52       2.4684e+8 
        4228.81      2.44818e+8 
        4243.81      2.41519e+8 
         4258.8      2.36307e+8 
         4273.8      2.27239e+8 
        4288.79      2.12221e+8 
        4301.29      1.93727e+8 
        4313.79      1.67873e+8 
        4326.14      1.32932e+8 
        4336.17      9.76413e+7 
        4347.43      1.07213e+8 
        4358.77      1.42796e+8 
        4369.17      1.67622e+8 
        4381.27      1.87707e+8 
        4393.77      2.01032e+8 
        4408.76      2.10132e+8 
        4423.76      2.13733e+8 
        4438.75      2.14113e+8 
        4453.75       2.1313e+8 
        4468.74      2.11648e+8 
        4483.74      2.09922e+8 
        4498.74       2.0807e+8 
        4513.73      2.06143e+8 
        4527.19      2.04378e+8 
        4538.73      2.02849e+8 
        4553.72      2.00848e+8 
        4568.72      1.98836e+8 
        4583.72      1.96821e+8 
        4596.53        1.951e+8 
        4608.71      1.93479e+8 
         4623.7      1.91468e+8 
         4638.7      1.89448e+8 
         4653.7       1.8741e+8 
        4668.69      1.85346e+8 
        4683.69      1.83233e+8 
        4698.68      1.81027e+8 
        4713.68      1.78668e+8 
        4724.83      1.76772e+8 
        4738.67       1.7415e+8 
        4753.67      1.70792e+8 
        4768.67      1.66608e+8 
        4783.66      1.61301e+8 
        4798.66      1.53771e+8 
        4813.65      1.42892e+8 
        4826.15      1.30079e+8 
        4838.65      1.12738e+8 
        4848.69      9.51054e+7 
        4858.88      7.21866e+7 
        4869.54      8.55836e+7 
        4880.32      1.04849e+8 
        4891.13      1.19605e+8 
        4903.63      1.31653e+8 
        4915.55       1.3922e+8 
        4928.62      1.44289e+8 
        4943.62      1.47316e+8 
        4958.61      1.48562e+8 
        4973.61      1.48833e+8 
        4988.61      1.48451e+8 
         5003.6       1.4768e+8 
         5018.6       1.4668e+8 
         5033.6      1.45545e+8 
        5048.59      1.44327e+8 
        5063.59       1.4307e+8 
        5078.58      1.41792e+8 
        5093.58      1.40505e+8 
        5108.57      1.39214e+8 
        5123.57      1.37927e+8 
        5138.57      1.36649e+8 
        5153.56       1.3538e+8 
        5168.56      1.34122e+8 
        5183.56      1.32875e+8 
        5198.55      1.31641e+8 
        5213.55      1.30419e+8 
        5228.54      1.29209e+8 
        5243.54      1.28012e+8 
        5258.53      1.26829e+8 
        5273.53      1.25657e+8 
        5288.53      1.24499e+8 
        5303.52      1.23354e+8 
        5318.52      1.22221e+8 
        5333.52      1.21101e+8 
        5348.51      1.19994e+8 
        5363.51      1.18922e+8 
         5378.5      1.17837e+8 
         5393.5      1.16765e+8 
        5408.49      1.15705e+8 
        5423.49      1.14657e+8 
        5438.49      1.13622e+8 
        5453.48      1.12598e+8 
        5468.48      1.11586e+8 
        5483.48      1.10585e+8 
        5498.47      1.09596e+8 
        5513.47      1.08618e+8 
        5528.46      1.07651e+8 
        5543.46      1.06695e+8 
        5558.45       1.0575e+8 
        5573.45      1.04816e+8 
        5588.45      1.03892e+8 
        5603.44      1.02979e+8 
        5618.44      1.02075e+8 
        5633.43      1.01181e+8 
        5648.43      1.00297e+8 
        5663.43      9.94223e+7 
        5673.98      9.88125e+7 
         5686.2      9.81126e+7 
        5698.42      9.74189e+7 
        5708.88      9.68295e+7 
        5723.41       9.6019e+7 
        5738.41      9.51912e+7 
         5753.4      9.43725e+7 
         5768.4      9.35459e+7 
        5783.39      9.27442e+7 
        5798.39      9.19516e+7 
        5813.39      9.11671e+7 
        5828.38      9.03912e+7 
        5843.38      8.96234e+7 
        5858.37      8.88637e+7 
        5873.37      8.81122e+7 
        5888.37      8.73689e+7 
        5903.36      8.66329e+7 
        5918.36       8.5905e+7 
        5933.35      8.51843e+7 
        5948.35      8.44711e+7 
        5963.35      8.37652e+7 
        5978.34      8.30669e+7 
        5993.34      8.23754e+7 
        6008.33      8.16908e+7 
        6023.33      8.10132e+7 
        6038.32      8.03425e+7 
        6053.32      7.96783e+7 
        6068.32      7.90205e+7 
        6083.31      7.83689e+7 
        6098.31      7.77239e+7 
        6113.31      7.70849e+7 
         6128.3      7.64513e+7 
         6143.3      7.58233e+7 
        6158.29      7.52009e+7 
        6173.29      7.45839e+7 
        6188.28      7.39713e+7 
        6203.28      7.33634e+7 
        6218.28      7.27599e+7 
        6233.27      7.21599e+7 
        6244.38      7.17172e+7 
        6256.04      7.12541e+7 
        6266.59      7.08369e+7 
        6278.26      7.03754e+7 
        6290.52       6.9891e+7 
        6302.31      6.94257e+7 
        6312.59      6.90195e+7 
        6323.25      6.85967e+7 
        6338.24      6.79991e+7 
        6353.24      6.73978e+7 
        6368.24      6.67852e+7 
        6383.23       6.6156e+7 
        6398.23       6.5501e+7 
        6413.22      6.48067e+7 
        6428.22       6.4052e+7 
        6443.22      6.32026e+7 
        6458.21      6.22057e+7 
        6473.21      6.09975e+7 
         6488.2      5.94597e+7 
         6503.2      5.73683e+7 
         6518.2      5.43976e+7 
        6532.67      5.02699e+7 
        6543.19      4.62122e+7 
        6556.02      3.95168e+7 
        6566.09      3.69068e+7 
        6577.95      4.36216e+7 
        6588.18      4.75395e+7 
        6603.34      5.14989e+7 
        6613.66      5.32381e+7 
        6623.98      5.44165e+7 
         6634.3      5.51877e+7 
        6649.78      5.58292e+7 
         6660.1      5.60297e+7 
        6670.42      5.61092e+7 
        6680.74      5.61041e+7 
         6691.3      5.60281e+7 
        6701.39      5.59068e+7 
        6711.48      5.57513e+7 
        6731.66      5.53712e+7 
        6772.02      5.44652e+7 
        6799.98      5.37888e+7 
        6812.38      5.34844e+7 
        6824.78      5.31781e+7 
        6849.58      5.25642e+7 
        6899.18       5.1339e+7 
        6998.37       4.8952e+7 
           7086      4.69414e+7 
        7097.57      4.66828e+7 
        7109.15      4.64265e+7 
         7132.3      4.59185e+7 
         7178.6      4.49229e+7 
        7271.19      4.30103e+7 
        7334.07       4.1769e+7 
        7363.79      4.12004e+7 
        7393.51       4.0639e+7 
        7452.96      3.95451e+7 
         7512.4      3.84877e+7 
        7571.84      3.74657e+7 
        7584.68      3.72492e+7 
        7631.28      3.64773e+7 
        7677.88      3.57252e+7 
        7771.08      3.42798e+7 
        7864.28      3.29072e+7 
        7952.71      3.16682e+7 
        7971.79      3.14084e+7 
        7990.87      3.11515e+7 
        8029.04      3.06455e+7 
        8082.55      2.99533e+7 
        8136.06      2.92807e+7 
         8176.3      2.87874e+7 
        8189.57      2.86269e+7 
        8200.85      2.84915e+7 
        8216.85      2.83008e+7 
        8232.84      2.81117e+7 
        8264.83      2.77382e+7 
        8289.72       2.7452e+7 
        8328.82      2.70091e+7 
        8343.44      2.68458e+7 
        8367.92      2.65739e+7 
        8388.68       2.6353e+7 
        8408.65       2.6142e+7 
        8432.02      2.58964e+7 
        8467.25      2.55256e+7 
        8502.48      2.51567e+7 
        8516.58      2.50128e+7 
        8530.98      2.48601e+7 
        8545.38      2.47343e+7 
        8574.18      2.44951e+7 
        8598.39      2.42613e+7 
         8628.6      2.40305e+7 
        8646.81      2.38385e+7 
        8665.01      2.36252e+7 
        8683.22      2.35313e+7 
        8701.43      2.33991e+7 
        8719.64      2.31812e+7 
        8737.85      2.28977e+7 
        8750.47      2.26965e+7 
        8763.09      2.26916e+7 
        8775.71      2.26874e+7 
        8788.34      2.26402e+7 
        8800.96      2.25389e+7 
        8811.81      2.24084e+7 
        8825.96      2.21954e+7 
        8840.11      2.19091e+7 
        8854.26      2.15579e+7 
        8867.04      2.13967e+7 
        8879.83      2.15622e+7 
        8896.88      2.17101e+7 
        8913.93       2.1748e+7 
        8930.98      2.16639e+7 
        8948.03      2.14652e+7 
        8965.08      2.11405e+7 
        8982.13      2.06702e+7 
        8999.18      2.00632e+7 
         9011.3      1.95872e+7 
        9022.11      1.96378e+7 
        9034.73      1.99822e+7 
        9049.14      2.03231e+7 
        9063.56      2.05523e+7 
        9077.97       2.0687e+7 
        9092.38      2.07327e+7 
        9114.38      2.06427e+7 
        9129.05      2.04952e+7 
        9143.72      2.02785e+7 
        9158.38      1.99539e+7 
        9173.05      1.95567e+7 
        9187.72      1.90152e+7 
        9202.38      1.83634e+7 
        9217.05      1.75726e+7 
        9227.51      1.70078e+7 
        9237.98       1.7299e+7 
        9249.94      1.78275e+7 
         9261.9      1.82707e+7 
        9273.86      1.86236e+7 
        9285.82      1.89102e+7 
        9297.78      1.90957e+7 
        9309.74      1.92565e+7 
         9321.7      1.93468e+7 
        9333.66      1.93849e+7 
        9345.62      1.93919e+7 
        9357.58      1.93703e+7 
        9378.91      1.92791e+7 
        9389.26      1.92096e+7 
        9399.61      1.91217e+7 
        9420.32      1.89094e+7 
        9430.67      1.87732e+7 
        9441.02      1.86105e+7 
        9451.37      1.84207e+7 
        9461.72      1.82013e+7 
        9472.08      1.79315e+7 
        9482.43      1.76066e+7 
        9492.78      1.72245e+7 
        9503.13      1.67243e+7 
        9513.48      1.61509e+7 
        9523.84      1.54854e+7 
        9534.19      1.47658e+7 
        9544.54       1.4004e+7 
         9559.5      1.47577e+7 
         9570.9      1.54185e+7 
        9582.31      1.60015e+7 
         9593.7      1.64533e+7 
        9605.11      1.67898e+7 
        9616.51      1.70252e+7 
        9627.91      1.72031e+7 
        9639.31      1.73148e+7 
        9650.71      1.73924e+7 
        9668.45      1.74506e+7 
        9686.19      1.74415e+7 
        9703.93      1.74024e+7 
        9721.68      1.73392e+7 
        9739.42      1.72579e+7 
         9774.9      1.70676e+7 
        9810.39       1.6848e+7 
        9845.87      1.65933e+7 
        9863.61      1.64692e+7 
        9881.35      1.62948e+7 
         9899.1      1.60892e+7 
        9916.84      1.58536e+7 
        9934.58      1.55664e+7 
        9951.83      1.52329e+7 
        9967.74      1.48775e+7 
        9983.66      1.44302e+7 
        9999.57      1.38958e+7 
        10015.5      1.32296e+7 
        10031.4      1.23862e+7 
        10043.3      1.15901e+7 
        10054.5       1.1483e+7 
        10066.8       1.2219e+7 
        10083.1      1.29407e+7 
        10099.5      1.34624e+7 
        10115.9      1.38328e+7 
        10132.3       1.4107e+7 
        10148.6      1.42829e+7 
          10165        1.441e+7 
        10181.4      1.44873e+7 
        10197.8      1.45208e+7 
        10214.1      1.45301e+7 
        10237.2      1.45002e+7 
        10260.2      1.44368e+7 
        10283.3      1.43554e+7 
        10329.4      1.41642e+7 
        10375.5      1.39579e+7 
        10421.6       1.3748e+7 
        10513.8      1.33051e+7 
        10606.1      1.28802e+7 
        10652.2       1.2653e+7 
        10698.3      1.24053e+7 
        10721.3      1.22678e+7 
        10744.4      1.21148e+7 
        10767.4      1.19378e+7 
        10790.5      1.17376e+7 
          10802      1.16261e+7 
        10813.5      1.15022e+7 
        10825.1      1.13638e+7 
        10836.6      1.12079e+7 
        10848.1      1.10327e+7 
        10859.6      1.08344e+7 
        10871.2       1.0601e+7 
        10882.7      1.03388e+7 
        10894.2      1.00259e+7 
        10905.8      9.67362e+6 
        10917.3      9.24784e+6 
        10928.8       8.7291e+6 
          10939      8.14109e+6 
        10949.5      8.77984e+6 
        10963.4       9.2863e+6 
        10977.4      9.66329e+6 
        10991.3      9.95602e+6 
        11009.8      1.02393e+7 
        11028.4       1.0432e+7 
        11046.9      1.05574e+7 
        11065.5      1.06348e+7 
          11084      1.06738e+7 
        11102.6      1.06902e+7 
        11121.1      1.06892e+7 
        11139.6      1.06723e+7 
        11158.2      1.06432e+7 
        11195.3       1.0562e+7 
        11232.4       1.0462e+7 
        11260.9      1.03785e+7 
          11318      1.02025e+7 
          11375      1.00236e+7 
          11432      9.84572e+6 
        11489.1      9.67705e+6 
        11546.1      9.50322e+6 
        11603.2      9.33329e+6 
        11660.2      9.16714e+6 
        11717.3      9.00468e+6 
        11774.3      8.84581e+6 
        11831.4       8.6904e+6 
        11888.4      8.53838e+6 
        11945.5      8.38969e+6 
        12002.5       8.2442e+6 
        12059.6      8.09689e+6 
        12116.6      7.95668e+6 
        12173.7      7.81908e+6 
        12230.7       7.6838e+6 
        12284.6      7.55751e+6 
        12338.5      7.43213e+6 
        12392.5      7.30675e+6 
        12446.4       7.1798e+6 
        12500.3       7.0487e+6 
        12554.2      6.90714e+6 
        12581.2      6.83048e+6 
        12608.2      6.74682e+6 
        12635.1      6.65245e+6 
        12662.1      6.54296e+6 
        12675.6      6.48067e+6 
          12689      6.41158e+6 
        12702.5      6.33392e+6 
          12716      6.24574e+6 
        12729.5      6.14502e+6 
          12743      6.02887e+6 
        12756.4      5.89397e+6 
        12769.9      5.73645e+6 
        12783.4      5.55072e+6 
        12796.9      5.32371e+6 
          12807      5.11156e+6 
        12817.1      4.69385e+6 
        12827.3      5.03902e+6 
        12837.8       5.2409e+6 
        12850.4       5.4216e+6 
        12867.2      5.60089e+6 
        12884.1       5.7329e+6 
        12900.9       5.8297e+6 
        12917.7      5.89831e+6 
        12934.5       5.9455e+6 
        12951.4      5.97575e+6 
        12968.2      5.99309e+6 
          12985      6.00072e+6 
        13018.7      5.99608e+6 
        13052.3      5.97273e+6 
          13086      5.93814e+6 
        13153.3      5.85241e+6 
        13220.6      5.75524e+6 
        13267.4      5.68525e+6 
        13287.9       5.6544e+6 
        13308.4      5.62348e+6 
        13349.3      5.56175e+6 
        13431.3      5.43932e+6 
        13513.2      5.31922e+6 
        13595.2      5.20191e+6 
        13677.1      5.08897e+6 
        13759.1      4.97735e+6 
          13841      4.86878e+6 
          13923      4.76316e+6 
        14004.9      4.66036e+6 
        14086.9      4.56037e+6 
        14168.8      4.46301e+6 
        14250.8      4.36826e+6 
        14332.1      4.27671e+6 
        14369.1      4.23581e+6 
        14413.4      4.18755e+6 
        14457.6      4.13996e+6 
        14509.2      4.08542e+6 
        14546.2      4.04681e+6 
        14581.2      4.01068e+6 
        14597.2      3.99435e+6 
        14613.2       3.9781e+6 
        14645.2      3.94584e+6 
        14709.2      3.88232e+6 
        14773.2      3.82008e+6 
        14837.1      3.75907e+6 
        14901.1      3.69929e+6 
        14965.1       3.6407e+6 
        15029.1      3.58327e+6 
        15093.1      3.52694e+6 
        15157.1      3.47174e+6 
          15221      3.41761e+6 
          15285      3.36452e+6 
          15349       3.3125e+6 
          15413      3.26144e+6 
        15471.6      3.21555e+6 
        15482.4      3.20719e+6 
        15493.1      3.19918e+6 
        15514.7      3.18322e+6 
        15557.9      3.15158e+6 
        15644.2      3.08946e+6 
        15730.5      3.02886e+6 
        15816.8      2.96973e+6 
        15903.1      2.91203e+6 
        15989.4      2.85572e+6 
        16075.8      2.80076e+6 
        16162.1      2.74711e+6 
        16248.4      2.69473e+6 
        16289.9      2.66999e+6 
        16334.7      2.64359e+6 
        16379.5      2.61751e+6 
        16469.1       2.5675e+6 
        16558.8      2.51868e+6 
        16648.4        2.471e+6 
          16738      2.42443e+6 
        16827.7      2.37895e+6 
        16917.3      2.33452e+6 
        17006.9      2.29112e+6 
        17096.6      2.24872e+6 
        17186.2      2.20729e+6 
        17275.8      2.16679e+6 
        17327.7      2.14379e+6 
        17365.5      2.12722e+6 
        17403.2      2.11081e+6 
        17478.8      2.07766e+6 
        17554.3      2.04515e+6 
        17629.9      2.01328e+6 
        17705.4      1.98201e+6 
          17781      1.95134e+6 
        17856.5      1.92126e+6 
        17932.1      1.89175e+6 
        18007.6      1.86028e+6 
        18083.2      1.83113e+6 
        18158.7      1.80223e+6 
        18234.3      1.77333e+6 
        18309.8      1.74399e+6 
        18343.7       1.7305e+6 
        18385.3      1.71349e+6 
          18427      1.69562e+6 
        18468.6      1.67615e+6 
        18510.2      1.65438e+6 
        18551.8      1.62879e+6 
        18572.6      1.61395e+6 
        18593.4      1.59727e+6 
        18614.2      1.57819e+6 
          18635      1.55599e+6 
        18655.8      1.52972e+6 
        18676.6      1.49829e+6 
          18687      1.48015e+6 
        18697.4      1.46015e+6 
        18707.8       1.4377e+6 
        18718.2      1.41242e+6 
        18728.6      1.38301e+6 
          18739      1.34599e+6 
        18749.1      1.26638e+6 
        18759.9      1.32604e+6 
        18771.7      1.36603e+6 
        18785.1      1.39691e+6 
        18805.2      1.43092e+6 
        18818.6      1.44815e+6 
          18832      1.46222e+6 
        18845.5      1.47354e+6 
        18858.9      1.48261e+6 
        18872.3      1.48971e+6 
        18899.2      1.49926e+6 
          18926      1.50412e+6 
        18952.8       1.5057e+6 
        18979.7      1.50489e+6 
        19033.4      1.49836e+6 
          19087      1.48805e+6 
        19140.7       1.4758e+6 
        19194.4      1.46255e+6 
        19248.1      1.44876e+6 
        19301.8      1.43471e+6 
        19355.4      1.42053e+6 
        19367.6      1.41732e+6 
        19409.1      1.40634e+6 
        19450.7       1.3954e+6 
        19533.8      1.37353e+6 
        19616.9      1.35293e+6 
          19700      1.33141e+6 
        19783.1      1.31032e+6 
        19866.2      1.28965e+6 
        19949.3      1.26938e+6 
        20032.4      1.24951e+6 
        20115.5      1.23002e+6 
        20198.6      1.21091e+6 
        20281.7      1.19217e+6 
        20364.8      1.17379e+6 
        20421.4      1.16147e+6 
        20447.9      1.15576e+6 
        20474.4      1.15008e+6 
        20527.4       1.1388e+6 
        20580.4      1.12766e+6 
        20633.5      1.11665e+6 
        20686.5      1.10578e+6 
        20739.5      1.09504e+6 
        20792.5      1.08443e+6 
        20845.5      1.07395e+6 
        20898.5      1.06359e+6 
        20951.6      1.05336e+6 
        21004.6      1.04325e+6 
        21057.6      1.03326e+6 
        21110.6      1.02339e+6 
        21163.6      1.01364e+6 
        21216.7      1.00401e+6 
        21269.7          994484 
        21322.7          985072 
        21375.7          975776 
        21428.7          966586 
        21481.8          957504 
        21534.8          948529 
          21545          946816 
        21587.8          939657 
        21630.6          932569 
        21716.3          918577 
        21801.9          904845 
        21887.6          891370 
        21973.2          878147 
        22058.9          865166 
        22144.5          852424 
        22230.2          839917 
        22315.8          827637 
        22401.5          815583 
        22487.2          803745 
        22572.8          792121 
        22658.5          780708 
        22701.4          775062 
        22744.1          769499 
        22784.8          764240 
        22800.8          762185 
        22816.8          760140 
        22848.8          756068 
        22912.8          748007 
        22976.8          740052 
        23040.8          732205 
        23104.8          724461 
        23168.7          716817 
        23232.7          709277 
        23296.7          701832 
        23360.7          694487 
        23424.7          687239 
        23488.6          680083 
        23552.6          673020 
        23616.6          666049 
        23680.6          659169 
        23744.6          652377 
        23808.6          645673 
        23872.5          639053 
        23936.5          632519 
        24000.5          626069 
        24064.5          619701 
        24128.5          613412 
        24192.5          607204 
        24256.4          601075 
        24320.4          595024 
        24384.4          589045 
        24448.4          583146 
        24512.4          577318 
        24576.3          571563 
        24640.3          565879 
        24704.3          560265 
        24768.3          554720 
        24832.3          549245 
        24896.3          543838 
        24960.2          538497 
        25004.4          534847 
        25024.2          533219 
          25044          531601 
        25083.6          528416 
        25162.8          522120 
        25241.9          515915 
        25321.1          509805 
        25400.2          503783 
        25479.4          497848 
        25558.5          492005 
        25637.7          486243 
        25716.9          480566 
          25796          474974 
        25875.2          469461 
        25954.3          464029 
        26033.5          458676 
        26112.7          453398 
        26191.8          448195 
          26271          443068 
        26350.1          438017 
        26429.3          433034 
        26508.4          428124 
        26587.6          423282 
        26666.8          418510 
        26745.9          413804 
        26825.1          409164 
        26904.2          404590 
        26983.4          400079 
        27062.6          395630 
        27141.7          391245 
        27220.9          386919 
        27299.2          382696 
        27377.5          378534 
        27455.8          374431 
        27534.2          370381 
        27612.5          366385 
        27690.8          362442 
        27769.1          358556 
        27847.5          354717 
        27925.8          350932 
        28004.1          347196 
        28082.4          343511 
        28160.8          339873 
        28239.1          336286 
        28317.4          332742 
        28395.7          329248 
          28474          325799 
        28552.4          322393 
        28630.7          319032 
          28709          315714 
        28787.3          312441 
        28865.7          309209 
          28944          306019 
        29022.3          302870 
        29100.6          299761 
          29179          296691 
        29257.3          293661 
        29335.6          290670 
        29413.9          287716 
        29492.3          284800 
        29570.6          281920 
        29648.9          279077 
        29727.2          276269 
        29805.5          273497 
        29883.9          270759 
        29932.6          269073 
        29962.2          268055 
        29991.8          267043 
