# Koester WD models
# teff = 13000 K (value for the effective temperature for the model. Temperatures are given in K)
# logg = 7.75 log(cm/s2) (value for Log(G) for the model.)
#
# column 1: WAVELENGTH (ANGSTROM), Wavelength in Angstrom
# column 2: FLUX (ERG/CM2/S/A), Flux in erg/cm2/s/A
         899.23         17813.1 
        909.241           20880 
        919.241          132351 
        929.261          180882 
        939.271          388304 
         949.28         85332.6 
        959.289      1.27901e+6 
        969.297          616927 
        979.305      1.13471e+6 
        989.312       2.5397e+6 
        999.319      4.88995e+6 
        1009.33      2.73347e+6 
        1019.33      1.32398e+6 
        1029.34      1.22649e+6 
        1039.34      3.36301e+6 
        1049.35      8.12614e+6 
        1059.36      9.54014e+6 
        1069.36      3.54444e+7 
        1079.36      3.75763e+7 
        1089.37      4.07373e+8 
        1099.37       4.9072e+8 
        1109.38      4.57708e+8 
        1119.38      3.85967e+8 
        1129.38      3.16151e+8 
        1139.39      2.29261e+8 
        1149.39      1.45975e+8 
        1159.39      8.21932e+7 
        1169.39      4.27448e+7 
         1179.4      2.17773e+7 
         1189.4      1.26354e+7 
         1199.4      8.37203e+6 
         1209.4      5.30188e+6 
        1219.41      5.04879e+6 
        1229.41      8.63058e+6 
        1239.41      1.67162e+7 
        1249.41      3.33807e+7 
        1259.41       6.5926e+7 
        1269.41      1.25496e+8 
        1279.42      2.10736e+8 
        1289.42      3.05532e+8 
        1299.42      3.96849e+8 
        1309.42      4.70105e+8 
        1319.42      5.47221e+8 
        1329.42      5.89542e+8 
        1339.42      6.02143e+8 
        1349.42      6.55795e+8 
        1359.42      7.05511e+8 
        1369.42      6.70105e+8 
        1379.42      5.52515e+8 
        1389.42      4.49066e+8 
        1399.42      4.72417e+8 
        1409.42      7.48249e+8 
        1419.42      9.71754e+8 
        1429.42      1.03229e+9 
        1439.42      1.03988e+9 
        1454.42      1.02685e+9 
        1464.42      1.01555e+9 
        1474.42      1.00571e+9 
        1489.42      9.97082e+8 
        1504.42      9.84566e+8 
        1514.42      9.74956e+8 
        1529.42      9.52261e+8 
        1544.42      9.17863e+8 
        1559.42      8.89467e+8 
        1570.19      8.66762e+8 
        1584.41        8.355e+8 
        1599.41      8.21841e+8 
        1614.41      8.27228e+8 
        1629.41      8.38746e+8 
        1644.41      8.42792e+8 
        1659.41      8.37121e+8 
        1670.17      8.29522e+8 
         1684.4      8.17747e+8 
         1699.4      8.04559e+8 
         1714.4      7.91122e+8 
         1729.4      7.77799e+8 
         1744.4      7.64695e+8 
        1759.39      7.51843e+8 
         1771.7      7.41488e+8 
        1784.39      7.31027e+8 
        1799.39      7.18947e+8 
           1824      6.99696e+8 
        1834.77      6.91518e+8 
        1845.54      6.83479e+8 
           1864      6.69976e+8 
        1876.29      6.61195e+8 
        1888.59        6.526e+8 
        1906.98      6.40027e+8 
        1919.37      6.31755e+8 
        1931.76      6.23663e+8 
        1944.47       6.1552e+8 
        1956.53      6.07952e+8 
         1967.6      6.01137e+8 
        1992.71      5.86149e+8 
        2017.81      5.71732e+8 
        2067.03       5.4496e+8 
         2116.2      5.20018e+8 
           2129      5.13811e+8 
         2141.8      5.07719e+8 
        2165.47      4.96736e+8 
        2210.96      4.76649e+8 
        2225.91      4.70328e+8 
        2240.86      4.64136e+8 
        2263.91      4.54815e+8 
        2306.93      4.38092e+8 
        2319.34      4.33436e+8 
        2331.75      4.28859e+8 
        2350.78      4.21979e+8 
        2362.35      4.17892e+8 
        2373.93      4.13861e+8 
        2384.89      4.10097e+8 
        2397.08      4.05969e+8 
        2409.27      4.01907e+8 
        2433.66      3.93962e+8 
        2451.59      3.88254e+8 
        2466.76      3.83522e+8 
        2488.39      3.76919e+8 
        2510.01      3.70535e+8 
         2547.3        3.598e+8 
        2559.23      3.56458e+8 
        2571.17      3.53168e+8 
        2595.04      3.46725e+8 
        2627.89      3.38126e+8 
        2642.78      3.34331e+8 
        2657.67      3.30596e+8 
        2687.45      3.23304e+8 
        2737.93      3.11442e+8 
        2756.11       3.0731e+8 
        2766.75      3.04927e+8 
        2810.65      2.95373e+8 
        2854.55       2.8625e+8 
        2898.45      2.77528e+8 
        2931.71      2.71168e+8 
        2942.34      2.69177e+8 
        2952.98      2.67204e+8 
        2974.26      2.63319e+8 
        3016.81      2.55773e+8 
        3051.42      2.49838e+8 
        3091.41      2.43216e+8 
        3120.64      2.38526e+8 
        3149.86      2.33959e+8 
        3168.31       2.3114e+8 
         3208.3      2.25181e+8 
        3248.29      2.19405e+8 
        3309.83      2.10891e+8 
        3322.09      2.09247e+8 
        3346.73      2.05991e+8 
        3383.63      2.01245e+8 
        3445.17      1.93641e+8 
        3469.81      1.90702e+8 
        3495.92      1.87651e+8 
        3506.71      1.86409e+8 
         3543.6      1.82236e+8 
        3591.28      1.77018e+8 
        3635.88      1.72293e+8 
        3647.12      1.71127e+8 
        3658.96      1.69903e+8 
        3671.11      1.68637e+8 
        3682.58      1.67456e+8 
         3693.5      1.66344e+8 
        3703.57      1.65331e+8 
        3713.83      1.64371e+8 
        3724.38      1.63446e+8 
        3734.43      1.62138e+8 
        3744.62       1.6183e+8 
        3754.84       1.6146e+8 
        3765.07      1.59675e+8 
         3775.5      1.59725e+8 
        3785.73      1.62008e+8 
        3795.99      1.49287e+8 
        3806.86      1.61803e+8 
        3817.37      1.66328e+8 
        3827.39      1.51774e+8 
        3837.97      1.36861e+8 
        3848.19      1.65066e+8 
        3858.91      1.76102e+8 
        3869.89      1.68385e+8 
        3880.37      1.41349e+8 
        3890.47      1.12854e+8 
        3900.66      1.51458e+8 
        3911.78      1.79356e+8 
        3923.13      1.91693e+8 
        3933.45      1.90942e+8 
        3943.88      1.77688e+8 
        3954.55      1.50337e+8 
        3966.15      1.08118e+8 
        3976.55      1.17731e+8 
        3987.01      1.53816e+8 
        3998.87      1.84485e+8 
        4010.23      2.01889e+8 
        4023.86      2.10414e+8 
        4035.85      2.11465e+8 
        4046.04      2.07947e+8 
        4056.32      1.98772e+8 
        4066.35      1.82821e+8 
        4078.85      1.55759e+8 
        4090.38      1.23027e+8 
        4100.51      8.51764e+7 
        4111.66      1.17379e+8 
        4122.41      1.47918e+8 
        4133.78      1.72512e+8 
        4143.83      1.90424e+8 
        4156.33      2.05161e+8 
        4168.82      2.13143e+8 
        4183.82      2.17532e+8 
        4198.82      2.18894e+8 
        4213.81      2.18516e+8 
        4224.95      2.17242e+8 
        4238.81      2.14403e+8 
         4253.8      2.09105e+8 
         4268.8      1.99862e+8 
        4283.79      1.84899e+8 
        4298.79      1.65716e+8 
        4311.29      1.45681e+8 
         4323.5      1.20834e+8 
        4333.66       9.4648e+7 
        4344.08      8.50904e+7 
        4354.64      1.12821e+8 
        4366.07      1.35929e+8 
        4377.98      1.53783e+8 
        4388.77      1.66473e+8 
        4403.76      1.80466e+8 
        4418.76      1.89241e+8 
        4433.75       1.9355e+8 
        4448.75      1.95087e+8 
        4463.75      1.95284e+8 
        4478.74      1.94638e+8 
        4493.74      1.93601e+8 
        4508.73      1.92326e+8 
        4523.35       1.9093e+8 
        4533.35      1.89911e+8 
        4543.73      1.88815e+8 
        4558.72      1.87176e+8 
        4573.72      1.85483e+8 
        4588.71      1.83747e+8 
        4600.89      1.82308e+8 
        4613.71      1.80794e+8 
         4628.7      1.78948e+8 
         4643.7      1.77044e+8 
        4658.69      1.75072e+8 
        4673.69      1.72946e+8 
        4688.69      1.70615e+8 
        4703.68      1.68003e+8 
         4715.6      1.65645e+8 
        4728.68      1.62658e+8 
        4743.67      1.58667e+8 
        4758.67       1.5388e+8 
        4773.66      1.47861e+8 
        4788.66      1.40398e+8 
        4803.66      1.30834e+8 
        4818.65      1.19091e+8 
        4831.15      1.06877e+8 
        4842.32      9.31979e+7 
        4853.42      7.63423e+7 
        4863.64      6.51419e+7 
        4874.75      8.42424e+7 
        4886.05       9.8373e+7 
        4896.13      1.08126e+8 
        4908.63      1.17319e+8 
         4921.7       1.2458e+8 
        4933.62      1.29556e+8 
        4948.62      1.33798e+8 
        4963.61      1.36471e+8 
        4978.61      1.37911e+8 
        4993.61      1.38568e+8 
         5008.6      1.38647e+8 
         5023.6      1.38276e+8 
        5038.59      1.37612e+8 
        5053.59      1.36764e+8 
        5068.59      1.35778e+8 
        5083.58      1.34718e+8 
        5098.58      1.33621e+8 
        5113.57      1.32499e+8 
        5128.57      1.31367e+8 
        5143.57      1.30228e+8 
        5158.56      1.29089e+8 
        5173.56      1.27952e+8 
        5188.55       1.2682e+8 
        5203.55      1.25694e+8 
        5218.55      1.24576e+8 
        5233.54      1.23466e+8 
        5248.54      1.22364e+8 
        5263.53      1.21272e+8 
        5278.53       1.2019e+8 
        5293.52      1.19119e+8 
        5308.52      1.18057e+8 
        5323.52      1.17005e+8 
        5338.51      1.15963e+8 
        5353.51      1.14931e+8 
        5368.51      1.13971e+8 
         5383.5      1.12955e+8 
         5398.5      1.11948e+8 
        5413.49      1.10952e+8 
        5428.49      1.09967e+8 
        5443.48      1.08993e+8 
        5458.48      1.08029e+8 
        5473.48      1.07076e+8 
        5488.47      1.06134e+8 
        5503.47      1.05203e+8 
        5518.47      1.04282e+8 
        5533.46      1.03371e+8 
        5548.46       1.0247e+8 
        5563.45      1.01579e+8 
        5578.45      1.00697e+8 
        5593.44       9.9826e+7 
        5608.44      9.89639e+7 
        5623.44       9.8111e+7 
        5638.43      9.72675e+7 
        5653.43      9.64328e+7 
        5668.43      9.56163e+7 
        5682.86      9.48283e+7 
        5693.42      9.42578e+7 
        5704.77       9.3649e+7 
        5715.23       9.3092e+7 
        5728.41      9.23968e+7 
         5743.4      9.16136e+7 
         5758.4      9.08385e+7 
         5773.4       9.0028e+7 
        5788.39      8.92684e+7 
        5803.39      8.85169e+7 
        5818.39      8.77733e+7 
        5833.38      8.70372e+7 
        5848.38       8.6309e+7 
        5863.37      8.55883e+7 
        5878.37      8.48748e+7 
        5893.36      8.41686e+7 
        5908.36      8.34693e+7 
        5923.36      8.27769e+7 
        5938.35      8.20914e+7 
        5953.35      8.14128e+7 
        5968.34      8.07408e+7 
        5983.34      8.00757e+7 
        5998.34      7.94166e+7 
        6013.33      7.87635e+7 
        6028.33       7.8116e+7 
        6043.32      7.74748e+7 
        6058.32       7.6839e+7 
        6073.32      7.62078e+7 
        6088.31      7.55811e+7 
        6103.31       7.4959e+7 
         6118.3      7.43414e+7 
         6133.3      7.37275e+7 
         6148.3      7.31174e+7 
        6163.29      7.25102e+7 
        6178.29      7.19051e+7 
        6193.28      7.13016e+7 
        6208.28      7.06993e+7 
        6223.28      7.00968e+7 
        6238.27      6.94923e+7 
        6252.16      6.89319e+7 
        6262.16      6.85329e+7 
        6273.26      6.80877e+7 
        6284.63      6.76291e+7 
        6295.99      6.71666e+7 
        6306.09      6.67522e+7 
        6316.22      6.63306e+7 
        6328.25      6.58211e+7 
        6343.24      6.51745e+7 
        6358.24      6.45066e+7 
        6373.23      6.38098e+7 
        6388.23      6.30712e+7 
        6403.23      6.22742e+7 
        6418.22      6.13993e+7 
        6433.22      6.04087e+7 
        6448.22      5.92523e+7 
        6463.21      5.78769e+7 
        6478.21      5.62188e+7 
         6493.2      5.41944e+7 
         6508.2      5.16296e+7 
        6523.19      4.82988e+7 
        6537.09      4.42308e+7 
        6548.06      4.01492e+7 
        6558.19      3.52345e+7 
        6569.28      3.61644e+7 
        6579.79      4.05171e+7 
        6590.04      4.37552e+7 
        6603.34      4.69002e+7 
        6613.66      4.86897e+7 
        6623.98        5.005e+7 
         6634.3      5.10792e+7 
        6644.62      5.18451e+7 
        6654.94      5.24068e+7 
        6665.26      5.28234e+7 
        6675.58      5.31005e+7 
         6685.9      5.32685e+7 
        6696.23      5.33477e+7 
        6711.48      5.33461e+7 
        6726.73      5.32409e+7 
        6741.98      5.30643e+7 
        6757.23      5.28375e+7 
        6787.73      5.22899e+7 
        6824.78      5.15325e+7 
        6898.88      4.98904e+7 
        6972.97        4.822e+7 
        6984.99      4.79508e+7 
        7047.07      4.65776e+7 
        7109.15      4.52411e+7 
        7171.23      4.39477e+7 
        7233.31      4.26977e+7 
        7295.38       4.1491e+7 
        7321.41      4.09978e+7 
        7357.46      4.03261e+7 
        7393.51      3.96733e+7 
        7465.62      3.83956e+7 
        7537.72      3.71691e+7 
        7609.82      3.59917e+7 
        7677.88      3.49226e+7 
        7745.94      3.38931e+7 
           7814       3.2901e+7 
        7882.06      3.19453e+7 
        7937.99      3.11858e+7 
        7950.12      3.10242e+7 
        7962.25      3.08635e+7 
        7986.51      3.05454e+7 
        8035.02      2.99214e+7 
        8082.55      2.93255e+7 
        8152.37      2.84769e+7 
        8177.61      2.81777e+7 
        8200.85      2.79057e+7 
        8216.85      2.77204e+7 
        8232.84      2.75367e+7 
        8264.83      2.71737e+7 
        8289.72      2.68955e+7 
        8328.82      2.64653e+7 
        8343.44      2.63066e+7 
        8367.92      2.60432e+7 
        8388.68      2.58243e+7 
        8408.65      2.56159e+7 
        8432.02      2.53743e+7 
        8467.25       2.5013e+7 
        8502.48      2.46574e+7 
        8516.58      2.45168e+7 
        8530.98      2.43729e+7 
        8545.38      2.42418e+7 
        8574.18      2.39798e+7 
        8598.39      2.37574e+7 
         8628.6      2.34912e+7 
        8646.81      2.33212e+7 
        8665.01      2.31494e+7 
        8701.43      2.28437e+7 
        8725.95      2.25971e+7 
        8750.47      2.23427e+7 
        8774.99      2.21723e+7 
        8799.51       2.1972e+7 
        8815.35      2.18134e+7 
        8831.29      2.16491e+7 
        8847.03        2.147e+7 
        8862.78      2.12975e+7 
        8878.53      2.12523e+7 
        8894.27      2.12114e+7 
        8910.02      2.11487e+7 
        8925.77      2.10554e+7 
        8941.51      2.09038e+7 
        8957.26      2.07314e+7 
        8973.01      2.05146e+7 
        8988.75      2.02652e+7 
         9004.5      1.99913e+7 
        9014.91      1.98425e+7 
        9025.31      1.98585e+7 
        9035.72      1.99062e+7 
        9046.13      1.99443e+7 
        9066.94       1.9983e+7 
        9083.33      1.99513e+7 
        9099.72      1.98869e+7 
        9116.11      1.97765e+7 
         9132.5      1.96215e+7 
        9148.88      1.94229e+7 
        9165.27      1.91594e+7 
        9181.66       1.8846e+7 
        9198.05      1.84638e+7 
        9213.53      1.80631e+7 
        9225.14      1.77659e+7 
        9236.75      1.77741e+7 
        9248.36      1.79284e+7 
        9259.97      1.80982e+7 
        9271.58      1.82347e+7 
        9283.18      1.83591e+7 
        9298.66      1.84548e+7 
        9314.14      1.85136e+7 
        9329.62       1.8525e+7 
         9345.1       1.8495e+7 
        9360.58      1.84343e+7 
        9376.06      1.83485e+7 
        9400.14      1.81593e+7 
        9416.19       1.8007e+7 
        9432.24      1.78207e+7 
        9448.29      1.75851e+7 
        9464.35      1.73161e+7 
         9480.4      1.69803e+7 
        9496.45      1.65646e+7 
         9512.5          1.6e+7 
        9528.56      1.52585e+7 
        9543.26       1.4579e+7 
        9558.16      1.48929e+7 
        9568.99      1.53117e+7 
        9579.83      1.56763e+7 
        9590.67      1.59505e+7 
         9601.5      1.61588e+7 
        9612.34      1.63077e+7 
        9623.18       1.6426e+7 
        9634.02      1.65006e+7 
        9644.85      1.65662e+7 
         9664.6      1.66361e+7 
        9679.99       1.6643e+7 
        9695.38      1.66262e+7 
        9726.16      1.65497e+7 
        9756.93      1.64204e+7 
         9787.7      1.62592e+7 
        9818.48      1.60663e+7 
        9833.87      1.59537e+7 
        9849.26      1.58666e+7 
        9864.64      1.57239e+7 
        9880.03       1.5563e+7 
        9895.42      1.53751e+7 
        9910.81      1.51675e+7 
        9926.19      1.49424e+7 
        9941.58      1.46789e+7 
        9952.82      1.44604e+7 
        9964.06      1.42349e+7 
        9975.29      1.39904e+7 
        9986.53      1.37034e+7 
        9997.76      1.33891e+7 
          10009      1.30157e+7 
        10020.2      1.26103e+7 
        10031.5      1.21485e+7 
        10042.7      1.16362e+7 
        10054.4      1.15209e+7 
        10067.7      1.20272e+7 
          10081      1.24557e+7 
        10094.3      1.27976e+7 
        10107.6      1.30752e+7 
        10120.9      1.32994e+7 
        10134.2      1.34648e+7 
        10147.5      1.35987e+7 
        10160.9      1.37167e+7 
        10174.2      1.38004e+7 
        10187.5      1.38596e+7 
        10200.8       1.3904e+7 
        10217.6      1.39423e+7 
        10237.2      1.39485e+7 
        10256.7      1.39272e+7 
        10276.3      1.38895e+7 
        10295.8      1.38363e+7 
        10334.9       1.3705e+7 
          10374      1.35561e+7 
        10413.2      1.33991e+7 
        10452.3      1.31984e+7 
        10491.4       1.3026e+7 
        10569.6      1.26859e+7 
        10608.7      1.24919e+7 
        10647.8      1.22841e+7 
        10686.9      1.20512e+7 
          10726      1.17786e+7 
        10745.5      1.16235e+7 
        10765.1       1.1453e+7 
        10784.6      1.12589e+7 
        10804.2      1.10457e+7 
        10823.7      1.08067e+7 
        10843.3      1.05207e+7 
        10862.8      1.01983e+7 
        10882.4        9.799e+6 
          10902      9.31627e+6 
        10913.2      8.98703e+6 
        10925.6       8.5626e+6 
          10936      8.08655e+6 
        10947.9      8.41994e+6 
        10960.4      8.79354e+6 
        10972.8      9.08938e+6 
        10989.4       9.4085e+6 
          11006      9.65085e+6 
        11022.6       9.8384e+6 
        11039.1      9.98018e+6 
        11055.7      1.00895e+7 
        11072.3      1.01661e+7 
        11088.9      1.02222e+7 
        11105.5      1.02651e+7 
        11122.1        1.029e+7 
        11138.6      1.02993e+7 
        11171.8      1.02905e+7 
          11205      1.02516e+7 
        11215.4      1.02338e+7 
        11238.1      1.01886e+7 
        11260.9       1.0137e+7 
        11306.5      1.00191e+7 
        11397.5      9.75926e+6 
        11488.6      9.51108e+6 
        11579.7      9.24348e+6 
        11670.8      8.98521e+6 
        11761.9      8.73586e+6 
          11853      8.49509e+6 
        11944.1      8.26255e+6 
        12035.1      8.02583e+6 
        12126.2      7.80482e+6 
          12150      7.74802e+6 
        12217.3      7.58858e+6 
        12284.6      7.42958e+6 
        12351.9      7.26807e+6 
        12419.3      7.10053e+6 
        12486.6      6.92087e+6 
        12520.2      6.82366e+6 
        12553.9      6.71779e+6 
        12587.5      6.60005e+6 
        12621.2      6.46779e+6 
          12638      6.39393e+6 
        12654.9      6.31259e+6 
        12671.7      6.22284e+6 
        12688.5      6.12516e+6 
        12705.3      6.01533e+6 
        12722.2      5.89036e+6 
          12739      5.75018e+6 
        12755.8      5.58723e+6 
        12772.7       5.3992e+6 
        12789.5      5.17983e+6 
        12802.1      4.97955e+6 
        12812.6       4.7318e+6 
        12822.9      4.69816e+6 
        12837.7      4.99227e+6 
        12852.6      5.16849e+6 
        12872.4      5.34743e+6 
        12892.2      5.48453e+6 
          12912      5.58638e+6 
        12931.8      5.66385e+6 
        12951.6      5.71902e+6 
        12971.4      5.75769e+6 
        12991.2      5.78386e+6 
          13011      5.79894e+6 
        13030.8      5.80529e+6 
        13050.6      5.80469e+6 
        13090.2      5.78917e+6 
        13129.9      5.75845e+6 
        13169.5      5.71795e+6 
          13189      5.69549e+6 
        13248.7      5.62116e+6 
        13308.4      5.54017e+6 
          13368      5.45635e+6 
        13427.7      5.37156e+6 
        13487.3      5.28695e+6 
          13547      5.20329e+6 
        13606.6      5.12083e+6 
        13666.3      5.04342e+6 
        13725.9      4.96296e+6 
        13785.6      4.88411e+6 
        13845.3      4.80683e+6 
        13904.9      4.73105e+6 
        13964.6      4.65675e+6 
        14024.2       4.5839e+6 
        14083.9      4.51246e+6 
        14143.5       4.4424e+6 
        14203.2      4.37366e+6 
        14262.9      4.30628e+6 
          14313      4.25067e+6 
        14332.1      4.22968e+6 
        14351.2      4.20879e+6 
        14389.4      4.16739e+6 
        14457.6      4.09472e+6 
        14468.5      4.08329e+6 
        14525.9      4.02363e+6 
        14581.2      3.96708e+6 
        14597.2      3.95093e+6 
        14613.2      3.93484e+6 
        14645.2      3.90296e+6 
        14709.2      3.84013e+6 
        14773.2      3.77855e+6 
        14837.1       3.7182e+6 
        14901.1      3.65908e+6 
        14965.1      3.60108e+6 
        15029.1      3.54425e+6 
        15093.1      3.48852e+6 
        15157.1      3.43392e+6 
          15221      3.38035e+6 
          15285      3.32783e+6 
          15349      3.27634e+6 
          15413      3.22585e+6 
        15471.6      3.18042e+6 
        15482.4      3.17216e+6 
        15493.1      3.16402e+6 
        15514.7      3.14784e+6 
        15557.9      3.11582e+6 
        15644.2      3.05296e+6 
        15730.5      2.99167e+6 
        15816.8      2.93191e+6 
        15903.1      2.87364e+6 
        15989.4      2.81681e+6 
        16075.8      2.76138e+6 
        16162.1      2.70731e+6 
        16248.4      2.65455e+6 
        16289.9      2.62965e+6 
        16334.7      2.60308e+6 
        16379.5      2.57684e+6 
        16469.1      2.52682e+6 
        16558.8        2.478e+6 
        16648.4      2.43035e+6 
          16738      2.38383e+6 
        16827.7      2.33842e+6 
        16917.3      2.29409e+6 
        17006.9      2.25079e+6 
        17096.6      2.20851e+6 
        17186.2      2.16721e+6 
        17275.8      2.12687e+6 
        17327.7      2.10396e+6 
        17365.5      2.08746e+6 
        17403.2      2.07113e+6 
        17478.8      2.03893e+6 
        17554.3      2.00735e+6 
        17629.9      1.97638e+6 
        17705.4        1.946e+6 
          17781      1.91619e+6 
        17856.5      1.88695e+6 
        17932.1      1.85827e+6 
        18007.6      1.82447e+6 
        18083.2      1.79529e+6 
        18158.7        1.766e+6 
        18234.3      1.73619e+6 
        18309.8      1.70514e+6 
        18343.7       1.6905e+6 
        18385.3      1.67164e+6 
          18427      1.65134e+6 
        18468.6      1.62878e+6 
        18510.2      1.60309e+6 
        18551.8      1.57281e+6 
        18572.6      1.55537e+6 
        18593.4      1.53608e+6 
        18614.2      1.51456e+6 
          18635      1.49039e+6 
        18655.8      1.46291e+6 
        18676.6      1.43176e+6 
          18687      1.41446e+6 
        18697.4      1.39585e+6 
        18707.8      1.37544e+6 
        18718.2      1.35284e+6 
        18728.6       1.3259e+6 
          18739      1.29036e+6 
        18749.1      1.20307e+6 
        18759.9      1.27027e+6 
          18775      1.31786e+6 
        18788.4      1.34362e+6 
        18801.9      1.36362e+6 
        18815.3      1.38031e+6 
        18828.7      1.39461e+6 
        18842.1      1.40681e+6 
        18855.5      1.41738e+6 
        18882.4       1.4338e+6 
        18909.2      1.44524e+6 
        18936.1       1.4528e+6 
        18962.9      1.45726e+6 
        18989.7      1.45921e+6 
        19016.6      1.45925e+6 
        19043.4      1.45769e+6 
        19097.1      1.45137e+6 
        19150.8      1.44225e+6 
        19204.5      1.43142e+6 
        19258.1      1.41953e+6 
        19311.8      1.40698e+6 
        19365.5      1.39405e+6 
        19387.7      1.38864e+6 
        19419.2      1.38092e+6 
        19450.7      1.37317e+6 
        19513.6      1.35747e+6 
        19576.6      1.34455e+6 
        19639.6      1.32842e+6 
        19702.6      1.31252e+6 
        19765.5      1.29686e+6 
        19828.5      1.28143e+6 
        19891.5      1.26623e+6 
        19954.4      1.25125e+6 
        20017.4      1.23649e+6 
        20080.4      1.22194e+6 
        20143.3      1.20761e+6 
        20206.3      1.19349e+6 
        20269.3      1.17957e+6 
        20332.3      1.16585e+6 
        20395.2      1.15233e+6 
          20442      1.14241e+6 
        20458.2        1.139e+6 
        20474.4      1.13561e+6 
        20506.8      1.12882e+6 
        20571.6      1.11538e+6 
        20636.3      1.10215e+6 
        20701.1      1.08911e+6 
        20765.9      1.07626e+6 
        20830.6      1.06361e+6 
        20895.4      1.05113e+6 
        20960.2      1.03884e+6 
          21025      1.02673e+6 
        21089.7      1.01479e+6 
        21154.5      1.00302e+6 
        21219.3          991424 
        21284.1          979995 
        21348.8          968726 
        21413.6          957620 
        21478.4          946672 
        21543.1          935877 
        21585.2          928950 
        21607.9          925237 
        21630.6          921545 
          21676          914194 
        21766.8          899708 
        21857.6          885508 
        21948.4          871588 
        22039.2          857938 
          22130          844554 
        22220.8          831429 
        22311.6          818558 
        22402.4          805932 
        22493.2          793551 
        22584.1          781405 
        22674.9          769492 
        22744.5          760510 
        22765.7          757802 
        22784.8          755361 
        22800.8          753332 
        22816.8          751309 
        22848.8          747281 
        22912.8          739308 
        22976.8          731441 
        23040.8          723678 
        23104.8          716019 
        23168.7          708461 
        23232.7          700999 
        23296.7          693635 
        23360.7          686369 
        23424.7          679200 
        23488.6          672122 
        23552.6          665135 
        23616.6          658239 
        23680.6          651431 
        23744.6          644711 
        23808.6          638079 
        23872.5          631529 
        23936.5          625067 
        24000.5          618683 
        24064.5          612384 
        24128.5          606164 
        24192.5          600022 
        24256.4          593956 
        24320.4          587968 
        24384.4          582055 
        24448.4          576218 
        24512.4          570450 
        24576.3          564758 
        24640.3          559134 
        24704.3          553580 
        24768.3          548095 
        24832.3          542679 
        24896.3          537325 
        24960.2          532041 
        25004.4          528428 
        25024.2          526820 
          25044          525221 
        25083.6          522051 
        25162.8          515787 
        25241.9          509617 
        25321.1          503541 
        25400.2          497553 
        25479.4          491653 
        25558.5          485841 
        25637.7          480114 
        25716.9          474475 
          25796          468914 
        25875.2          463435 
        25954.3          458038 
        26033.5          452716 
        26112.7          447473 
        26191.8          442305 
          26271          437212 
        26350.1          432192 
        26429.3          427244 
        26508.4          422365 
        26587.6          417559 
        26666.8          412818 
        26745.9          408143 
        26825.1          403538 
        26904.2          398995 
        26983.4          394518 
        27062.6          390101 
        27141.7          385747 
        27220.9          381452 
        27299.2          377264 
        27377.5          373152 
        27455.8          369096 
        27534.2          365094 
        27612.5          361148 
        27690.8          357256 
        27769.1          353413 
        27847.5          349622 
        27925.8          345883 
        28004.1          342195 
        28082.4          338554 
        28160.8          334963 
        28239.1          331419 
        28317.4          327919 
        28395.7          324467 
          28474          321061 
        28552.4          317700 
        28630.7          314382 
          28709          311106 
        28787.3          307874 
        28865.7          304684 
          28944          301534 
        29022.3          298426 
        29100.6          295357 
          29179          292327 
        29257.3          289337 
        29335.6          286385 
        29413.9          283470 
        29492.3          280592 
        29570.6          277751 
        29648.9          274946 
        29727.2          272175 
        29805.5          269440 
        29883.9          266739 
        29932.6          265076 
        29962.2          264072 
        29991.8          263073 
