# Koester WD models
# teff = 13000 K (value for the effective temperature for the model. Temperatures are given in K)
# logg = 8 log(cm/s2) (value for Log(G) for the model.)
#
# column 1: WAVELENGTH (ANGSTROM), Wavelength in Angstrom
# column 2: FLUX (ERG/CM2/S/A), Flux in erg/cm2/s/A
         899.23         18987.5 
        909.241         22221.6 
        919.241          128752 
        929.261          177843 
        939.271          396004 
         949.28         82273.9 
        959.289      1.29585e+6 
        969.297          631573 
        979.305      1.16421e+6 
        989.312      2.54721e+6 
        999.319      4.77773e+6 
        1009.33      2.74944e+6 
        1019.33      1.36035e+6 
        1029.34      1.25689e+6 
        1039.34      3.38686e+6 
        1049.35      7.89696e+6 
        1059.36      9.21794e+6 
        1069.36      2.78973e+7 
        1079.36      2.96999e+7 
        1089.37      2.81934e+8 
        1099.37       3.5167e+8 
        1109.38      3.26374e+8 
        1119.38      2.70643e+8 
        1129.38      2.18637e+8 
        1139.39      1.56921e+8 
        1149.39      1.01994e+8 
        1159.39        6.201e+7 
        1169.39      3.64931e+7 
         1179.4      2.04603e+7 
         1189.4      1.23911e+7 
         1199.4      8.43659e+6 
         1209.4      5.41727e+6 
        1219.41      5.14404e+6 
        1229.41      8.77513e+6 
        1239.41      1.65762e+7 
        1249.41      3.12572e+7 
        1259.41      5.55745e+7 
        1269.41      9.66084e+7 
        1279.42       1.5732e+8 
        1289.42      2.29912e+8 
        1299.42      3.06105e+8 
        1309.42      3.71091e+8 
        1319.42      4.43982e+8 
        1329.42      4.85241e+8 
        1339.42      5.00242e+8 
        1349.42      5.57573e+8 
        1359.42      6.09937e+8 
        1369.42      5.74132e+8 
        1379.42      4.60988e+8 
        1389.42      3.67192e+8 
        1399.42      3.90406e+8 
        1409.42      6.68119e+8 
        1419.42       9.2567e+8 
        1429.42      1.00362e+9 
        1439.42      1.01653e+9 
        1450.64       1.0094e+9 
        1461.86      9.97933e+8 
        1472.88      9.88304e+8 
        1484.42      9.84531e+8 
        1494.42       9.8068e+8 
        1509.42      9.69181e+8 
        1524.42       9.5096e+8 
        1539.42      9.12686e+8 
        1554.42      8.78279e+8 
        1566.72      8.50947e+8 
        1579.41      8.17172e+8 
        1591.91      7.95508e+8 
        1604.41      7.95546e+8 
        1619.41      8.14772e+8 
        1634.41      8.34376e+8 
        1649.41      8.41328e+8 
        1664.41      8.36371e+8 
        1676.33        8.283e+8 
         1689.4      8.17914e+8 
         1704.4      8.05112e+8 
         1719.4       7.9209e+8 
         1734.4      7.79143e+8 
        1749.39      7.66382e+8 
        1764.39      7.53835e+8 
        1775.55      7.44699e+8 
        1789.39      7.33596e+8 
        1809.39      7.17967e+8 
           1824      7.06861e+8 
        1834.77      6.98857e+8 
        1845.54      6.90974e+8 
           1864      6.77726e+8 
        1876.29      6.69109e+8 
        1888.59      6.60674e+8 
        1906.98      6.48381e+8 
        1919.37      6.40326e+8 
        1931.76      6.32462e+8 
        1944.47      6.24558e+8 
        1956.53      6.17188e+8 
         1967.6       6.1054e+8 
        1992.71      5.95926e+8 
        2017.81      5.81864e+8 
        2067.03       5.5577e+8 
         2116.2      5.31485e+8 
           2129      5.25419e+8 
         2141.8      5.19469e+8 
        2165.47      5.08718e+8 
        2210.96      4.89011e+8 
        2225.91      4.82803e+8 
        2240.86      4.76718e+8 
        2263.91      4.67557e+8 
        2306.93      4.51117e+8 
        2319.34       4.4653e+8 
        2331.75      4.42019e+8 
        2350.78      4.35227e+8 
        2362.35      4.31177e+8 
        2373.93      4.27175e+8 
        2384.89      4.23449e+8 
        2397.08      4.19352e+8 
        2409.27      4.15315e+8 
        2433.66      4.07408e+8 
        2451.59      4.01725e+8 
        2466.76      3.97009e+8 
        2488.39      3.90421e+8 
        2510.01      3.84057e+8 
         2547.3        3.733e+8 
        2559.23      3.69941e+8 
        2571.17      3.66627e+8 
        2595.04       3.6013e+8 
        2627.89      3.51447e+8 
        2642.78      3.47608e+8 
        2657.67      3.43825e+8 
        2687.45      3.36446e+8 
        2737.93      3.24413e+8 
        2756.11       3.2021e+8 
        2766.75      3.17788e+8 
        2810.65      3.08046e+8 
        2854.55      2.98705e+8 
        2898.45      2.89739e+8 
        2931.71      2.83182e+8 
        2942.34      2.81125e+8 
        2952.98      2.79088e+8 
        2974.26      2.75071e+8 
        3016.81      2.67252e+8 
        3051.42      2.61095e+8 
        3091.41      2.54215e+8 
        3120.64      2.49336e+8 
        3149.86      2.44579e+8 
        3168.31      2.41639e+8 
         3208.3      2.35419e+8 
        3248.29      2.29392e+8 
        3309.83      2.20488e+8 
        3322.09      2.18768e+8 
        3346.73      2.15358e+8 
        3383.63      2.10387e+8 
        3445.17      2.02408e+8 
        3469.81      1.99316e+8 
        3495.92      1.96102e+8 
        3506.71      1.94794e+8 
         3543.6      1.90395e+8 
        3591.28      1.84889e+8 
        3635.88      1.79899e+8 
        3647.12      1.78668e+8 
        3658.96      1.77376e+8 
        3671.11      1.76039e+8 
        3682.58      1.74795e+8 
         3693.5      1.73619e+8 
        3703.57      1.72543e+8 
        3713.83      1.71494e+8 
        3724.38      1.70468e+8 
        3734.43      1.69249e+8 
        3744.62      1.68625e+8 
        3754.84      1.68035e+8 
        3765.07      1.66396e+8 
         3775.5      1.66224e+8 
        3786.22      1.67202e+8 
        3796.45      1.57453e+8 
        3806.86      1.67104e+8 
        3817.44      1.70074e+8 
        3827.86      1.57344e+8 
        3837.97      1.46534e+8 
        3848.19      1.69138e+8 
        3858.91      1.77623e+8 
        3870.11        1.703e+8 
        3881.42      1.43694e+8 
        3891.68       1.2622e+8 
        3902.49      1.61271e+8 
        3913.89      1.83615e+8 
        3924.94      1.91174e+8 
        3935.81      1.87987e+8 
        3946.58      1.72073e+8 
        3958.88       1.3893e+8 
        3969.05       9.9744e+7 
        3979.86      1.33307e+8 
        3989.93      1.63656e+8 
        4001.37       1.8801e+8 
        4013.86       2.0226e+8 
        4025.34      2.07199e+8 
        4035.85      2.07558e+8 
         4047.6      2.03191e+8 
        4058.85       1.9261e+8 
        4071.35      1.71775e+8 
        4082.28      1.47481e+8 
        4093.57      1.13644e+8 
        4103.79      9.09764e+7 
        4114.23      1.26563e+8 
        4125.26      1.54471e+8 
        4135.54      1.74358e+8 
        4145.79      1.90424e+8 
        4156.33      2.01465e+8 
        4168.82      2.09038e+8 
        4183.82      2.13398e+8 
        4198.82       2.1483e+8 
        4213.81      2.14539e+8 
        4224.95      2.13322e+8 
        4238.81      2.10517e+8 
         4253.8      2.05212e+8 
         4268.8      1.96191e+8 
        4283.79      1.82099e+8 
        4298.79      1.63895e+8 
        4311.29      1.44832e+8 
         4323.5      1.20917e+8 
        4333.66      9.50772e+7 
        4344.08      8.57447e+7 
        4354.64      1.12982e+8 
        4366.07      1.35429e+8 
        4377.98      1.52455e+8 
        4388.77      1.64442e+8 
        4403.76      1.77813e+8 
        4418.76      1.86422e+8 
        4433.75      1.91059e+8 
        4448.75      1.93026e+8 
        4463.75       1.9357e+8 
        4478.74      1.93197e+8 
        4493.74      1.92382e+8 
        4508.73      1.91288e+8 
        4523.35      1.90036e+8 
        4533.35      1.89103e+8 
        4543.73      1.88086e+8 
        4558.72      1.86546e+8 
        4573.72      1.84935e+8 
        4588.71      1.83267e+8 
        4600.89      1.81872e+8 
        4613.71      1.80397e+8 
         4628.7      1.78579e+8 
         4643.7      1.76688e+8 
        4658.69      1.74712e+8 
        4673.69      1.72557e+8 
        4688.69      1.70173e+8 
        4703.68      1.67464e+8 
         4715.6      1.64998e+8 
        4728.68      1.61862e+8 
        4743.67      1.57666e+8 
        4758.67      1.52746e+8 
        4773.66      1.46693e+8 
        4788.66       1.3927e+8 
        4803.66      1.29949e+8 
        4818.65      1.18532e+8 
        4831.15      1.06645e+8 
        4842.32      9.32142e+7 
        4853.42      7.64792e+7 
        4863.64      6.55151e+7 
        4874.75      8.42955e+7 
        4886.05      9.82998e+7 
        4896.13      1.07809e+8 
        4908.63      1.16755e+8 
         4921.7      1.23864e+8 
        4933.62      1.28773e+8 
        4948.62      1.33111e+8 
        4963.61      1.35956e+8 
        4978.61      1.37621e+8 
        4993.61       1.3853e+8 
         5008.6      1.38846e+8 
         5023.6      1.38657e+8 
        5038.59      1.38125e+8 
        5053.59       1.3738e+8 
        5068.59      1.36468e+8 
        5083.58      1.35466e+8 
        5098.58      1.34418e+8 
        5113.57      1.33338e+8 
        5128.57      1.32241e+8 
        5143.57      1.31133e+8 
        5158.56       1.3002e+8 
        5173.56      1.28906e+8 
        5188.55      1.27795e+8 
        5203.55      1.26688e+8 
        5218.55      1.25585e+8 
        5233.54      1.24489e+8 
        5248.54        1.234e+8 
        5263.53      1.22318e+8 
        5278.53      1.21245e+8 
        5293.52      1.20182e+8 
        5308.52      1.19128e+8 
        5323.52      1.18083e+8 
        5338.51      1.17048e+8 
        5353.51      1.16023e+8 
        5368.51      1.15084e+8 
         5383.5      1.14072e+8 
         5398.5       1.1307e+8 
        5413.49      1.12078e+8 
        5428.49      1.11096e+8 
        5443.48      1.10126e+8 
        5458.48      1.09166e+8 
        5473.48      1.08216e+8 
        5488.47      1.07276e+8 
        5503.47      1.06347e+8 
        5518.47      1.05427e+8 
        5533.46      1.04518e+8 
        5548.46      1.03619e+8 
        5563.45      1.02729e+8 
        5578.45      1.01848e+8 
        5593.44      1.00977e+8 
        5608.44      1.00115e+8 
        5623.44       9.9263e+7 
        5638.43      9.84195e+7 
        5653.43      9.75848e+7 
        5668.43      9.67953e+7 
        5682.86      9.60055e+7 
        5693.42      9.54331e+7 
        5704.77      9.48227e+7 
        5715.23      9.42641e+7 
        5728.41      9.35667e+7 
         5743.4       9.2781e+7 
         5758.4      9.20034e+7 
         5773.4      9.11791e+7 
        5788.39      9.04163e+7 
        5803.39      8.96614e+7 
        5818.39       8.8914e+7 
        5833.38      8.81741e+7 
        5848.38      8.74418e+7 
        5863.37      8.67168e+7 
        5878.37      8.59992e+7 
        5893.36      8.52889e+7 
        5908.36      8.45855e+7 
        5923.36       8.3889e+7 
        5938.35      8.31991e+7 
        5953.35      8.25158e+7 
        5968.34      8.18388e+7 
        5983.34      8.11681e+7 
        5998.34       8.0503e+7 
        6013.33      7.98445e+7 
        6028.33       7.9192e+7 
        6043.32      7.85452e+7 
        6058.32       7.7904e+7 
        6073.32      7.72668e+7 
        6088.31      7.66332e+7 
        6103.31      7.60039e+7 
         6118.3      7.53784e+7 
         6133.3      7.47564e+7 
         6148.3      7.41375e+7 
        6163.29      7.35208e+7 
        6178.29      7.29057e+7 
        6193.28      7.22906e+7 
        6208.28      7.16754e+7 
        6223.28      7.10587e+7 
        6238.27       7.0438e+7 
        6252.16      6.98612e+7 
        6262.16      6.94521e+7 
        6273.26      6.89947e+7 
        6284.63      6.85228e+7 
        6295.99      6.80453e+7 
        6306.09      6.76168e+7 
        6316.22      6.71798e+7 
        6328.25      6.66501e+7 
        6343.24      6.59747e+7 
        6358.24      6.52735e+7 
        6373.23      6.45387e+7 
        6388.23      6.37596e+7 
        6403.23      6.29167e+7 
        6418.22      6.19861e+7 
        6433.22       6.0935e+7 
        6448.22      5.97135e+7 
        6463.21      5.82618e+7 
        6478.21       5.6527e+7 
         6493.2      5.44331e+7 
         6508.2      5.18093e+7 
        6523.19      4.84355e+7 
        6537.09      4.43213e+7 
        6548.06      4.02077e+7 
        6558.19        3.538e+7 
        6569.28       3.6291e+7 
        6579.79      4.05771e+7 
        6590.04      4.38519e+7 
        6603.34      4.70419e+7 
        6613.66      4.88646e+7 
        6623.98      5.02674e+7 
         6634.3      5.13412e+7 
        6644.62      5.21555e+7 
        6654.94      5.27753e+7 
        6665.26      5.32421e+7 
        6675.58      5.35692e+7 
         6685.9      5.37838e+7 
        6696.23      5.39012e+7 
        6711.48      5.39493e+7 
        6726.73      5.38865e+7 
        6741.98      5.37448e+7 
        6772.48      5.33069e+7 
        6802.98      5.27486e+7 
        6824.78      5.23078e+7 
        6868.37      5.13654e+7 
        6955.56      4.94138e+7 
        6976.35      4.89444e+7 
        7042.75      4.74619e+7 
        7109.15      4.60165e+7 
        7175.54      4.46178e+7 
        7241.94      4.32688e+7 
        7308.33      4.19685e+7 
        7355.95      4.10656e+7 
        7374.73      4.07235e+7 
        7393.51       4.0377e+7 
        7431.08       3.9695e+7 
        7506.22      3.83739e+7 
        7581.35      3.71072e+7 
         7635.1      3.62332e+7 
        7656.49      3.58924e+7 
        7677.88      3.55556e+7 
        7720.67       3.4894e+7 
        7806.23       3.3616e+7 
        7821.36      3.33964e+7 
         7891.8      3.23964e+7 
        7962.25      3.14332e+7 
        7982.84      3.11586e+7 
        8032.69      3.05057e+7 
        8082.55      2.98697e+7 
        8161.68       2.8894e+7 
        8182.26      2.86467e+7 
        8200.85      2.84257e+7 
        8216.85      2.82372e+7 
        8232.84      2.80503e+7 
        8264.83       2.7681e+7 
        8289.72       2.7398e+7 
        8328.82      2.69602e+7 
        8343.44      2.67988e+7 
        8367.92      2.65308e+7 
        8388.68      2.63074e+7 
        8408.65      2.60947e+7 
        8432.02      2.58481e+7 
        8467.25      2.54803e+7 
        8502.48      2.51187e+7 
        8516.58      2.49756e+7 
        8530.98      2.48299e+7 
        8545.38      2.46939e+7 
        8574.18       2.4422e+7 
        8598.39       2.4194e+7 
         8628.6      2.39171e+7 
        8646.81      2.37454e+7 
        8665.01      2.35735e+7 
        8701.43      2.32518e+7 
        8750.47      2.27665e+7 
        8783.66      2.25017e+7 
        8799.51      2.23612e+7 
        8815.35      2.22063e+7 
        8831.29       2.2053e+7 
        8847.03      2.18923e+7 
        8862.78      2.17388e+7 
        8878.53       2.1662e+7 
        8894.27      2.15904e+7 
        8910.02      2.15054e+7 
        8925.77      2.13998e+7 
        8941.51      2.12481e+7 
        8957.26      2.10867e+7 
        8988.75      2.06837e+7 
        9001.83      2.04987e+7 
        9014.91      2.03398e+7 
        9027.99      2.03205e+7 
        9041.06      2.03256e+7 
        9054.14      2.03237e+7 
        9067.21       2.0303e+7 
        9086.83      2.02298e+7 
        9099.72      2.01599e+7 
        9125.49      1.99633e+7 
        9138.38      1.98306e+7 
        9151.27      1.96803e+7 
        9164.16      1.94948e+7 
        9177.05      1.92931e+7 
        9189.94      1.90558e+7 
        9202.83      1.87985e+7 
        9228.19      1.83088e+7 
        9241.22      1.83698e+7 
        9254.24      1.84624e+7 
        9267.26      1.85699e+7 
        9280.28      1.86563e+7 
         9293.3      1.87077e+7 
        9306.32       1.8743e+7 
        9319.34      1.87469e+7 
        9332.36      1.87269e+7 
         9358.4      1.86256e+7 
        9384.08       1.8466e+7 
        9409.77      1.82446e+7 
        9422.61      1.81137e+7 
        9435.45      1.79641e+7 
        9448.29      1.77848e+7 
        9461.14      1.75894e+7 
        9473.98      1.73694e+7 
        9486.82      1.70997e+7 
        9499.66      1.67905e+7 
         9512.5      1.63949e+7 
        9525.35      1.59016e+7 
        9538.19      1.53882e+7 
        9548.88       1.5178e+7 
        9560.55      1.55076e+7 
         9576.1      1.59636e+7 
        9591.66      1.62963e+7 
        9607.21      1.65026e+7 
        9630.54      1.66863e+7 
        9646.09      1.67546e+7 
        9661.65       1.6794e+7 
        9682.06      1.67915e+7 
        9709.28      1.67408e+7 
         9736.5      1.66434e+7 
        9763.71      1.65179e+7 
        9790.93       1.6368e+7 
        9818.15       1.6193e+7 
        9845.37      1.59822e+7 
        9858.98      1.58988e+7 
        9872.58      1.57654e+7 
        9886.19      1.56152e+7 
         9899.8      1.54422e+7 
        9913.41      1.52617e+7 
        9927.02      1.50639e+7 
        9939.92      1.48551e+7 
        9952.82      1.46139e+7 
        9965.72      1.43645e+7 
        9978.62      1.40884e+7 
        9991.52      1.37596e+7 
        10004.4       1.3395e+7 
        10017.3      1.29807e+7 
        10030.2      1.25011e+7 
        10043.1      1.19981e+7 
          10054      1.19068e+7 
        10068.1      1.23388e+7 
        10080.6      1.26967e+7 
        10093.1      1.29858e+7 
        10105.6      1.32343e+7 
        10118.1      1.34321e+7 
        10130.6      1.35862e+7 
        10143.1      1.37004e+7 
        10155.6      1.38165e+7 
        10168.1      1.39024e+7 
        10180.6       1.3963e+7 
        10205.5      1.40457e+7 
        10223.9      1.40735e+7 
        10237.2      1.40739e+7 
        10250.5      1.40614e+7 
        10277.1       1.4018e+7 
        10303.7      1.39458e+7 
        10330.2      1.38582e+7 
        10383.4      1.36591e+7 
        10436.6       1.3445e+7 
        10489.8      1.31679e+7 
          10543      1.29251e+7 
        10596.1      1.26832e+7 
        10649.3      1.23944e+7 
        10675.9      1.22328e+7 
        10702.5      1.20519e+7 
        10729.1      1.18506e+7 
        10755.7      1.16272e+7 
        10782.2       1.1368e+7 
        10808.8      1.10678e+7 
        10822.1      1.09034e+7 
        10835.4      1.07178e+7 
        10848.7      1.05089e+7 
          10862      1.02884e+7 
        10875.3      1.00263e+7 
        10888.6      9.73969e+6 
        10901.9      9.40335e+6 
        10915.2      9.02586e+6 
        10928.5      8.58142e+6 
        10938.7      8.10688e+6 
        10949.5      8.58921e+6 
        10963.9      8.96815e+6 
        10983.1      9.37385e+6 
        11002.3      9.67494e+6 
        11021.6      9.90029e+6 
        11050.4      1.01311e+7 
        11069.6      1.02296e+7 
        11088.8      1.03019e+7 
          11108      1.03543e+7 
        11127.3      1.03825e+7 
        11146.5      1.03949e+7 
        11165.7      1.03949e+7 
        11204.1      1.03631e+7 
        11224.2      1.03316e+7 
        11242.6      1.02967e+7 
        11260.9      1.02574e+7 
        11297.6      1.01671e+7 
          11371      9.96406e+6 
        11444.4      9.77874e+6 
        11517.7      9.55663e+6 
        11591.1      9.34074e+6 
        11664.5      9.13088e+6 
        11737.9      8.92687e+6 
        11811.3      8.72848e+6 
        11884.6      8.53555e+6 
          11958      8.34787e+6 
        12031.4      8.14989e+6 
        12104.8      7.96824e+6 
        12178.2      7.78961e+6 
        12218.5      7.69235e+6 
        12251.6      7.61249e+6 
        12284.6      7.53209e+6 
        12350.8       7.3682e+6 
        12416.9      7.19692e+6 
        12483.1      7.01128e+6 
        12516.2      6.91053e+6 
        12549.2      6.80152e+6 
        12582.3      6.68035e+6 
        12615.4      6.54463e+6 
        12648.5      6.38896e+6 
          12665      6.30018e+6 
        12681.5      6.20289e+6 
        12698.1      6.09579e+6 
        12714.6      5.97512e+6 
        12731.1      5.83953e+6 
        12747.7       5.6871e+6 
        12764.2      5.51255e+6 
        12780.7        5.313e+6 
        12793.1      5.14373e+6 
        12805.6      4.93359e+6 
        12815.9      4.63379e+6 
        12826.1       4.8132e+6 
        12836.6      4.99651e+6 
        12850.6       5.1622e+6 
        12864.5      5.29597e+6 
        12878.5      5.40841e+6 
        12892.4       5.5047e+6 
        12906.4      5.58214e+6 
        12920.4      5.64758e+6 
        12934.3      5.70127e+6 
        12948.3      5.74393e+6 
        12962.2      5.77761e+6 
        12976.2      5.80532e+6 
        13004.1      5.84091e+6 
          13032      5.85741e+6 
          13060      5.86052e+6 
        13087.9       5.8531e+6 
        13115.8      5.83711e+6 
        13143.7      5.81477e+6 
        13199.6      5.75779e+6 
        13255.4      5.68999e+6 
        13308.4      5.61937e+6 
        13361.3      5.54573e+6 
        13414.2      5.47064e+6 
        13467.2      5.39515e+6 
        13520.1      5.32007e+6 
        13573.1      5.24571e+6 
          13626      5.17797e+6 
          13679      5.10446e+6 
        13731.9      5.03227e+6 
        13784.9      4.96133e+6 
        13837.8      4.89165e+6 
        13890.8      4.82316e+6 
        13943.7      4.75587e+6 
        13996.7      4.68974e+6 
        14049.6      4.62474e+6 
        14102.5      4.56087e+6 
        14155.5      4.49807e+6 
        14208.4      4.43637e+6 
        14261.4      4.37574e+6 
        14296.6      4.33596e+6 
        14314.3      4.31611e+6 
        14332.1      4.29638e+6 
        14367.5      4.25708e+6 
        14419.3       4.2005e+6 
        14438.5      4.17983e+6 
        14457.6      4.15925e+6 
        14495.9      4.11853e+6 
        14561.9      4.04958e+6 
        14572.5      4.03855e+6 
        14583.2      4.02755e+6 
        14597.2       4.0132e+6 
        14613.2      3.99686e+6 
        14645.2      3.96447e+6 
        14709.2       3.9006e+6 
        14773.2      3.83805e+6 
        14837.1      3.77673e+6 
        14901.1      3.71663e+6 
        14965.1      3.65772e+6 
        15029.1      3.59995e+6 
        15093.1      3.54334e+6 
        15157.1      3.48783e+6 
          15221      3.43342e+6 
          15285      3.38004e+6 
          15349       3.3277e+6 
          15413      3.27637e+6 
        15471.6      3.23022e+6 
        15482.4       3.2218e+6 
        15493.1       3.2135e+6 
        15514.7      3.19698e+6 
        15557.9      3.16424e+6 
        15644.2      3.10005e+6 
        15730.5      3.03747e+6 
        15816.8      2.97646e+6 
        15903.1      2.91697e+6 
        15989.4      2.85897e+6 
        16075.8      2.80239e+6 
        16162.1      2.74722e+6 
        16248.4      2.69339e+6 
        16289.9      2.66798e+6 
        16334.7      2.64088e+6 
        16379.5      2.61411e+6 
        16469.1      2.56291e+6 
        16558.8      2.51296e+6 
        16648.4      2.46421e+6 
          16738      2.41664e+6 
        16827.7      2.37021e+6 
        16917.3      2.32488e+6 
        17006.9      2.28063e+6 
        17096.6      2.23743e+6 
        17186.2      2.19524e+6 
        17275.8      2.15405e+6 
        17327.7      2.13065e+6 
        17365.5      2.11381e+6 
        17403.2      2.09713e+6 
        17478.8      2.06445e+6 
        17554.3      2.03239e+6 
        17629.9      2.00096e+6 
        17705.4      1.97013e+6 
          17781      1.93988e+6 
        17856.5      1.91022e+6 
        17932.1      1.88111e+6 
        18007.6      1.84535e+6 
        18083.2      1.81539e+6 
        18158.7       1.7852e+6 
        18234.3      1.75431e+6 
        18309.8      1.72188e+6 
        18343.7      1.70649e+6 
        18385.3      1.68656e+6 
          18427        1.665e+6 
        18468.6      1.64095e+6 
        18510.2      1.61351e+6 
        18551.8       1.5813e+6 
        18572.6      1.56281e+6 
        18593.4      1.54241e+6 
        18614.2      1.51969e+6 
          18635       1.4944e+6 
        18655.8      1.46589e+6 
        18676.6       1.4341e+6 
        18697.4      1.39823e+6 
          18710      1.37368e+6 
        18726.4      1.33541e+6 
        18738.8      1.29419e+6 
        18749.1      1.20542e+6 
        18759.5      1.27055e+6 
        18773.9       1.3186e+6 
        18786.6      1.34351e+6 
        18799.4      1.36277e+6 
        18812.2        1.379e+6 
          18825      1.39321e+6 
        18850.6      1.41682e+6 
        18876.2      1.43489e+6 
        18901.8      1.44827e+6 
        18927.4      1.45775e+6 
          18953      1.46415e+6 
        18978.6      1.46795e+6 
        19004.2       1.4697e+6 
        19029.8      1.46979e+6 
        19055.4      1.46854e+6 
        19106.6      1.46312e+6 
        19157.7      1.45501e+6 
        19208.9       1.4452e+6 
        19260.1      1.43427e+6 
        19311.3      1.42262e+6 
        19362.5      1.41052e+6 
        19376.7       1.4071e+6 
        19413.7      1.39813e+6 
        19450.7      1.38909e+6 
        19524.7      1.37069e+6 
        19598.7      1.35556e+6 
        19672.6      1.33652e+6 
        19746.6      1.31782e+6 
        19820.6      1.29944e+6 
        19894.6      1.28138e+6 
        19968.6      1.26363e+6 
        20042.6      1.24618e+6 
        20116.6      1.22903e+6 
        20190.6      1.21217e+6 
        20264.6       1.1956e+6 
        20338.6      1.17931e+6 
        20350.7      1.17666e+6 
        20412.6      1.16329e+6 
        20474.4      1.15012e+6 
        20536.2      1.13704e+6 
          20598      1.12416e+6 
        20659.9      1.11145e+6 
        20721.7      1.09892e+6 
        20783.5      1.08656e+6 
        20845.4      1.07437e+6 
        20907.2      1.06236e+6 
          20969      1.05051e+6 
        21030.8      1.03883e+6 
        21092.7       1.0273e+6 
        21154.5      1.01594e+6 
        21216.3      1.00473e+6 
        21278.1          993676 
          21340          982772 
        21401.8          972018 
        21463.6          961409 
        21525.5          950944 
        21543.9          947840 
        21587.3          940618 
        21630.6          933465 
        21717.3          919312 
          21804          905426 
        21890.6          891798 
        21977.3          878424 
          22064          865301 
        22150.6          852421 
        22237.3          839776 
          22324          827367 
        22410.6          815187 
        22497.3          803227 
          22584          791483 
        22670.7          779957 
        22727.8          772467 
        22757.3          768635 
        22784.8          765085 
        22800.8          763027 
        22816.8          760975 
        22848.8          756894 
        22912.8          748811 
        22976.8          740838 
        23040.8          732968 
        23104.8          725202 
        23168.7          717537 
        23232.7          709975 
        23296.7          702507 
        23360.7          695140 
        23424.7          687871 
        23488.6          680692 
        23552.6          673608 
        23616.6          666618 
        23680.6          659716 
        23744.6          652901 
        23808.6          646175 
        23872.5          639537 
        23936.5          632984 
        24000.5          626512 
        24064.5          620125 
        24128.5          613817 
        24192.5          607590 
        24256.4          601439 
        24320.4          595370 
        24384.4          589372 
        24448.4          583453 
        24512.4          577607 
        24576.3          571833 
        24640.3          566131 
        24704.3          560501 
        24768.3          554937 
        24832.3          549446 
        24896.3          544023 
        24960.2          538667 
        25004.4          535004 
        25024.2          533373 
          25044          531752 
        25083.6          528538 
        25162.8          522183 
        25241.9          515922 
        25321.1          509755 
        25400.2          503679 
        25479.4          497694 
        25558.5          491797 
        25637.7          485989 
        25716.9          480265 
          25796          474626 
        25875.2          469065 
        25954.3          463589 
        26033.5          458192 
        26112.7          452873 
        26191.8          447630 
          26271          442465 
        26350.1          437373 
        26429.3          432352 
        26508.4          427404 
        26587.6          422529 
        26666.8          417719 
        26745.9          412981 
        26825.1          408307 
        26904.2          403701 
        26983.4          399158 
        27062.6          394678 
        27141.7          390264 
        27220.9          385910 
        27299.2          381660 
        27377.5          377487 
        27455.8          373372 
        27534.2          369310 
        27612.5          365308 
        27690.8          361355 
        27769.1          357457 
        27847.5          353611 
        27925.8          349819 
        28004.1          346078 
        28082.4          342383 
        28160.8          338742 
        28239.1          335145 
        28317.4          331598 
        28395.7          328099 
          28474          324643 
        28552.4          321234 
        28630.7          317869 
          28709          314549 
        28787.3          311271 
        28865.7          308036 
          28944          304843 
        29022.3          301691 
        29100.6          298579 
          29179          295508 
        29257.3          292476 
        29335.6          289483 
        29413.9          286528 
        29492.3          283611 
        29570.6          280731 
        29648.9          277887 
        29727.2          275079 
        29805.5          272306 
        29883.9          269569 
        29932.6          267883 
        29962.2          266865 
        29991.8          265853 
