# Koester WD models
# teff = 13500 K (value for the effective temperature for the model. Temperatures are given in K)
# logg = 7.5 log(cm/s2) (value for Log(G) for the model.)
#
# column 1: WAVELENGTH (ANGSTROM), Wavelength in Angstrom
# column 2: FLUX (ERG/CM2/S/A), Flux in erg/cm2/s/A
         899.23         41861.4 
        909.241         48558.3 
        919.241          252526 
        929.253          334410 
        939.271          644758 
         949.28          199549 
        959.289      2.27821e+6 
        969.297      1.00355e+6 
        979.305      1.88882e+6 
        989.312      4.83089e+6 
        999.319      1.11096e+7 
        1009.33      5.00299e+6 
        1019.33      2.11114e+6 
        1029.34      1.93773e+6 
        1039.34      5.97405e+6 
        1049.35      1.84724e+7 
        1059.36      2.22552e+7 
        1069.36      1.25803e+8 
        1079.36      1.30825e+8 
        1089.37      9.04549e+8 
        1099.37      1.01185e+9 
        1109.38      9.60256e+8 
        1119.38      8.51887e+8 
        1129.38      7.40115e+8 
        1139.39      5.86642e+8 
        1149.39      4.15498e+8 
        1159.39      2.52687e+8 
        1169.39      1.26296e+8 
         1179.4       5.2223e+7 
         1189.4        2.369e+7 
         1199.4      1.34069e+7 
         1209.4      7.84996e+6 
        1219.41       7.4474e+6 
        1229.41      1.31586e+7 
        1239.41      2.94406e+7 
        1249.41      7.71267e+7 
        1259.41      1.83121e+8 
        1269.41      3.37432e+8 
        1279.42      5.04229e+8 
        1289.42      6.52264e+8 
        1299.42      7.70491e+8 
        1309.42      8.55958e+8 
        1319.42      9.34778e+8 
        1329.42      9.69945e+8 
        1339.42      9.77585e+8 
        1349.42      1.02534e+9 
        1359.42       1.0629e+9 
        1369.42      1.01856e+9 
        1379.42      8.99608e+8 
        1389.42      7.81666e+8 
        1399.42      8.06287e+8 
        1409.42      1.06465e+9 
        1419.42      1.23218e+9 
        1429.42      1.26702e+9 
        1439.42      1.26482e+9 
        1450.02      1.25188e+9 
        1460.62      1.23628e+9 
        1472.88      1.21814e+9 
        1484.42      1.20299e+9 
        1494.42      1.18975e+9 
        1509.42      1.16851e+9 
        1524.42      1.14595e+9 
        1539.42       1.1181e+9 
        1554.42      1.09149e+9 
        1566.72      1.07018e+9 
        1579.41      1.04671e+9 
        1594.41      1.02414e+9 
        1604.41      1.01443e+9 
        1619.41      1.00486e+9 
        1634.41      9.95404e+8 
        1649.41      9.82649e+8 
        1664.41      9.67014e+8 
        1676.33      9.53747e+8 
         1689.4      9.39113e+8 
         1704.4       9.2246e+8 
         1719.4      9.06082e+8 
         1734.4      8.89982e+8 
        1749.39      8.74255e+8 
        1764.39      8.58902e+8 
        1775.55      8.47721e+8 
        1789.39      8.34131e+8 
        1809.39       8.1502e+8 
           1824      8.01445e+8 
        1834.77      7.91656e+8 
        1845.54      7.82049e+8 
           1864      7.65958e+8 
        1876.29      7.55537e+8 
        1888.59      7.45343e+8 
        1906.98       7.3043e+8 
        1919.37      7.20619e+8 
        1931.76      7.11021e+8 
        1944.47      7.01364e+8 
        1956.53      6.92379e+8 
         1967.6      6.84283e+8 
        1992.71      6.66432e+8 
        2017.81       6.4926e+8 
        2067.03      6.17392e+8 
         2116.2      5.87836e+8 
           2129      5.80485e+8 
         2141.8      5.73246e+8 
        2165.47      5.60199e+8 
        2210.96      5.36317e+8 
        2225.91      5.28799e+8 
        2240.86      5.21442e+8 
        2263.91      5.10383e+8 
        2306.93       4.9067e+8 
        2319.34      4.85194e+8 
        2331.75      4.79819e+8 
        2350.78      4.71729e+8 
        2362.35      4.66903e+8 
        2373.93      4.62153e+8 
        2384.89      4.57724e+8 
        2397.08      4.52867e+8 
        2409.27      4.48085e+8 
        2433.66      4.38745e+8 
        2451.59       4.3206e+8 
        2466.76      4.26512e+8 
        2488.39      4.18774e+8 
        2510.01      4.11272e+8 
         2547.3      3.98722e+8 
        2559.23       3.9482e+8 
        2571.17      3.90984e+8 
        2595.04      3.83463e+8 
        2627.89      3.73451e+8 
        2642.78      3.69037e+8 
        2657.67      3.64695e+8 
        2687.45      3.56244e+8 
        2737.93      3.42528e+8 
        2756.11      3.37765e+8 
        2766.75      3.35026e+8 
        2810.65       3.2404e+8 
        2854.55      3.13544e+8 
        2898.45      3.03539e+8 
        2931.71      2.96258e+8 
        2942.34       2.9398e+8 
        2952.98      2.91726e+8 
        2974.26        2.873e+8 
        3016.81      2.78723e+8 
        3051.42      2.72005e+8 
        3091.41      2.64511e+8 
        3120.64       2.5921e+8 
        3149.86       2.5405e+8 
        3168.31      2.50868e+8 
         3208.3      2.44155e+8 
        3248.29      2.37676e+8 
        3309.83      2.28175e+8 
        3322.09      2.26343e+8 
        3346.73       2.2271e+8 
        3383.63      2.17422e+8 
        3445.17       2.0896e+8 
        3469.81      2.05694e+8 
        3495.92      2.02307e+8 
        3506.71       2.0093e+8 
         3543.6      1.96307e+8 
        3591.28      1.90543e+8 
        3635.88      1.85339e+8 
        3647.12      1.84056e+8 
        3658.96       1.8271e+8 
        3671.11       1.8132e+8 
        3682.58      1.80019e+8 
         3693.5      1.78794e+8 
        3703.57      1.77679e+8 
        3713.83      1.76646e+8 
        3724.38      1.75671e+8 
        3734.43      1.74037e+8 
        3744.62      1.74086e+8 
        3754.84      1.73914e+8 
        3765.07      1.71691e+8 
         3775.5      1.71875e+8 
        3785.73      1.75603e+8 
        3795.99      1.57602e+8 
        3806.86      1.75182e+8 
        3817.37      1.81967e+8 
        3827.39      1.62859e+8 
        3837.97      1.43327e+8 
        3848.19      1.79899e+8 
        3858.91      1.95227e+8 
        3869.89      1.85837e+8 
        3880.37      1.52475e+8 
        3890.47      1.18646e+8 
        3900.66      1.64185e+8 
        3911.78      1.99064e+8 
        3922.35      2.14867e+8 
        3933.45      2.14908e+8 
        3943.88      1.98401e+8 
        3954.55      1.65524e+8 
        3965.65      1.19512e+8 
        3976.55      1.28171e+8 
        3986.99      1.69242e+8 
        3997.61      2.02946e+8 
         4008.8      2.25892e+8 
        4018.86      2.35516e+8 
        4029.85      2.39446e+8 
         4040.8      2.38188e+8 
        4051.36      2.30949e+8 
        4063.85      2.11299e+8 
        4075.42      1.83296e+8 
        4085.65      1.52101e+8 
        4096.31      1.12779e+8 
        4106.79      1.10846e+8 
        4117.77      1.49916e+8 
        4128.84       1.8148e+8 
        4141.52      2.10089e+8 
        4153.83      2.28324e+8 
        4168.82        2.387e+8 
        4183.82      2.42425e+8 
        4198.82      2.43187e+8 
        4213.81      2.42295e+8 
        4224.95      2.40764e+8 
        4238.81      2.37787e+8 
         4253.8      2.32527e+8 
         4268.8      2.23126e+8 
        4283.79        2.071e+8 
        4298.79       1.8554e+8 
        4311.29      1.62114e+8 
         4323.5      1.33437e+8 
        4333.66      1.04221e+8 
        4344.08      9.34162e+7 
        4354.73      1.24661e+8 
        4366.07      1.50668e+8 
        4377.98      1.71511e+8 
        4388.77      1.86044e+8 
        4403.76      2.00667e+8 
        4418.76      2.08983e+8 
        4433.75      2.12305e+8 
        4448.75      2.12854e+8 
        4463.75      2.12315e+8 
        4478.74      2.11134e+8 
        4493.74       2.0965e+8 
        4508.73      2.07989e+8 
        4523.35      2.06261e+8 
        4533.35      2.05034e+8 
        4543.73      2.03736e+8 
        4558.72      2.01825e+8 
        4573.72      1.99879e+8 
        4588.71       1.9791e+8 
        4600.89      1.96295e+8 
        4613.71      1.94603e+8 
         4628.7      1.92577e+8 
         4643.7      1.90507e+8 
        4658.69      1.88391e+8 
        4673.69       1.8617e+8 
        4688.69      1.83807e+8 
        4703.68       1.8123e+8 
         4715.6      1.78961e+8 
        4728.68      1.76145e+8 
        4743.67      1.72385e+8 
        4758.67      1.67791e+8 
        4773.66      1.61915e+8 
        4788.66      1.54382e+8 
        4803.66      1.44193e+8 
        4818.65      1.31124e+8 
        4833.65      1.14081e+8 
        4845.48      9.70997e+7 
        4855.74      7.88703e+7 
        4866.13      7.69508e+7 
        4876.95      9.54579e+7 
        4888.63      1.10712e+8 
        4903.63      1.25199e+8 
        4915.55      1.33439e+8 
        4928.62      1.39965e+8 
        4943.62      1.44672e+8 
        4958.61      1.47328e+8 
        4973.61      1.48625e+8 
        4988.61      1.48966e+8 
         5003.6      1.48764e+8 
         5018.6      1.48139e+8 
         5033.6      1.47255e+8 
        5048.59      1.46209e+8 
        5063.59      1.45063e+8 
        5078.58       1.4385e+8 
        5093.58      1.42609e+8 
        5108.57      1.41348e+8 
        5123.57      1.40081e+8 
        5138.57      1.38814e+8 
        5153.56      1.37551e+8 
        5168.56      1.36294e+8 
        5183.56      1.35045e+8 
        5198.55      1.33807e+8 
        5213.55      1.32578e+8 
        5228.54       1.3136e+8 
        5243.54      1.30155e+8 
        5258.53       1.2896e+8 
        5273.53      1.27777e+8 
        5288.53      1.26605e+8 
        5303.52      1.25444e+8 
        5318.52      1.24296e+8 
        5333.52      1.23161e+8 
        5348.51      1.22037e+8 
        5363.51      1.20971e+8 
         5378.5      1.19867e+8 
         5393.5      1.18777e+8 
        5408.49      1.17699e+8 
        5423.49      1.16633e+8 
        5438.49       1.1558e+8 
        5453.48      1.14538e+8 
        5468.48      1.13509e+8 
        5483.48      1.12491e+8 
        5498.47      1.11484e+8 
        5513.47      1.10489e+8 
        5528.46      1.09506e+8 
        5543.46      1.08534e+8 
        5558.45      1.07572e+8 
        5573.45      1.06621e+8 
        5588.45      1.05681e+8 
        5603.44      1.04751e+8 
        5618.44      1.03831e+8 
        5633.43      1.02922e+8 
        5648.43      1.02022e+8 
        5663.43      1.01132e+8 
        5673.98      1.00511e+8 
         5686.2      9.97987e+7 
        5698.42      9.90924e+7 
        5708.88      9.84924e+7 
        5723.41      9.76674e+7 
        5738.41      9.68245e+7 
         5753.4       9.5991e+7 
         5768.4      9.51353e+7 
        5783.39      9.43185e+7 
        5798.39      9.35111e+7 
        5813.39      9.27122e+7 
        5828.38      9.19217e+7 
        5843.38      9.11398e+7 
        5858.37      9.03663e+7 
        5873.37      8.96007e+7 
        5888.37      8.88433e+7 
        5903.36       8.8094e+7 
        5918.36      8.73523e+7 
        5933.35      8.66181e+7 
        5948.35      8.58915e+7 
        5963.35      8.51723e+7 
        5978.34      8.44605e+7 
        5993.34      8.37558e+7 
        6008.33      8.30577e+7 
        6023.33      8.23666e+7 
        6038.32       8.1682e+7 
        6053.32      8.10041e+7 
        6068.32      8.03324e+7 
        6083.31      7.96661e+7 
        6098.31      7.90057e+7 
        6113.31       7.8351e+7 
         6128.3      7.77013e+7 
         6143.3      7.70564e+7 
        6158.29      7.64161e+7 
        6173.29      7.57796e+7 
        6188.28      7.51466e+7 
        6203.28      7.45164e+7 
        6218.28       7.3889e+7 
        6233.27      7.32629e+7 
        6244.38      7.27992e+7 
        6256.04      7.23141e+7 
        6266.59      7.18768e+7 
        6278.26      7.13914e+7 
        6290.52       7.0879e+7 
        6302.31      7.03839e+7 
        6312.59      6.99488e+7 
        6323.25      6.94923e+7 
        6338.24      6.88427e+7 
        6353.24      6.81826e+7 
        6368.24      6.75009e+7 
        6383.23      6.67893e+7 
        6398.23      6.60338e+7 
        6413.22      6.52144e+7 
        6428.22      6.43018e+7 
        6443.22      6.32513e+7 
        6458.21      6.19981e+7 
        6473.21      6.04735e+7 
         6488.2      5.85982e+7 
         6503.2      5.61776e+7 
         6518.2       5.2998e+7 
        6532.67      4.89203e+7 
        6543.19      4.51309e+7 
        6556.02      3.90858e+7 
        6566.09      3.66445e+7 
        6577.95      4.27426e+7 
        6588.18      4.63262e+7 
        6603.34      5.01759e+7 
        6613.66      5.20295e+7 
        6623.98      5.34096e+7 
         6634.3      5.44187e+7 
        6644.62      5.51368e+7 
        6654.94       5.5631e+7 
        6665.26      5.59719e+7 
        6675.58      5.61739e+7 
         6685.9      5.62694e+7 
        6696.23      5.62804e+7 
        6706.55      5.62289e+7 
        6721.34      5.60755e+7 
        6741.06      5.57714e+7 
        6760.77      5.53948e+7 
        6780.49       5.4975e+7 
        6815.08      5.41843e+7 
        6834.48      5.37222e+7 
        6853.88      5.32531e+7 
        6892.68      5.23063e+7 
        6970.27      5.04226e+7 
        6986.58      5.00321e+7 
        7047.86      4.85904e+7 
        7109.15      4.71921e+7 
        7170.43      4.58409e+7 
        7231.71      4.45362e+7 
        7292.99      4.32767e+7 
        7315.03      4.28344e+7 
        7354.27      4.20612e+7 
        7393.51      4.13091e+7 
           7472      3.98473e+7 
        7550.48      3.84496e+7 
        7580.06      3.79391e+7 
        7628.97      3.71132e+7 
        7677.88      3.63096e+7 
        7775.71      3.47677e+7 
        7873.53      3.33075e+7 
        7962.25      3.20496e+7 
        8019.38      3.12708e+7 
        8050.96      3.08505e+7 
        8082.55      3.04372e+7 
        8145.72      2.96313e+7 
        8200.85      2.89498e+7 
        8216.85      2.87558e+7 
        8232.84      2.85634e+7 
        8264.83      2.81834e+7 
        8289.72      2.78922e+7 
        8328.82      2.74419e+7 
        8343.44      2.72758e+7 
        8367.92          2.7e+7 
        8388.68      2.67719e+7 
        8408.65      2.65545e+7 
        8432.02      2.63024e+7 
        8467.25      2.59246e+7 
        8502.48      2.55522e+7 
        8516.58      2.54052e+7 
        8530.98       2.5254e+7 
        8545.38        2.512e+7 
        8574.18      2.48539e+7 
        8598.39      2.46225e+7 
         8628.6      2.43537e+7 
        8646.81      2.41739e+7 
        8665.01      2.39891e+7 
        8701.43      2.36859e+7 
        8725.22      2.34264e+7 
        8737.85      2.32743e+7 
        8750.47      2.31274e+7 
        8763.09      2.30503e+7 
        8775.71      2.29761e+7 
        8786.57      2.28986e+7 
        8800.96      2.27694e+7 
        8815.35      2.26093e+7 
        8825.48      2.24961e+7 
        8844.13      2.22422e+7 
        8862.78      2.19873e+7 
        8881.43      2.19828e+7 
        8900.08      2.19708e+7 
        8918.73      2.18991e+7 
        8937.38      2.17379e+7 
        8956.03      2.15136e+7 
        8974.68       2.1204e+7 
        8993.33       2.0816e+7 
        9009.05      2.04603e+7 
        9020.76       2.0386e+7 
        9038.33      2.05571e+7 
        9050.03      2.06535e+7 
        9061.74      2.07156e+7 
        9073.45      2.07468e+7 
        9085.16      2.07379e+7 
        9099.72      2.06938e+7 
        9114.27      2.05976e+7 
        9128.83      2.04564e+7 
        9143.39      2.02692e+7 
        9157.94      2.00155e+7 
         9172.5      1.97127e+7 
        9187.05      1.93251e+7 
        9201.61      1.88862e+7 
        9216.17      1.83881e+7 
        9229.01      1.80113e+7 
        9241.85      1.82472e+7 
        9261.12      1.86532e+7 
        9273.96      1.88786e+7 
        9286.81       1.9056e+7 
        9299.65      1.91775e+7 
        9312.49      1.92636e+7 
        9325.34      1.93034e+7 
        9338.18      1.93058e+7 
        9351.02      1.92803e+7 
        9363.87      1.92294e+7 
        9384.08      1.91093e+7 
         9404.3      1.89283e+7 
        9424.52      1.87044e+7 
        9444.74      1.84012e+7 
        9454.85        1.821e+7 
        9464.96      1.80172e+7 
        9475.07      1.77793e+7 
        9485.17      1.75032e+7 
        9495.28      1.71857e+7 
        9505.39      1.67844e+7 
         9515.5      1.63123e+7 
        9525.61      1.57651e+7 
        9535.72      1.52022e+7 
        9545.97      1.46541e+7 
        9556.21      1.50989e+7 
        9566.46      1.55663e+7 
        9580.55      1.61587e+7 
        9590.79      1.64783e+7 
        9601.04      1.67309e+7 
        9616.41        1.699e+7 
        9626.65      1.71157e+7 
         9636.9       1.7196e+7 
        9657.39       1.7326e+7 
        9668.45      1.73572e+7 
        9679.51      1.73634e+7 
        9701.63      1.73402e+7 
        9723.75      1.72796e+7 
        9745.88      1.71875e+7 
        9790.12      1.69505e+7 
        9834.36      1.66447e+7 
        9856.48      1.64903e+7 
         9878.6      1.62578e+7 
        9892.88      1.60796e+7 
        9907.86      1.58687e+7 
        9922.85      1.56446e+7 
        9937.83      1.53798e+7 
        9952.82      1.50734e+7 
        9967.81      1.47477e+7 
        9982.79       1.4356e+7 
        9997.78      1.39093e+7 
        10012.8       1.3363e+7 
        10027.8      1.27205e+7 
        10039.4       1.2128e+7 
        10050.2      1.16687e+7 
        10064.3      1.22768e+7 
        10077.5      1.27788e+7 
        10090.8      1.31803e+7 
          10104      1.35204e+7 
        10117.3      1.37684e+7 
        10130.5      1.39739e+7 
        10143.8      1.41186e+7 
        10157.1      1.42507e+7 
        10170.3      1.43541e+7 
        10183.6      1.44216e+7 
        10196.8      1.44641e+7 
        10210.1      1.45018e+7 
          10236       1.4514e+7 
        10255.2      1.44865e+7 
        10274.3      1.44412e+7 
        10312.6      1.43127e+7 
          10351      1.41596e+7 
        10427.6      1.38281e+7 
        10504.3       1.3446e+7 
          10581      1.30941e+7 
        10619.3      1.28983e+7 
        10657.6      1.26896e+7 
        10695.9      1.24555e+7 
        10715.1      1.23248e+7 
        10734.3      1.21838e+7 
        10753.4      1.20277e+7 
        10772.6      1.18505e+7 
        10791.8      1.16498e+7 
        10810.9      1.14349e+7 
        10830.1      1.11817e+7 
        10849.3      1.08836e+7 
        10868.4      1.05353e+7 
        10887.6      1.01092e+7 
        10906.8      9.57916e+6 
        10921.1      9.09438e+6 
        10932.9       8.5817e+6 
        10942.9      8.54061e+6 
        10953.3       8.9492e+6 
        10963.6       9.2523e+6 
          10974      9.51057e+6 
        10984.3      9.72373e+6 
        10994.7      9.90689e+6 
          11005      1.00592e+7 
        11015.4        1.019e+7 
        11025.7      1.02929e+7 
        11036.1       1.0381e+7 
        11046.4      1.04568e+7 
        11056.8      1.05181e+7 
        11067.1      1.05656e+7 
        11077.5      1.06022e+7 
        11098.1      1.06574e+7 
        11118.8      1.06868e+7 
        11139.5      1.06913e+7 
        11160.2       1.0678e+7 
        11180.9      1.06522e+7 
        11222.3      1.05718e+7 
        11260.9      1.04744e+7 
        11299.5      1.03645e+7 
        11376.7      1.01297e+7 
        11453.8      9.90733e+6 
          11531      9.66756e+6 
        11608.2      9.43499e+6 
        11685.4      9.20936e+6 
        11762.5      8.99042e+6 
        11839.7      8.77796e+6 
        11916.9      8.57171e+6 
        11994.1      8.37146e+6 
        12071.2       8.1672e+6 
        12148.4      7.97572e+6 
        12166.5      7.93133e+6 
        12225.6       7.7881e+6 
        12284.6      7.64569e+6 
        12343.7      7.50269e+6 
        12402.7       7.3572e+6 
        12461.8      7.20537e+6 
        12520.8      7.04295e+6 
        12550.4      6.95341e+6 
        12579.9      6.85656e+6 
        12609.4      6.74949e+6 
          12639      6.62722e+6 
        12668.5      6.48327e+6 
        12683.2      6.40187e+6 
          12698      6.31203e+6 
        12712.8      6.21077e+6 
        12727.5      6.09692e+6 
        12742.3      5.96931e+6 
        12757.1      5.82209e+6 
        12771.8      5.65254e+6 
        12786.6      5.45585e+6 
        12797.7      5.28004e+6 
        12808.7      5.05391e+6 
        12818.9      4.69341e+6 
          12832       5.1201e+6 
        12845.1      5.31259e+6 
        12858.2      5.45833e+6 
        12877.9      5.62744e+6 
          12891      5.71509e+6 
        12904.1      5.78578e+6 
        12917.2      5.84289e+6 
        12930.3      5.88904e+6 
        12943.4      5.92501e+6 
        12956.5      5.95238e+6 
        12982.8      5.98775e+6 
          13009       6.0034e+6 
        13035.2       6.0034e+6 
        13061.4      5.99275e+6 
        13087.6      5.97412e+6 
        13113.8      5.95008e+6 
        13166.3      5.88923e+6 
        13218.7      5.81955e+6 
          13234      5.79825e+6 
        13271.2      5.74494e+6 
        13308.4       5.6904e+6 
        13382.7      5.57988e+6 
        13457.1      5.46939e+6 
        13531.5      5.36044e+6 
        13605.9      5.25365e+6 
        13680.3      5.15168e+6 
        13754.7      5.04926e+6 
        13829.1      4.94914e+6 
        13903.5      4.85147e+6 
        13977.9      4.75621e+6 
        14052.3      4.66303e+6 
        14126.7      4.57237e+6 
        14201.1       4.4839e+6 
        14218.8      4.46307e+6 
        14275.4      4.39776e+6 
        14332.1      4.33345e+6 
        14388.7      4.27018e+6 
          14433      4.22152e+6 
        14445.3       4.2081e+6 
        14457.6      4.19472e+6 
          14480      4.17062e+6 
        14531.6      4.11561e+6 
        14581.2      4.06359e+6 
        14597.2        4.047e+6 
        14613.2      4.03051e+6 
        14645.2      3.99774e+6 
        14709.2      3.93324e+6 
        14773.2         3.87e+6 
        14837.1      3.80808e+6 
        14901.1      3.74735e+6 
        14965.1      3.68785e+6 
        15029.1      3.62954e+6 
        15093.1      3.57237e+6 
        15157.1      3.51632e+6 
          15221      3.46134e+6 
          15285      3.40747e+6 
          15349      3.35466e+6 
          15413      3.30282e+6 
        15471.6      3.25626e+6 
        15482.4      3.24778e+6 
        15493.1      3.23948e+6 
        15514.7      3.22299e+6 
        15557.9      3.19035e+6 
        15644.2      3.12625e+6 
        15730.5      3.06377e+6 
        15816.8      3.00283e+6 
        15903.1      2.94341e+6 
        15989.4      2.88544e+6 
        16075.8      2.82889e+6 
        16162.1      2.77372e+6 
        16248.4      2.71989e+6 
        16289.9      2.69448e+6 
        16334.7      2.66737e+6 
        16379.5      2.64059e+6 
        16469.1      2.58956e+6 
        16558.8      2.53975e+6 
        16648.4      2.49112e+6 
          16738      2.44365e+6 
        16827.7       2.3973e+6 
        16917.3      2.35203e+6 
        17006.9      2.30783e+6 
        17096.6      2.26465e+6 
        17186.2      2.22248e+6 
        17275.8      2.18127e+6 
        17327.7      2.15787e+6 
        17365.5      2.14102e+6 
        17403.2      2.12433e+6 
        17478.8      2.09121e+6 
        17554.3      2.05872e+6 
        17629.9      2.02686e+6 
        17705.4      1.99561e+6 
          17781      1.96496e+6 
        17856.5      1.93489e+6 
        17932.1      1.90539e+6 
        18007.6      1.87224e+6 
        18083.2      1.84263e+6 
        18158.7      1.81309e+6 
        18234.3      1.78325e+6 
        18309.8       1.7525e+6 
        18343.7      1.73814e+6 
        18385.3      1.71981e+6 
          18427      1.70025e+6 
        18468.6      1.67867e+6 
        18510.2      1.65419e+6 
        18551.8      1.62539e+6 
        18572.6      1.60877e+6 
        18593.4      1.59029e+6 
        18614.2      1.56956e+6 
          18635      1.54599e+6 
        18655.8      1.51882e+6 
        18676.6      1.48736e+6 
          18687      1.46961e+6 
        18697.4      1.45034e+6 
        18707.8      1.42904e+6 
        18718.2      1.40524e+6 
        18728.6      1.37722e+6 
          18739      1.34096e+6 
        18749.1      1.25438e+6 
        18759.9      1.32041e+6 
          18775      1.36876e+6 
        18788.4      1.39572e+6 
        18801.9      1.41674e+6 
        18815.3      1.43398e+6 
        18828.7      1.44848e+6 
        18842.1      1.46055e+6 
        18855.5      1.47071e+6 
        18882.4      1.48584e+6 
        18909.2      1.49569e+6 
        18936.1      1.50162e+6 
        18962.9       1.5045e+6 
        18989.7      1.50497e+6 
        19043.4      1.50086e+6 
        19097.1      1.49246e+6 
        19150.8      1.48165e+6 
        19204.5      1.46947e+6 
        19258.1      1.45648e+6 
        19311.8      1.44301e+6 
        19365.5      1.42927e+6 
        19387.7      1.42355e+6 
        19419.2      1.41542e+6 
        19450.7      1.40729e+6 
        19513.6      1.39089e+6 
        19576.6      1.37658e+6 
        19639.6      1.35999e+6 
        19702.6      1.34365e+6 
        19765.5      1.32755e+6 
        19828.5      1.31169e+6 
        19891.5      1.29606e+6 
        19954.4      1.28067e+6 
        20017.4       1.2655e+6 
        20080.4      1.25055e+6 
        20143.3      1.23582e+6 
        20206.3      1.22131e+6 
        20269.3      1.20701e+6 
        20332.3      1.19292e+6 
        20395.2      1.17903e+6 
          20442      1.16885e+6 
        20458.2      1.16535e+6 
        20474.4      1.16186e+6 
        20506.8      1.15489e+6 
        20571.6      1.14111e+6 
        20636.3      1.12754e+6 
        20701.1      1.11417e+6 
        20765.9      1.10099e+6 
        20830.6      1.08801e+6 
        20895.4      1.07522e+6 
        20960.2      1.06261e+6 
          21025      1.05019e+6 
        21089.7      1.03795e+6 
        21154.5      1.02589e+6 
        21219.3        1.014e+6 
        21284.1      1.00229e+6 
        21348.8          990739 
        21413.6          979354 
        21478.4          968135 
        21543.1          957074 
        21585.2          949974 
        21607.9          946169 
        21630.6          942384 
          21676          934859 
        21766.8          920028 
        21857.6          905492 
        21948.4          891242 
        22039.2          877268 
          22130          863567 
        22220.8          850134 
        22311.6          836961 
        22402.4          824040 
        22493.2          811370 
        22584.1          798938 
        22674.9          786746 
        22744.5          777554 
        22765.7          774783 
        22784.8          772285 
        22800.8          770209 
        22816.8          768141 
        22848.8          764023 
        22912.8          755867 
        22976.8          747822 
        23040.8          739883 
        23104.8          732051 
        23168.7          724319 
        23232.7          716688 
        23296.7          709161 
        23360.7          701731 
        23424.7          694396 
        23488.6          687161 
        23552.6          680017 
        23616.6          672964 
        23680.6          666005 
        23744.6          659134 
        23808.6          652352 
        23872.5          645657 
        23936.5          639047 
        24000.5          632522 
        24064.5          626079 
        24128.5          619720 
        24192.5          613440 
        24256.4          607238 
        24320.4          601119 
        24384.4          595074 
        24448.4          589105 
        24512.4          583208 
        24576.3          577387 
        24640.3          571641 
        24704.3          565964 
        24768.3          560356 
        24832.3          554818 
        24896.3          549348 
        24960.2          543948 
        25004.4          540253 
        25024.2          538610 
          25044          536974 
        25083.6          533741 
        25162.8          527345 
        25241.9          521046 
        25321.1          514841 
        25400.2          508728 
        25479.4          502705 
        25558.5          496771 
        25637.7          490924 
        25716.9          485162 
          25796          479486 
        25875.2          473894 
        25954.3          468380 
        26033.5          462948 
        26112.7          457595 
        26191.8          452320 
          26271          447118 
        26350.1          441991 
        26429.3          436939 
        26508.4          431960 
        26587.6          427049 
        26666.8          422208 
        26745.9          417436 
        26825.1          412733 
        26904.2          408093 
        26983.4          403522 
        27062.6          399011 
        27141.7          394565 
        27220.9          390180 
        27299.2          385901 
        27377.5          381700 
        27455.8          377557 
        27534.2          373466 
        27612.5          369432 
        27690.8          365452 
        27769.1          361528 
        27847.5          357655 
        27925.8          353831 
        28004.1          350061 
        28082.4          346339 
        28160.8          342669 
        28239.1          339044 
        28317.4          335469 
        28395.7          331941 
          28474          328460 
        28552.4          325023 
        28630.7          321630 
          28709          318284 
        28787.3          314979 
        28865.7          311717 
          28944          308497 
        29022.3          305319 
        29100.6          302182 
          29179          299085 
        29257.3          296027 
        29335.6          293008 
        29413.9          290028 
        29492.3          287085 
        29570.6          284180 
        29648.9          281311 
        29727.2          278478 
        29805.5          275681 
        29883.9          272919 
        29932.6          271218 
        29962.2          270191 
        29991.8          269170 
