# Koester WD models
# teff = 13000 K (value for the effective temperature for the model. Temperatures are given in K)
# logg = 7 log(cm/s2) (value for Log(G) for the model.)
#
# column 1: WAVELENGTH (ANGSTROM), Wavelength in Angstrom
# column 2: FLUX (ERG/CM2/S/A), Flux in erg/cm2/s/A
         899.23         19732.3 
        909.241         23127.5 
        919.241          166029 
        929.253          219612 
        939.271          409789 
         949.28          123523 
        959.289      1.51506e+6 
        969.297          643078 
        979.305       1.2218e+6 
        989.312      3.44403e+6 
        999.319      9.66304e+6 
        1009.33      3.51321e+6 
        1019.33        1.376e+6 
        1029.34      1.27076e+6 
        1039.34      4.19745e+6 
        1049.35      1.66973e+7 
        1059.36      2.07432e+7 
        1069.36      1.46117e+8 
        1079.36      1.50599e+8 
        1089.37      8.38877e+8 
        1099.37      9.14967e+8 
        1109.38      8.74054e+8 
        1119.38      7.90422e+8 
        1129.38      7.01188e+8 
        1139.39       5.7532e+8 
        1149.39      4.25871e+8 
        1159.39      2.70898e+8 
        1169.39         1.37e+8 
         1179.4       5.0847e+7 
         1189.4      1.87166e+7 
         1199.4      9.60787e+6 
         1209.4      5.47209e+6 
        1219.41      5.22249e+6 
        1229.41      9.35547e+6 
        1239.41      2.31755e+7 
        1249.41      7.52735e+7 
        1259.41      1.90678e+8 
        1269.41      3.39594e+8 
        1279.42      4.83881e+8 
        1289.42      6.00958e+8 
        1299.42      6.90387e+8 
        1309.42      7.50149e+8 
        1319.42      8.03905e+8 
        1329.42      8.29164e+8 
        1339.42       8.3059e+8 
        1349.42      8.57878e+8 
        1359.42      8.83432e+8 
        1369.42      8.56593e+8 
        1379.42      7.69596e+8 
        1389.42      6.83359e+8 
        1399.42      6.96045e+8 
        1409.42      8.75081e+8 
        1419.42      9.82467e+8 
        1429.42      1.00179e+9 
        1439.42      9.98175e+8 
        1451.52      9.85879e+8 
        1464.42      9.70947e+8 
        1474.42      9.59502e+8 
        1489.42      9.44099e+8 
        1504.42      9.28114e+8 
        1514.42      9.17241e+8 
        1529.42      8.99447e+8 
        1544.42      8.78842e+8 
        1559.42       8.5986e+8 
        1570.19      8.45871e+8 
        1584.41      8.27087e+8 
        1599.41      8.12353e+8 
        1614.41      8.02711e+8 
        1629.41      7.94726e+8 
        1644.41       7.8509e+8 
        1659.41      7.73391e+8 
        1670.17      7.64309e+8 
         1684.4      7.52132e+8 
         1699.4      7.39399e+8 
         1714.4      7.26848e+8 
         1729.4      7.14533e+8 
         1744.4       7.0247e+8 
        1759.39      6.90667e+8 
         1771.7      6.81204e+8 
        1784.39      6.71647e+8 
        1799.39      6.60583e+8 
           1824      6.42958e+8 
        1834.77      6.35456e+8 
        1845.54      6.28092e+8 
           1864      6.15771e+8 
        1876.29      6.07769e+8 
        1888.59      5.99931e+8 
        1906.98      5.88483e+8 
        1919.37       5.8095e+8 
        1931.76      5.73573e+8 
        1944.47      5.66146e+8 
        1956.53      5.59229e+8 
         1967.6      5.52983e+8 
        1992.71      5.39214e+8 
        2017.81      5.25956e+8 
        2067.03      5.01295e+8 
         2116.2      4.78386e+8 
           2129      4.72678e+8 
         2141.8      4.67076e+8 
        2165.47      4.56967e+8 
        2210.96      4.38428e+8 
        2225.91      4.32588e+8 
        2240.86      4.26867e+8 
        2263.91      4.18262e+8 
        2306.93      4.02909e+8 
        2319.34      3.98643e+8 
        2331.75      3.94446e+8 
        2350.78      3.88137e+8 
        2362.35      3.84377e+8 
        2373.93       3.8067e+8 
        2384.89      3.77208e+8 
        2397.08      3.73403e+8 
        2409.27      3.69659e+8 
        2433.66      3.62332e+8 
        2451.59      3.57077e+8 
        2466.76      3.52725e+8 
        2488.39      3.46653e+8 
        2510.01      3.40756e+8 
         2547.3      3.30898e+8 
        2559.23      3.27831e+8 
        2571.17      3.24812e+8 
        2595.04      3.18894e+8 
        2627.89      3.11004e+8 
        2642.78      3.07521e+8 
        2657.67      3.04096e+8 
        2687.45      2.97419e+8 
        2737.93      2.86571e+8 
        2756.11        2.828e+8 
        2766.75       2.8063e+8 
        2810.65      2.71926e+8 
        2854.55      2.63604e+8 
        2898.45      2.55652e+8 
        2931.71      2.49849e+8 
        2942.34      2.48031e+8 
        2952.98       2.4623e+8 
        2974.26      2.42692e+8 
        3016.81      2.35824e+8 
        3051.42      2.30437e+8 
        3091.41      2.24432e+8 
        3120.64      2.20179e+8 
        3149.86      2.16036e+8 
        3168.31      2.13477e+8 
         3208.3      2.08068e+8 
        3248.29      2.02844e+8 
        3309.83       1.9515e+8 
        3322.09      1.93665e+8 
        3346.73      1.90723e+8 
        3383.63      1.86438e+8 
        3445.17      1.79569e+8 
        3469.81      1.76914e+8 
        3495.92      1.74154e+8 
        3506.71       1.7303e+8 
         3543.6      1.69253e+8 
        3591.28      1.64533e+8 
        3635.88      1.60266e+8 
        3647.12      1.59212e+8 
        3658.96      1.58104e+8 
        3671.11      1.56957e+8 
        3682.58      1.55878e+8 
         3693.5      1.54892e+8 
        3703.57      1.54005e+8 
        3713.83      1.53361e+8 
        3724.38      1.52766e+8 
        3734.43      1.50159e+8 
        3744.65      1.52109e+8 
        3754.84      1.52594e+8 
        3765.23      1.49617e+8 
         3775.5       1.5025e+8 
        3785.73      1.58915e+8 
        3795.99      1.29576e+8 
        3806.35      1.55929e+8 
        3816.64      1.70232e+8 
         3826.8      1.46914e+8 
        3836.98      1.12735e+8 
        3847.23      1.61978e+8 
        3858.09      1.86947e+8 
        3868.74      1.80045e+8 
        3878.82      1.44724e+8 
        3888.84      9.18391e+7 
        3898.89      1.42821e+8 
        3909.74      1.86405e+8 
        3919.95      2.07722e+8 
         3930.9      2.12217e+8 
         3941.6      1.99027e+8 
        3951.72       1.6878e+8 
        3962.28       1.2378e+8 
        3972.45      9.65653e+7 
        3983.56      1.48184e+8 
        3993.85      1.85693e+8 
        4003.87      2.12955e+8 
         4015.8      2.28114e+8 
        4028.86      2.33314e+8 
        4039.49      2.32709e+8 
        4050.11      2.27223e+8 
        4061.39      2.12666e+8 
        4073.85      1.83838e+8 
        4083.99      1.52336e+8 
        4095.34      1.08081e+8 
        4105.79      9.75395e+7 
        4116.22      1.38865e+8 
        4126.69      1.71645e+8 
        4136.91      1.96724e+8 
        4148.83      2.16545e+8 
        4159.58      2.25492e+8 
        4173.82      2.29707e+8 
        4188.82      2.30699e+8 
        4203.81      2.30057e+8 
        4216.52      2.28733e+8 
        4228.81      2.26898e+8 
        4243.81      2.23799e+8 
         4258.8      2.18736e+8 
         4273.8      2.09808e+8 
        4286.29      1.97835e+8 
        4298.79      1.81347e+8 
        4311.29      1.58653e+8 
         4323.5      1.28754e+8 
        4333.66      9.74943e+7 
        4344.02      8.57184e+7 
        4354.34      1.18484e+8 
        4366.07      1.47048e+8 
        4377.98      1.67676e+8 
        4388.77      1.80827e+8 
        4403.76      1.92135e+8 
        4418.76      1.97721e+8 
        4433.75      1.99283e+8 
        4448.75      1.98827e+8 
        4463.75      1.97702e+8 
        4478.74       1.9625e+8 
        4493.74       1.9463e+8 
        4508.73      1.92913e+8 
        4523.35      1.91184e+8 
        4533.35       1.8998e+8 
        4543.73      1.88719e+8 
        4558.72      1.86885e+8 
        4573.72      1.85031e+8 
        4588.71      1.83175e+8 
        4600.89      1.81665e+8 
        4613.71      1.80089e+8 
         4628.7      1.78226e+8 
         4643.7      1.76343e+8 
        4658.69      1.74438e+8 
        4673.69      1.72491e+8 
        4688.69      1.70482e+8 
        4703.68      1.68349e+8 
         4715.6      1.66528e+8 
        4728.68       1.6434e+8 
        4743.67       1.6145e+8 
        4758.67      1.57917e+8 
        4773.66       1.5345e+8 
        4788.66        1.476e+8 
        4803.66      1.39209e+8 
        4818.65      1.27367e+8 
        4831.15      1.13808e+8 
        4842.32      9.80645e+7 
        4853.38      7.84861e+7 
        4863.38      6.48258e+7 
        4874.75      8.77635e+7 
        4886.05      1.04136e+8 
        4896.13      1.15216e+8 
        4908.63      1.24974e+8 
         4921.7      1.31559e+8 
        4933.62      1.35303e+8 
        4948.62      1.37783e+8 
        4963.61      1.38864e+8 
        4978.61      1.39059e+8 
        4993.61      1.38682e+8 
         5008.6      1.37962e+8 
         5023.6      1.37039e+8 
        5038.59       1.3599e+8 
        5053.59       1.3487e+8 
        5068.59      1.33712e+8 
        5083.58      1.32533e+8 
        5098.58      1.31344e+8 
        5113.57      1.30152e+8 
        5128.57      1.28964e+8 
        5143.57      1.27783e+8 
        5158.56      1.26611e+8 
        5173.56      1.25448e+8 
        5188.55      1.24295e+8 
        5203.55      1.23154e+8 
        5218.55      1.22023e+8 
        5233.54      1.20905e+8 
        5248.54      1.19797e+8 
        5263.53      1.18702e+8 
        5278.53      1.17619e+8 
        5293.52      1.16546e+8 
        5308.52      1.15487e+8 
        5323.52      1.14438e+8 
        5338.51      1.13401e+8 
        5353.51      1.12375e+8 
        5368.51      1.11384e+8 
         5383.5      1.10379e+8 
         5398.5      1.09385e+8 
        5413.49      1.08402e+8 
        5428.49      1.07431e+8 
        5443.48       1.0647e+8 
        5458.48       1.0552e+8 
        5473.48      1.04581e+8 
        5488.47      1.03652e+8 
        5503.47      1.02733e+8 
        5518.47      1.01825e+8 
        5533.46      1.00927e+8 
        5548.46       1.0004e+8 
        5563.45      9.91619e+7 
        5578.45      9.82935e+7 
        5593.44      9.74349e+7 
        5608.44      9.65858e+7 
        5623.44      9.57463e+7 
        5638.43      9.49157e+7 
        5653.43      9.40942e+7 
        5668.43      9.32817e+7 
        5682.86      9.25077e+7 
        5693.42      9.19472e+7 
        5704.77       9.1349e+7 
        5715.23      9.08018e+7 
        5728.41      9.01191e+7 
         5743.4        8.935e+7 
         5758.4      8.85891e+7 
         5773.4      8.78188e+7 
        5788.39      8.70736e+7 
        5803.39      8.63369e+7 
        5818.39      8.56078e+7 
        5833.38      8.48865e+7 
        5848.38      8.41727e+7 
        5863.37      8.34665e+7 
        5878.37      8.27675e+7 
        5893.36      8.20757e+7 
        5908.36      8.13911e+7 
        5923.36      8.07135e+7 
        5938.35      8.00428e+7 
        5953.35      7.93786e+7 
        5968.34      7.87214e+7 
        5983.34      7.80708e+7 
        5998.34      7.74264e+7 
        6013.33      7.67887e+7 
        6028.33      7.61569e+7 
        6043.32      7.55314e+7 
        6058.32      7.49119e+7 
        6073.32      7.42984e+7 
        6088.31      7.36905e+7 
        6103.31      7.30882e+7 
         6118.3      7.24913e+7 
         6133.3      7.18994e+7 
         6148.3      7.13129e+7 
        6163.29      7.07311e+7 
        6178.29      7.01536e+7 
        6193.28      6.95803e+7 
        6208.28      6.90117e+7 
        6223.28      6.84462e+7 
        6238.27      6.78835e+7 
        6252.16      6.73645e+7 
        6262.16      6.69923e+7 
        6273.26      6.65791e+7 
        6284.63      6.61563e+7 
        6295.99      6.57331e+7 
        6306.09      6.53574e+7 
        6316.22      6.49785e+7 
        6328.25      6.45261e+7 
        6343.24      6.39597e+7 
        6358.24      6.33857e+7 
        6373.23      6.27976e+7 
        6388.23      6.21885e+7 
        6403.23      6.15473e+7 
        6418.22       6.0858e+7 
        6433.22      6.00952e+7 
        6448.22      5.92196e+7 
        6463.21      5.81785e+7 
        6478.21      5.68936e+7 
         6493.2       5.5227e+7 
         6508.2      5.29487e+7 
        6523.19      4.97267e+7 
        6537.09      4.55123e+7 
        6548.06       4.1044e+7 
        6558.19      3.54557e+7 
        6569.28      3.64997e+7 
        6579.79      4.15011e+7 
        6590.04      4.50178e+7 
        6603.34      4.82269e+7 
        6613.66      4.99133e+7 
        6623.98       5.1081e+7 
         6634.3      5.18661e+7 
        6649.78      5.25453e+7 
         6660.1      5.27778e+7 
        6670.42       5.2889e+7 
        6680.74      5.29132e+7 
        6691.06      5.28667e+7 
        6701.39       5.2769e+7 
        6711.48      5.26377e+7 
        6731.66      5.23031e+7 
        6751.84      5.19079e+7 
        6772.02      5.14785e+7 
        6799.98      5.08539e+7 
        6812.38      5.05721e+7 
        6824.78      5.02875e+7 
        6849.58      4.97157e+7 
        6899.18      4.85712e+7 
        6998.37      4.63353e+7 
           7086      4.44485e+7 
        7097.57       4.4206e+7 
        7109.15       4.3965e+7 
         7132.3      4.34878e+7 
         7178.6      4.25526e+7 
        7271.19      4.07543e+7 
        7334.07      3.95869e+7 
        7363.79      3.90522e+7 
        7393.51      3.85238e+7 
        7452.96       3.7494e+7 
         7512.4       3.6499e+7 
        7571.84      3.55368e+7 
        7584.68      3.53332e+7 
        7631.28      3.46062e+7 
        7677.88      3.38978e+7 
        7771.08      3.25359e+7 
        7864.28      3.12419e+7 
        7952.71      3.00732e+7 
        7971.79      2.98283e+7 
        7990.87      2.95859e+7 
        8029.04      2.91086e+7 
        8082.55      2.84554e+7 
        8136.06      2.78206e+7 
         8176.3       2.7355e+7 
        8189.57      2.72035e+7 
        8200.85      2.70757e+7 
        8216.85      2.68957e+7 
        8232.84      2.67172e+7 
        8264.83      2.63646e+7 
        8289.72      2.60944e+7 
        8328.82      2.56761e+7 
        8343.44      2.55219e+7 
        8367.92      2.52651e+7 
        8388.68      2.50568e+7 
        8408.65      2.48579e+7 
        8432.02      2.46263e+7 
        8467.25      2.42763e+7 
        8502.48      2.39278e+7 
        8516.58       2.3792e+7 
        8530.98      2.36474e+7 
        8545.38       2.3528e+7 
        8574.18      2.33022e+7 
        8598.39       2.3079e+7 
         8628.6      2.28638e+7 
        8646.81      2.26797e+7 
        8665.01      2.24738e+7 
        8683.22        2.239e+7 
        8701.43      2.22687e+7 
        8719.64      2.20614e+7 
        8737.85      2.17867e+7 
        8750.47       2.1591e+7 
        8763.09       2.1592e+7 
        8775.71      2.15933e+7 
        8788.34      2.15515e+7 
        8800.96      2.14566e+7 
        8811.81      2.13331e+7 
        8825.96      2.11314e+7 
        8840.11      2.08575e+7 
        8854.26      2.05148e+7 
        8867.04      2.03585e+7 
        8879.83      2.05281e+7 
        8896.88      2.06756e+7 
        8913.93      2.07138e+7 
        8930.98      2.06347e+7 
        8948.03      2.04477e+7 
        8965.08      2.01408e+7 
        8982.13      1.96943e+7 
        8999.18      1.91086e+7 
         9011.3      1.86394e+7 
        9022.11      1.86949e+7 
        9034.73      1.90379e+7 
        9049.14      1.93683e+7 
        9063.56      1.95872e+7 
        9077.97      1.97149e+7 
        9092.38      1.97575e+7 
        9114.38      1.96719e+7 
        9129.05      1.95324e+7 
        9143.72      1.93274e+7 
        9158.38      1.90207e+7 
        9173.05      1.86436e+7 
        9187.72      1.81286e+7 
        9202.38      1.75036e+7 
        9217.05      1.67349e+7 
        9227.51      1.61717e+7 
        9237.98      1.64679e+7 
        9249.94      1.69919e+7 
         9261.9      1.74227e+7 
        9273.86      1.77626e+7 
         9291.8      1.81346e+7 
        9303.76      1.83042e+7 
        9315.72      1.84231e+7 
        9327.68      1.84783e+7 
        9339.64      1.84983e+7 
         9351.6      1.84919e+7 
        9363.56      1.84597e+7 
        9384.08      1.83617e+7 
        9404.61      1.81959e+7 
        9425.14      1.79776e+7 
         9435.4       1.7836e+7 
        9445.67      1.76708e+7 
        9455.93      1.74757e+7 
        9466.19      1.72507e+7 
        9476.46      1.69694e+7 
        9486.72      1.66473e+7 
        9496.99      1.62449e+7 
        9507.25      1.57501e+7 
        9517.51      1.51468e+7 
        9527.78      1.44808e+7 
        9538.04      1.37774e+7 
        9548.44      1.33517e+7 
        9561.32      1.41528e+7 
        9577.16      1.50042e+7 
        9593.01      1.56702e+7 
        9608.86      1.60987e+7 
        9624.71      1.63731e+7 
        9640.56      1.65342e+7 
         9660.2       1.6643e+7 
         9676.7      1.66669e+7 
        9693.19      1.66479e+7 
        9709.69      1.66108e+7 
        9726.19       1.6552e+7 
        9759.18      1.63996e+7 
        9792.17       1.6219e+7 
        9825.17      1.60118e+7 
        9841.66       1.5895e+7 
        9858.16      1.57919e+7 
        9874.66      1.56412e+7 
        9891.15       1.5467e+7 
        9907.65      1.52642e+7 
        9924.15      1.50343e+7 
        9938.48      1.47931e+7 
        9952.82      1.45198e+7 
        9967.16      1.42114e+7 
        9981.49      1.38278e+7 
        9995.83      1.33892e+7 
        10010.2      1.28367e+7 
        10024.5      1.21736e+7 
        10038.8      1.13341e+7 
        10049.4      1.06422e+7 
        10062.5      1.14072e+7 
          10073      1.19332e+7 
        10083.6      1.23522e+7 
        10094.1      1.26842e+7 
        10104.6      1.29738e+7 
        10115.1        1.319e+7 
        10125.7       1.3376e+7 
        10136.2      1.35155e+7 
        10146.7       1.3624e+7 
        10157.2      1.37106e+7 
        10167.8      1.37865e+7 
        10178.3      1.38374e+7 
        10188.8      1.38693e+7 
        10199.3      1.38889e+7 
        10220.4      1.38996e+7 
        10237.2      1.38797e+7 
          10254      1.38413e+7 
        10287.6      1.37339e+7 
        10321.2      1.36044e+7 
        10388.4       1.3321e+7 
        10455.6      1.30113e+7 
        10522.8      1.27144e+7 
          10590      1.24219e+7 
        10657.3      1.21037e+7 
        10690.9      1.19289e+7 
        10724.5      1.17338e+7 
        10758.1      1.15036e+7 
        10774.9      1.13694e+7 
        10791.7      1.12205e+7 
        10808.5      1.10565e+7 
        10825.3      1.08637e+7 
        10842.1       1.0636e+7 
        10858.9      1.03664e+7 
        10875.7      1.00324e+7 
        10892.5      9.61949e+6 
        10909.3      9.10914e+6 
        10921.9      8.63099e+6 
        10932.4      8.10713e+6 
        10943.6      8.07474e+6 
          10954      8.54051e+6 
        10965.9      8.92668e+6 
        10977.7      9.23201e+6 
        10989.6       9.4785e+6 
        11001.5      9.67271e+6 
        11019.2      9.89297e+6 
        11031.1      9.99605e+6 
          11043      1.00773e+7 
        11054.8      1.01389e+7 
        11066.7      1.01826e+7 
        11078.5      1.02116e+7 
        11102.3      1.02413e+7 
          11126       1.0243e+7 
        11149.7      1.02199e+7 
        11173.4      1.01799e+7 
        11220.9      1.00715e+7 
        11260.9      9.96284e+6 
          11341      9.72747e+6 
        11421.1      9.48858e+6 
        11501.2      9.26032e+6 
        11581.4      9.02903e+6 
        11661.5      8.80491e+6 
        11741.6      8.58773e+6 
        11821.7      8.37721e+6 
        11901.8       8.1731e+6 
        11981.9      7.97518e+6 
          12062      7.77786e+6 
        12142.1      7.59015e+6 
        12159.9      7.54922e+6 
        12222.3      7.40693e+6 
        12284.6       7.2666e+6 
          12347      7.12708e+6 
        12409.4      6.98693e+6 
        12471.8       6.8433e+6 
        12534.1      6.69034e+6 
        12565.3      6.60696e+6 
        12596.5      6.51623e+6 
        12627.7       6.4135e+6 
        12658.9      6.29248e+6 
        12674.5      6.22246e+6 
        12690.1      6.14401e+6 
        12705.7       6.0541e+6 
        12721.3      5.95015e+6 
        12736.8      5.82875e+6 
        12752.4      5.68477e+6 
          12768      5.51346e+6 
        12783.6      5.30618e+6 
        12799.2      5.04512e+6 
        12810.9      4.77849e+6 
        12821.6       4.6412e+6 
          12832        4.911e+6 
          12848      5.15626e+6 
        12860.8      5.30021e+6 
          12880      5.46389e+6 
        12892.8      5.54504e+6 
        12905.6      5.60869e+6 
        12918.4      5.65779e+6 
        12931.2      5.69505e+6 
          12944      5.72247e+6 
        12956.8      5.74167e+6 
        12969.6      5.75433e+6 
        12982.4      5.76168e+6 
          13008      5.76429e+6 
        13033.6      5.75442e+6 
        13059.1      5.73598e+6 
        13110.3      5.68377e+6 
        13161.5      5.61962e+6 
        13212.7      5.54959e+6 
        13263.9      5.47699e+6 
        13308.4      5.41306e+6 
        13397.3      5.28529e+6 
        13486.2      5.15941e+6 
        13575.1      5.03651e+6 
          13664      4.91838e+6 
        13752.9      4.80174e+6 
        13841.8      4.68854e+6 
        13930.7      4.57865e+6 
        14019.6      4.47196e+6 
        14108.6      4.36838e+6 
        14197.5      4.26779e+6 
        14240.7      4.21994e+6 
        14286.4      4.17006e+6 
        14332.1      4.12095e+6 
        14389.3      4.06045e+6 
        14423.5      4.02479e+6 
        14457.6      3.98954e+6 
        14468.8       3.9781e+6 
          14526       3.9202e+6 
        14581.2      3.86532e+6 
        14597.2      3.84961e+6 
        14613.2        3.834e+6 
        14645.2      3.80302e+6 
        14709.2      3.74198e+6 
        14773.2      3.68217e+6 
        14837.1      3.62351e+6 
        14901.1      3.56605e+6 
        14965.1      3.50972e+6 
        15029.1       3.4545e+6 
        15093.1      3.40037e+6 
        15157.1      3.34727e+6 
          15221      3.29525e+6 
          15285       3.2442e+6 
          15349      3.19415e+6 
          15413      3.14505e+6 
        15471.6      3.10094e+6 
        15482.4       3.0929e+6 
        15493.1      3.08519e+6 
        15514.7      3.06983e+6 
        15557.9       3.0394e+6 
        15644.2      2.97967e+6 
        15730.5      2.92138e+6 
        15816.8      2.86451e+6 
        15903.1      2.80901e+6 
        15989.4      2.75484e+6 
        16075.8      2.70197e+6 
        16162.1      2.65035e+6 
        16248.4      2.59996e+6 
        16289.9      2.57616e+6 
        16334.7      2.55075e+6 
        16379.5      2.52566e+6 
        16469.1      2.47761e+6 
        16558.8      2.43069e+6 
        16648.4      2.38487e+6 
          16738      2.34011e+6 
        16827.7      2.29639e+6 
        16917.3      2.25368e+6 
        17006.9      2.21195e+6 
        17096.6      2.17118e+6 
        17186.2      2.13133e+6 
        17275.8      2.09239e+6 
        17327.7      2.07026e+6 
        17365.5      2.05433e+6 
        17403.2      2.03854e+6 
        17478.8      2.00666e+6 
        17554.3       1.9754e+6 
        17629.9      1.94474e+6 
        17705.4      1.91466e+6 
          17781      1.88516e+6 
        17856.5      1.85622e+6 
        17932.1      1.82783e+6 
        18007.6      1.79729e+6 
        18083.2      1.76916e+6 
        18158.7      1.74124e+6 
        18234.3      1.71325e+6 
        18309.8      1.68477e+6 
        18343.7      1.67163e+6 
        18385.3      1.65501e+6 
          18427       1.6375e+6 
        18468.6      1.61837e+6 
        18510.2      1.59684e+6 
        18551.8      1.57148e+6 
        18572.6      1.55676e+6 
        18593.4       1.5402e+6 
        18614.2      1.52131e+6 
          18635      1.49936e+6 
        18655.8      1.47344e+6 
        18676.6      1.44251e+6 
          18687      1.42468e+6 
        18697.4      1.40505e+6 
        18707.8       1.3831e+6 
        18718.2      1.35842e+6 
        18728.6      1.32976e+6 
          18739      1.29356e+6 
        18749.1      1.21361e+6 
        18759.9      1.27408e+6 
        18771.7      1.31339e+6 
        18785.1       1.3436e+6 
        18805.2      1.37704e+6 
        18818.6      1.39413e+6 
          18832      1.40814e+6 
        18845.5      1.41948e+6 
        18858.9      1.42865e+6 
        18872.3      1.43587e+6 
        18899.2      1.44579e+6 
          18926       1.4511e+6 
        18952.8      1.45317e+6 
        18979.7      1.45283e+6 
        19006.5       1.4507e+6 
        19033.4      1.44724e+6 
          19087      1.43774e+6 
        19140.7      1.42623e+6 
        19194.4      1.41366e+6 
        19248.1      1.40052e+6 
        19301.8      1.38707e+6 
        19355.4      1.37348e+6 
        19367.6       1.3704e+6 
        19409.1      1.35986e+6 
        19450.7      1.34934e+6 
        19533.8      1.32828e+6 
        19616.9      1.30855e+6 
          19700      1.28778e+6 
        19783.1      1.26743e+6 
        19866.2      1.24747e+6 
        19949.3       1.2279e+6 
        20032.4      1.20872e+6 
        20115.5       1.1899e+6 
        20198.6      1.17145e+6 
        20281.7      1.15336e+6 
        20364.8      1.13561e+6 
        20421.4      1.12372e+6 
        20447.9       1.1182e+6 
        20474.4      1.11271e+6 
        20527.4      1.10182e+6 
        20580.4      1.09106e+6 
        20633.5      1.08043e+6 
        20686.5      1.06992e+6 
        20739.5      1.05955e+6 
        20792.5       1.0493e+6 
        20845.5      1.03917e+6 
        20898.5      1.02916e+6 
        20951.6      1.01928e+6 
        21004.6      1.00951e+6 
        21057.6          999862 
        21110.6          990324 
        21163.6          980903 
        21216.7          971594 
        21269.7          962392 
        21322.7          953301 
        21375.7          944316 
        21428.7          935437 
        21481.8          926663 
        21534.8          917989 
          21545          916333 
        21587.8          909419 
        21630.6          902567 
        21716.3          889042 
        21801.9          875772 
        21887.6          862750 
        21973.2          849967 
        22058.9          837420 
        22144.5          825102 
        22230.2          813010 
        22315.8          801141 
        22401.5          789485 
        22487.2          778041 
        22572.8          766803 
        22658.5          755770 
        22701.4          750313 
        22744.1          744931 
        22784.8          739845 
        22800.8          737860 
        22816.8          735884 
        22848.8          731947 
        22912.8          724153 
        22976.8          716462 
        23040.8          708872 
        23104.8          701386 
        23168.7          693997 
        23232.7          686702 
        23296.7          679508 
        23360.7          672404 
        23424.7          665392 
        23488.6          658475 
        23552.6          651645 
        23616.6          644906 
        23680.6          638252 
        23744.6          631683 
        23808.6          625199 
        23872.5          618800 
        23936.5          612479 
        24000.5          606243 
        24064.5          600082 
        24128.5          594000 
        24192.5          587996 
        24256.4          582068 
        24320.4          576212 
        24384.4          570432 
        24448.4          564723 
        24512.4          559087 
        24576.3          553520 
        24640.3          548023 
        24704.3          542591 
        24768.3          537228 
        24832.3          531931 
        24896.3          526701 
        24960.2          521533 
        25004.4          518002 
        25024.2          516431 
          25044          514863 
        25083.6          511784 
        25162.8          505693 
        25241.9          499692 
        25321.1          493780 
        25400.2          487955 
        25479.4          482216 
        25558.5          476561 
        25637.7          470991 
        25716.9          465499 
          25796          460086 
        25875.2          454755 
        25954.3          449499 
        26033.5          444322 
        26112.7          439217 
        26191.8          434184 
          26271          429223 
        26350.1          424335 
        26429.3          419516 
        26508.4          414762 
        26587.6          410078 
        26666.8          405460 
        26745.9          400908 
        26825.1          396419 
        26904.2          391989 
        26983.4          387625 
        27062.6          383321 
        27141.7          379074 
        27220.9          374889 
        27299.2          370805 
        27377.5          366778 
        27455.8          362807 
        27534.2          358889 
        27612.5          355025 
        27690.8          351211 
        27769.1          347451 
        27847.5          343737 
        27925.8          340074 
        28004.1          336461 
        28082.4          332896 
        28160.8          329377 
        28239.1          325903 
        28317.4          322475 
        28395.7          319092 
          28474          315755 
        28552.4          312460 
        28630.7          309208 
          28709          305998 
        28787.3          302829 
        28865.7          299702 
          28944          296614 
        29022.3          293566 
        29100.6          290574 
          29179          287587 
        29257.3          284654 
        29335.6          281759 
        29413.9          278900 
        29492.3          276078 
        29570.6          273291 
        29648.9          270539 
        29727.2          267821 
        29805.5          265137 
        29883.9          262487 
        29932.6          260855 
        29962.2          259870 
        29991.8          258890 
