# Koester WD models
# teff = 13000 K (value for the effective temperature for the model. Temperatures are given in K)
# logg = 8.5 log(cm/s2) (value for Log(G) for the model.)
#
# column 1: WAVELENGTH (ANGSTROM), Wavelength in Angstrom
# column 2: FLUX (ERG/CM2/S/A), Flux in erg/cm2/s/A
         899.23         27860.7 
        909.241         32415.9 
        919.241          137432 
        929.257          193693 
        939.271          448723 
         949.28         93663.4 
        959.289      1.48206e+6 
        969.297          721863 
        979.305      1.34586e+6 
        989.312      3.00909e+6 
        999.319      5.61792e+6 
        1009.33      3.21806e+6 
        1019.33      1.56391e+6 
        1029.34      1.43279e+6 
        1039.34      3.93437e+6 
        1049.35      9.18702e+6 
        1059.36      1.06452e+7 
        1069.36      2.66895e+7 
        1079.36      2.84431e+7 
        1089.37      1.28857e+8 
        1099.37      1.57805e+8 
        1109.38      1.51756e+8 
        1119.38      1.34415e+8 
        1129.38       1.1766e+8 
        1139.39        9.632e+7 
        1149.39      7.43288e+7 
        1159.39      5.42886e+7 
        1169.39      3.69586e+7 
         1179.4      2.24001e+7 
         1189.4      1.38542e+7 
         1199.4      9.40923e+6 
         1209.4      6.06607e+6 
        1219.41      5.72131e+6 
        1229.41      9.82417e+6 
        1239.41      1.87773e+7 
        1249.41      3.38478e+7 
        1259.41      5.45516e+7 
        1269.41      8.30954e+7 
        1279.42      1.18904e+8 
        1289.42      1.57682e+8 
        1299.42      1.99001e+8 
        1309.42      2.34546e+8 
        1319.42      2.78389e+8 
        1329.42      3.06243e+8 
        1339.42      3.18671e+8 
        1349.42       3.5893e+8 
        1359.42      3.98049e+8 
        1369.42      3.79523e+8 
        1379.42      3.12158e+8 
        1389.42       2.6068e+8 
        1399.42      2.75982e+8 
        1409.42       4.6511e+8 
        1419.42      6.97553e+8 
        1429.42       7.8804e+8 
        1439.42      8.10204e+8 
        1451.88      8.11407e+8 
        1464.42      8.07622e+8 
        1474.42      8.08517e+8 
        1489.42      8.16673e+8 
        1504.42      8.17238e+8 
        1514.42      8.14907e+8 
        1529.42      7.92702e+8 
        1544.42      7.53875e+8 
        1559.42      7.24919e+8 
        1570.19      6.99275e+8 
        1581.91      6.70444e+8 
        1594.41      6.58434e+8 
        1604.41      6.67921e+8 
        1619.41      7.03129e+8 
        1634.41       7.4009e+8 
        1649.41      7.61334e+8 
        1664.41       7.6626e+8 
        1676.33      7.64126e+8 
         1689.4      7.59301e+8 
         1704.4      7.52192e+8 
         1719.4      7.44331e+8 
         1734.4      7.36201e+8 
        1749.39      7.28014e+8 
        1764.39      7.19786e+8 
        1775.55      7.13732e+8 
        1789.39      7.06334e+8 
        1809.39      6.95759e+8 
           1824      6.88138e+8 
        1834.77      6.82596e+8 
        1845.54      6.77095e+8 
           1864      6.67859e+8 
        1876.29      6.61792e+8 
        1888.59      6.55823e+8 
        1906.98       6.4703e+8 
        1919.37      6.41205e+8 
        1931.76      6.35488e+8 
        1944.47      6.29707e+8 
        1956.53      6.24231e+8 
         1967.6      6.19261e+8 
        1992.71      6.08184e+8 
        2017.81      5.97393e+8 
        2067.03      5.76837e+8 
        2116.25      5.57121e+8 
        2165.47      5.38117e+8 
         2214.7      5.19795e+8 
        2263.91      5.02224e+8 
        2313.13      4.85326e+8 
        2362.35      4.68977e+8 
        2409.27      4.53941e+8 
        2451.59      4.40831e+8 
        2466.76      4.36238e+8 
        2488.39      4.29776e+8 
        2510.01      4.23493e+8 
         2547.3      4.12746e+8 
        2559.23      4.09368e+8 
        2571.17      4.06026e+8 
        2595.04      3.99425e+8 
        2627.89      3.90522e+8 
        2642.78       3.8656e+8 
        2657.67      3.82643e+8 
        2687.45      3.74946e+8 
        2737.93      3.62304e+8 
        2756.11      3.57865e+8 
        2766.75      3.55295e+8 
        2810.65      3.44887e+8 
        2854.55      3.34812e+8 
        2931.71      3.17895e+8 
        2942.34      3.15639e+8 
        2952.98        3.134e+8 
        2974.26       3.0898e+8 
        3016.81      3.00344e+8 
        3051.42      2.93519e+8 
        3091.41      2.85859e+8 
        3120.64      2.80403e+8 
        3149.86      2.75065e+8 
        3168.31      2.71757e+8 
         3208.3      2.64743e+8 
        3248.29      2.57949e+8 
        3309.83      2.47922e+8 
        3322.09      2.45979e+8 
        3346.73      2.42124e+8 
        3383.63      2.36492e+8 
        3445.17      2.27434e+8 
        3469.81      2.23917e+8 
        3495.92      2.20258e+8 
        3506.71      2.18766e+8 
         3543.6      2.13747e+8 
        3591.28      2.07453e+8 
        3635.88      2.01745e+8 
        3647.12      2.00338e+8 
        3658.96      1.98863e+8 
        3671.11      1.97335e+8 
        3682.58      1.95917e+8 
         3693.5      1.94571e+8 
        3703.57      1.93336e+8 
        3713.83      1.92097e+8 
        3724.38      1.90855e+8 
        3734.43      1.89603e+8 
        3744.62      1.88565e+8 
        3754.84      1.87587e+8 
        3765.07      1.86084e+8 
         3775.5      1.85423e+8 
        3786.22      1.85099e+8 
        3796.45       1.7984e+8 
        3807.84      1.84639e+8 
        3818.92      1.84558e+8 
        3830.45      1.73844e+8 
        3840.76      1.75001e+8 
        3851.98      1.86734e+8 
        3862.01       1.8816e+8 
        3872.59        1.795e+8 
         3884.4      1.56028e+8 
        3894.46      1.58282e+8 
        3906.64      1.83725e+8 
        3917.15      1.94535e+8 
        3928.22      1.96736e+8 
        3938.89      1.90835e+8 
        3950.65      1.73039e+8 
        3962.28      1.41628e+8 
        3972.79      1.23434e+8 
        3982.85      1.56218e+8 
        3993.25      1.80407e+8 
        4003.87      1.96696e+8 
        4016.36      2.05854e+8 
        4028.86      2.08597e+8 
        4039.49      2.07375e+8 
        4050.11      2.02343e+8 
        4061.35      1.91609e+8 
        4073.85       1.7189e+8 
        4083.99      1.50112e+8 
        4094.05      1.19871e+8 
        4104.79      1.02632e+8 
        4115.43      1.37506e+8 
        4127.38      1.64654e+8 
        4138.83      1.83218e+8 
           4151      1.97432e+8 
        4163.83      2.06454e+8 
        4178.82      2.11502e+8 
        4193.82      2.13396e+8 
        4208.81      2.13485e+8 
         4221.1      2.12527e+8 
        4233.81      2.10467e+8 
         4248.8      2.06185e+8 
         4263.8      1.98902e+8 
         4278.8      1.87656e+8 
        4293.79      1.71851e+8 
        4306.29      1.55677e+8 
        4316.43      1.39406e+8 
        4328.73      1.12596e+8 
        4338.78      8.26798e+7 
        4348.98      1.03075e+8 
        4360.12      1.28667e+8 
        4371.86      1.47111e+8 
        4383.77      1.61178e+8 
        4398.76      1.74614e+8 
        4413.76      1.84068e+8 
        4428.76      1.89784e+8 
        4443.75      1.92692e+8 
        4458.75      1.93852e+8 
        4473.74      1.93961e+8 
        4488.74      1.93484e+8 
        4503.74      1.92666e+8 
        4514.12      1.91954e+8 
        4527.19      1.90932e+8 
        4538.73      1.89941e+8 
        4553.72      1.88559e+8 
        4568.72      1.87086e+8 
        4583.72      1.85537e+8 
        4596.53      1.84158e+8 
        4608.71      1.82833e+8 
         4623.7       1.8109e+8 
         4638.7      1.79264e+8 
         4653.7      1.77339e+8 
        4668.69      1.75264e+8 
        4683.69      1.72952e+8 
        4698.68      1.70332e+8 
        4713.68       1.6725e+8 
        4724.83      1.64591e+8 
        4738.67      1.60744e+8 
        4753.67      1.55972e+8 
        4768.67      1.50341e+8 
        4783.66      1.43454e+8 
        4798.66       1.3506e+8 
        4813.65      1.24689e+8 
        4828.65      1.11774e+8 
        4839.16      1.00015e+8 
        4849.39      8.51868e+7 
        4859.63      6.55327e+7 
        4870.86      8.05313e+7 
        4882.01       9.6364e+7 
        4893.63      1.08135e+8 
        4908.63      1.18832e+8 
         4921.7      1.25744e+8 
        4933.62      1.30544e+8 
        4948.62      1.34967e+8 
        4963.61      1.37951e+8 
        4978.61      1.39879e+8 
        4993.61      1.41064e+8 
         5008.6      1.41616e+8 
         5023.6      1.41635e+8 
        5038.59       1.4127e+8 
        5053.59      1.40651e+8 
        5068.59       1.3985e+8 
        5083.58      1.38942e+8 
        5098.58      1.37971e+8 
        5113.57      1.36957e+8 
        5128.57      1.35914e+8 
        5143.57      1.34849e+8 
        5158.56      1.33773e+8 
        5173.56      1.32691e+8 
        5188.55      1.31606e+8 
        5203.55      1.30521e+8 
        5218.55      1.29437e+8 
        5233.54      1.28355e+8 
        5248.54      1.27279e+8 
        5263.53      1.26208e+8 
        5278.53      1.25145e+8 
        5293.52      1.24089e+8 
        5308.52       1.2304e+8 
        5323.52         1.22e+8 
        5338.51      1.20969e+8 
        5353.51      1.19946e+8 
        5368.51      1.19037e+8 
         5383.5      1.18022e+8 
         5398.5      1.17018e+8 
        5413.49      1.16023e+8 
        5428.49      1.15039e+8 
        5443.48      1.14064e+8 
        5458.48      1.13099e+8 
        5473.48      1.12144e+8 
        5488.47      1.11199e+8 
        5503.47      1.10263e+8 
        5518.47      1.09337e+8 
        5533.46       1.0842e+8 
        5548.46      1.07513e+8 
        5563.45      1.06615e+8 
        5578.45      1.05725e+8 
        5593.44      1.04845e+8 
        5608.44      1.03974e+8 
        5623.44      1.03111e+8 
        5638.43      1.02257e+8 
        5653.43      1.01412e+8 
        5668.43      1.00707e+8 
        5682.86      9.99017e+7 
        5693.42      9.93186e+7 
        5704.77       9.8696e+7 
        5715.23      9.81261e+7 
        5728.41      9.74148e+7 
         5743.4      9.66128e+7 
         5758.4      9.58189e+7 
         5773.4      9.49528e+7 
        5788.39      9.41721e+7 
        5803.39      9.33992e+7 
        5818.39      9.26339e+7 
        5833.38      9.18762e+7 
        5848.38      9.11257e+7 
        5863.37      9.03827e+7 
        5878.37      8.96466e+7 
        5893.36      8.89174e+7 
        5908.36      8.81946e+7 
        5923.36      8.74786e+7 
        5938.35      8.67689e+7 
        5953.35      8.60658e+7 
        5968.34       8.5369e+7 
        5983.34      8.46782e+7 
        5998.34      8.39927e+7 
        6013.33      8.33135e+7 
        6028.33      8.26396e+7 
        6043.32      8.19707e+7 
        6058.32      8.13072e+7 
        6073.32      8.06469e+7 
        6088.31       7.9989e+7 
        6103.31      7.93346e+7 
         6118.3      7.86828e+7 
         6133.3      7.80331e+7 
         6148.3      7.73865e+7 
        6163.29      7.67413e+7 
        6178.29      7.60953e+7 
        6193.28      7.54479e+7 
        6208.28      7.47982e+7 
        6223.28      7.41432e+7 
        6238.27      7.34806e+7 
        6252.16       7.2863e+7 
        6262.16      7.24238e+7 
        6273.26      7.19312e+7 
        6284.63        7.142e+7 
        6295.99      7.09017e+7 
        6306.09      7.04383e+7 
        6316.22      6.99645e+7 
        6328.25       6.9388e+7 
        6343.24      6.86479e+7 
        6358.24      6.78741e+7 
        6373.23      6.70598e+7 
        6388.23      6.61915e+7 
        6403.23      6.52468e+7 
        6418.22      6.42044e+7 
        6433.22      6.30329e+7 
        6448.22      6.16801e+7 
        6463.21      6.00914e+7 
        6478.21      5.82112e+7 
         6493.2      5.59756e+7 
         6508.2      5.32208e+7 
        6523.19      4.97179e+7 
        6537.09      4.54255e+7 
        6548.06      4.10295e+7 
        6558.19      3.61114e+7 
        6569.28      3.70221e+7 
        6579.79      4.14489e+7 
        6590.04      4.49559e+7 
        6603.34      4.82929e+7 
        6613.66      5.01913e+7 
        6623.98      5.16783e+7 
         6634.3      5.28375e+7 
        6649.78       5.4124e+7 
         6660.1      5.47542e+7 
        6670.42      5.52308e+7 
        6680.74      5.55795e+7 
        6691.06      5.58176e+7 
        6701.27      5.59631e+7 
        6711.43      5.60397e+7 
        6724.22      5.60589e+7 
        6737.02      5.60099e+7 
        6762.61      5.57633e+7 
        6788.21      5.53882e+7 
        6802.82       5.5134e+7 
         6813.8      5.49289e+7 
        6824.78      5.47133e+7 
        6846.74      5.42625e+7 
        6890.66      5.33097e+7 
         6978.5      5.13088e+7 
        7023.53      5.02721e+7 
        7066.34      4.92966e+7 
        7109.15      4.83343e+7 
        7194.76      4.64682e+7 
        7280.37      4.46822e+7 
        7338.45       4.3517e+7 
        7365.98      4.29899e+7 
        7393.51      4.24571e+7 
        7448.57      4.14159e+7 
        7503.63      4.04062e+7 
        7558.69       3.9427e+7 
        7613.75      3.84767e+7 
        7659.74      3.77048e+7 
        7677.88      3.74057e+7 
        7696.02      3.71094e+7 
        7732.31      3.65257e+7 
        7804.88      3.53919e+7 
        7877.45      3.43012e+7 
        7937.81      3.34256e+7 
        7950.03      3.32519e+7 
        7962.25      3.30791e+7 
        7986.69       3.2737e+7 
        8035.57      3.20656e+7 
        8082.55      3.14363e+7 
        8150.16      3.05576e+7 
         8176.5      3.02233e+7 
        8200.85      2.99185e+7 
        8216.85      2.97203e+7 
        8232.84      2.95237e+7 
        8264.83      2.91354e+7 
        8289.72      2.88377e+7 
        8328.82      2.83773e+7 
        8343.44      2.82074e+7 
        8367.92      2.79258e+7 
        8388.68      2.76901e+7 
        8408.65      2.74658e+7 
        8432.02      2.72059e+7 
        8467.25       2.6819e+7 
        8502.48       2.6439e+7 
        8516.58      2.62887e+7 
        8530.98       2.6136e+7 
        8545.38      2.59891e+7 
        8574.18      2.56962e+7 
        8598.39      2.54529e+7 
         8628.6      2.51543e+7 
        8646.81       2.4974e+7 
        8665.01      2.47947e+7 
        8685.59       2.4598e+7 
        8701.43      2.44461e+7 
        8750.47      2.39599e+7 
        8767.92      2.38012e+7 
        8815.35      2.33549e+7 
        8862.78      2.29162e+7 
        8900.38      2.26478e+7 
        8957.65      2.21427e+7 
        8986.28      2.18387e+7 
        9000.59       2.1682e+7 
        9014.91      2.15417e+7 
        9029.22       2.1462e+7 
        9043.54      2.13985e+7 
        9057.85      2.13311e+7 
        9072.17      2.12553e+7 
        9086.49      2.11652e+7 
        9099.72      2.10726e+7 
        9126.18       2.0862e+7 
        9152.64      2.05994e+7 
         9179.1       2.0279e+7 
        9204.06      1.99407e+7 
        9216.53      1.97674e+7 
        9229.01      1.96316e+7 
        9241.49      1.96134e+7 
        9253.96      1.95842e+7 
        9266.44      1.95929e+7 
        9278.92      1.95963e+7 
        9297.63       1.9579e+7 
        9322.58      1.95162e+7 
        9347.54      1.93976e+7 
         9360.9      1.93183e+7 
        9372.49      1.92408e+7 
        9384.08      1.91562e+7 
        9407.27      1.89622e+7 
        9430.46      1.87392e+7 
        9453.65      1.84596e+7 
        9476.83      1.81488e+7 
        9488.54      1.79566e+7 
        9500.02      1.77555e+7 
        9511.51      1.75106e+7 
        9522.99      1.72267e+7 
        9534.48      1.69232e+7 
        9544.53      1.66717e+7 
        9554.58      1.67392e+7 
        9564.63      1.68975e+7 
        9577.55      1.70846e+7 
        9589.04       1.7207e+7 
        9600.52      1.72933e+7 
        9612.01      1.73502e+7 
        9623.49        1.739e+7 
        9634.98      1.74058e+7 
        9647.45      1.74221e+7 
        9657.95      1.74219e+7 
        9668.45      1.74084e+7 
        9689.45      1.73598e+7 
        9710.45      1.72933e+7 
        9731.45      1.72036e+7 
        9773.46      1.69862e+7 
        9815.46      1.67178e+7 
        9836.46      1.65577e+7 
        9857.47      1.64124e+7 
        9878.47      1.62111e+7 
        9899.47      1.59716e+7 
        9920.47       1.5702e+7 
        9941.47      1.54041e+7 
        9952.82       1.5215e+7 
        9964.17      1.50204e+7 
        9975.51      1.48192e+7 
        9986.86      1.45847e+7 
        9998.21      1.43325e+7 
        10009.6      1.40465e+7 
        10020.9      1.37347e+7 
        10037.8      1.32499e+7 
        10049.4      1.30676e+7 
        10060.9      1.31534e+7 
        10072.4      1.33802e+7 
          10084       1.3606e+7 
        10095.5      1.38007e+7 
          10107      1.39487e+7 
        10118.6      1.40898e+7 
        10130.1      1.41918e+7 
        10141.7      1.42673e+7 
        10153.2      1.43551e+7 
        10176.3      1.44559e+7 
        10199.3      1.45206e+7 
        10222.4      1.45469e+7 
        10237.2      1.45403e+7 
        10266.7      1.44996e+7 
        10296.3      1.44273e+7 
        10325.8      1.43327e+7 
        10355.3      1.42261e+7 
        10384.9      1.41122e+7 
        10414.4      1.39936e+7 
          10444       1.3814e+7 
          10503      1.35433e+7 
        10562.1      1.32795e+7 
        10621.2       1.2959e+7 
        10650.7      1.27824e+7 
        10680.3      1.25882e+7 
        10709.8       1.2368e+7 
        10739.4       1.2114e+7 
        10768.9      1.18457e+7 
        10798.4      1.15232e+7 
        10813.2      1.13414e+7 
          10828      1.11606e+7 
        10842.8      1.09461e+7 
        10857.5      1.07129e+7 
        10872.3      1.04507e+7 
        10887.1      1.01476e+7 
        10901.8      9.79523e+6 
        10916.6      9.40046e+6 
        10927.3      9.06814e+6 
        10937.4      8.61755e+6 
        10948.5      9.00208e+6 
        10959.2      9.27364e+6 
          10970      9.50467e+6 
        10980.7      9.69979e+6 
        10991.4      9.87289e+6 
        11002.2      1.00208e+7 
        11012.9      1.01465e+7 
        11023.7       1.0247e+7 
        11034.4      1.03361e+7 
        11055.9      1.04742e+7 
        11077.4      1.05727e+7 
        11098.8      1.06488e+7 
        11120.3      1.06935e+7 
        11141.8      1.07168e+7 
        11163.3      1.07316e+7 
        11184.8      1.07289e+7 
        11206.2      1.07108e+7 
        11227.7      1.06823e+7 
        11260.9      1.06221e+7 
        11294.1      1.05458e+7 
        11327.3      1.04598e+7 
        11393.7       1.0274e+7 
          11460      1.01156e+7 
        11526.4      9.90937e+6 
        11592.8      9.70837e+6 
        11659.1      9.51237e+6 
        11725.5       9.3212e+6 
        11791.9      9.13478e+6 
        11858.3      8.95291e+6 
        11924.6      8.77554e+6 
          11991      8.60247e+6 
        12057.4       8.4075e+6 
        12123.8      8.23631e+6 
        12190.1      8.06638e+6 
        12228.4      7.96852e+6 
        12256.5      7.89602e+6 
        12284.6      7.82282e+6 
        12340.9      7.67252e+6 
        12397.1      7.51516e+6 
        12453.4       7.3457e+6 
        12509.7      7.15906e+6 
        12537.8      7.05784e+6 
        12565.9      6.94776e+6 
          12594       6.8259e+6 
        12622.2      6.69197e+6 
        12650.3      6.54582e+6 
        12678.4      6.37429e+6 
        12692.5      6.27775e+6 
        12706.6      6.17659e+6 
        12720.6      6.06177e+6 
        12734.7      5.93444e+6 
        12748.7      5.79413e+6 
        12762.8      5.63485e+6 
        12776.9      5.46128e+6 
        12790.9       5.2682e+6 
        12801.1      5.11307e+6 
        12811.3      4.91273e+6 
        12821.9      4.82527e+6 
        12834.6      5.06324e+6 
        12848.2      5.22993e+6 
        12868.5      5.43257e+6 
        12882.1      5.54523e+6 
        12895.6      5.64117e+6 
        12909.2      5.71965e+6 
        12922.7      5.78882e+6 
        12936.3      5.84267e+6 
        12949.9      5.88734e+6 
          12977      5.95725e+6 
        13004.1      6.00076e+6 
        13031.2       6.0268e+6 
        13058.4      6.04006e+6 
        13085.5      6.04185e+6 
        13112.6      6.03421e+6 
        13139.7      6.01945e+6 
          13194      5.97559e+6 
        13248.2      5.91669e+6 
        13296.6      5.85612e+6 
        13308.4      5.84063e+6 
        13320.1      5.82495e+6 
        13343.5        5.793e+6 
        13390.4      5.72744e+6 
        13484.1      5.59269e+6 
        13577.9      5.45773e+6 
        13671.6      5.33279e+6 
        13765.4      5.20044e+6 
        13859.1       5.0721e+6 
        13952.9      4.94766e+6 
        14046.6      4.82703e+6 
        14140.4      4.70997e+6 
        14234.2      4.59653e+6 
        14323.7      4.49128e+6 
        14340.4      4.47196e+6 
        14357.1       4.4527e+6 
        14390.4       4.4145e+6 
        14456.3      4.34002e+6 
        14466.7      4.32839e+6 
        14477.1      4.31683e+6 
        14495.9      4.29603e+6 
        14539.6      4.24825e+6 
        14581.2      4.20323e+6 
        14597.2      4.18611e+6 
        14613.2      4.16905e+6 
        14645.2      4.13522e+6 
        14709.2      4.06855e+6 
        14773.2      4.00324e+6 
        14837.1      3.93921e+6 
        14901.1      3.87644e+6 
        14965.1      3.81493e+6 
        15029.1      3.75464e+6 
        15093.1      3.69552e+6 
        15157.1      3.63756e+6 
          15221      3.58072e+6 
          15285      3.52499e+6 
          15349      3.47033e+6 
          15413      3.41673e+6 
        15471.6      3.36854e+6 
        15482.4      3.35974e+6 
        15493.1      3.35101e+6 
        15514.7      3.33367e+6 
        15557.9      3.29927e+6 
        15644.2      3.23182e+6 
        15730.5      3.16607e+6 
        15816.8      3.10199e+6 
        15903.1      3.03952e+6 
        15989.4      2.97861e+6 
        16075.8      2.91922e+6 
        16162.1      2.86129e+6 
        16248.4       2.8048e+6 
        16289.9      2.77813e+6 
        16334.7      2.74968e+6 
        16379.5      2.72159e+6 
        16469.1       2.6674e+6 
        16558.8      2.61455e+6 
        16648.4      2.56299e+6 
          16738      2.51271e+6 
        16827.7      2.46365e+6 
        16917.3      2.41578e+6 
        17006.9      2.36907e+6 
        17096.6      2.32347e+6 
        17186.2      2.27897e+6 
        17275.8      2.23553e+6 
        17327.7      2.21087e+6 
        17365.5      2.19311e+6 
        17403.2      2.17554e+6 
        17478.8      2.14131e+6 
        17554.3      2.10774e+6 
        17629.9      2.07482e+6 
        17705.4      2.04255e+6 
          17781       2.0109e+6 
        17856.5      1.97986e+6 
        17894.3      1.96456e+6 
        17913.2      1.95697e+6 
        17932.1      1.94941e+6 
        17946.2      1.94377e+6 
        17956.3      1.92992e+6 
        17966.3      1.92565e+6 
        17976.3      1.92141e+6 
        17986.4      1.91716e+6 
        17996.4      1.91292e+6 
        18006.4      1.90867e+6 
        18016.8      1.90429e+6 
        18045.1      1.89225e+6 
        18082.9      1.87613e+6 
        18158.4      1.84344e+6 
          18234      1.80962e+6 
        18309.5      1.77369e+6 
        18343.2      1.75661e+6 
        18385.1      1.73396e+6 
          18427      1.70931e+6 
        18468.9      1.68201e+6 
        18510.8      1.65093e+6 
        18552.7      1.61419e+6 
        18573.6      1.59312e+6 
        18594.6      1.57005e+6 
        18615.5      1.54438e+6 
        18636.5      1.51587e+6 
        18657.4      1.48383e+6 
        18678.4      1.44896e+6 
        18689.4      1.42922e+6 
        18704.8      1.40018e+6 
        18720.3      1.36726e+6 
        18731.8      1.33605e+6 
        18743.4      1.28525e+6 
        18753.5      1.22788e+6 
        18765.6      1.31185e+6 
          18781      1.34953e+6 
        18796.4      1.37434e+6 
        18819.6      1.40426e+6 
          18835      1.42154e+6 
        18850.4      1.43697e+6 
        18865.9      1.45064e+6 
        18881.3      1.46224e+6 
        18912.1      1.48027e+6 
          18943      1.49276e+6 
        18973.9      1.50084e+6 
        19004.7      1.50539e+6 
        19035.6       1.5071e+6 
        19066.4      1.50674e+6 
        19097.3       1.5048e+6 
          19159      1.49753e+6 
        19220.7      1.48701e+6 
        19282.4      1.47447e+6 
        19344.1      1.46069e+6 
          19361      1.45677e+6 
        19405.9      1.44614e+6 
        19450.7      1.43528e+6 
        19540.3      1.41297e+6 
        19629.9      1.39513e+6 
        19719.5      1.37154e+6 
        19809.2      1.34844e+6 
        19898.8      1.32583e+6 
        19988.4      1.30369e+6 
          20078        1.282e+6 
        20167.7      1.26076e+6 
        20257.3      1.23995e+6 
        20346.9      1.21957e+6 
        20398.7      1.20798e+6 
        20436.5       1.1996e+6 
        20474.4      1.19129e+6 
        20550.1      1.17477e+6 
        20625.8      1.15854e+6 
        20701.5      1.14258e+6 
        20777.2       1.1269e+6 
        20852.9      1.11148e+6 
        20928.5      1.09632e+6 
        21004.2      1.08142e+6 
        21079.9      1.06677e+6 
        21155.6      1.05236e+6 
        21231.3       1.0382e+6 
          21307      1.02427e+6 
        21382.7      1.01058e+6 
        21458.4          997116 
        21534.1          983878 
        21588.9          974422 
        21609.8          970859 
        21630.6          967312 
        21672.3          960234 
        21755.7          946270 
          21839          932560 
        21922.4          919098 
        22005.8          905875 
        22089.1          892888 
        22172.5          880133 
        22255.9          867601 
        22339.2          855295 
        22422.6          843203 
          22506          831325 
        22589.3          819651 
        22672.7          808184 
        22725.3          801053 
          22756          796912 
        22784.8          793067 
        22800.8          790934 
        22816.8          788807 
        22848.8          784575 
        22912.8          776193 
        22976.8          767925 
        23040.8          759766 
        23104.8          751711 
        23168.7          743766 
        23232.7          735921 
        23296.7          728177 
        23360.7          720534 
        23424.7          712991 
        23488.6          705548 
        23552.6          698200 
        23616.6          690946 
        23680.6          683783 
        23744.6          676715 
        23808.6          669737 
        23872.5          662848 
        23936.5          656046 
        24000.5          649333 
        24064.5          642704 
        24128.5          636157 
        24192.5          629695 
        24256.4          623314 
        24320.4          617012 
        24384.4          610788 
        24448.4          604647 
        24512.4          598577 
        24576.3          592586 
        24640.3          586667 
        24704.3          580824 
        24768.3          575050 
        24832.3          569351 
        24896.3          563718 
        24960.2          558157 
        25004.4          554353 
        25024.2          552663 
          25044          550976 
        25083.6          547636 
        25162.8          541029 
        25241.9          534523 
        25321.1          528114 
        25400.2          521803 
        25479.4          515582 
        25558.5          509453 
        25637.7          503415 
        25716.9          497465 
          25796          491606 
        25875.2          485828 
        25954.3          480136 
        26033.5          474528 
        26112.7          468999 
        26191.8          463551 
          26271          458179 
        26350.1          452889 
        26429.3          447671 
        26508.4          442528 
        26587.6          437460 
        26666.8          432462 
        26745.9          427536 
        26825.1          422679 
        26904.2          417892 
        26983.4          413173 
        27062.6          408517 
        27141.7          403927 
        27220.9          399403 
        27299.2          394986 
        27377.5          390638 
        27455.8          386347 
        27534.2          382115 
        27612.5          377946 
        27690.8          373831 
        27769.1          369772 
        27847.5          365769 
        27925.8          361820 
        28004.1          357925 
        28082.4          354079 
        28160.8          350288 
        28239.1          346546 
        28317.4          342851 
        28395.7          339210 
          28474          335616 
        28552.4          332066 
        28630.7          328567 
          28709          325114 
        28787.3          321702 
        28865.7          318338 
          28944          315017 
        29022.3          311740 
        29100.6          308504 
          29179          305311 
        29257.3          302159 
        29335.6          299047 
        29413.9          295975 
        29492.3          292943 
        29570.6          289950 
        29648.9          286994 
        29727.2          284076 
        29805.5          281195 
        29883.9          278350 
        29932.6          276599 
        29962.2          275542 
        29991.8          274489 
