# Koester WD models
# teff = 13500 K (value for the effective temperature for the model. Temperatures are given in K)
# logg = 8.25 log(cm/s2) (value for Log(G) for the model.)
#
# column 1: WAVELENGTH (ANGSTROM), Wavelength in Angstrom
# column 2: FLUX (ERG/CM2/S/A), Flux in erg/cm2/s/A
         899.23         41828.7 
        909.241         48407.2 
        919.241          214079 
        929.261          292486 
        939.271          639889 
         949.28          154069 
        959.289      2.11708e+6 
        969.297      1.01064e+6 
        979.305      1.87282e+6 
        989.312      4.23581e+6 
        999.319      7.95938e+6 
        1009.33      4.50024e+6 
        1019.33      2.13934e+6 
        1029.34      1.96022e+6 
        1039.34      5.44762e+6 
        1049.35      1.28406e+7 
        1059.36      1.48783e+7 
        1069.36       4.2644e+7 
        1079.36      4.52392e+7 
        1089.37      3.80252e+8 
        1099.37      4.70661e+8 
        1109.38      4.37916e+8 
        1119.38      3.65276e+8 
        1129.38      2.98271e+8 
        1139.39      2.17781e+8 
        1149.39      1.44813e+8 
        1159.39      9.06984e+7 
        1169.39      5.52562e+7 
         1179.4      3.21734e+7 
         1189.4      1.94161e+7 
         1199.4      1.26387e+7 
         1209.4      7.92759e+6 
        1219.41      7.48745e+6 
        1229.41      1.28741e+7 
        1239.41      2.52137e+7 
        1249.41      4.76979e+7 
        1259.41      8.30907e+7 
        1269.41      1.39632e+8 
        1279.42       2.1982e+8 
        1289.42      3.14612e+8 
        1299.42      4.10217e+8 
        1309.42      4.93538e+8 
        1319.42      5.85508e+8 
        1329.42      6.32217e+8 
        1339.42      6.53024e+8 
        1349.42      7.28881e+8 
        1359.42      7.89168e+8 
        1369.42      7.34526e+8 
        1379.42      5.98951e+8 
        1389.42      4.81311e+8 
        1399.42      5.14389e+8 
        1409.42      8.54755e+8 
        1419.42      1.16705e+9 
        1429.42      1.26047e+9 
        1439.42      1.27545e+9 
        1450.02      1.26821e+9 
        1460.62      1.25508e+9 
        1472.88      1.24134e+9 
        1484.42       1.2339e+9 
        1494.42      1.22555e+9 
        1509.42      1.20853e+9 
        1524.42       1.1837e+9 
        1539.42      1.14106e+9 
        1554.42      1.10284e+9 
        1566.72      1.07117e+9 
        1579.41      1.03383e+9 
        1594.41      1.00663e+9 
        1604.41      1.00516e+9 
        1619.41      1.01846e+9 
        1634.41      1.03163e+9 
        1649.41      1.03281e+9 
        1664.41      1.02294e+9 
        1676.33      1.01125e+9 
         1689.4      9.97138e+8 
         1704.4      9.80353e+8 
         1719.4       9.6346e+8 
         1734.4      9.46785e+8 
        1749.39      9.30402e+8 
        1764.39      9.14313e+8 
        1775.55      9.02624e+8 
        1789.39      8.88424e+8 
        1809.39       8.6844e+8 
           1824      8.54171e+8 
        1834.77      8.43907e+8 
        1845.54      8.33835e+8 
           1864      8.17043e+8 
        1876.29      8.06161e+8 
        1888.59      7.95536e+8 
        1906.98       7.8007e+8 
        1919.37      7.69926e+8 
        1931.76      7.60008e+8 
        1944.47      7.50027e+8 
        1956.53      7.40756e+8 
         1967.6      7.32384e+8 
        1992.71      7.13864e+8 
        2017.81      6.96017e+8 
        2067.03      6.63099e+8 
         2116.2      6.32648e+8 
           2129      6.25095e+8 
         2141.8      6.17672e+8 
        2165.47      6.04279e+8 
        2210.96      5.79721e+8 
        2225.91      5.71993e+8 
        2240.86      5.64409e+8 
        2263.91      5.53015e+8 
        2306.93      5.32663e+8 
        2319.34      5.27008e+8 
        2331.75      5.21448e+8 
        2350.78      5.13094e+8 
        2362.35      5.08093e+8 
        2373.93      5.03161e+8 
        2384.89      4.98555e+8 
        2397.08      4.93507e+8 
        2409.27       4.8854e+8 
        2433.66      4.78804e+8 
        2451.59      4.71808e+8 
        2466.76      4.65996e+8 
        2488.39      4.57884e+8 
        2510.01      4.50039e+8 
         2547.3      4.36851e+8 
        2559.23      4.32748e+8 
        2571.17      4.28708e+8 
        2595.04      4.20791e+8 
        2627.89       4.1021e+8 
        2642.78      4.05529e+8 
        2657.67      4.00921e+8 
        2687.45      3.91923e+8 
        2737.93      3.77274e+8 
        2756.11      3.72172e+8 
        2766.75      3.69231e+8 
        2810.65      3.57419e+8 
        2854.55      3.46128e+8 
        2898.45      3.35324e+8 
        2931.71      3.27436e+8 
        2942.34      3.24957e+8 
        2952.98      3.22503e+8 
        2974.26      3.17678e+8 
        3016.81      3.08301e+8 
        3051.42      3.00937e+8 
        3091.41      2.92715e+8 
        3120.64      2.86887e+8 
        3149.86      2.81209e+8 
        3168.31      2.77694e+8 
         3208.3      2.70259e+8 
        3248.29      2.63071e+8 
        3309.83      2.52478e+8 
        3322.09      2.50434e+8 
        3346.73      2.46383e+8 
        3383.63       2.4048e+8 
        3445.17      2.31032e+8 
        3469.81      2.27378e+8 
        3495.92      2.23584e+8 
        3506.71      2.22039e+8 
         3543.6      2.16848e+8 
        3591.28      2.10363e+8 
        3635.88      2.04507e+8 
        3647.12      2.03065e+8 
        3658.96      2.01554e+8 
        3671.11       1.9999e+8 
        3682.58      1.98537e+8 
         3693.5      1.97159e+8 
        3703.57      1.95894e+8 
        3713.83      1.94629e+8 
        3724.38      1.93367e+8 
        3734.43      1.92045e+8 
        3744.62      1.91079e+8 
        3754.84      1.90185e+8 
        3765.07       1.8857e+8 
         3775.5      1.88058e+8 
        3786.22      1.88101e+8 
        3796.45      1.80939e+8 
        3807.84      1.88046e+8 
        3818.92      1.88414e+8 
        3830.45      1.74237e+8 
        3840.76      1.75859e+8 
        3851.84      1.91756e+8 
        3862.22       1.9415e+8 
        3872.36      1.84056e+8 
        3883.59      1.57453e+8 
        3893.94      1.55824e+8 
        3904.25      1.83574e+8 
         3915.4      2.01329e+8 
        3926.91      2.06273e+8 
        3937.35      2.01145e+8 
        3947.73      1.84788e+8 
        3958.88      1.54892e+8 
        3969.05      1.16659e+8 
        3979.89      1.49333e+8 
        3990.75      1.80922e+8 
        4001.45      2.02624e+8 
        4013.86      2.16498e+8 
        4025.34      2.21265e+8 
        4035.85      2.21384e+8 
         4047.6      2.16666e+8 
        4058.85      2.05657e+8 
        4071.35      1.84336e+8 
        4082.28       1.5994e+8 
        4093.57      1.25661e+8 
        4103.79      1.02412e+8 
        4114.23      1.38679e+8 
        4125.26      1.66791e+8 
        4135.54      1.86753e+8 
        4145.79      2.03221e+8 
        4156.33      2.14789e+8 
        4168.82      2.22881e+8 
        4183.82      2.27656e+8 
        4198.82      2.29266e+8 
        4213.81      2.29007e+8 
        4224.95      2.27686e+8 
        4238.81      2.24562e+8 
         4253.8      2.18653e+8 
         4268.8      2.08766e+8 
        4283.79      1.93809e+8 
        4298.79      1.74629e+8 
        4311.29      1.54983e+8 
         4323.5      1.30631e+8 
        4333.66      1.04047e+8 
        4344.18      9.46226e+7 
        4354.64      1.22363e+8 
        4366.07      1.45161e+8 
        4378.77      1.63593e+8 
        4393.77      1.80143e+8 
        4408.76      1.92815e+8 
        4423.76       2.0084e+8 
        4438.75      2.05131e+8 
        4453.75      2.07026e+8 
        4468.74      2.07485e+8 
        4483.74      2.07073e+8 
        4498.74       2.0622e+8 
        4513.73      2.05066e+8 
        4527.19      2.03851e+8 
        4538.73      2.02711e+8 
        4553.72      2.01128e+8 
        4568.72      1.99448e+8 
        4583.72      1.97691e+8 
        4596.53      1.96131e+8 
        4608.71      1.94639e+8 
         4623.7      1.92685e+8 
         4638.7      1.90647e+8 
         4653.7      1.88508e+8 
        4668.69      1.86206e+8 
        4683.69       1.8363e+8 
        4698.68      1.80719e+8 
        4713.68      1.77314e+8 
        4724.83      1.74359e+8 
        4738.67      1.70086e+8 
        4753.67      1.64849e+8 
        4768.67      1.58553e+8 
        4783.66      1.50914e+8 
        4798.66      1.41662e+8 
        4813.65      1.30347e+8 
        4828.65      1.16505e+8 
        4839.16      1.04284e+8 
        4849.39      8.94399e+7 
        4859.63      6.94471e+7 
        4870.86      8.48384e+7 
        4881.49       9.9854e+7 
        4892.34      1.11461e+8 
        4903.63      1.20701e+8 
        4915.55      1.28277e+8 
        4928.62      1.34818e+8 
        4943.62      1.40278e+8 
        4958.61      1.44056e+8 
        4973.61      1.46483e+8 
        4988.61      1.47924e+8 
         5003.6      1.48721e+8 
         5018.6      1.48848e+8 
         5033.6      1.48516e+8 
        5048.59      1.47865e+8 
        5063.59      1.47007e+8 
        5078.58      1.45997e+8 
        5093.58       1.4492e+8 
        5108.57      1.43793e+8 
        5123.57      1.42636e+8 
        5138.57      1.41459e+8 
        5153.56       1.4027e+8 
        5168.56      1.39075e+8 
        5183.56       1.3788e+8 
        5198.55      1.36686e+8 
        5213.55      1.35496e+8 
        5228.54      1.34311e+8 
        5243.54      1.33133e+8 
        5258.53      1.31962e+8 
        5273.53      1.30801e+8 
        5288.53      1.29648e+8 
        5303.52      1.28505e+8 
        5318.52      1.27372e+8 
        5333.52       1.2625e+8 
        5348.51      1.25138e+8 
        5363.51      1.24138e+8 
         5378.5      1.23037e+8 
         5393.5      1.21948e+8 
        5408.49      1.20869e+8 
        5423.49      1.19802e+8 
        5438.49      1.18747e+8 
        5453.48      1.17704e+8 
        5468.48      1.16671e+8 
        5483.48       1.1565e+8 
        5498.47       1.1464e+8 
        5513.47      1.13641e+8 
        5528.46      1.12652e+8 
        5543.46      1.11675e+8 
        5558.45      1.10708e+8 
        5573.45      1.09752e+8 
        5588.45      1.08805e+8 
        5603.44      1.07869e+8 
        5618.44      1.06943e+8 
        5633.43      1.06026e+8 
        5648.43       1.0512e+8 
        5663.43      1.04223e+8 
        5673.98      1.03671e+8 
         5686.2      1.02948e+8 
        5698.42      1.02231e+8 
        5708.88      1.01621e+8 
        5723.41      1.00783e+8 
        5738.41      9.99272e+7 
         5753.4      9.90799e+7 
         5768.4      9.81697e+7 
        5783.39      9.73385e+7 
        5798.39       9.6516e+7 
        5813.39      9.57023e+7 
        5828.38      9.48968e+7 
        5843.38      9.40998e+7 
        5858.37       9.3311e+7 
        5873.37      9.25296e+7 
        5888.37      9.17562e+7 
        5903.36      9.09903e+7 
        5918.36      9.02316e+7 
        5933.35      8.94807e+7 
        5948.35      8.87368e+7 
        5963.35      8.80001e+7 
        5978.34      8.72703e+7 
        5993.34      8.65474e+7 
        6008.33      8.58308e+7 
        6023.33      8.51208e+7 
        6038.32      8.44171e+7 
        6053.32      8.37194e+7 
        6068.32      8.30266e+7 
        6083.31      8.23364e+7 
        6098.31      8.16509e+7 
        6113.31      8.09695e+7 
         6128.3      8.02913e+7 
         6143.3      7.96164e+7 
        6158.29      7.89438e+7 
        6173.29      7.82725e+7 
        6188.28      7.76005e+7 
        6203.28      7.69272e+7 
        6218.28      7.62515e+7 
        6233.27      7.55701e+7 
        6244.38      7.50602e+7 
        6256.04      7.45302e+7 
        6266.59       7.4053e+7 
        6278.26      7.35202e+7 
        6290.52      7.29528e+7 
        6302.31      7.24021e+7 
        6312.59      7.19148e+7 
        6323.25      7.13993e+7 
        6338.24      7.06554e+7 
        6353.24      6.98854e+7 
        6368.24       6.9078e+7 
        6383.23      6.82263e+7 
        6398.23      6.73064e+7 
        6413.22      6.62964e+7 
        6428.22      6.51683e+7 
        6443.22      6.38755e+7 
        6458.21      6.23575e+7 
        6473.21      6.05561e+7 
         6488.2      5.84207e+7 
         6503.2      5.58289e+7 
         6518.2      5.25749e+7 
        6532.67      4.85166e+7 
        6543.19       4.4768e+7 
        6556.02      3.90902e+7 
        6566.09      3.67321e+7 
        6577.95      4.24388e+7 
        6588.18      4.59565e+7 
        6603.34      4.97999e+7 
        6613.66      5.17028e+7 
        6623.98      5.31793e+7 
         6634.3      5.43323e+7 
        6644.62      5.52279e+7 
        6654.94      5.59251e+7 
        6665.26       5.6462e+7 
        6675.58      5.68484e+7 
         6685.9      5.71138e+7 
        6696.23       5.7275e+7 
        6711.48      5.73715e+7 
        6726.73      5.73435e+7 
        6741.98      5.72251e+7 
        6772.48      5.68088e+7 
        6802.98      5.62474e+7 
        6824.78      5.57922e+7 
        6868.37      5.48063e+7 
        6955.56      5.27398e+7 
        6976.35      5.22387e+7 
        7042.75      5.06513e+7 
        7109.15      4.90987e+7 
        7175.54      4.75954e+7 
        7241.94      4.61453e+7 
        7308.33      4.47476e+7 
        7355.95      4.37768e+7 
        7374.73      4.34108e+7 
        7393.51      4.30382e+7 
        7431.08      4.23053e+7 
        7506.22      4.08853e+7 
        7581.35      3.95244e+7 
         7635.1      3.85857e+7 
        7656.49        3.822e+7 
        7677.88      3.78584e+7 
        7720.67      3.71481e+7 
        7806.23      3.57768e+7 
        7821.36      3.55412e+7 
         7891.8      3.44683e+7 
        7962.25      3.34357e+7 
        7982.84      3.31413e+7 
        8032.69      3.24417e+7 
        8082.55      3.17602e+7 
        8161.68      3.07152e+7 
        8182.26      3.04503e+7 
        8200.85      3.02136e+7 
        8216.85      3.00118e+7 
        8232.84      2.98117e+7 
        8264.83      2.94164e+7 
        8289.72      2.91135e+7 
        8328.82      2.86452e+7 
        8343.44      2.84725e+7 
        8367.92       2.8186e+7 
        8388.68      2.79466e+7 
        8408.65      2.77188e+7 
        8432.02      2.74549e+7 
        8467.25      2.70617e+7 
        8502.48      2.66756e+7 
        8516.58      2.65228e+7 
        8530.98      2.63676e+7 
        8545.38        2.622e+7 
        8574.18      2.59251e+7 
        8598.39      2.56797e+7 
         8628.6      2.53794e+7 
        8646.81      2.51967e+7 
        8665.01      2.50145e+7 
        8685.59      2.48175e+7 
        8701.43      2.46642e+7 
        8750.47      2.41634e+7 
        8767.92      2.40064e+7 
        8815.35      2.35535e+7 
        8839.07      2.33244e+7 
        8862.78      2.30943e+7 
         8886.5      2.29394e+7 
        8910.21       2.2778e+7 
        8933.93       2.2569e+7 
        8957.65      2.23347e+7 
        8981.36      2.20616e+7 
        8995.25      2.18878e+7 
        9014.91      2.16635e+7 
        9034.57      2.15893e+7 
        9054.23      2.15308e+7 
        9087.39      2.13679e+7 
        9099.72      2.12854e+7 
        9112.05      2.11937e+7 
        9136.72      2.09621e+7 
        9161.38      2.06658e+7 
        9186.05      2.03031e+7 
        9210.71      1.98957e+7 
        9224.43      1.96798e+7 
        9238.16      1.96353e+7 
        9256.46      1.96685e+7 
         9283.9      1.97592e+7 
         9302.2      1.97716e+7 
         9320.5      1.97464e+7 
         9338.8      1.96854e+7 
        9357.09      1.95912e+7 
        9384.08      1.94076e+7 
        9411.07      1.91658e+7 
        9438.06      1.88663e+7 
        9451.56       1.8676e+7 
        9465.05      1.84817e+7 
        9478.54      1.82534e+7 
        9492.04      1.79906e+7 
        9505.53      1.76742e+7 
        9519.03      1.72744e+7 
        9532.52      1.68378e+7 
         9542.6      1.65166e+7 
        9552.69      1.65335e+7 
        9562.77      1.67518e+7 
        9572.85      1.69747e+7 
        9584.61      1.71971e+7 
        9598.06      1.73666e+7 
         9611.5       1.7478e+7 
        9624.94      1.75544e+7 
        9635.21      1.75855e+7 
        9651.83      1.76327e+7 
        9668.45      1.76397e+7 
        9685.07      1.76174e+7 
        9718.31      1.75251e+7 
        9751.55      1.73746e+7 
        9784.79      1.71893e+7 
        9818.02      1.69657e+7 
        9834.64      1.68346e+7 
        9851.26      1.67265e+7 
        9867.88      1.65664e+7 
         9884.5      1.63839e+7 
        9901.12      1.61688e+7 
        9917.74      1.59417e+7 
        9934.36      1.56918e+7 
        9949.14      1.54344e+7 
        9963.86      1.51533e+7 
        9978.57      1.48555e+7 
        9993.29      1.45014e+7 
          10008      1.40951e+7 
        10022.7      1.36367e+7 
        10037.4      1.31484e+7 
        10047.9       1.2882e+7 
        10058.3       1.2981e+7 
        10076.2      1.34101e+7 
        10088.1      1.36763e+7 
          10100      1.39055e+7 
          10112      1.40844e+7 
        10123.9      1.42353e+7 
        10135.8      1.43464e+7 
        10147.7      1.44503e+7 
        10171.6      1.46037e+7 
        10195.4      1.46903e+7 
        10219.3       1.4744e+7 
        10237.2      1.47454e+7 
        10255.1      1.47267e+7 
          10291      1.46526e+7 
        10326.9      1.45372e+7 
        10362.7      1.44022e+7 
        10398.6      1.42572e+7 
        10434.5      1.41062e+7 
        10470.3      1.38907e+7 
        10506.2      1.37212e+7 
        10542.1      1.35466e+7 
        10577.9      1.33843e+7 
        10613.8      1.31862e+7 
        10649.7      1.29725e+7 
        10685.6      1.27329e+7 
        10721.4      1.24535e+7 
        10739.4      1.22945e+7 
        10757.3      1.21347e+7 
        10775.2       1.1955e+7 
        10793.2      1.17509e+7 
        10811.1      1.15359e+7 
          10829       1.1302e+7 
          10847       1.1023e+7 
        10864.9      1.07235e+7 
        10882.8      1.03552e+7 
        10900.8      9.93221e+6 
        10918.7      9.43304e+6 
        10929.9      9.06302e+6 
        10940.3      8.78195e+6 
        10954.8      9.25485e+6 
        10972.2      9.65314e+6 
        10983.8      9.86818e+6 
        10995.4      1.00407e+7 
          11007      1.02043e+7 
        11018.6      1.03331e+7 
        11030.2      1.04328e+7 
        11041.8      1.05312e+7 
        11053.4      1.06064e+7 
          11065      1.06645e+7 
        11076.6      1.07171e+7 
        11099.8      1.07986e+7 
        11123.1      1.08441e+7 
        11146.3      1.08651e+7 
        11169.5        1.087e+7 
        11192.7      1.08578e+7 
        11215.9      1.08291e+7 
        11260.9      1.07434e+7 
        11305.9      1.06306e+7 
        11350.9      1.05035e+7 
        11395.9      1.03706e+7 
        11440.9      1.02691e+7 
          11486      1.01249e+7 
          11531      9.98313e+6 
          11621      9.70696e+6 
          11711      9.44017e+6 
          11801      9.18244e+6 
          11891      8.93337e+6 
        11981.1      8.69266e+6 
        12071.1      8.43791e+6 
        12161.1      8.20499e+6 
        12217.6       8.0602e+6 
        12251.1      7.97427e+6 
        12284.6      7.88763e+6 
        12351.6      7.71016e+6 
        12418.6      7.52314e+6 
        12485.6      7.31869e+6 
        12519.1      7.20725e+6 
        12552.6      7.08649e+6 
        12586.1      6.95165e+6 
        12619.6      6.80035e+6 
        12636.4      6.71852e+6 
        12653.1       6.6292e+6 
        12669.9      6.53096e+6 
        12686.6      6.42487e+6 
        12703.4      6.30788e+6 
        12720.1      6.17537e+6 
        12736.9      6.02878e+6 
        12753.6      5.86152e+6 
        12770.4      5.67463e+6 
        12787.1      5.46062e+6 
        12798.7      5.29003e+6 
        12810.3      5.05963e+6 
        12820.5      4.88851e+6 
        12831.1       5.1443e+6 
        12846.6      5.34536e+6 
        12862.1      5.50008e+6 
        12885.3       5.6844e+6 
        12900.8      5.78141e+6 
        12916.3      5.86008e+6 
        12931.7      5.92536e+6 
        12947.2        5.976e+6 
        12962.7      6.01599e+6 
        12978.2      6.04857e+6 
        12993.7      6.07251e+6 
        13024.6      6.10116e+6 
        13055.6      6.11238e+6 
        13086.5      6.10892e+6 
        13117.5      6.09372e+6 
        13148.5      6.07041e+6 
        13179.4      6.04094e+6 
        13241.3      5.96965e+6 
        13298.2      5.89391e+6 
        13308.4      5.87968e+6 
        13318.5      5.86532e+6 
        13338.9      5.83629e+6 
        13379.7      5.77717e+6 
        13461.3      5.65672e+6 
        13542.8      5.53637e+6 
        13624.4      5.42509e+6 
        13705.9      5.30672e+6 
        13787.5      5.19154e+6 
          13869      5.07948e+6 
        13950.6      4.97041e+6 
        14032.1      4.86422e+6 
        14113.7      4.76086e+6 
        14195.3      4.66021e+6 
        14221.6      4.62832e+6 
        14276.8      4.56219e+6 
        14332.1      4.49722e+6 
        14387.3       4.4331e+6 
        14427.5      4.38717e+6 
        14442.6      4.37011e+6 
        14457.6      4.35315e+6 
        14487.8      4.31944e+6 
        14512.8       4.2917e+6 
          14548      4.25303e+6 
        14581.2      4.21693e+6 
        14597.2      4.19968e+6 
        14613.2      4.18253e+6 
        14645.2      4.14847e+6 
        14709.2      4.08143e+6 
        14773.2      4.01571e+6 
        14837.1      3.95134e+6 
        14901.1      3.88822e+6 
        14965.1       3.8264e+6 
        15029.1      3.76576e+6 
        15093.1      3.70633e+6 
        15157.1      3.64808e+6 
          15221      3.59093e+6 
          15285      3.53492e+6 
          15349      3.48001e+6 
          15413      3.42616e+6 
        15471.6      3.37775e+6 
        15482.4      3.36892e+6 
        15493.1      3.36018e+6 
        15514.7      3.34281e+6 
        15557.9      3.30838e+6 
        15644.2      3.24084e+6 
        15730.5      3.17499e+6 
        15816.8      3.11082e+6 
        15903.1      3.04827e+6 
        15989.4      2.98727e+6 
        16075.8       2.9278e+6 
        16162.1       2.8698e+6 
        16248.4      2.81324e+6 
        16289.9      2.78654e+6 
        16334.7      2.75805e+6 
        16379.5      2.72993e+6 
        16469.1       2.6759e+6 
        16558.8       2.6232e+6 
        16648.4      2.57178e+6 
          16738      2.52161e+6 
        16827.7      2.47266e+6 
        16917.3       2.4249e+6 
        17006.9      2.37828e+6 
        17096.6      2.33277e+6 
        17186.2      2.28835e+6 
        17275.8      2.24498e+6 
        17327.7      2.22036e+6 
        17365.5      2.20263e+6 
        17403.2      2.18509e+6 
        17478.8      2.15082e+6 
        17554.3      2.11722e+6 
        17629.9      2.08427e+6 
        17705.4      2.05196e+6 
          17781      2.02028e+6 
        17856.5      1.98919e+6 
        17932.1      1.95871e+6 
        18007.6      1.92012e+6 
        18083.2      1.88851e+6 
        18158.7      1.85655e+6 
        18234.3      1.82374e+6 
        18309.8      1.78921e+6 
        18343.7      1.77277e+6 
        18385.3      1.75142e+6 
          18427      1.72829e+6 
        18468.6      1.70255e+6 
        18510.2      1.67328e+6 
        18551.8      1.63897e+6 
        18572.6       1.6195e+6 
        18593.4      1.59806e+6 
        18614.2      1.57431e+6 
          18635      1.54793e+6 
        18655.8      1.51851e+6 
        18676.6      1.48605e+6 
        18697.4      1.44962e+6 
          18710      1.42491e+6 
        18726.4      1.38642e+6 
        18738.8      1.34378e+6 
        18749.1      1.25208e+6 
        18759.5      1.31917e+6 
        18770.7      1.36107e+6 
        18786.6      1.39397e+6 
        18805.8      1.42145e+6 
        18818.6      1.43667e+6 
        18831.4      1.45011e+6 
          18857       1.4727e+6 
        18882.6      1.49014e+6 
        18908.2      1.50319e+6 
        18933.8      1.51253e+6 
        18959.4      1.51884e+6 
          18985      1.52273e+6 
        19010.6      1.52458e+6 
        19036.2      1.52473e+6 
        19087.4      1.52136e+6 
        19138.6      1.51454e+6 
        19189.7      1.50546e+6 
        19240.9      1.49488e+6 
        19292.1      1.48333e+6 
        19343.3      1.47115e+6 
        19394.5      1.45858e+6 
        19440.7      1.44701e+6 
        19450.7      1.44449e+6 
        19460.7      1.44194e+6 
        19480.7      1.43682e+6 
        19520.7      1.42655e+6 
        19600.8      1.40991e+6 
        19680.9      1.38851e+6 
          19761      1.36752e+6 
          19841      1.34692e+6 
        19921.1      1.32671e+6 
        20001.2      1.30686e+6 
        20081.3      1.28739e+6 
        20161.3      1.26827e+6 
        20241.4       1.2495e+6 
        20321.5      1.23108e+6 
        20401.6      1.21299e+6 
        20474.4      1.19682e+6 
        20547.2      1.18081e+6 
        20620.1      1.16507e+6 
        20692.9      1.14958e+6 
        20765.8      1.13436e+6 
        20838.6      1.11938e+6 
        20911.4      1.10465e+6 
        20984.3      1.09015e+6 
        21057.1      1.07589e+6 
          21130      1.06187e+6 
        21202.8      1.04807e+6 
        21275.6      1.03449e+6 
        21348.5      1.02113e+6 
        21421.3      1.00798e+6 
        21494.2          995043 
          21567          982310 
        21630.6          971355 
        21694.2          960511 
        21757.9          949813 
        21821.5          939264 
        21885.1          928865 
        21948.7          918605 
        22012.3          908489 
          22076          898511 
        22139.6          888669 
        22203.2          878961 
        22266.8          869382 
        22330.5          859936 
        22394.1          850614 
        22457.7          841422 
        22521.3          832349 
        22584.9          823402 
        22648.6          814571 
        22712.2          805856 
        22764.8          798744 
        22775.8          797261 
        22786.8          795781 
        22800.8          793906 
        22816.8          791769 
        22848.8          787516 
        22912.8          779093 
        22976.8          770783 
        23040.8          762587 
        23104.8          754494 
        23168.7          746512 
        23232.7          738632 
        23296.7          730857 
        23360.7          723182 
        23424.7          715608 
        23488.6          708134 
        23552.6          700754 
        23616.6          693472 
        23680.6          686284 
        23744.6          679187 
        23808.6          672181 
        23872.5          665267 
        23936.5          658440 
        24000.5          651701 
        24064.5          645048 
        24128.5          638478 
        24192.5          631991 
        24256.4          625585 
        24320.4          619261 
        24384.4          613019 
        24448.4          606852 
        24512.4          600764 
        24576.3          594751 
        24640.3          588813 
        24704.3          582948 
        24768.3          577155 
        24832.3          571434 
        24896.3          565785 
        24960.2          560203 
        25004.4          556389 
        25024.2          554692 
          25044          553002 
        25083.6          549650 
        25162.8          543024 
        25241.9          536496 
        25321.1          530068 
        25400.2          523735 
        25479.4          517496 
        25558.5          511351 
        25637.7          505297 
        25716.9          499334 
          25796          493456 
        25875.2          487663 
        25954.3          481955 
        26033.5          476331 
        26112.7          470790 
        26191.8          465326 
          26271          459945 
        26350.1          454639 
        26429.3          449408 
        26508.4          444253 
        26587.6          439173 
        26666.8          434162 
        26745.9          429223 
        26825.1          424357 
        26904.2          419557 
        26983.4          414825 
        27062.6          410160 
        27141.7          405561 
        27220.9          401024 
        27299.2          396598 
        27377.5          392247 
        27455.8          387955 
        27534.2          383720 
        27612.5          379545 
        27690.8          375427 
        27769.1          371365 
        27847.5          367356 
        27925.8          363401 
        28004.1          359502 
        28082.4          355653 
        28160.8          351855 
        28239.1          348107 
        28317.4          344410 
        28395.7          340762 
          28474          337162 
        28552.4          333609 
        28630.7          330106 
          28709          326644 
        28787.3          323229 
        28865.7          319861 
          28944          316534 
        29022.3          313250 
        29100.6          310009 
          29179          306810 
        29257.3          303653 
        29335.6          300535 
        29413.9          297458 
        29492.3          294420 
        29570.6          291420 
        29648.9          288459 
        29727.2          285535 
        29805.5          282648 
        29883.9          279797 
        29932.6          278042 
        29962.2          276983 
        29991.8          275928 
