# Koester WD models
# teff = 14000 K (value for the effective temperature for the model. Temperatures are given in K)
# logg = 7.5 log(cm/s2) (value for Log(G) for the model.)
#
# column 1: WAVELENGTH (ANGSTROM), Wavelength in Angstrom
# column 2: FLUX (ERG/CM2/S/A), Flux in erg/cm2/s/A
         899.23         87025.9 
        909.241         99978.7 
        919.241          435057 
        929.261          561770 
        939.271      1.04245e+6 
         949.28          375983 
        959.289      3.90726e+6 
        969.297      1.59717e+6 
        979.305      3.07123e+6 
        989.312      8.77858e+6 
        999.319      2.35127e+7 
        1009.33       8.7702e+6 
        1019.33      3.30791e+6 
        1029.34      3.00829e+6 
        1039.34      1.01889e+7 
        1049.35      3.86444e+7 
        1059.36      4.70617e+7 
        1069.36      2.64296e+8 
        1079.36      2.72287e+8 
        1089.37      1.35369e+9 
        1099.37      1.47307e+9 
        1109.38      1.40715e+9 
        1119.38      1.27366e+9 
        1129.38      1.13462e+9 
        1139.39      9.37765e+8 
        1149.39      7.06463e+8 
        1159.39      4.65685e+8 
        1169.39      2.52747e+8 
         1179.4      1.06092e+8 
         1189.4      4.17364e+7 
         1199.4      2.07324e+7 
         1209.4      1.14468e+7 
        1219.41      1.08044e+7 
        1229.41      1.95847e+7 
        1239.41      4.93975e+7 
        1249.41       1.4891e+8 
        1259.41      3.41526e+8 
        1269.41      5.73623e+8 
        1279.42       7.9127e+8 
        1289.42      9.67384e+8 
        1299.42      1.09609e+9 
        1309.42      1.18669e+9 
        1319.42      1.26442e+9 
        1329.42      1.29259e+9 
        1339.42      1.29738e+9 
        1349.42       1.3431e+9 
        1359.42      1.37237e+9 
        1369.42      1.31708e+9 
        1379.42      1.19554e+9 
        1389.42      1.06838e+9 
        1399.42       1.0943e+9 
        1409.42      1.34512e+9 
        1419.42      1.49476e+9 
        1429.42      1.52028e+9 
        1439.42      1.51241e+9 
        1451.52      1.49216e+9 
        1464.42      1.46756e+9 
        1474.42      1.44867e+9 
        1489.42      1.42169e+9 
        1504.42      1.39413e+9 
        1514.42      1.37583e+9 
        1529.42      1.34669e+9 
        1544.42      1.31592e+9 
        1559.42      1.28704e+9 
        1570.19      1.26603e+9 
        1584.41      1.23857e+9 
        1599.41      1.21462e+9 
        1614.41      1.19535e+9 
        1629.41      1.17773e+9 
        1644.41      1.15893e+9 
        1659.41      1.13862e+9 
        1670.17      1.12363e+9 
         1684.4       1.1039e+9 
         1699.4      1.08346e+9 
         1714.4      1.06346e+9 
         1729.4       1.0439e+9 
         1744.4      1.02478e+9 
        1759.39      1.00612e+9 
         1771.7      9.91163e+8 
        1784.39      9.76071e+8 
        1799.39      9.58663e+8 
           1824      9.30989e+8 
        1834.77      9.19236e+8 
        1845.54      9.07713e+8 
           1864      8.88427e+8 
        1876.29       8.7592e+8 
        1888.59       8.6368e+8 
        1906.98      8.45824e+8 
        1919.37      8.34099e+8 
        1931.76      8.22642e+8 
        1944.47      8.11118e+8 
        1956.53      8.00393e+8 
         1967.6      7.90729e+8 
        1992.71      7.69458e+8 
        2017.81      7.48975e+8 
        2067.03      7.11015e+8 
         2116.2      6.75923e+8 
           2129      6.67202e+8 
         2141.8      6.58635e+8 
        2165.47      6.43188e+8 
        2210.96      6.14929e+8 
        2225.91      6.06051e+8 
        2240.86      5.97361e+8 
        2263.91      5.84295e+8 
        2306.93      5.61022e+8 
        2319.34       5.5456e+8 
        2331.75      5.48211e+8 
        2350.78       5.3867e+8 
        2362.35      5.32984e+8 
        2373.93      5.27382e+8 
        2384.89      5.22161e+8 
        2397.08      5.16431e+8 
        2409.27      5.10785e+8 
        2433.66      4.99761e+8 
        2451.59      4.91873e+8 
        2466.76      4.85338e+8 
        2488.39      4.76228e+8 
        2510.01      4.67387e+8 
         2547.3      4.52647e+8 
        2559.23       4.4807e+8 
        2571.17      4.43568e+8 
        2595.04      4.34749e+8 
        2627.89      4.23015e+8 
        2642.78      4.17841e+8 
        2657.67      4.12758e+8 
        2687.45      4.02862e+8 
        2737.93      3.86837e+8 
        2756.11      3.81279e+8 
        2766.75      3.78081e+8 
        2810.65      3.65273e+8 
        2854.55      3.53055e+8 
        2898.45      3.41406e+8 
        2931.71       3.3293e+8 
        2942.34      3.30282e+8 
        2952.98      3.27659e+8 
        2974.26       3.2251e+8 
        3016.81      3.12541e+8 
        3051.42      3.04734e+8 
        3091.41      2.96047e+8 
        3120.64       2.8991e+8 
        3149.86      2.83942e+8 
        3168.31      2.80265e+8 
         3208.3      2.72507e+8 
        3248.29      2.65031e+8 
        3309.83      2.54071e+8 
        3322.09      2.51961e+8 
        3346.73      2.47787e+8 
        3383.63      2.41721e+8 
        3445.17      2.32026e+8 
        3469.81      2.28291e+8 
        3495.92      2.24412e+8 
        3506.71      2.22835e+8 
         3543.6      2.17545e+8 
        3591.28      2.10951e+8 
        3635.88      2.05007e+8 
        3647.12      2.03544e+8 
        3658.96      2.02009e+8 
        3671.11      2.00424e+8 
        3682.58       1.9894e+8 
         3693.5      1.97539e+8 
        3703.57       1.9626e+8 
        3713.83      1.95072e+8 
        3724.38      1.93959e+8 
        3734.43      1.92214e+8 
        3744.62      1.92095e+8 
        3754.84      1.91817e+8 
        3765.07      1.89324e+8 
         3775.5      1.89422e+8 
        3785.73      1.93197e+8 
        3795.99      1.74141e+8 
        3806.86      1.92653e+8 
        3817.37      1.99755e+8 
        3827.39      1.79158e+8 
        3837.97      1.58355e+8 
        3848.19      1.97419e+8 
        3858.91      2.14035e+8 
        3869.89      2.03714e+8 
        3881.42      1.62753e+8 
        3891.68      1.37736e+8 
        3902.12      1.86247e+8 
        3912.66      2.20144e+8 
        3923.89      2.36247e+8 
        3934.39      2.34487e+8 
        3945.35      2.12891e+8 
        3955.99      1.75438e+8 
        3966.15       1.2926e+8 
        3977.68      1.46228e+8 
        3988.87       1.9243e+8 
        3999.98      2.28552e+8 
        4010.54      2.49073e+8 
        4020.61      2.57895e+8 
        4032.31      2.61077e+8 
        4042.64      2.58794e+8 
        4053.86      2.48862e+8 
        4066.35      2.24829e+8 
        4078.85      1.89269e+8 
        4090.38      1.48398e+8 
        4100.51      1.02811e+8 
         4110.7       1.3778e+8 
        4120.98      1.74556e+8 
        4131.53      2.05459e+8 
        4142.68      2.31282e+8 
        4153.83       2.4805e+8 
        4168.82      2.58454e+8 
        4183.82      2.61963e+8 
        4198.82      2.62461e+8 
        4213.81      2.61303e+8 
        4224.95      2.59594e+8 
        4238.81      2.56422e+8 
         4253.8      2.50963e+8 
         4268.8      2.41249e+8 
        4283.79      2.24588e+8 
        4296.29      2.06184e+8 
        4308.79      1.81954e+8 
        4320.85      1.52598e+8 
        4331.09      1.22407e+8 
         4341.1      8.69615e+7 
        4352.06      1.28179e+8 
        4363.38      1.57707e+8 
        4373.77      1.79142e+8 
        4386.27      1.98682e+8 
        4398.76      2.12171e+8 
        4413.76      2.22981e+8 
        4428.76      2.27419e+8 
        4443.75       2.2834e+8 
        4458.75      2.27818e+8 
        4473.74      2.26576e+8 
        4488.74      2.24957e+8 
        4503.74      2.23141e+8 
        4514.12      2.21807e+8 
        4527.19      2.20069e+8 
        4538.73      2.18495e+8 
        4553.72      2.16414e+8 
        4568.72      2.14297e+8 
        4583.72      2.12159e+8 
        4596.53      2.10318e+8 
        4608.71      2.08581e+8 
         4623.7      2.06399e+8 
         4638.7      2.04188e+8 
         4653.7      2.01935e+8 
        4668.69      1.99613e+8 
        4683.69      1.97167e+8 
        4698.68      1.94553e+8 
        4713.68      1.91673e+8 
        4724.83      1.89277e+8 
        4738.67      1.85869e+8 
        4753.67      1.81525e+8 
        4768.67      1.75962e+8 
        4783.66      1.68946e+8 
        4798.66      1.59426e+8 
        4813.65      1.46733e+8 
        4828.65      1.29984e+8 
        4839.16      1.15216e+8 
        4849.39      9.81402e+7 
        4859.47       7.5839e+7 
        4869.59      9.05445e+7 
        4880.32      1.08352e+8 
        4891.13      1.22565e+8 
        4903.63      1.35092e+8 
        4915.55       1.4376e+8 
        4928.62      1.50453e+8 
        4943.62      1.55118e+8 
        4958.61       1.5763e+8 
        4973.61      1.58765e+8 
        4988.61      1.58936e+8 
         5003.6      1.58564e+8 
         5018.6      1.57788e+8 
         5033.6      1.56767e+8 
        5048.59      1.55594e+8 
        5063.59      1.54328e+8 
        5078.58      1.53002e+8 
        5093.58      1.51651e+8 
        5108.57      1.50283e+8 
        5123.57      1.48912e+8 
        5138.57      1.47544e+8 
        5153.56      1.46182e+8 
        5168.56      1.44829e+8 
        5183.56      1.43485e+8 
        5198.55      1.42153e+8 
        5213.55      1.40832e+8 
        5228.54      1.39524e+8 
        5243.54      1.38229e+8 
        5258.53      1.36947e+8 
        5273.53      1.35678e+8 
        5288.53       1.3442e+8 
        5303.52      1.33176e+8 
        5318.52      1.31945e+8 
        5333.52      1.30728e+8 
        5348.51      1.29524e+8 
        5363.51      1.28376e+8 
         5378.5      1.27195e+8 
         5393.5      1.26027e+8 
        5408.49      1.24873e+8 
        5423.49      1.23732e+8 
        5438.49      1.22604e+8 
        5453.48       1.2149e+8 
        5468.48      1.20388e+8 
        5483.48      1.19299e+8 
        5498.47      1.18221e+8 
        5513.47      1.17156e+8 
        5528.46      1.16104e+8 
        5543.46      1.15063e+8 
        5558.45      1.14034e+8 
        5573.45      1.13017e+8 
        5588.45      1.12011e+8 
        5603.44      1.11016e+8 
        5618.44      1.10032e+8 
        5633.43      1.09059e+8 
        5648.43      1.08097e+8 
        5663.43      1.07146e+8 
        5673.98      1.06483e+8 
         5686.2      1.05722e+8 
        5698.42      1.04967e+8 
        5708.88      1.04326e+8 
        5723.41      1.03445e+8 
        5738.41      1.02545e+8 
         5753.4      1.01655e+8 
         5768.4      1.00745e+8 
        5783.39      9.98737e+7 
        5798.39       9.9012e+7 
        5813.39      9.81594e+7 
        5828.38      9.73162e+7 
        5843.38      9.64821e+7 
        5858.37      9.56568e+7 
        5873.37        9.484e+7 
        5888.37       9.4032e+7 
        5903.36      9.32321e+7 
        5918.36      9.24407e+7 
        5933.35      9.16575e+7 
        5948.35      9.08825e+7 
        5963.35      9.01153e+7 
        5978.34       8.9356e+7 
        5993.34      8.86042e+7 
        6008.33      8.78597e+7 
        6023.33      8.71223e+7 
        6038.32      8.63919e+7 
        6053.32      8.56687e+7 
        6068.32      8.49524e+7 
        6083.31      8.42421e+7 
        6098.31      8.35384e+7 
        6113.31      8.28407e+7 
         6128.3      8.21489e+7 
         6143.3      8.14624e+7 
        6158.29      8.07813e+7 
        6173.29      8.01046e+7 
        6188.28       7.9432e+7 
        6203.28      7.87635e+7 
        6218.28      7.80987e+7 
        6233.27      7.74359e+7 
        6244.38      7.69455e+7 
        6256.04      7.64328e+7 
        6266.59      7.59703e+7 
        6278.26      7.54579e+7 
        6290.52      7.49176e+7 
        6302.31      7.43961e+7 
        6312.59      7.39386e+7 
        6323.25      7.34592e+7 
        6338.24      7.27781e+7 
        6353.24      7.20876e+7 
        6368.24      7.13764e+7 
        6383.23      7.06365e+7 
        6398.23       6.9853e+7 
        6413.22      6.90073e+7 
        6428.22      6.80701e+7 
        6443.22       6.6997e+7 
        6458.21      6.57202e+7 
        6473.21      6.41614e+7 
         6488.2      6.22296e+7 
         6503.2      5.97126e+7 
         6518.2      5.63762e+7 
        6532.67      5.20747e+7 
        6543.19      4.80846e+7 
        6556.02      4.17298e+7 
        6566.09      3.91593e+7 
        6577.95      4.55578e+7 
        6588.18      4.93142e+7 
        6603.34      5.33534e+7 
        6613.66      5.52898e+7 
        6623.98      5.67158e+7 
         6634.3      5.77459e+7 
        6644.62      5.84622e+7 
        6654.94      5.89416e+7 
        6665.26      5.92605e+7 
        6675.58       5.9438e+7 
         6685.9      5.95074e+7 
        6696.23      5.94914e+7 
        6706.55      5.94135e+7 
        6721.34      5.92231e+7 
        6741.06      5.88731e+7 
        6760.77      5.84544e+7 
        6780.49      5.79944e+7 
        6815.08      5.71374e+7 
        6834.48      5.66401e+7 
        6853.88      5.61368e+7 
        6892.68       5.5124e+7 
        6970.27      5.31171e+7 
        6986.58      5.27018e+7 
        7047.86      5.11706e+7 
        7109.15      4.96868e+7 
        7170.43      4.82539e+7 
        7231.71      4.68704e+7 
        7292.99      4.55352e+7 
        7315.03      4.50665e+7 
        7354.27      4.42468e+7 
        7393.51      4.34495e+7 
           7472      4.19004e+7 
        7550.48        4.042e+7 
        7580.06      3.98794e+7 
        7628.97      3.90051e+7 
        7677.88      3.81546e+7 
        7775.71      3.65238e+7 
        7873.53      3.49794e+7 
        7962.25      3.36487e+7 
        8019.38      3.28252e+7 
        8050.96       3.2381e+7 
        8082.55      3.19443e+7 
        8145.72      3.10927e+7 
        8200.85      3.03727e+7 
        8216.85      3.01677e+7 
        8232.84      2.99645e+7 
        8264.83      2.95632e+7 
        8289.72      2.92557e+7 
        8328.82      2.87802e+7 
        8343.44      2.86049e+7 
        8367.92      2.83136e+7 
        8388.68      2.80726e+7 
        8408.65      2.78431e+7 
        8432.02      2.75768e+7 
        8467.25       2.7178e+7 
        8502.48      2.67851e+7 
        8516.58      2.66299e+7 
        8530.98      2.64704e+7 
        8545.38      2.63291e+7 
        8574.18      2.60478e+7 
        8598.39      2.58042e+7 
         8628.6      2.55193e+7 
        8646.81      2.53303e+7 
        8665.01      2.51366e+7 
        8701.43      2.48139e+7 
        8725.22      2.45409e+7 
        8737.85      2.43822e+7 
        8750.47      2.42294e+7 
        8763.09      2.41457e+7 
        8775.71      2.40655e+7 
        8786.57      2.39831e+7 
        8800.96      2.38467e+7 
        8815.35      2.36783e+7 
        8825.48      2.35582e+7 
        8844.13      2.32932e+7 
        8862.78      2.30306e+7 
        8881.43      2.30182e+7 
        8900.08      2.30027e+7 
        8918.73      2.29255e+7 
        8937.38      2.27552e+7 
        8956.03      2.25193e+7 
        8974.68      2.21947e+7 
        8993.33      2.17922e+7 
        9009.05      2.14274e+7 
        9020.76      2.13488e+7 
        9038.33      2.15175e+7 
        9050.03      2.16137e+7 
        9061.74      2.16774e+7 
        9073.45      2.17088e+7 
        9085.16      2.16984e+7 
        9099.72      2.16512e+7 
        9114.27      2.15494e+7 
        9128.83      2.14004e+7 
        9143.39      2.12034e+7 
        9157.94      2.09372e+7 
         9172.5      2.06208e+7 
        9187.05      2.02158e+7 
        9201.61      1.97608e+7 
        9216.17      1.92458e+7 
        9229.01      1.88642e+7 
        9241.85      1.90967e+7 
        9261.12      1.95125e+7 
        9273.96      1.97435e+7 
        9286.81      1.99273e+7 
        9299.65      2.00529e+7 
        9312.49      2.01429e+7 
        9325.34      2.01846e+7 
        9338.18      2.01873e+7 
        9351.02       2.0161e+7 
        9363.87      2.01078e+7 
        9384.08      1.99823e+7 
         9404.3      1.97929e+7 
        9424.52       1.9558e+7 
        9444.74      1.92399e+7 
        9454.85      1.90404e+7 
        9464.96      1.88383e+7 
        9475.07      1.85891e+7 
        9485.17      1.83004e+7 
        9495.28      1.79688e+7 
        9505.39      1.75523e+7 
         9515.5      1.70635e+7 
        9525.61      1.64998e+7 
        9535.72      1.59229e+7 
        9545.97      1.53701e+7 
        9556.21      1.58139e+7 
        9575.42      1.66858e+7 
        9585.67      1.70697e+7 
        9595.91        1.737e+7 
        9606.16      1.75856e+7 
        9616.41      1.77553e+7 
        9626.65      1.78857e+7 
         9636.9      1.79686e+7 
        9657.39      1.81024e+7 
        9668.45      1.81342e+7 
        9679.51      1.81393e+7 
        9701.63      1.81123e+7 
        9723.75      1.80468e+7 
        9745.88      1.79489e+7 
        9790.12      1.76988e+7 
        9834.36      1.73793e+7 
        9856.48      1.72179e+7 
         9878.6      1.69769e+7 
        9892.88      1.67924e+7 
        9907.86      1.65736e+7 
        9922.85      1.63408e+7 
        9937.83      1.60659e+7 
        9952.82      1.57476e+7 
        9967.81      1.54094e+7 
        9982.79      1.50032e+7 
        9997.78      1.45413e+7 
        10012.8      1.39787e+7 
        10027.8      1.33179e+7 
        10039.4      1.27102e+7 
        10050.2      1.22512e+7 
        10064.3      1.28587e+7 
        10077.5      1.33718e+7 
        10090.8      1.37815e+7 
          10104      1.41291e+7 
        10117.3      1.43838e+7 
        10130.5      1.45948e+7 
        10143.8      1.47432e+7 
        10157.1      1.48779e+7 
        10170.3      1.49831e+7 
        10183.6      1.50507e+7 
        10196.8      1.50925e+7 
        10210.1      1.51288e+7 
          10236      1.51361e+7 
        10255.2      1.51042e+7 
        10274.3      1.50539e+7 
        10312.6      1.49153e+7 
          10351      1.47523e+7 
        10427.6      1.44019e+7 
        10504.3      1.40037e+7 
          10581      1.36355e+7 
        10619.3      1.34324e+7 
        10657.6      1.32167e+7 
        10695.9      1.29758e+7 
        10715.1      1.28419e+7 
        10734.3      1.26973e+7 
        10753.4      1.25366e+7 
        10772.6      1.23545e+7 
        10791.8      1.21484e+7 
        10810.9      1.19269e+7 
        10830.1      1.16654e+7 
        10849.3       1.1358e+7 
        10868.4      1.09982e+7 
        10887.6      1.05603e+7 
        10906.8      1.00165e+7 
        10921.1      9.51808e+6 
        10932.9      8.99674e+6 
        10942.9       8.9542e+6 
        10953.3      9.36672e+6 
        10963.6       9.6772e+6 
          10974      9.94066e+6 
        10984.3      1.01576e+7 
        10994.7      1.03444e+7 
          11005      1.04992e+7 
        11015.4      1.06331e+7 
        11025.7      1.07378e+7 
        11036.1      1.08277e+7 
        11046.4       1.0904e+7 
        11056.8      1.09662e+7 
        11067.1      1.10138e+7 
        11077.5      1.10498e+7 
        11098.1      1.11036e+7 
        11118.8      1.11301e+7 
        11139.5      1.11316e+7 
        11160.2      1.11145e+7 
        11180.9      1.10847e+7 
        11222.3      1.09963e+7 
        11260.9      1.08917e+7 
        11299.5      1.07753e+7 
        11376.7      1.05282e+7 
        11453.8      1.02938e+7 
          11531      1.00435e+7 
        11608.2      9.80067e+6 
        11685.4      9.56518e+6 
        11762.5      9.33672e+6 
        11839.7      9.11505e+6 
        11916.9      8.89988e+6 
        11994.1      8.69103e+6 
        12071.2      8.47894e+6 
        12148.4      8.27951e+6 
        12166.5      8.23333e+6 
        12225.6      8.08426e+6 
        12284.6      7.93626e+6 
        12343.7      7.78795e+6 
        12402.7      7.63753e+6 
        12461.8      7.48136e+6 
        12520.8      7.31488e+6 
        12550.4      7.22324e+6 
        12579.9      7.12428e+6 
        12609.4      7.01514e+6 
          12639      6.89024e+6 
        12668.5      6.74333e+6 
        12683.2      6.66008e+6 
          12698      6.56778e+6 
        12712.8      6.46417e+6 
        12727.5      6.34787e+6 
        12742.3      6.21721e+6 
        12757.1      6.06648e+6 
        12771.8      5.89313e+6 
        12786.6      5.69172e+6 
        12797.7      5.51111e+6 
        12808.7      5.27967e+6 
        12818.9      4.91911e+6 
          12832      5.34592e+6 
        12845.1      5.54299e+6 
        12858.2       5.6915e+6 
        12877.9       5.8629e+6 
          12891      5.95162e+6 
        12904.1      6.02303e+6 
        12917.2      6.08049e+6 
        12930.3      6.12645e+6 
        12943.4      6.16236e+6 
        12956.5      6.18935e+6 
        12982.8      6.22359e+6 
          13009      6.23732e+6 
        13035.2      6.23521e+6 
        13061.4      6.22214e+6 
        13087.6      6.20116e+6 
        13113.8      6.17483e+6 
        13166.3      6.10961e+6 
        13218.7      6.03575e+6 
          13234      6.01329e+6 
        13271.2      5.95725e+6 
        13308.4      5.90007e+6 
        13382.7      5.78458e+6 
        13457.1      5.66938e+6 
        13531.5      5.55591e+6 
        13605.9      5.44476e+6 
        13680.3      5.33841e+6 
        13754.7      5.23166e+6 
        13829.1      5.12758e+6 
        13903.5      5.02608e+6 
        13977.9      4.92709e+6 
        14052.3      4.83051e+6 
        14126.7       4.7363e+6 
        14201.1      4.64434e+6 
        14218.8      4.62273e+6 
        14275.4      4.55465e+6 
        14332.1       4.4878e+6 
        14388.7      4.42214e+6 
          14433      4.37159e+6 
        14445.3      4.35767e+6 
        14457.6      4.34379e+6 
          14480      4.31897e+6 
        14531.6      4.26163e+6 
        14581.2      4.20763e+6 
        14597.2      4.19038e+6 
        14613.2      4.17326e+6 
        14645.2      4.13927e+6 
        14709.2      4.07229e+6 
        14773.2      4.00666e+6 
        14837.1      3.94238e+6 
        14901.1      3.87936e+6 
        14965.1      3.81782e+6 
        15029.1      3.75728e+6 
        15093.1      3.69794e+6 
        15157.1      3.63975e+6 
          15221      3.58274e+6 
          15285      3.52681e+6 
          15349      3.47199e+6 
          15413      3.41824e+6 
        15471.6      3.36992e+6 
        15482.4      3.36113e+6 
        15493.1      3.35252e+6 
        15514.7      3.33543e+6 
        15557.9      3.30153e+6 
        15644.2      3.23502e+6 
        15730.5      3.17021e+6 
        15816.8        3.107e+6 
        15903.1      3.04536e+6 
        15989.4      2.98524e+6 
        16075.8      2.92659e+6 
        16162.1      2.86939e+6 
        16248.4      2.81358e+6 
        16289.9      2.78722e+6 
        16334.7      2.75898e+6 
        16379.5      2.73136e+6 
        16469.1      2.67837e+6 
        16558.8      2.62654e+6 
        16648.4      2.57607e+6 
          16738       2.5268e+6 
        16827.7       2.4787e+6 
        16917.3      2.43173e+6 
        17006.9      2.38587e+6 
        17096.6      2.34108e+6 
        17186.2      2.29732e+6 
        17275.8      2.25459e+6 
        17327.7      2.23031e+6 
        17365.5      2.21283e+6 
        17403.2      2.19552e+6 
        17478.8      2.16118e+6 
        17554.3       2.1275e+6 
        17629.9      2.09457e+6 
        17705.4      2.06217e+6 
          17781      2.03039e+6 
        17856.5      1.99922e+6 
        17932.1      1.96864e+6 
        18007.6      1.93463e+6 
        18083.2      1.90404e+6 
        18158.7      1.87356e+6 
        18234.3      1.84283e+6 
        18309.8      1.81126e+6 
        18343.7      1.79657e+6 
        18385.3      1.77786e+6 
          18427      1.75794e+6 
        18468.6      1.73601e+6 
        18510.2      1.71124e+6 
        18551.8       1.6821e+6 
        18572.6      1.66529e+6 
        18593.4      1.64661e+6 
        18614.2      1.62561e+6 
          18635      1.60173e+6 
        18655.8       1.5742e+6 
        18676.6      1.54223e+6 
          18687      1.52418e+6 
        18697.4      1.50451e+6 
        18707.8      1.48275e+6 
        18718.2      1.45839e+6 
        18728.6      1.42968e+6 
          18739       1.3928e+6 
        18749.1      1.30602e+6 
        18759.9      1.37191e+6 
          18775      1.42079e+6 
        18788.4       1.4483e+6 
        18808.6      1.47877e+6 
          18822      1.49471e+6 
        18835.4        1.508e+6 
        18848.8      1.51904e+6 
        18862.2       1.5282e+6 
        18889.1      1.54163e+6 
        18915.9      1.55007e+6 
        18942.8      1.55479e+6 
        18969.6       1.5566e+6 
        18996.4      1.55617e+6 
        19023.3      1.55401e+6 
          19077       1.5461e+6 
        19130.7      1.53531e+6 
        19184.3      1.52285e+6 
          19238      1.50946e+6 
        19291.7      1.49551e+6 
        19345.4      1.48126e+6 
        19399.1      1.46688e+6 
        19450.7      1.45301e+6 
        19502.3      1.43905e+6 
        19553.9      1.42722e+6 
        19605.5      1.41305e+6 
        19657.1      1.39906e+6 
        19708.8      1.38525e+6 
        19760.4       1.3716e+6 
          19812      1.35812e+6 
        19863.6       1.3448e+6 
        19915.2      1.33165e+6 
        19966.8      1.31865e+6 
        20018.4      1.30582e+6 
        20070.1      1.29313e+6 
        20121.7       1.2806e+6 
        20173.3      1.26823e+6 
        20224.9        1.256e+6 
        20276.5      1.24391e+6 
        20328.1      1.23197e+6 
        20379.8      1.22018e+6 
        20431.4      1.20852e+6 
        20474.4      1.19891e+6 
        20560.4       1.1799e+6 
        20646.5      1.16126e+6 
        20732.5      1.14299e+6 
        20818.6      1.12507e+6 
        20904.6      1.10751e+6 
        20990.7      1.09028e+6 
        21076.7      1.07339e+6 
        21162.8      1.05682e+6 
        21248.8      1.04057e+6 
        21334.8      1.02463e+6 
        21420.9        1.009e+6 
        21506.9          993661 
        21555.3          985159 
          21593          978612 
        21630.6          972119 
        21705.9          959270 
        21781.2          946631 
        21856.5          934200 
        21931.8          921973 
          22007          909947 
        22082.3          898112 
        22157.6          886473 
        22232.9          875018 
        22308.2          863749 
        22383.5          852660 
        22458.8          841749 
          22534          831011 
        22609.3          820443 
        22684.6          810044 
        22732.9          803453 
        22759.9          799809 
        22784.8          796453 
        22800.8          794308 
        22816.8          792171 
        22848.8          787921 
        22912.8          779501 
        22976.8          771195 
        23040.8          762999 
        23104.8          754912 
        23168.7          746933 
        23232.7          739060 
        23296.7          731287 
        23360.7          723616 
        23424.7          716048 
        23488.6          708577 
        23552.6          701203 
        23616.6          693928 
        23680.6          686743 
        23744.6          679652 
        23808.6          672650 
        23872.5          665741 
        23936.5          658918 
        24000.5          652182 
        24064.5          645534 
        24128.5          638969 
        24192.5          632487 
        24256.4          626088 
        24320.4          619770 
        24384.4          613531 
        24448.4          607370 
        24512.4          601288 
        24576.3          595278 
        24640.3          589347 
        24704.3          583488 
        24768.3          577701 
        24832.3          571983 
        24896.3          566341 
        24960.2          560765 
        25004.4          556954 
        25024.2          555258 
          25044          553571 
        25083.6          550231 
        25162.8          543631 
        25241.9          537131 
        25321.1          530728 
        25400.2          524417 
        25479.4          518203 
        25558.5          512080 
        25637.7          506045 
        25716.9          500101 
          25796          494245 
        25875.2          488474 
        25954.3          482784 
        26033.5          477180 
        26112.7          471657 
        26191.8          466212 
          26271          460847 
        26350.1          455556 
        26429.3          450344 
        26508.4          445205 
        26587.6          440140 
        26666.8          435145 
        26745.9          430222 
        26825.1          425369 
        26904.2          420584 
        26983.4          415865 
        27062.6          411212 
        27141.7          406626 
        27220.9          402102 
        27299.2          397691 
        27377.5          393353 
        27455.8          389077 
        27534.2          384855 
        27612.5          380692 
        27690.8          376586 
        27769.1          372536 
        27847.5          368537 
        27925.8          364594 
        28004.1          360702 
        28082.4          356863 
        28160.8          353074 
        28239.1          349339 
        28317.4          345647 
        28395.7          342009 
          28474          338416 
        28552.4          334869 
        28630.7          331372 
          28709          327916 
        28787.3          324508 
        28865.7          321143 
          28944          317822 
        29022.3          314543 
        29100.6          311307 
          29179          308112 
        29257.3          304958 
        29335.6          301845 
        29413.9          298770 
        29492.3          295735 
        29570.6          292739 
        29648.9          289780 
        29727.2          286858 
        29805.5          283973 
        29883.9          281124 
        29932.6          279370 
        29962.2          278311 
        29991.8          277257 
