# Koester WD models
# teff = 14250 K (value for the effective temperature for the model. Temperatures are given in K)
# logg = 7 log(cm/s2) (value for Log(G) for the model.)
#
# column 1: WAVELENGTH (ANGSTROM), Wavelength in Angstrom
# column 2: FLUX (ERG/CM2/S/A), Flux in erg/cm2/s/A
         899.23          132213 
        909.241          151267 
        919.241          654611 
        929.253          825054 
        939.271       1.3962e+6 
         949.28          637621 
        959.289      6.78713e+6 
        969.297      2.12015e+6 
        979.305      4.46866e+6 
        989.312      2.14237e+7 
        999.319      9.02221e+7 
        1009.33      1.87223e+7 
        1019.33      4.44004e+6 
        1029.34      3.94103e+6 
        1039.34      2.00994e+7 
        1049.35      1.39458e+8 
        1059.36      1.69709e+8 
        1069.36      7.25714e+8 
        1079.36      7.33911e+8 
        1089.37      1.95362e+9 
        1099.37      2.02776e+9 
        1109.38       1.9595e+9 
        1119.38      1.83763e+9 
        1129.38      1.70786e+9 
        1139.39      1.51901e+9 
        1149.39      1.27669e+9 
        1159.39      9.80164e+8 
        1169.39      6.44956e+8 
         1179.4      3.18061e+8 
         1189.4      1.03911e+8 
         1199.4      3.22748e+7 
         1209.4      1.45245e+7 
        1219.41      1.35615e+7 
        1229.41      2.73857e+7 
        1239.41      1.10851e+8 
        1249.41      3.94364e+8 
        1259.41      7.44259e+8 
        1269.41      1.03079e+9 
        1279.42      1.23737e+9 
        1289.42      1.37568e+9 
        1299.42      1.46186e+9 
        1309.42      1.51508e+9 
        1319.42      1.55483e+9 
        1329.42      1.56064e+9 
        1339.42      1.55219e+9 
        1349.42      1.56897e+9 
        1359.42      1.57436e+9 
        1369.42       1.5282e+9 
        1379.42       1.4418e+9 
        1389.42      1.34732e+9 
        1399.42      1.35593e+9 
        1409.42      1.50031e+9 
        1419.42      1.57166e+9 
        1429.42      1.57335e+9 
        1439.42      1.55782e+9 
        1454.42      1.52773e+9 
        1464.42      1.50678e+9 
        1474.42      1.48606e+9 
        1489.42       1.4558e+9 
        1504.42      1.42596e+9 
        1514.42       1.4064e+9 
        1529.42      1.37716e+9 
        1544.42      1.34813e+9 
        1559.42      1.32017e+9 
        1570.19      1.30036e+9 
        1584.41      1.27475e+9 
        1599.41      1.24956e+9 
        1614.41      1.22598e+9 
        1629.41      1.20333e+9 
        1644.41      1.18092e+9 
        1659.41      1.15865e+9 
        1670.17      1.14286e+9 
         1684.4      1.12238e+9 
         1699.4       1.1014e+9 
         1714.4      1.08096e+9 
         1729.4      1.06097e+9 
         1744.4      1.04146e+9 
        1759.39      1.02246e+9 
         1771.7      1.00724e+9 
        1784.39      9.91914e+8 
        1799.39      9.74214e+8 
           1824      9.46103e+8 
        1834.77      9.34175e+8 
        1845.54      9.22456e+8 
           1864      9.02847e+8 
        1876.29      8.90136e+8 
        1888.59      8.77701e+8 
        1906.98      8.59568e+8 
        1919.37      8.47665e+8 
        1931.76      8.36012e+8 
        1944.47      8.24294e+8 
        1956.53      8.13405e+8 
         1967.6      8.03591e+8 
        1992.71      7.81942e+8 
        2017.81       7.6112e+8 
        2067.03      7.22551e+8 
         2116.2      6.86868e+8 
           2129       6.7799e+8 
         2141.8      6.69275e+8 
        2165.47      6.53571e+8 
        2210.96      6.24872e+8 
        2225.91       6.1585e+8 
        2240.86      6.07019e+8 
        2263.91      5.93755e+8 
        2306.93      5.70105e+8 
        2319.34      5.63542e+8 
        2331.75      5.57095e+8 
        2350.78       5.4741e+8 
        2362.35      5.41639e+8 
        2373.93      5.35953e+8 
        2384.89      5.30646e+8 
        2397.08      5.24831e+8 
        2409.27      5.19107e+8 
        2433.66      5.07926e+8 
        2451.59      4.99918e+8 
        2466.76      4.93287e+8 
        2488.39      4.84047e+8 
        2510.01      4.75065e+8 
         2547.3      4.60115e+8 
        2559.23      4.55465e+8 
        2571.17      4.50897e+8 
        2595.04      4.41953e+8 
        2627.89       4.3004e+8 
        2642.78      4.24787e+8 
        2657.67      4.19623e+8 
        2687.45      4.09576e+8 
        2737.93      3.93296e+8 
        2756.11      3.87651e+8 
        2766.75      3.84408e+8 
        2810.65      3.71412e+8 
        2854.55      3.59009e+8 
        2898.45      3.47193e+8 
        2931.71      3.38591e+8 
        2942.34      3.35899e+8 
        2952.98      3.33238e+8 
        2974.26      3.28014e+8 
        3016.81      3.17888e+8 
        3051.42      3.09961e+8 
        3091.41      3.01144e+8 
        3120.64      2.94914e+8 
        3149.86      2.88855e+8 
        3168.31      2.85119e+8 
         3208.3      2.77239e+8 
        3248.29      2.69644e+8 
        3309.83      2.58503e+8 
        3322.09      2.56358e+8 
        3346.73      2.52115e+8 
        3383.63      2.45942e+8 
        3445.17      2.36077e+8 
        3469.81      2.32272e+8 
        3495.92      2.28328e+8 
        3506.71      2.26724e+8 
         3543.6      2.21346e+8 
        3591.28      2.14645e+8 
        3635.88      2.08602e+8 
        3647.12      2.07113e+8 
        3658.96      2.05548e+8 
        3671.11      2.03934e+8 
        3682.58      2.02408e+8 
         3693.5      2.00979e+8 
        3703.57      1.99694e+8 
        3713.83      1.98699e+8 
        3724.38      1.97825e+8 
        3734.43      1.94925e+8 
        3744.65      1.96492e+8 
        3754.84      1.96877e+8 
        3765.23       1.9304e+8 
         3775.5      1.93787e+8 
        3785.73      2.03568e+8 
        3795.99      1.68779e+8 
        3806.86      2.01835e+8 
        3817.37      2.16487e+8 
        3827.39      1.84743e+8 
        3837.97      1.53365e+8 
        3848.19      2.10654e+8 
         3858.5      2.37546e+8 
        3868.74      2.28639e+8 
        3878.82      1.84333e+8 
        3888.84      1.21375e+8 
        3898.89      1.81724e+8 
        3909.74      2.35634e+8 
        3919.95      2.61196e+8 
         3930.9      2.66344e+8 
         3941.6       2.5063e+8 
        3951.72       2.1363e+8 
        3961.86      1.60299e+8 
        3972.06      1.21936e+8 
        3982.23      1.80553e+8 
        3992.62      2.28941e+8 
        4003.87      2.65258e+8 
         4015.8      2.81523e+8 
        4028.86       2.8649e+8 
        4039.49      2.85482e+8 
        4050.11      2.79437e+8 
        4061.39       2.6361e+8 
        4073.85        2.304e+8 
        4083.99      1.92009e+8 
        4095.34      1.37242e+8 
        4105.79      1.24336e+8 
        4116.22      1.74977e+8 
        4126.69      2.15024e+8 
        4137.41      2.45044e+8 
        4147.46      2.63106e+8 
        4158.83      2.72876e+8 
        4173.82      2.76672e+8 
        4188.82       2.7686e+8 
        4203.81      2.75508e+8 
        4216.52       2.7364e+8 
        4228.81      2.71338e+8 
        4243.81      2.67728e+8 
         4258.8      2.62275e+8 
         4273.8      2.53069e+8 
        4288.79        2.378e+8 
        4301.29      2.18494e+8 
        4313.79      1.90578e+8 
        4326.14      1.51496e+8 
        4336.17      1.11806e+8 
        4347.43      1.22435e+8 
        4358.77      1.62439e+8 
        4369.56      1.90703e+8 
        4381.14      2.10897e+8 
        4391.82      2.22925e+8 
        4403.76      2.30945e+8 
        4418.76      2.35643e+8 
        4433.75      2.36443e+8 
        4448.75      2.35375e+8 
        4463.75      2.33688e+8 
        4478.74      2.31723e+8 
        4493.74      2.29618e+8 
        4508.73      2.27436e+8 
        4523.35      2.25269e+8 
        4533.35      2.23774e+8 
        4543.73      2.22217e+8 
        4558.72      2.19962e+8 
        4573.72      2.17707e+8 
        4588.71      2.15458e+8 
        4600.89      2.13636e+8 
        4613.71      2.11735e+8 
         4628.7      2.09502e+8 
         4643.7       2.0726e+8 
        4658.69      2.05007e+8 
        4673.69      2.02729e+8 
        4688.69      2.00406e+8 
        4703.68      1.97976e+8 
         4715.6      1.95937e+8 
        4728.68      1.93532e+8 
        4743.67      1.90429e+8 
        4758.67      1.86733e+8 
        4773.66      1.82161e+8 
        4788.66      1.76181e+8 
        4803.66      1.67472e+8 
        4818.65      1.54575e+8 
        4831.15      1.39026e+8 
        4842.32      1.20215e+8 
        4853.38      9.66574e+7 
        4863.38      8.04427e+7 
        4874.75      1.07662e+8 
        4886.05      1.27245e+8 
        4896.13      1.40096e+8 
        4908.63       1.5077e+8 
         4921.7      1.57408e+8 
        4933.62      1.60845e+8 
        4948.62      1.62835e+8 
        4963.61      1.63423e+8 
        4978.61      1.63189e+8 
        4993.61      1.62434e+8 
         5008.6      1.61372e+8 
         5023.6      1.60137e+8 
        5038.59      1.58796e+8 
        5053.59      1.57398e+8 
        5068.59      1.55973e+8 
        5083.58      1.54538e+8 
        5098.58        1.531e+8 
        5113.57      1.51664e+8 
        5128.57      1.50237e+8 
        5143.57      1.48821e+8 
        5158.56      1.47418e+8 
        5173.56      1.46028e+8 
        5188.55      1.44652e+8 
        5203.55      1.43291e+8 
        5218.55      1.41943e+8 
        5233.54       1.4061e+8 
        5248.54      1.39293e+8 
        5263.53      1.37989e+8 
        5278.53        1.367e+8 
        5293.52      1.35426e+8 
        5308.52      1.34165e+8 
        5323.52       1.3292e+8 
        5338.51      1.31688e+8 
        5353.51       1.3047e+8 
        5368.51      1.29287e+8 
         5383.5      1.28095e+8 
         5398.5      1.26917e+8 
        5413.49      1.25752e+8 
        5428.49      1.24601e+8 
        5443.48      1.23463e+8 
        5458.48      1.22338e+8 
        5473.48      1.21227e+8 
        5488.47      1.20128e+8 
        5503.47      1.19041e+8 
        5518.47      1.17967e+8 
        5533.46      1.16906e+8 
        5548.46      1.15856e+8 
        5563.45      1.14819e+8 
        5578.45      1.13793e+8 
        5593.44      1.12778e+8 
        5608.44      1.11776e+8 
        5623.44      1.10784e+8 
        5638.43      1.09803e+8 
        5653.43      1.08834e+8 
        5668.43      1.07875e+8 
        5682.86      1.06961e+8 
        5693.42        1.063e+8 
        5704.77      1.05595e+8 
        5715.23       1.0495e+8 
        5728.41      1.04145e+8 
         5743.4      1.03238e+8 
         5758.4      1.02341e+8 
         5773.4      1.01439e+8 
        5788.39      1.00561e+8 
        5803.39      9.96928e+7 
        5818.39      9.88339e+7 
        5833.38      9.79844e+7 
        5848.38       9.7144e+7 
        5863.37      9.63124e+7 
        5878.37        9.549e+7 
        5893.36       9.4676e+7 
        5908.36      9.38708e+7 
        5923.36      9.30738e+7 
        5938.35      9.22849e+7 
        5953.35      9.15045e+7 
        5968.34      9.07323e+7 
        5983.34       8.9968e+7 
        5998.34      8.92115e+7 
        6013.33      8.84629e+7 
        6028.33      8.77217e+7 
        6043.32      8.69882e+7 
        6058.32      8.62619e+7 
        6073.32      8.55427e+7 
        6088.31      8.48309e+7 
        6103.31      8.41259e+7 
         6118.3      8.34275e+7 
         6133.3      8.27357e+7 
         6148.3      8.20505e+7 
        6163.29      8.13713e+7 
        6178.29      8.06978e+7 
        6193.28      8.00299e+7 
        6208.28      7.93676e+7 
        6223.28      7.87104e+7 
        6238.27      7.80573e+7 
        6252.16      7.74557e+7 
        6262.16      7.70246e+7 
        6273.26      7.65468e+7 
        6284.63      7.60589e+7 
        6295.99      7.55716e+7 
        6306.09      7.51403e+7 
        6316.22      7.47064e+7 
        6328.25        7.419e+7 
        6343.24      7.35453e+7 
        6358.24      7.28953e+7 
        6373.23      7.22343e+7 
        6388.23      7.15557e+7 
        6403.23      7.08505e+7 
        6418.22      7.01031e+7 
        6433.22      6.92897e+7 
        6448.22      6.83724e+7 
        6463.21      6.72979e+7 
        6478.21      6.59816e+7 
         6493.2      6.42622e+7 
         6508.2      6.18639e+7 
        6523.19      5.83463e+7 
        6537.09      5.35717e+7 
        6548.06      4.84195e+7 
        6558.19      4.20069e+7 
        6569.28      4.31828e+7 
        6579.79      4.89039e+7 
        6590.04      5.29211e+7 
        6603.34      5.64887e+7 
        6613.66      5.82743e+7 
        6623.98      5.94433e+7 
         6634.3      6.01791e+7 
        6649.78      6.07474e+7 
         6660.1      6.08988e+7 
        6670.42      6.09309e+7 
        6680.74      6.08809e+7 
        6691.06      6.07647e+7 
        6711.48        6.041e+7 
        6731.89      5.99579e+7 
        6772.71      5.89193e+7 
        6802.29      5.81223e+7 
        6813.53      5.78166e+7 
        6824.78      5.75097e+7 
        6847.27      5.68961e+7 
        6892.25       5.5675e+7 
        6982.21      5.32946e+7 
        7035.19      5.19431e+7 
        7072.17      5.10232e+7 
        7109.15      5.01222e+7 
         7183.1       4.8379e+7 
        7257.06      4.67098e+7 
        7268.51      4.64579e+7 
        7331.01       4.5112e+7 
        7393.51      4.38167e+7 
        7456.01      4.25664e+7 
        7518.51      4.13603e+7 
        7581.01      4.01967e+7 
        7609.15      3.96865e+7 
        7643.52      3.90742e+7 
        7677.88      3.84738e+7 
        7746.61      3.73077e+7 
        7815.35      3.61855e+7 
        7884.08      3.51054e+7 
        7943.38       3.4206e+7 
        7955.15       3.4031e+7 
        7981.11      3.36487e+7 
        8018.85       3.3103e+7 
        8082.55      3.22067e+7 
        8146.25      3.13408e+7 
        8200.85      3.06217e+7 
        8216.85       3.0415e+7 
        8232.84      3.02101e+7 
        8264.83      2.98052e+7 
        8289.72      2.94951e+7 
        8328.82      2.90153e+7 
        8343.44      2.88383e+7 
        8367.92      2.85439e+7 
        8388.68      2.83042e+7 
        8408.65      2.80754e+7 
        8432.02      2.78091e+7 
        8467.25      2.74076e+7 
        8502.48      2.70086e+7 
        8516.58      2.68522e+7 
        8530.98      2.66873e+7 
        8545.38      2.65513e+7 
        8574.18      2.62886e+7 
        8598.39      2.60382e+7 
         8628.6      2.57826e+7 
        8646.81      2.55755e+7 
        8665.01      2.53504e+7 
        8683.22      2.52412e+7 
        8701.43      2.50963e+7 
        8719.64      2.48621e+7 
        8737.85      2.45604e+7 
        8750.47      2.43528e+7 
        8763.09      2.43363e+7 
        8775.71      2.43262e+7 
        8788.34      2.42725e+7 
        8800.96      2.41623e+7 
        8811.81      2.40224e+7 
        8825.96      2.37954e+7 
        8840.11      2.34917e+7 
        8854.26      2.31234e+7 
        8867.04      2.29559e+7 
        8879.83      2.31174e+7 
        8896.88      2.32668e+7 
        8913.93      2.33011e+7 
        8930.98       2.3208e+7 
        8948.03      2.29933e+7 
        8965.08      2.26481e+7 
        8982.13      2.21509e+7 
        8999.18      2.15107e+7 
        9010.98      2.10311e+7 
        9022.77      2.10818e+7 
        9034.57      2.14136e+7 
        9046.37      2.16987e+7 
        9058.17      2.19289e+7 
         9073.9      2.21238e+7 
        9089.63      2.21916e+7 
        9099.72      2.21867e+7 
         9109.8       2.2133e+7 
        9119.88      2.20433e+7 
        9129.97      2.19267e+7 
        9140.05      2.17729e+7 
        9150.13       2.1572e+7 
        9160.22      2.13033e+7 
         9170.3      2.10252e+7 
        9180.38      2.06654e+7 
        9190.47      2.02568e+7 
        9200.55      1.97741e+7 
        9210.63      1.92335e+7 
        9220.72      1.86319e+7 
        9232.16      1.83119e+7 
        9244.95      1.89019e+7 
        9257.75      1.94182e+7 
        9270.55       1.9836e+7 
        9283.34      2.01779e+7 
        9296.14      2.03918e+7 
        9308.94      2.05796e+7 
        9328.13      2.07054e+7 
        9340.93      2.07223e+7 
        9353.73      2.07066e+7 
        9366.52      2.06607e+7 
        9379.32      2.05936e+7 
        9393.61      2.04851e+7 
        9412.68      2.02965e+7 
        9431.74      2.00477e+7 
         9450.8      1.97097e+7 
        9469.87      1.92483e+7 
        9488.93      1.85987e+7 
        9503.23      1.79048e+7 
        9517.52       1.7041e+7 
        9536.59      1.56895e+7 
        9547.14        1.506e+7 
        9557.69      1.57376e+7 
        9568.83       1.6417e+7 
        9587.58      1.73597e+7 
        9601.65      1.78677e+7 
        9615.72      1.81842e+7 
        9634.47      1.84545e+7 
        9653.23      1.85789e+7 
        9668.45      1.86186e+7 
        9680.13      1.86116e+7 
         9703.5       1.8552e+7 
        9726.86      1.84511e+7 
        9750.23      1.83249e+7 
        9796.96      1.80337e+7 
        9843.69       1.7691e+7 
        9867.05      1.75094e+7 
        9890.42      1.72605e+7 
         9902.1      1.71136e+7 
        9913.78      1.69558e+7 
        9925.47      1.67749e+7 
        9937.15       1.6566e+7 
        9952.82      1.62497e+7 
        9968.49      1.58809e+7 
        9984.16      1.54162e+7 
        9999.84       1.4861e+7 
        10015.5       1.4175e+7 
        10031.2      1.33084e+7 
        10042.9      1.25014e+7 
        10053.1      1.22593e+7 
        10066.9      1.31243e+7 
          10077      1.36067e+7 
          10087      1.40062e+7 
        10097.1       1.4329e+7 
        10107.1      1.46019e+7 
        10117.1      1.48082e+7 
        10127.2      1.49934e+7 
        10137.2       1.5128e+7 
        10147.3      1.52314e+7 
        10157.3      1.53104e+7 
        10167.4      1.53801e+7 
        10177.4      1.54252e+7 
        10187.4      1.54515e+7 
        10207.5      1.54671e+7 
          10218      1.54589e+7 
        10237.2      1.54208e+7 
        10256.3      1.53602e+7 
        10294.6      1.52048e+7 
        10332.9      1.50274e+7 
        10409.5      1.46542e+7 
        10486.1      1.42606e+7 
        10562.7      1.38898e+7 
        10639.2      1.35004e+7 
        10677.5      1.32942e+7 
        10715.8      1.30677e+7 
          10735      1.29423e+7 
        10754.1      1.28035e+7 
        10773.3      1.26472e+7 
        10792.4      1.24734e+7 
        10811.5      1.22745e+7 
        10830.7      1.20329e+7 
        10849.8      1.17397e+7 
          10869      1.13673e+7 
        10888.1      1.08979e+7 
        10902.5      1.04628e+7 
        10916.8      9.92432e+6 
        10928.8      9.36396e+6 
        10938.9      8.76718e+6 
        10952.5      9.54143e+6 
        10965.1      9.98986e+6 
        10981.9      1.04331e+7 
        10998.7      1.07631e+7 
        11015.5      1.09955e+7 
        11032.3      1.11521e+7 
        11057.5      1.12918e+7 
        11074.3      1.13376e+7 
        11091.1      1.13571e+7 
        11107.9      1.13581e+7 
        11141.5      1.13255e+7 
        11156.3       1.1297e+7 
          11175      1.12536e+7 
        11208.6      1.11618e+7 
        11260.9      1.09985e+7 
        11313.2       1.0825e+7 
        11365.5      1.06494e+7 
        11417.7      1.04747e+7 
          11470      1.03092e+7 
        11522.3      1.01382e+7 
        11574.6      9.97076e+6 
        11626.9      9.80673e+6 
        11679.1      9.64607e+6 
        11731.4      9.48868e+6 
        11783.7      9.33446e+6 
          11836      9.18338e+6 
        11888.3      9.03535e+6 
        11940.5      8.89027e+6 
        11992.8      8.74811e+6 
        12045.1      8.60435e+6 
        12097.4      8.46706e+6 
        12149.7      8.33226e+6 
        12201.9      8.19962e+6 
        12223.8      8.14474e+6 
        12254.2      8.06896e+6 
        12284.6      7.99369e+6 
        12345.4      7.84421e+6 
        12406.2      7.69505e+6 
          12467      7.54381e+6 
        12527.8      7.38554e+6 
        12558.2      7.30068e+6 
        12588.6       7.2103e+6 
          12619      7.11008e+6 
        12649.4      6.99419e+6 
        12664.6      6.92837e+6 
        12679.8      6.85502e+6 
          12695      6.77189e+6 
        12710.3      6.67617e+6 
        12725.5      6.56483e+6 
        12740.7      6.43389e+6 
        12755.9      6.27838e+6 
        12771.1      6.09255e+6 
        12786.3       5.8684e+6 
        12797.7        5.663e+6 
        12809.1      5.40345e+6 
        12819.2      5.05894e+6 
          12830      5.44495e+6 
        12844.7      5.69872e+6 
        12859.4      5.88235e+6 
        12874.1       6.0224e+6 
        12896.1      6.17153e+6 
        12910.8      6.23967e+6 
        12925.5      6.28849e+6 
        12940.2      6.32192e+6 
        12954.9      6.34306e+6 
        12969.5      6.35456e+6 
        12984.2      6.35871e+6 
        13013.6      6.35148e+6 
          13043      6.32918e+6 
        13072.4      6.29732e+6 
        13131.1      6.21881e+6 
        13189.9      6.12953e+6 
        13248.6      6.03619e+6 
        13306.4      5.94326e+6 
        13321.8      5.91851e+6 
        13337.2      5.89382e+6 
          13368      5.84456e+6 
        13429.5      5.74695e+6 
        13491.1      5.65085e+6 
        13552.6      5.55644e+6 
        13614.2      5.46383e+6 
        13675.8      5.37426e+6 
        13737.3      5.28507e+6 
        13798.9       5.1977e+6 
        13860.4      5.11216e+6 
          13922      5.02834e+6 
        13983.5      4.94625e+6 
        14045.1      4.86582e+6 
        14106.6      4.78703e+6 
        14168.2      4.70981e+6 
        14229.8      4.63416e+6 
        14250.5      4.60897e+6 
        14291.3      4.56002e+6 
        14332.1      4.51174e+6 
        14369.6      4.46788e+6 
        14413.6      4.41705e+6 
        14457.6      4.36694e+6 
        14508.2      4.31027e+6 
        14545.7      4.26886e+6 
        14581.2      4.23009e+6 
        14597.2      4.21281e+6 
        14613.2       4.1956e+6 
        14645.2      4.16148e+6 
        14709.2      4.09422e+6 
        14773.2      4.02834e+6 
        14837.1      3.96378e+6 
        14901.1      3.90051e+6 
        14965.1      3.83852e+6 
        15029.1      3.77773e+6 
        15093.1      3.71817e+6 
        15157.1      3.65977e+6 
          15221       3.6025e+6 
          15285      3.54636e+6 
          15349      3.49131e+6 
          15413      3.43731e+6 
        15471.6       3.3888e+6 
        15482.4      3.37995e+6 
        15493.1      3.37146e+6 
        15514.7      3.35456e+6 
        15557.9      3.32104e+6 
        15644.2      3.25529e+6 
        15730.5      3.19117e+6 
        15816.8      3.12858e+6 
        15903.1      3.06752e+6 
        15989.4      3.00794e+6 
        16075.8      2.94979e+6 
        16162.1      2.89303e+6 
        16248.4      2.83762e+6 
        16289.9      2.81145e+6 
        16334.7      2.78353e+6 
        16379.5      2.75595e+6 
        16469.1      2.70298e+6 
        16558.8      2.65127e+6 
        16648.4      2.60078e+6 
          16738      2.55148e+6 
        16827.7      2.50334e+6 
        16917.3      2.45632e+6 
        17006.9      2.41039e+6 
        17096.6      2.36552e+6 
        17186.2      2.32169e+6 
        17275.8      2.27886e+6 
        17327.7      2.25453e+6 
        17365.5      2.23701e+6 
        17403.2      2.21965e+6 
        17478.8       2.1846e+6 
        17554.3      2.15023e+6 
        17629.9      2.11652e+6 
        17705.4      2.08347e+6 
          17781      2.05105e+6 
        17856.5      2.01926e+6 
        17932.1      1.98808e+6 
        18007.6      1.95519e+6 
        18083.2       1.9245e+6 
        18158.7      1.89412e+6 
        18234.3      1.86381e+6 
        18309.8      1.83317e+6 
        18343.7      1.81914e+6 
        18385.3      1.80152e+6 
          18427       1.7831e+6 
        18468.6      1.76317e+6 
        18510.2      1.74101e+6 
        18551.8      1.71512e+6 
        18572.6      1.70011e+6 
        18593.4      1.68324e+6 
        18614.2      1.66389e+6 
          18635       1.6413e+6 
        18655.8      1.61445e+6 
        18676.6      1.58219e+6 
          18687      1.56351e+6 
        18697.4      1.54287e+6 
        18707.8      1.51975e+6 
        18718.2      1.49376e+6 
        18728.6      1.46343e+6 
          18739      1.42549e+6 
        18749.1      1.34707e+6 
        18759.9      1.40521e+6 
        18771.7      1.44558e+6 
        18785.1      1.47718e+6 
        18805.2       1.5118e+6 
        18818.6      1.52936e+6 
          18832      1.54357e+6 
        18845.5       1.5549e+6 
        18858.9       1.5639e+6 
        18872.3      1.57082e+6 
        18899.2      1.57982e+6 
          18926      1.58399e+6 
        18952.8      1.58484e+6 
        18979.7      1.58328e+6 
        19033.4      1.57536e+6 
          19087      1.56381e+6 
        19140.7      1.55045e+6 
        19194.4      1.53617e+6 
        19248.1      1.52144e+6 
        19301.8      1.50647e+6 
        19355.4      1.49143e+6 
        19367.6      1.48803e+6 
        19409.1       1.4764e+6 
        19450.7      1.46482e+6 
        19533.8      1.44173e+6 
        19616.9      1.41985e+6 
          19700      1.39721e+6 
        19783.1      1.37502e+6 
        19866.2      1.35327e+6 
        19949.3      1.33194e+6 
        20032.4      1.31104e+6 
        20115.5      1.29054e+6 
        20198.6      1.27044e+6 
        20281.7      1.25072e+6 
        20364.8      1.23139e+6 
        20421.4      1.21844e+6 
        20447.9      1.21243e+6 
        20474.4      1.20646e+6 
        20527.4       1.1946e+6 
        20580.4      1.18289e+6 
        20633.5      1.17132e+6 
        20686.5      1.15989e+6 
        20739.5       1.1486e+6 
        20792.5      1.13745e+6 
        20845.5      1.12643e+6 
        20898.5      1.11554e+6 
        20951.6      1.10479e+6 
        21004.6      1.09417e+6 
        21057.6      1.08367e+6 
        21110.6       1.0733e+6 
        21163.6      1.06305e+6 
        21216.7      1.05292e+6 
        21269.7      1.04291e+6 
        21322.7      1.03303e+6 
        21375.7      1.02326e+6 
        21428.7       1.0136e+6 
        21481.8      1.00406e+6 
        21534.8          994628 
          21545          992828 
        21587.8          985307 
        21630.6          977858 
        21716.3          963159 
        21801.9          948736 
        21887.6          934583 
        21973.2          920691 
        22058.9          907056 
        22144.5          893673 
        22230.2          880538 
        22315.8          867642 
        22401.5          854978 
        22487.2          842547 
        22572.8          830342 
        22658.5          818357 
        22701.4          812432 
        22744.1          806585 
        22784.8          801062 
        22800.8          798907 
        22816.8          796758 
        22848.8          792482 
        22912.8          784019 
        22976.8          775669 
        23040.8          767428 
        23104.8          759295 
        23168.7          751271 
        23232.7          743354 
        23296.7          735538 
        23360.7          727828 
        23424.7          720216 
        23488.6          712705 
        23552.6          705291 
        23616.6          697974 
        23680.6          690751 
        23744.6          683620 
        23808.6          676583 
        23872.5          669637 
        23936.5          662779 
        24000.5          656005 
        24064.5          649323 
        24128.5          642723 
        24192.5          636207 
        24256.4          629773 
        24320.4          623424 
        24384.4          617150 
        24448.4          610958 
        24512.4          604841 
        24576.3          598800 
        24640.3          592837 
        24704.3          586947 
        24768.3          581129 
        24832.3          575383 
        24896.3          569709 
        24960.2          564104 
        25004.4          560275 
        25024.2          558569 
          25044          556869 
        25083.6          553527 
        25162.8          546917 
        25241.9          540407 
        25321.1          533992 
        25400.2          527671 
        25479.4          521445 
        25558.5          515312 
        25637.7          509265 
        25716.9          503311 
          25796          497440 
        25875.2          491656 
        25954.3          485957 
        26033.5          480340 
        26112.7          474801 
        26191.8          469345 
          26271          463966 
        26350.1          458663 
        26429.3          453439 
        26508.4          448286 
        26587.6          443206 
        26666.8          438202 
        26745.9          433263 
        26825.1          428397 
        26904.2          423600 
        26983.4          418869 
        27062.6          414200 
        27141.7          409601 
        27220.9          405064 
        27299.2          400635 
        27377.5          396271 
        27455.8          391964 
        27534.2          387713 
        27612.5          383522 
        27690.8          379388 
        27769.1          375307 
        27847.5          371283 
        27925.8          367312 
        28004.1          363391 
        28082.4          359527 
        28160.8          355710 
        28239.1          351946 
        28317.4          348230 
        28395.7          344564 
          28474          340944 
        28552.4          337376 
        28630.7          333851 
          28709          330370 
        28787.3          326936 
        28865.7          323549 
          28944          320204 
        29022.3          316902 
        29100.6          313641 
          29179          310422 
        29257.3          307245 
        29335.6          304108 
        29413.9          301011 
        29492.3          297954 
        29570.6          294935 
        29648.9          291954 
        29727.2          289011 
        29805.5          286104 
        29883.9          283234 
        29932.6          281467 
        29962.2          280400 
        29991.8          279338 
