# Koester WD models
# teff = 14000 K (value for the effective temperature for the model. Temperatures are given in K)
# logg = 8 log(cm/s2) (value for Log(G) for the model.)
#
# column 1: WAVELENGTH (ANGSTROM), Wavelength in Angstrom
# column 2: FLUX (ERG/CM2/S/A), Flux in erg/cm2/s/A
         899.23         77914.3 
        909.241         89508.4 
        919.241          370799 
        929.261          491537 
        939.271          994188 
         949.28          292893 
        959.289      3.35095e+6 
        969.297      1.53747e+6 
        979.305      2.86777e+6 
        989.312      6.93428e+6 
        999.319      1.40513e+7 
        1009.33      7.22114e+6 
        1019.33      3.17917e+6 
        1029.34      2.90549e+6 
        1039.34      8.57331e+6 
        1049.35      2.25091e+7 
        1059.35      2.63905e+7 
        1069.36      1.10375e+8 
        1079.36      1.15646e+8 
        1089.37      9.11549e+8 
        1099.37      1.05106e+9 
        1109.38      9.90686e+8 
        1119.38      8.60756e+8 
        1129.38      7.32063e+8 
        1139.39      5.61531e+8 
        1149.39      3.84135e+8 
        1159.39      2.29978e+8 
        1169.39      1.20523e+8 
         1179.4      5.83771e+7 
         1189.4      3.10948e+7 
         1199.4      1.85923e+7 
         1209.4       1.1091e+7 
        1219.41      1.04757e+7 
        1229.41      1.82685e+7 
        1239.41      3.85232e+7 
        1249.41      8.46923e+7 
        1259.41      1.77946e+8 
        1269.41      3.24652e+8 
        1279.42      5.00616e+8 
        1289.42      6.73262e+8 
        1299.42      8.18646e+8 
        1309.42      9.33509e+8 
        1319.42       1.0422e+9 
        1329.42      1.08894e+9 
        1339.42      1.10729e+9 
        1349.42      1.18467e+9 
        1359.42      1.23811e+9 
        1369.42      1.16751e+9 
        1379.42      1.01143e+9 
        1389.42      8.57784e+8 
        1399.42      8.99008e+8 
        1409.42       1.2596e+9 
        1419.42       1.5169e+9 
        1429.42      1.57809e+9 
        1439.42      1.57999e+9 
        1450.93       1.5638e+9 
        1462.45      1.54256e+9 
        1472.88      1.52367e+9 
        1484.42      1.50523e+9 
        1494.42      1.48835e+9 
        1507.14      1.46539e+9 
        1519.42      1.44204e+9 
        1529.42       1.4187e+9 
        1544.42      1.38027e+9 
        1559.42      1.34572e+9 
        1570.19      1.31934e+9 
        1584.41      1.28483e+9 
        1599.41      1.26087e+9 
        1614.41      1.24833e+9 
        1629.41      1.23928e+9 
        1644.41      1.22607e+9 
        1659.41      1.20771e+9 
        1670.17      1.19273e+9 
         1684.4      1.17228e+9 
         1699.4      1.15072e+9 
         1714.4      1.12939e+9 
         1729.4      1.10846e+9 
         1744.4      1.08799e+9 
        1759.39      1.06795e+9 
         1771.7      1.05187e+9 
        1784.39      1.03566e+9 
        1799.39      1.01693e+9 
           1824      9.87151e+8 
        1834.77      9.74494e+8 
        1845.54      9.62078e+8 
           1864      9.41341e+8 
        1876.29      9.27901e+8 
        1888.59       9.1476e+8 
        1906.98       8.9559e+8 
        1919.37      8.83011e+8 
        1931.76       8.7074e+8 
        1944.47      8.58412e+8 
        1956.53      8.46951e+8 
         1967.6      8.36616e+8 
        1992.71      8.13886e+8 
        2017.81       7.9203e+8 
        2067.03      7.51438e+8 
         2116.2      7.13993e+8 
           2129      7.04691e+8 
         2141.8      6.95574e+8 
        2165.47      6.79143e+8 
        2210.96      6.49113e+8 
        2225.91      6.39647e+8 
        2240.86      6.30383e+8 
        2263.91      6.16462e+8 
        2306.93      5.91637e+8 
        2319.34      5.84745e+8 
        2331.75      5.77981e+8 
        2350.78      5.67837e+8 
        2362.35      5.61798e+8 
        2373.93      5.55851e+8 
        2384.89       5.5031e+8 
        2397.08      5.44237e+8 
        2409.27      5.38262e+8 
        2433.66      5.26591e+8 
        2451.59      5.18218e+8 
        2466.76      5.11285e+8 
        2488.39      5.01643e+8 
        2510.01      4.92269e+8 
         2547.3      4.76611e+8 
        2559.23      4.71754e+8 
        2571.17      4.66976e+8 
        2595.04      4.57623e+8 
        2627.89      4.45186e+8 
        2642.78      4.39707e+8 
        2657.67      4.34322e+8 
        2687.45      4.23845e+8 
        2737.93      4.06846e+8 
        2756.11      4.00949e+8 
        2766.75      3.97559e+8 
        2810.65      3.83984e+8 
        2854.55      3.71054e+8 
        2898.45      3.58745e+8 
        2931.71      3.49782e+8 
        2942.34      3.46979e+8 
        2952.98      3.44205e+8 
        2974.26      3.38758e+8 
        3016.81      3.28205e+8 
        3051.42      3.19937e+8 
        3091.41      3.10744e+8 
        3120.64      3.04242e+8 
        3149.86      2.97923e+8 
        3168.31      2.94028e+8 
         3208.3      2.85813e+8 
        3248.29        2.779e+8 
        3309.83      2.66271e+8 
        3322.09      2.64032e+8 
        3346.73      2.59608e+8 
        3383.63       2.5318e+8 
        3445.17      2.42916e+8 
        3469.81      2.38961e+8 
        3495.92      2.34863e+8 
        3506.71      2.33195e+8 
         3543.6      2.27597e+8 
        3591.28      2.20614e+8 
        3635.88      2.14313e+8 
        3647.12      2.12762e+8 
        3658.96      2.11136e+8 
        3671.11      2.09457e+8 
        3682.58      2.07895e+8 
         3693.5      2.06413e+8 
        3703.57      2.05054e+8 
        3713.83      2.03711e+8 
        3724.38      2.02391e+8 
        3734.43      2.00927e+8 
        3744.62      2.00053e+8 
        3754.84      1.99247e+8 
        3765.07      1.97322e+8 
         3775.5      1.96923e+8 
        3786.22      1.97561e+8 
        3796.45      1.87325e+8 
        3807.84      1.97933e+8 
        3818.92      1.98986e+8 
        3830.45      1.80008e+8 
        3840.76      1.82119e+8 
        3851.84      2.03864e+8 
        3862.22      2.07639e+8 
        3872.36      1.95039e+8 
        3883.59      1.62253e+8 
        3893.94      1.60008e+8 
        3904.25      1.93992e+8 
         3915.4      2.17036e+8 
        3926.91      2.24134e+8 
        3937.35       2.1817e+8 
        3947.73      1.97951e+8 
        3958.88      1.63298e+8 
        3969.05      1.20804e+8 
        3979.89      1.57046e+8 
        3990.75      1.93077e+8 
        4001.45      2.19848e+8 
        4013.86      2.37569e+8 
        4025.34      2.43929e+8 
        4035.85       2.4445e+8 
        4046.04      2.40137e+8 
        4056.32      2.29321e+8 
        4068.85      2.05515e+8 
        4080.56      1.76365e+8 
        4092.03      1.39808e+8 
        4102.05      9.93183e+7 
        4113.31      1.45135e+8 
        4123.84       1.7563e+8 
           4134      1.99352e+8 
        4145.79      2.22734e+8 
        4156.33      2.36698e+8 
        4168.82      2.46237e+8 
        4183.82       2.5159e+8 
        4198.82      2.53247e+8 
        4213.81      2.52812e+8 
        4224.95      2.51279e+8 
        4238.81       2.4783e+8 
         4253.8      2.41396e+8 
         4268.8      2.30277e+8 
        4283.79      2.12587e+8 
        4298.79      1.90013e+8 
        4311.29      1.67275e+8 
         4323.5      1.40243e+8 
        4333.66      1.12239e+8 
        4344.37      1.02737e+8 
        4354.73      1.31593e+8 
        4366.07      1.56197e+8 
        4378.77      1.77287e+8 
        4393.77      1.96724e+8 
        4408.76      2.11527e+8 
        4423.76      2.20102e+8 
        4438.75      2.24089e+8 
        4453.75      2.25464e+8 
        4468.74      2.25427e+8 
        4483.74      2.24543e+8 
        4498.74       2.2326e+8 
        4513.73      2.21716e+8 
        4527.19      2.20179e+8 
        4538.73      2.18779e+8 
        4553.72      2.16881e+8 
        4568.72      2.14908e+8 
        4583.72      2.12877e+8 
        4596.53        2.111e+8 
        4608.71      2.09413e+8 
         4623.7      2.07241e+8 
         4638.7      2.05007e+8 
         4653.7      2.02691e+8 
        4668.69      2.00238e+8 
        4683.69      1.97533e+8 
        4698.68      1.94528e+8 
        4713.68       1.9107e+8 
        4724.83      1.88096e+8 
        4738.67      1.83777e+8 
        4753.67      1.78401e+8 
        4768.67      1.71684e+8 
        4783.66      1.63355e+8 
        4798.66      1.52931e+8 
        4813.65      1.40135e+8 
        4828.65      1.24719e+8 
        4839.16      1.11516e+8 
        4849.39      9.60174e+7 
        4859.63      7.48362e+7 
        4869.82      8.94748e+7 
        4880.09      1.04917e+8 
        4891.13      1.17939e+8 
        4903.63      1.29359e+8 
        4915.55      1.37853e+8 
        4928.62      1.45232e+8 
        4943.62      1.51171e+8 
        4958.61       1.5504e+8 
        4973.61      1.57308e+8 
        4988.61      1.58431e+8 
         5003.6      1.58886e+8 
         5018.6      1.58686e+8 
         5033.6      1.58065e+8 
        5048.59      1.57169e+8 
        5063.59      1.56091e+8 
        5078.58      1.54883e+8 
        5093.58      1.53623e+8 
        5108.57      1.52326e+8 
        5123.57      1.51009e+8 
        5138.57      1.49681e+8 
        5153.56      1.48349e+8 
        5168.56      1.47017e+8 
        5183.56       1.4569e+8 
        5198.55       1.4437e+8 
        5213.55      1.43057e+8 
        5228.54      1.41754e+8 
        5243.54       1.4046e+8 
        5258.53      1.39178e+8 
        5273.53      1.37906e+8 
        5288.53      1.36646e+8 
        5303.52      1.35398e+8 
        5318.52      1.34163e+8 
        5333.52       1.3294e+8 
        5348.51      1.31729e+8 
        5363.51       1.3061e+8 
         5378.5      1.29417e+8 
         5393.5      1.28237e+8 
        5408.49      1.27069e+8 
        5423.49      1.25915e+8 
        5438.49      1.24774e+8 
        5453.48      1.23645e+8 
        5468.48      1.22529e+8 
        5483.48      1.21426e+8 
        5498.47      1.20335e+8 
        5513.47      1.19257e+8 
        5528.46       1.1819e+8 
        5543.46      1.17136e+8 
        5558.45      1.16093e+8 
        5573.45      1.15062e+8 
        5588.45      1.14042e+8 
        5603.44      1.13034e+8 
        5618.44      1.12036e+8 
        5633.43       1.1105e+8 
        5648.43      1.10075e+8 
        5663.43      1.09109e+8 
        5673.98      1.08456e+8 
         5686.2      1.07682e+8 
        5698.42      1.06915e+8 
        5708.88      1.06263e+8 
        5723.41      1.05367e+8 
        5738.41      1.04451e+8 
         5753.4      1.03546e+8 
         5768.4      1.02596e+8 
        5783.39      1.01708e+8 
        5798.39      1.00831e+8 
        5813.39       9.9963e+7 
        5828.38      9.91044e+7 
        5843.38      9.82549e+7 
        5858.37      9.74142e+7 
        5873.37      9.65826e+7 
        5888.37      9.57595e+7 
        5903.36      9.49452e+7 
        5918.36      9.41416e+7 
        5933.35      9.33433e+7 
        5948.35      9.25529e+7 
        5963.35      9.17706e+7 
        5978.34      9.09959e+7 
        5993.34      9.02287e+7 
        6008.33       8.9466e+7 
        6023.33      8.87132e+7 
        6038.32      8.79674e+7 
        6053.32      8.72285e+7 
        6068.32      8.64956e+7 
        6083.31      8.57667e+7 
        6098.31      8.50439e+7 
        6113.31       8.4326e+7 
         6128.3      8.36154e+7 
         6143.3      8.29063e+7 
        6158.29      8.22007e+7 
        6173.29      8.14979e+7 
        6188.28      8.07967e+7 
        6203.28      8.00962e+7 
        6218.28      7.93959e+7 
        6233.27      7.86925e+7 
        6244.38      7.81685e+7 
        6256.04      7.76234e+7 
        6266.59      7.71333e+7 
        6278.26      7.65873e+7 
        6290.52      7.60083e+7 
        6302.31      7.54466e+7 
        6312.59      7.49496e+7 
        6323.25       7.4425e+7 
        6338.24      7.36713e+7 
        6353.24      7.28963e+7 
        6368.24      7.20864e+7 
        6383.23      7.12344e+7 
        6398.23      7.03189e+7 
        6413.22      6.93167e+7 
        6428.22      6.81949e+7 
        6443.22      6.69027e+7 
        6458.21      6.53703e+7 
        6473.21      6.35375e+7 
         6488.2      6.13515e+7 
         6503.2      5.86718e+7 
         6518.2      5.53055e+7 
        6532.67      5.11385e+7 
        6543.19      4.73366e+7 
        6556.02      4.14404e+7 
        6566.09      3.89601e+7 
        6577.95      4.49395e+7 
        6588.18      4.84801e+7 
        6603.34      5.23779e+7 
        6613.66      5.43147e+7 
        6623.98      5.58223e+7 
         6634.3      5.69872e+7 
        6649.78      5.82379e+7 
         6660.1      5.88235e+7 
        6670.42      5.92457e+7 
        6680.74      5.95272e+7 
        6691.06      5.96931e+7 
        6701.27      5.97647e+7 
        6711.43      5.97679e+7 
        6724.22       5.9694e+7 
        6737.02      5.95574e+7 
        6751.63      5.93425e+7 
        6762.61      5.91505e+7 
        6788.21      5.86356e+7 
        6824.78      5.77981e+7 
        6897.93      5.59665e+7 
        6971.07      5.40929e+7 
        7044.22      5.22437e+7 
        7109.15      5.06491e+7 
        7174.07      4.91081e+7 
           7239      4.76225e+7 
        7303.93      4.61915e+7 
        7344.21        4.533e+7 
        7368.86      4.48202e+7 
        7393.51       4.4309e+7 
        7442.82      4.33091e+7 
        7541.44      4.13933e+7 
        7602.23      4.02652e+7 
        7640.06      3.95828e+7 
        7677.88      3.89149e+7 
        7753.53      3.76215e+7 
        7829.18      3.63822e+7 
         7847.4      3.60912e+7 
        7904.82      3.51934e+7 
        7962.25      3.43238e+7 
        8019.67      3.34806e+7 
        8071.64      3.27392e+7 
        8082.55      3.25865e+7 
        8093.45      3.24344e+7 
        8114.92      3.21376e+7 
        8158.89      3.15406e+7 
        8200.85      3.09837e+7 
        8216.85      3.07747e+7 
        8232.84      3.05674e+7 
        8264.83      3.01581e+7 
        8289.72      2.98445e+7 
        8328.82      2.93597e+7 
        8343.44       2.9181e+7 
        8367.92      2.88844e+7 
        8388.68       2.8637e+7 
        8408.65      2.84017e+7 
        8432.02      2.81289e+7 
        8467.25      2.77221e+7 
        8502.48      2.73225e+7 
        8516.58      2.71644e+7 
        8530.98      2.70035e+7 
        8545.38      2.68531e+7 
        8574.18      2.65526e+7 
        8598.39       2.6301e+7 
         8628.6       2.5995e+7 
        8646.81      2.58063e+7 
        8665.01      2.56173e+7 
        8701.43      2.52609e+7 
        8750.47        2.473e+7 
        8783.66       2.4434e+7 
        8799.51      2.42785e+7 
        8815.35      2.41089e+7 
        8831.29      2.39422e+7 
        8847.03      2.37692e+7 
        8862.78       2.3603e+7 
        8878.53      2.35134e+7 
        8894.27      2.34285e+7 
        8910.02      2.33308e+7 
        8925.77       2.3212e+7 
        8941.51      2.30446e+7 
        8957.26      2.28685e+7 
        8988.75      2.24363e+7 
        9001.83      2.22411e+7 
        9014.91      2.20721e+7 
        9027.99      2.20433e+7 
        9041.06      2.20392e+7 
        9054.14      2.20294e+7 
        9067.21      2.20009e+7 
        9086.83      2.19142e+7 
        9099.72      2.18348e+7 
        9125.49      2.16182e+7 
        9138.38      2.14731e+7 
        9151.27      2.13109e+7 
        9164.16      2.11116e+7 
        9177.05      2.08958e+7 
        9189.94      2.06438e+7 
        9202.83      2.03731e+7 
        9228.19      1.98676e+7 
        9241.22      1.99218e+7 
        9254.24      2.00056e+7 
        9267.26      2.01118e+7 
        9280.28      2.01985e+7 
         9293.3      2.02496e+7 
        9306.32      2.02843e+7 
        9319.34      2.02863e+7 
        9332.36      2.02641e+7 
         9358.4      2.01528e+7 
        9384.08      1.99767e+7 
        9409.77      1.97317e+7 
        9422.61      1.95872e+7 
        9435.45      1.94216e+7 
        9448.29      1.92232e+7 
        9461.14       1.9009e+7 
        9473.98      1.87708e+7 
        9486.82      1.84803e+7 
        9499.66      1.81528e+7 
         9512.5      1.77384e+7 
        9525.35      1.72284e+7 
        9538.19      1.67052e+7 
        9548.88      1.64884e+7 
        9559.57      1.67846e+7 
         9576.1      1.72727e+7 
        9591.66      1.76118e+7 
        9607.21      1.78248e+7 
        9622.76      1.79738e+7 
        9638.32      1.80509e+7 
        9653.87      1.81242e+7 
        9668.45      1.81479e+7 
        9683.03      1.81406e+7 
        9712.19      1.80811e+7 
        9741.36      1.79628e+7 
        9770.52      1.78111e+7 
        9799.68      1.76273e+7 
        9828.84      1.74085e+7 
        9843.43      1.72811e+7 
        9858.01      1.71812e+7 
        9872.59      1.70238e+7 
        9887.17      1.68449e+7 
        9901.75      1.66367e+7 
        9916.33      1.64247e+7 
        9930.92      1.61886e+7 
         9945.5      1.59166e+7 
        9967.47      1.54596e+7 
        9982.11       1.5113e+7 
        9996.76      1.47196e+7 
        10011.4      1.42549e+7 
          10026      1.37316e+7 
        10037.7      1.32733e+7 
        10049.4      1.29493e+7 
        10059.6      1.31311e+7 
        10069.8      1.34424e+7 
        10082.9      1.38073e+7 
        10094.5      1.40719e+7 
        10106.2      1.42948e+7 
        10117.8      1.44838e+7 
        10129.5      1.46349e+7 
        10141.2      1.47421e+7 
        10152.8      1.48659e+7 
        10176.1      1.50249e+7 
        10199.4      1.51166e+7 
        10222.8      1.51682e+7 
        10237.2      1.51701e+7 
          10266      1.51336e+7 
        10294.9      1.50585e+7 
        10323.7      1.49584e+7 
        10381.4      1.47235e+7 
        10439.1      1.44232e+7 
        10496.8      1.41442e+7 
        10554.5      1.38758e+7 
        10612.2      1.35592e+7 
          10641      1.33879e+7 
        10669.9      1.32026e+7 
        10698.7      1.29949e+7 
        10727.6      1.27617e+7 
        10756.4      1.25007e+7 
        10785.3      1.21933e+7 
        10799.7      1.20218e+7 
        10814.1      1.18399e+7 
        10828.5      1.16419e+7 
          10843      1.14138e+7 
        10857.4      1.11738e+7 
        10871.8      1.08952e+7 
        10886.2       1.0585e+7 
        10900.6      1.02239e+7 
        10915.1      9.81217e+6 
        10925.2       9.4746e+6 
        10935.9       9.0066e+6 
        10946.1      9.24665e+6 
        10956.9      9.56898e+6 
        10974.1      9.96774e+6 
        10991.3      1.02768e+7 
        11008.5      1.05166e+7 
        11025.6      1.06966e+7 
        11042.8      1.08422e+7 
          11060      1.09491e+7 
        11077.2      1.10265e+7 
        11094.4      1.10882e+7 
        11111.6      1.11303e+7 
        11128.8      1.11527e+7 
          11146      1.11623e+7 
        11180.3      1.11511e+7 
        11214.7      1.11046e+7 
        11237.3      1.10592e+7 
        11249.1      1.10322e+7 
        11260.9      1.10037e+7 
        11284.5      1.09408e+7 
        11331.8      1.08027e+7 
        11426.3      1.05076e+7 
        11520.8      1.02266e+7 
        11615.2      9.92652e+6 
        11709.7      9.63734e+6 
        11804.2      9.35855e+6 
        11898.7      9.08973e+6 
        11993.2      8.83042e+6 
        12087.7      8.56235e+6 
        12182.2      8.31407e+6 
        12268.7      8.08935e+6 
        12284.6      8.04769e+6 
        12300.6      8.00575e+6 
        12332.5      7.92131e+6 
        12396.2      7.74808e+6 
          12460      7.56342e+6 
        12523.8      7.36135e+6 
        12555.7      7.24847e+6 
        12587.6      7.12318e+6 
        12619.5      6.98423e+6 
        12651.4      6.82558e+6 
        12667.3      6.73532e+6 
        12683.3      6.63768e+6 
        12699.2      6.53055e+6 
        12715.2      6.41095e+6 
        12731.1        6.278e+6 
        12747.1      6.13035e+6 
          12763      5.96233e+6 
        12778.9      5.77041e+6 
        12794.9       5.5467e+6 
        12806.9      5.32761e+6 
        12817.2      5.00094e+6 
        12827.3      5.25676e+6 
        12839.5       5.4577e+6 
          12854      5.62125e+6 
        12868.4      5.75339e+6 
        12882.9      5.86099e+6 
        12897.3      5.95115e+6 
        12911.8      6.02316e+6 
        12926.3      6.08467e+6 
        12940.7      6.13324e+6 
        12955.2      6.17147e+6 
        12969.6      6.20154e+6 
        12984.1      6.22488e+6 
          13013      6.25211e+6 
        13041.9      6.26088e+6 
        13070.8       6.2567e+6 
        13099.7      6.24159e+6 
        13128.6      6.21797e+6 
        13157.6      6.18881e+6 
        13215.4      6.11891e+6 
        13238.1      6.08847e+6 
        13273.2       6.0388e+6 
        13308.4      5.98712e+6 
        13378.6      5.88072e+6 
        13448.9      5.77261e+6 
        13519.2      5.66508e+6 
        13589.5      5.55905e+6 
        13659.8      5.45968e+6 
        13730.1      5.35651e+6 
        13800.4      5.25573e+6 
        13870.7      5.15733e+6 
        13940.9      5.06123e+6 
        14011.2      4.96733e+6 
        14081.5      4.87563e+6 
        14151.8        4.786e+6 
        14222.1      4.69844e+6 
        14252.7      4.66096e+6 
        14292.4      4.61286e+6 
        14332.1      4.56539e+6 
        14365.3      4.52606e+6 
        14411.5      4.47203e+6 
        14457.6      4.41881e+6 
        14516.8       4.3518e+6 
          14550      4.31476e+6 
        14581.2      4.28026e+6 
        14597.2      4.26273e+6 
        14613.2       4.2453e+6 
        14645.2      4.21068e+6 
        14709.2       4.1425e+6 
        14773.2      4.07568e+6 
        14837.1      4.01018e+6 
        14901.1      3.94603e+6 
        14965.1      3.88313e+6 
        15029.1      3.82146e+6 
        15093.1      3.76102e+6 
        15157.1       3.7018e+6 
          15221      3.64371e+6 
          15285      3.58676e+6 
          15349       3.5309e+6 
          15413      3.47614e+6 
        15471.6      3.42694e+6 
        15482.4      3.41796e+6 
        15493.1      3.40913e+6 
        15514.7      3.39151e+6 
        15557.9      3.35663e+6 
        15644.2      3.28821e+6 
        15730.5      3.22155e+6 
        15816.8      3.15655e+6 
        15903.1      3.09319e+6 
        15989.4      3.03142e+6 
        16075.8      2.97118e+6 
        16162.1      2.91243e+6 
        16248.4      2.85513e+6 
        16289.9      2.82808e+6 
        16334.7      2.79923e+6 
        16379.5      2.77074e+6 
        16469.1      2.71618e+6 
        16558.8      2.66295e+6 
        16648.4      2.61102e+6 
          16738      2.56034e+6 
        16827.7      2.51089e+6 
        16917.3      2.46263e+6 
        17006.9      2.41551e+6 
        17096.6      2.36952e+6 
        17186.2      2.32462e+6 
        17275.8      2.28076e+6 
        17327.7      2.25586e+6 
        17365.5      2.23794e+6 
        17403.2      2.22019e+6 
        17478.8      2.18543e+6 
        17554.3      2.15134e+6 
        17629.9      2.11791e+6 
        17705.4      2.08513e+6 
          17781      2.05297e+6 
        17856.5      2.02143e+6 
        17932.1      1.99049e+6 
        18007.6      1.95355e+6 
        18083.2      1.92199e+6 
        18158.7      1.89029e+6 
        18234.3        1.858e+6 
        18309.8      1.82432e+6 
        18343.7       1.8084e+6 
        18385.3       1.7879e+6 
          18427      1.76587e+6 
        18468.6      1.74147e+6 
        18510.2      1.71377e+6 
        18551.8      1.68137e+6 
        18572.6      1.66287e+6 
        18593.4      1.64249e+6 
        18614.2      1.61987e+6 
          18635      1.59472e+6 
        18655.8      1.56634e+6 
        18676.6      1.53443e+6 
        18697.4      1.49785e+6 
          18710      1.47248e+6 
        18726.4      1.43267e+6 
        18738.8      1.38969e+6 
        18749.1      1.29676e+6 
        18759.5      1.36489e+6 
        18773.9      1.41473e+6 
        18786.6      1.44042e+6 
        18799.4       1.4601e+6 
        18812.2      1.47644e+6 
          18825      1.49048e+6 
        18837.8       1.5026e+6 
        18850.6      1.51314e+6 
        18876.2      1.53002e+6 
        18901.8       1.5422e+6 
        18927.4      1.55066e+6 
          18953      1.55607e+6 
        18978.6      1.55897e+6 
        19004.2      1.55986e+6 
        19029.8      1.55911e+6 
          19081      1.55404e+6 
        19132.2      1.54573e+6 
        19183.3      1.53543e+6 
        19234.5      1.52386e+6 
        19285.7      1.51145e+6 
        19336.9      1.49852e+6 
        19388.1      1.48528e+6 
        19427.9      1.47487e+6 
        19439.3      1.47187e+6 
        19450.7      1.46888e+6 
        19473.5      1.46281e+6 
        19519.1      1.45066e+6 
        19610.3      1.42928e+6 
        19701.5      1.40452e+6 
        19792.8      1.38028e+6 
          19884      1.35657e+6 
        19975.2      1.33336e+6 
        20066.4      1.31064e+6 
        20157.7       1.2884e+6 
        20248.9      1.26662e+6 
        20340.1       1.2453e+6 
        20388.2      1.23422e+6 
        20431.3      1.22442e+6 
        20474.4      1.21472e+6 
        20560.5      1.19548e+6 
        20646.7      1.17662e+6 
        20732.8      1.15814e+6 
          20819      1.14001e+6 
        20905.1      1.12223e+6 
        20991.3      1.10479e+6 
        21077.4      1.08769e+6 
        21163.5      1.07092e+6 
        21249.7      1.05447e+6 
        21335.8      1.03833e+6 
          21422       1.0225e+6 
        21508.1      1.00697e+6 
        21557.9          998125 
        21594.3          991732 
        21630.6          985389 
        21703.3          972816 
          21776          960445 
        21848.7          948265 
        21921.4          936279 
        21994.1          924486 
        22066.8          912875 
        22139.4          901442 
        22212.1          890192 
        22284.8          879115 
        22357.5          868207 
        22430.2          857466 
        22502.9          846892 
        22575.6          836480 
        22648.3          826226 
          22721          816129 
        22784.8          807383 
        22800.8          805209 
        22816.8          803038 
        22848.8          798725 
        22912.8          790183 
        22976.8          781754 
        23040.8          773438 
        23104.8          765232 
        23168.7          757133 
        23232.7          749141 
        23296.7          741256 
        23360.7          733474 
        23424.7          725793 
        23488.6          718209 
        23552.6          710729 
        23616.6          703343 
        23680.6          696051 
        23744.6          688857 
        23808.6          681754 
        23872.5          674742 
        23936.5          667821 
        24000.5          660988 
        24064.5          654243 
        24128.5          647583 
        24192.5          641007 
        24256.4          634514 
        24320.4          628102 
        24384.4          621771 
        24448.4          615520 
        24512.4          609346 
        24576.3          603252 
        24640.3          597232 
        24704.3          591289 
        24768.3          585417 
        24832.3          579618 
        24896.3          573890 
        24960.2          568232 
        25004.4          564368 
        25024.2          562647 
          25044          560931 
        25083.6          557538 
        25162.8          550825 
        25241.9          544212 
        25321.1          537699 
        25400.2          531284 
        25479.4          524963 
        25558.5          518737 
        25637.7          512601 
        25716.9          506557 
          25796          500600 
        25875.2          494732 
        25954.3          488951 
        26033.5          483252 
        26112.7          477635 
        26191.8          472100 
          26271          466643 
        26350.1          461267 
        26429.3          455968 
        26508.4          450743 
        26587.6          445594 
        26666.8          440517 
        26745.9          435516 
        26825.1          430580 
        26904.2          425717 
        26983.4          420923 
        27062.6          416195 
        27141.7          411533 
        27220.9          406937 
        27299.2          402451 
        27377.5          398046 
        27455.8          393701 
        27534.2          389413 
        27612.5          385184 
        27690.8          381015 
        27769.1          376900 
        27847.5          372841 
        27925.8          368836 
        28004.1          364883 
        28082.4          360985 
        28160.8          357139 
        28239.1          353344 
        28317.4          349600 
        28395.7          345902 
          28474          342255 
        28552.4          338657 
        28630.7          335104 
          28709          331598 
        28787.3          328139 
        28865.7          324724 
          28944          321354 
        29022.3          318030 
        29100.6          314744 
          29179          311503 
        29257.3          308303 
        29335.6          305144 
        29413.9          302025 
        29492.3          298947 
        29570.6          295907 
        29648.9          292906 
        29727.2          289943 
        29805.5          287017 
        29883.9          284128 
        29932.6          282350 
        29962.2          281276 
        29991.8          280207 
