# Koester WD models
# teff = 14000 K (value for the effective temperature for the model. Temperatures are given in K)
# logg = 8.75 log(cm/s2) (value for Log(G) for the model.)
#
# column 1: WAVELENGTH (ANGSTROM), Wavelength in Angstrom
# column 2: FLUX (ERG/CM2/S/A), Flux in erg/cm2/s/A
         899.23         93565.1 
        909.241          107062 
        919.241          346150 
        929.261          478439 
        939.271      1.05837e+6 
         949.28          261567 
        959.289      3.50872e+6 
        969.297      1.67097e+6 
        979.305      3.12459e+6 
         989.31      7.47228e+6 
        999.319      1.36653e+7 
        1009.33      7.82605e+6 
        1019.33      3.47771e+6 
        1029.34      3.15906e+6 
        1039.34      9.28608e+6 
        1049.35      2.15897e+7 
        1059.36      2.47563e+7 
        1069.36      5.97358e+7 
        1079.36      6.32374e+7 
        1089.37      3.37592e+8 
        1099.37      4.20056e+8 
        1109.38      3.94408e+8 
        1119.38      3.34869e+8 
        1129.38      2.81889e+8 
        1139.39      2.18783e+8 
        1149.39      1.61494e+8 
        1159.39      1.15504e+8 
        1169.39      7.95973e+7 
         1179.4      5.07443e+7 
         1189.4      3.14656e+7 
         1199.4      1.96637e+7 
         1209.4      1.19309e+7 
        1219.41      1.11938e+7 
        1229.41      1.94908e+7 
        1239.41      3.99337e+7 
        1249.41      7.26782e+7 
        1259.41      1.16074e+8 
        1269.41      1.74315e+8 
        1279.42      2.48452e+8 
        1289.42      3.34617e+8 
        1299.42      4.23166e+8 
        1309.42      5.06057e+8 
        1319.42      6.00836e+8 
        1329.42      6.46713e+8 
        1339.42      6.75408e+8 
        1349.42      7.68609e+8 
        1359.42      8.34787e+8 
        1369.42      7.63372e+8 
        1379.42      6.27734e+8 
        1389.42      5.12186e+8 
        1399.42      5.51645e+8 
        1409.42      9.25611e+8 
        1419.42      1.32578e+9 
        1429.42      1.46314e+9 
        1439.42      1.49166e+9 
        1454.42      1.48472e+9 
        1464.42      1.47301e+9 
        1474.42      1.46494e+9 
        1489.42      1.45444e+9 
        1504.42       1.4366e+9 
        1514.42      1.42187e+9 
        1529.42      1.38108e+9 
        1544.42      1.33033e+9 
        1559.42       1.2875e+9 
        1570.19      1.25178e+9 
        1584.41      1.20685e+9 
        1599.41      1.19001e+9 
        1614.41      1.20042e+9 
        1629.41      1.21911e+9 
        1644.41      1.22641e+9 
        1659.41      1.21913e+9 
        1670.17      1.20834e+9 
         1684.4      1.19119e+9 
         1699.4       1.1718e+9 
         1714.4        1.152e+9 
         1729.4      1.13242e+9 
         1744.4      1.11316e+9 
        1759.39      1.09429e+9 
         1771.7      1.07911e+9 
        1784.39      1.06382e+9 
        1799.39       1.0462e+9 
           1824      1.01824e+9 
        1834.77       1.0064e+9 
        1845.54      9.94788e+8 
           1864      9.75395e+8 
        1876.29      9.62813e+8 
        1888.59      9.50523e+8 
        1906.98      9.32572e+8 
        1919.37      9.20769e+8 
        1931.76      9.09243e+8 
        1944.47      8.97628e+8 
        1956.53      8.86843e+8 
         1967.6       8.7712e+8 
        1992.71       8.5572e+8 
        2017.81      8.35142e+8 
        2067.03       7.9705e+8 
         2116.2      7.61572e+8 
           2129      7.52729e+8 
         2141.8      7.44052e+8 
        2165.47      7.28413e+8 
        2210.96      6.99705e+8 
        2225.91      6.90651e+8 
        2240.86      6.81785e+8 
        2263.91      6.68452e+8 
        2306.93      6.44539e+8 
        2319.34      6.37844e+8 
        2331.75      6.31253e+8 
        2350.78      6.21332e+8 
        2362.35       6.1541e+8 
        2373.93       6.0956e+8 
        2384.89      6.04087e+8 
        2397.08      5.98074e+8 
        2409.27      5.92146e+8 
        2433.66      5.80535e+8 
        2451.59      5.72197e+8 
        2466.76      5.65276e+8 
        2488.39      5.55562e+8 
        2510.01      5.46153e+8 
         2547.3      5.30276e+8 
        2559.23      5.25325e+8 
        2571.17      5.20443e+8 
        2595.04      5.10854e+8 
        2627.89      4.98037e+8 
        2642.78      4.92363e+8 
        2657.67      4.86774e+8 
        2687.45      4.75857e+8 
        2737.93      4.58013e+8 
        2756.11      4.51783e+8 
        2766.75      4.48189e+8 
        2810.65      4.33731e+8 
        2854.55      4.19852e+8 
        2898.45       4.0655e+8 
        2931.71      3.96811e+8 
        2942.34      3.93748e+8 
        2952.98      3.90717e+8 
        2974.26      3.84745e+8 
        3016.81      3.73121e+8 
        3051.42      3.63979e+8 
        3091.41      3.53765e+8 
        3120.64      3.46521e+8 
        3149.86      3.39459e+8 
        3168.31      3.35095e+8 
         3208.3      3.25862e+8 
        3248.29       3.1693e+8 
        3309.83      3.03749e+8 
        3322.09      3.01203e+8 
        3346.73      2.96158e+8 
        3383.63      2.88807e+8 
        3445.17      2.77028e+8 
        3469.81      2.72473e+8 
        3495.92      2.67746e+8 
        3506.71      2.65822e+8 
         3543.6      2.59356e+8 
        3591.28      2.51299e+8 
        3635.88      2.44023e+8 
        3647.12      2.42233e+8 
        3658.96       2.4036e+8 
        3671.11      2.38423e+8 
        3682.58      2.36629e+8 
         3693.5      2.34929e+8 
        3703.57      2.33367e+8 
        3713.83      2.31786e+8 
        3724.38      2.30184e+8 
        3734.43      2.28633e+8 
        3744.62      2.27213e+8 
        3754.84      2.25844e+8 
        3765.07      2.24156e+8 
         3775.5      2.23027e+8 
        3786.22      2.21992e+8 
        3796.45      2.17934e+8 
        3807.84      2.20408e+8 
        3818.92      2.19555e+8 
        3830.45      2.11053e+8 
        3840.76      2.11681e+8 
        3851.98      2.20144e+8 
        3862.01      2.20572e+8 
        3872.59      2.12574e+8 
         3884.4       1.9277e+8 
        3894.46      1.94632e+8 
        3904.96      2.13624e+8 
        3916.92       2.2519e+8 
        3928.22      2.26749e+8 
        3938.89      2.20359e+8 
        3950.65      2.02614e+8 
        3962.28      1.72392e+8 
        3972.79      1.55566e+8 
        3984.18      1.89546e+8 
        3996.06       2.1533e+8 
        4006.33      2.28678e+8 
        4018.72      2.36208e+8 
        4028.86      2.37929e+8 
        4043.86      2.34547e+8 
        4056.35      2.24651e+8 
        4068.85      2.06281e+8 
        4082.28      1.78596e+8 
        4093.57      1.45148e+8 
        4103.79      1.21911e+8 
        4114.23      1.57796e+8 
        4125.26      1.84918e+8 
        4135.54      2.03587e+8 
        4146.66      2.19925e+8 
        4158.83      2.31758e+8 
        4173.82      2.39311e+8 
        4188.82      2.42578e+8 
        4203.81      2.43349e+8 
        4216.52      2.42634e+8 
        4228.81       2.4071e+8 
        4243.81      2.36345e+8 
         4258.8      2.28874e+8 
         4273.8      2.17093e+8 
        4288.79      2.00626e+8 
        4301.29      1.84122e+8 
        4313.79      1.63919e+8 
        4324.82      1.40823e+8 
        4335.12       1.1195e+8 
        4345.46      1.10457e+8 
        4356.08      1.38809e+8 
        4368.77      1.62351e+8 
        4381.14      1.79007e+8 
        4393.77      1.92465e+8 
        4408.76      2.04881e+8 
        4423.76      2.13424e+8 
        4438.75        2.183e+8 
        4453.75      2.20667e+8 
        4468.74      2.21479e+8 
        4483.74      2.21352e+8 
        4498.74        2.207e+8 
        4513.73      2.19682e+8 
        4527.19      2.18543e+8 
        4538.73      2.17442e+8 
        4553.72      2.15876e+8 
        4568.72      2.14184e+8 
        4583.72      2.12384e+8 
        4596.53      2.10764e+8 
        4608.71      2.09198e+8 
         4623.7      2.07115e+8 
         4638.7       2.0491e+8 
         4653.7      2.02562e+8 
        4668.69      2.00013e+8 
        4683.69      1.97161e+8 
        4698.68      1.93898e+8 
        4713.68      1.90047e+8 
        4724.83      1.86728e+8 
        4738.67      1.81928e+8 
        4753.67      1.75977e+8 
        4768.67      1.69148e+8 
        4783.66      1.60945e+8 
        4798.66      1.51291e+8 
        4813.65      1.39723e+8 
        4828.65      1.25707e+8 
        4839.16      1.13166e+8 
        4849.39      9.75618e+7 
        4859.63      7.63577e+7 
        4869.82      9.08376e+7 
        4880.09      1.06652e+8 
        4891.13      1.19149e+8 
        4903.63       1.2959e+8 
        4915.55      1.37262e+8 
        4928.62       1.4392e+8 
        4943.62      1.49765e+8 
        4958.61       1.5398e+8 
        4973.61      1.56881e+8 
        4988.61      1.58839e+8 
         5003.6      1.60025e+8 
         5018.6      1.60462e+8 
         5033.6      1.60353e+8 
        5048.59      1.59836e+8 
        5063.59      1.59072e+8 
        5078.58      1.58122e+8 
        5093.58      1.57074e+8 
        5108.57      1.55951e+8 
        5123.57      1.54779e+8 
        5138.57       1.5357e+8 
        5153.56      1.52337e+8 
        5168.56       1.5109e+8 
        5183.56      1.49836e+8 
        5198.55      1.48578e+8 
        5213.55      1.47319e+8 
        5228.54      1.46062e+8 
        5243.54      1.44809e+8 
        5258.53      1.43562e+8 
        5273.53      1.42321e+8 
        5288.53      1.41089e+8 
        5303.52      1.39865e+8 
        5318.52      1.38651e+8 
        5333.52      1.37446e+8 
        5348.51      1.36251e+8 
        5363.51      1.35221e+8 
         5378.5      1.34031e+8 
         5393.5      1.32854e+8 
        5408.49      1.31689e+8 
        5423.49      1.30535e+8 
        5438.49      1.29394e+8 
        5453.48      1.28266e+8 
        5468.48      1.27149e+8 
        5483.48      1.26044e+8 
        5498.47      1.24951e+8 
        5513.47       1.2387e+8 
        5528.46        1.228e+8 
        5543.46      1.21741e+8 
        5558.45      1.20693e+8 
        5573.45      1.19657e+8 
        5588.45      1.18631e+8 
        5603.44      1.17616e+8 
        5618.44      1.16612e+8 
        5633.43      1.15618e+8 
        5648.43      1.14634e+8 
        5663.43       1.1366e+8 
        5673.98      1.13215e+8 
         5686.2      1.12426e+8 
        5698.42      1.11643e+8 
        5708.88      1.10979e+8 
        5723.41      1.10064e+8 
        5738.41       1.0913e+8 
         5753.4      1.08206e+8 
         5768.4      1.07179e+8 
        5783.39       1.0627e+8 
        5798.39      1.05372e+8 
        5813.39      1.04483e+8 
        5828.38      1.03602e+8 
        5843.38      1.02731e+8 
        5858.37      1.01869e+8 
        5873.37      1.01014e+8 
        5888.37      1.00168e+8 
        5903.36      9.93296e+7 
        5918.36      9.84987e+7 
        5933.35      9.76756e+7 
        5948.35        9.686e+7 
        5963.35      9.60517e+7 
        5978.34      9.52509e+7 
        5993.34      9.44567e+7 
        6008.33      9.36694e+7 
        6023.33      9.28884e+7 
        6038.32      9.21134e+7 
        6053.32       9.1344e+7 
        6068.32      9.05793e+7 
        6083.31      8.98169e+7 
        6098.31      8.90582e+7 
        6113.31      8.83026e+7 
         6128.3      8.75493e+7 
         6143.3      8.67987e+7 
        6158.29      8.60507e+7 
        6173.29      8.53024e+7 
        6188.28      8.45516e+7 
        6203.28       8.3797e+7 
        6218.28      8.30364e+7 
        6233.27      8.22673e+7 
        6244.38      8.16896e+7 
        6256.04      8.10861e+7 
        6266.59      8.05404e+7 
        6278.26      7.99278e+7 
        6290.52      7.92727e+7 
        6302.31        7.864e+7 
        6312.59      7.80802e+7 
        6323.25      7.74861e+7 
        6338.24       7.6625e+7 
        6353.24      7.57278e+7 
        6368.24      7.47803e+7 
        6383.23      7.37759e+7 
        6398.23      7.26917e+7 
        6413.22      7.15064e+7 
        6428.22      7.01882e+7 
        6443.22      6.86953e+7 
        6458.21      6.69656e+7 
        6473.21      6.49527e+7 
         6488.2      6.25984e+7 
         6503.2      5.97968e+7 
         6518.2       5.6314e+7 
        6532.67       5.2016e+7 
        6543.19      4.79982e+7 
        6556.02      4.19899e+7 
        6566.09      3.94681e+7 
        6577.95      4.54893e+7 
        6588.18      4.92542e+7 
        6603.34      5.33367e+7 
        6613.66      5.53533e+7 
        6623.98      5.69498e+7 
         6634.3      5.82087e+7 
        6644.62      5.92105e+7 
        6654.94       6.0017e+7 
        6665.26      6.06519e+7 
        6675.58      6.11332e+7 
         6685.9      6.14895e+7 
        6696.23      6.17304e+7 
        6711.48       6.1933e+7 
        6726.73      6.19918e+7 
        6741.98      6.19406e+7 
        6757.23      6.18068e+7 
        6772.48      6.16142e+7 
        6802.98      6.10949e+7 
        6824.78      6.06478e+7 
        6868.37      5.96538e+7 
        6911.97      5.85923e+7 
        6955.56      5.74823e+7 
        6976.35      5.69458e+7 
        7042.75      5.52345e+7 
        7109.15      5.35491e+7 
        7175.54       5.1912e+7 
        7241.94      5.03296e+7 
        7308.33      4.88024e+7 
        7355.95      4.77415e+7 
        7374.73      4.73463e+7 
        7393.51      4.69385e+7 
        7431.08      4.61362e+7 
        7506.22      4.45817e+7 
        7581.35       4.3092e+7 
         7635.1       4.2064e+7 
        7656.49      4.16635e+7 
        7677.88      4.12676e+7 
        7720.67      4.04901e+7 
        7806.23       3.8989e+7 
        7821.36      3.87311e+7 
         7891.8      3.75568e+7 
        7962.25      3.64258e+7 
        7982.84      3.61035e+7 
        8032.69      3.53373e+7 
        8082.55      3.45914e+7 
        8161.68      3.34473e+7 
        8182.26      3.31573e+7 
        8200.85      3.28981e+7 
        8216.85      3.26773e+7 
        8232.84       3.2458e+7 
        8264.83      3.20254e+7 
        8289.72      3.16936e+7 
        8328.82      3.11809e+7 
        8343.44      3.09918e+7 
        8367.92      3.06784e+7 
        8388.68      3.04159e+7 
        8408.65      3.01661e+7 
        8432.02      2.98768e+7 
        8467.25      2.94466e+7 
        8502.48      2.90243e+7 
        8516.58      2.88573e+7 
        8530.98      2.86878e+7 
        8545.38      2.85229e+7 
        8574.18      2.81948e+7 
        8598.39      2.79229e+7 
         8628.6      2.75886e+7 
        8646.81      2.73881e+7 
        8665.01       2.7189e+7 
        8685.59      2.69683e+7 
        8701.43      2.67988e+7 
        8750.47       2.6267e+7 
        8767.92      2.60874e+7 
        8815.35      2.55939e+7 
        8862.78      2.51206e+7 
        8900.38      2.47929e+7 
        8957.65      2.42331e+7 
        8986.28      2.39275e+7 
        9014.91      2.36285e+7 
        9043.54      2.34255e+7 
        9072.17      2.32233e+7 
        9099.72       2.3001e+7 
        9127.26      2.27592e+7 
        9154.81      2.24774e+7 
        9182.36      2.21546e+7 
         9209.9      2.18072e+7 
        9229.01      2.16031e+7 
        9248.11       2.1487e+7 
        9267.22      2.14459e+7 
        9305.43      2.13259e+7 
        9343.64      2.11173e+7 
        9379.63      2.08519e+7 
        9397.45      2.06981e+7 
        9415.28      2.05315e+7 
        9450.94      2.01398e+7 
        9468.76      1.99188e+7 
        9486.59      1.96612e+7 
        9498.52      1.94768e+7 
        9522.24      1.90227e+7 
         9534.1      1.87748e+7 
        9545.97      1.85585e+7 
        9557.83      1.86059e+7 
        9569.68       1.8716e+7 
        9581.55      1.88105e+7 
        9593.41      1.88708e+7 
         9611.2      1.89195e+7 
        9634.92      1.89272e+7 
        9648.82       1.8921e+7 
        9668.45      1.88797e+7 
        9688.08      1.88161e+7 
        9727.33      1.86419e+7 
        9766.58      1.84172e+7 
        9805.83      1.81512e+7 
        9815.86      1.80756e+7 
        9845.09      1.78278e+7 
        9884.34      1.74739e+7 
        9918.58      1.70433e+7 
         9935.7      1.68077e+7 
        9952.82      1.65368e+7 
        9969.94       1.6247e+7 
        9987.06      1.59301e+7 
        10004.2      1.55672e+7 
        10021.3      1.51622e+7 
        10035.3      1.48278e+7 
        10045.9      1.46338e+7 
        10056.4      1.46173e+7 
        10066.9      1.47393e+7 
        10077.4      1.48913e+7 
        10091.5      1.50805e+7 
        10105.5      1.52391e+7 
        10119.5      1.53747e+7 
        10133.6      1.54668e+7 
        10147.6      1.55507e+7 
        10175.7      1.56566e+7 
        10203.7      1.57172e+7 
        10226.4      1.57215e+7 
        10237.2      1.57105e+7 
          10248      1.56912e+7 
        10269.6       1.5653e+7 
        10312.9      1.55211e+7 
        10356.2      1.53548e+7 
        10377.8      1.52648e+7 
        10399.4      1.51718e+7 
        10421.1      1.50767e+7 
        10442.7      1.49102e+7 
        10464.3      1.48036e+7 
        10485.9      1.46951e+7 
        10529.2      1.44718e+7 
        10572.5      1.42603e+7 
        10615.7       1.4001e+7 
          10659      1.37143e+7 
        10680.6      1.35561e+7 
        10702.3      1.33837e+7 
        10723.9      1.31933e+7 
        10745.5      1.29856e+7 
        10767.1      1.27739e+7 
        10788.8       1.2533e+7 
        10810.4      1.22621e+7 
          10832      1.19838e+7 
        10853.7      1.16532e+7 
        10864.5      1.14747e+7 
        10875.3       1.1274e+7 
        10886.1      1.10593e+7 
        10896.9      1.08234e+7 
        10907.8      1.05721e+7 
        10918.6      1.02883e+7 
        10930.8      9.92046e+6 
        10940.8       9.7177e+6 
        10952.1      1.00488e+7 
        10971.6      1.04357e+7 
        10991.2       1.0728e+7 
        11010.7      1.09592e+7 
        11030.2      1.11224e+7 
        11049.7      1.12565e+7 
        11069.2      1.13482e+7 
        11088.7      1.14285e+7 
        11108.3      1.14831e+7 
        11127.8      1.15139e+7 
        11166.8       1.1548e+7 
        11205.9      1.15277e+7 
        11228.9      1.14971e+7 
        11244.9      1.14691e+7 
        11260.9      1.14371e+7 
        11292.9      1.13601e+7 
          11357      1.11795e+7 
        11421.1      1.09831e+7 
        11485.1      1.08186e+7 
        11549.2      1.06046e+7 
        11613.3      1.03958e+7 
        11677.4      1.01921e+7 
        11741.4      9.99328e+6 
        11805.5      9.79922e+6 
        11869.6      9.60979e+6 
        11933.6      9.42484e+6 
        11997.7      9.24429e+6 
        12061.8      9.03447e+6 
        12125.8      8.85445e+6 
        12189.9      8.67523e+6 
        12223.3      8.58157e+6 
          12254      8.49502e+6 
        12284.6      8.40744e+6 
        12345.9      8.22657e+6 
        12407.2       8.0355e+6 
        12468.5      7.82756e+6 
        12499.2      7.71396e+6 
        12529.8      7.59474e+6 
        12560.5      7.46546e+6 
        12591.1      7.32274e+6 
        12621.8      7.16346e+6 
        12652.4      6.99193e+6 
        12683.1      6.79046e+6 
        12698.4      6.67786e+6 
        12713.7      6.55804e+6 
        12729.1      6.41997e+6 
        12744.4      6.27137e+6 
        12759.7      6.10022e+6 
          12775      5.91882e+6 
        12790.4      5.71258e+6 
        12802.6       5.5244e+6 
        12813.4      5.31118e+6 
        12823.6      5.31539e+6 
        12834.8      5.49512e+6 
        12847.6      5.65119e+6 
        12866.8      5.83768e+6 
        12879.6      5.94063e+6 
        12892.4      6.03315e+6 
        12905.2      6.10986e+6 
          12918      6.17813e+6 
        12930.8      6.23377e+6 
        12943.6      6.27791e+6 
        12956.4      6.31969e+6 
          12982      6.38249e+6 
        13007.6      6.42189e+6 
        13033.2      6.44865e+6 
        13058.8      6.46395e+6 
        13084.3      6.46753e+6 
        13109.9      6.46241e+6 
        13135.5      6.44997e+6 
        13186.7      6.41139e+6 
        13237.9       6.3566e+6 
        13269.8       6.3168e+6 
        13289.1      6.29126e+6 
        13308.4      6.26474e+6 
        13346.9      6.20973e+6 
        13423.9      6.09428e+6 
          13501      5.97572e+6 
          13578       5.8569e+6 
        13655.1      5.75025e+6 
        13732.1      5.63184e+6 
        13809.2      5.51642e+6 
        13886.2      5.40395e+6 
        13963.3      5.29431e+6 
        14040.3       5.1874e+6 
        14117.4      5.08316e+6 
        14194.4       4.9815e+6 
        14210.9       4.9601e+6 
        14271.5      4.88235e+6 
        14332.1       4.8061e+6 
        14392.7      4.73074e+6 
        14448.8      4.66219e+6 
        14466.4      4.64095e+6 
        14484.1      4.61984e+6 
        14519.3      4.57793e+6 
        14581.2      4.50545e+6 
        14597.2      4.48695e+6 
        14613.2      4.46854e+6 
        14645.2      4.43203e+6 
        14709.2      4.36009e+6 
        14773.2      4.28959e+6 
        14837.1      4.22048e+6 
        14901.1      4.15278e+6 
        14965.1      4.08643e+6 
        15029.1       4.0214e+6 
        15093.1      3.95762e+6 
        15157.1      3.89517e+6 
          15221      3.83394e+6 
          15285       3.7739e+6 
          15349      3.71506e+6 
          15413      3.65732e+6 
        15471.6      3.60545e+6 
        15482.4      3.59599e+6 
        15493.1       3.5866e+6 
        15514.7      3.56791e+6 
        15557.9      3.53087e+6 
        15644.2      3.45823e+6 
        15730.5      3.38742e+6 
        15816.8      3.31843e+6 
        15903.1      3.25117e+6 
        15989.4      3.18564e+6 
        16075.8      3.12172e+6 
        16162.1       3.0594e+6 
        16248.4      2.99863e+6 
        16289.9      2.96995e+6 
        16334.7      2.93935e+6 
        16379.5      2.90915e+6 
        16469.1      2.85064e+6 
        16558.8      2.79358e+6 
        16648.4      2.73795e+6 
          16738      2.68369e+6 
        16827.7      2.63077e+6 
        16917.3      2.57915e+6 
        17006.9      2.52879e+6 
        17096.6      2.47965e+6 
        17186.2       2.4317e+6 
        17275.8       2.3849e+6 
        17327.7      2.35834e+6 
        17365.5      2.33922e+6 
        17403.2       2.3203e+6 
        17478.8      2.28344e+6 
        17554.3      2.24731e+6 
        17629.9      2.21189e+6 
        17705.4      2.17717e+6 
          17781      2.14313e+6 
        17856.5      2.10974e+6 
        17894.3      2.09329e+6 
        17913.2      2.08513e+6 
        17932.1      2.07701e+6 
        17946.2      2.07094e+6 
        17956.3      2.05486e+6 
        17966.3      2.05024e+6 
        17976.3      2.04565e+6 
        17986.4      2.04106e+6 
        17996.4      2.03647e+6 
        18006.4      2.03187e+6 
        18016.8      2.02713e+6 
        18045.1       2.0141e+6 
        18082.9      1.99665e+6 
        18158.4      1.96123e+6 
          18234      1.92452e+6 
        18309.5      1.88548e+6 
        18343.2      1.86694e+6 
        18385.1      1.84238e+6 
          18427      1.81568e+6 
        18468.9      1.78616e+6 
        18510.8      1.75292e+6 
        18552.7      1.71405e+6 
        18573.6      1.69199e+6 
        18594.6      1.66797e+6 
        18615.5      1.64145e+6 
        18636.5      1.61227e+6 
        18657.4      1.57997e+6 
        18678.4      1.54502e+6 
        18689.4      1.52518e+6 
        18704.8      1.49604e+6 
        18720.3      1.46184e+6 
        18731.8      1.42934e+6 
        18743.4      1.37578e+6 
        18753.5      1.31507e+6 
        18765.1      1.40208e+6 
        18780.5      1.44182e+6 
        18795.9      1.46766e+6 
        18819.1      1.49703e+6 
        18834.5       1.5138e+6 
        18849.9      1.52883e+6 
        18880.8      1.55376e+6 
        18911.7      1.57187e+6 
        18942.5      1.58459e+6 
        18973.4      1.59303e+6 
        19004.2      1.59784e+6 
        19035.1      1.59981e+6 
        19065.9      1.59967e+6 
        19096.8      1.59797e+6 
        19158.5      1.59071e+6 
        19220.2      1.57989e+6 
        19281.9      1.56687e+6 
        19343.7      1.55245e+6 
        19360.1      1.54844e+6 
        19405.4      1.53714e+6 
        19450.7      1.52555e+6 
        19541.3      1.50172e+6 
        19631.9      1.48309e+6 
        19722.4      1.45769e+6 
          19813      1.43283e+6 
        19903.6       1.4085e+6 
        19994.2      1.38467e+6 
        20084.8      1.36134e+6 
        20175.4       1.3385e+6 
          20266      1.31614e+6 
        20356.6      1.29424e+6 
        20419.9      1.27919e+6 
        20447.2      1.27278e+6 
        20474.4      1.26642e+6 
        20528.9      1.25373e+6 
        20583.3      1.24121e+6 
        20637.8      1.22884e+6 
        20692.3      1.21662e+6 
        20746.8      1.20455e+6 
        20801.3      1.19263e+6 
        20855.7      1.18085e+6 
        20910.2      1.16922e+6 
        20964.7      1.15774e+6 
        21019.2      1.14639e+6 
        21073.6      1.13518e+6 
        21128.1       1.1241e+6 
        21182.6      1.11316e+6 
        21237.1      1.10235e+6 
        21291.6      1.09167e+6 
          21346      1.08112e+6 
        21400.5      1.07069e+6 
          21455      1.06039e+6 
        21509.5      1.05022e+6 
        21563.9      1.04016e+6 
        21606.2      1.03243e+6 
        21618.4      1.03022e+6 
        21630.6      1.02801e+6 
          21655      1.02359e+6 
        21703.8      1.01483e+6 
        21801.3          997578 
        21898.8          980692 
        21996.3          964158 
        22093.8          947969 
        22191.4          932114 
        22288.9          916588 
        22386.4          901379 
        22483.9          886491 
        22581.5          871914 
          22679          857636 
        22766.2          845117 
        22776.5          843650 
        22786.8          842182 
        22800.8          840197 
        22816.8          837932 
        22848.8          833430 
        22912.8          824511 
        22976.8          815711 
        23040.8          807028 
        23104.8          798461 
        23168.7          790007 
        23232.7          781666 
        23296.7          773432 
        23360.7          765308 
        23424.7          757287 
        23488.6          749374 
        23552.6          741560 
        23616.6          733851 
        23680.6          726239 
        23744.6          718727 
        23808.6          711310 
        23872.5          703990 
        23936.5          696761 
        24000.5          689627 
        24064.5          682580 
        24128.5          675625 
        24192.5          668757 
        24256.4          661978 
        24320.4          655283 
        24384.4          648667 
        24448.4          642138 
        24512.4          635689 
        24576.3          629318 
        24640.3          623028 
        24704.3          616814 
        24768.3          610678 
        24832.3          604621 
        24896.3          598634 
        24960.2          592724 
        25004.4          588681 
        25024.2          586884 
          25044          585093 
        25083.6          581540 
        25162.8          574519 
        25241.9          567601 
        25321.1          560787 
        25400.2          554073 
        25479.4          547463 
        25558.5          540948 
        25637.7          534529 
        25716.9          528202 
          25796          521972 
        25875.2          515831 
        25954.3          509780 
        26033.5          503817 
        26112.7          497939 
        26191.8          492149 
          26271          486441 
        26350.1          480814 
        26429.3          475270 
        26508.4          469803 
        26587.6          464415 
        26666.8          459103 
        26745.9          453866 
        26825.1          448704 
        26904.2          443615 
        26983.4          438595 
        27062.6          433650 
        27141.7          428771 
        27220.9          423961 
        27299.2          419268 
        27377.5          414634 
        27455.8          410066 
        27534.2          405558 
        27612.5          401115 
        27690.8          396730 
        27769.1          392407 
        27847.5          388141 
        27925.8          383934 
        28004.1          379781 
        28082.4          375687 
        28160.8          371647 
        28239.1          367661 
        28317.4          363727 
        28395.7          359847 
          28474          356018 
        28552.4          352242 
        28630.7          348513 
          28709          344834 
        28787.3          341202 
        28865.7          337618 
          28944          334083 
        29022.3          330593 
        29100.6          327147 
          29179          323747 
        29257.3          320392 
        29335.6          317081 
        29413.9          313812 
        29492.3          310585 
        29570.6          307400 
        29648.9          304256 
        29727.2          301152 
        29805.5          298087 
        29883.9          295061 
        29932.6          293198 
        29962.2          292074 
        29991.8          290955 
