# Koester WD models
# teff = 15750 K (value for the effective temperature for the model. Temperatures are given in K)
# logg = 8.25 log(cm/s2) (value for Log(G) for the model.)
#
# column 1: WAVELENGTH (ANGSTROM), Wavelength in Angstrom
# column 2: FLUX (ERG/CM2/S/A), Flux in erg/cm2/s/A
         899.23          429811 
        909.241          481528 
        919.246      1.54132e+6 
        929.261      2.02521e+6 
        939.271      4.08951e+6 
        949.319      1.34653e+6 
        959.513      1.47977e+7 
        969.611      5.76708e+6 
        979.746      1.31757e+7 
        989.862      3.50288e+7 
        999.895      8.19817e+7 
        1009.91      3.21743e+7 
        1019.93      1.14418e+7 
        1030.15      1.18735e+7 
        1040.27      4.31193e+7 
        1050.39      1.39798e+8 
        1060.47      1.78605e+8 
        1070.53      5.63539e+8 
        1080.56      9.54328e+8 
         1090.9      2.85566e+9 
        1101.16      2.99195e+9 
        1111.51       2.8097e+9 
        1123.78      2.48363e+9 
        1133.99      2.14371e+9 
        1144.24      1.73146e+9 
        1154.39       1.2603e+9 
        1164.39      8.10622e+8 
         1174.4      4.39468e+8 
        1184.77      1.94483e+8 
        1194.86      8.92084e+7 
         1205.1      4.55801e+7 
        1215.13      4.67764e+6 
        1225.37      4.84418e+7 
        1235.44      1.02661e+8 
        1245.84      2.87733e+8 
        1256.43      6.59747e+8 
        1266.65       1.1032e+9 
        1277.67      1.55842e+9 
        1287.68      1.89537e+9 
        1297.68       2.1335e+9 
        1309.42      2.34033e+9 
        1319.42      2.46945e+9 
        1329.42      2.49996e+9 
        1339.42      2.52074e+9 
        1349.42      2.61258e+9 
        1359.42      2.64381e+9 
        1369.42      2.49864e+9 
        1379.42      2.29893e+9 
        1389.42      2.06853e+9 
        1399.42      2.13442e+9 
        1409.42      2.55373e+9 
        1419.42      2.80514e+9 
        1429.42      2.84516e+9 
        1439.42        2.825e+9 
        1451.58      2.78075e+9 
        1464.42      2.72835e+9 
        1474.42      2.68748e+9 
        1489.42      2.62699e+9 
        1504.42      2.56708e+9 
        1514.42      2.52726e+9 
        1529.42        2.467e+9 
        1544.42      2.40731e+9 
        1559.42      2.34933e+9 
        1570.19      2.30844e+9 
        1584.41      2.25647e+9 
        1599.41      2.20646e+9 
        1614.41      2.16128e+9 
        1629.41      2.11829e+9 
        1644.41      2.07545e+9 
        1659.41      2.03232e+9 
        1670.17      2.00146e+9 
         1684.4      1.96129e+9 
         1699.4      1.91999e+9 
         1714.4      1.87978e+9 
         1729.4      1.84065e+9 
         1744.4      1.80261e+9 
        1759.39      1.76562e+9 
         1771.7      1.73606e+9 
        1784.39      1.70631e+9 
        1799.39      1.67208e+9 
           1824      1.61784e+9 
        1834.77      1.59489e+9 
        1845.54      1.57241e+9 
           1864      1.53493e+9 
        1876.29      1.51069e+9 
        1888.59        1.487e+9 
        1906.98      1.45252e+9 
        1919.37      1.42994e+9 
        1931.76      1.40789e+9 
        1944.47      1.38573e+9 
        1956.53      1.36518e+9 
         1967.6      1.34668e+9 
        1992.71      1.30611e+9 
        2017.81      1.26722e+9 
        2067.03       1.1955e+9 
         2116.2      1.12951e+9 
           2129      1.11319e+9 
         2141.8      1.09719e+9 
        2165.47      1.06842e+9 
        2210.96      1.01601e+9 
        2225.89      9.99589e+8 
        2240.83      9.83548e+8 
        2263.91      9.59449e+8 
        2307.04      9.16594e+8 
        2319.23      9.04977e+8 
        2331.41      8.93566e+8 
        2349.21      8.77255e+8 
        2362.35      8.65465e+8 
         2375.5      8.53891e+8 
        2394.29      8.37709e+8 
        2409.27      8.25105e+8 
        2424.25      8.12787e+8 
        2452.24      7.90412e+8 
        2464.64      7.80758e+8 
        2480.05      7.69005e+8 
        2491.16      7.60671e+8 
        2510.01      7.46857e+8 
        2528.86      7.33351e+8 
        2559.23      7.12284e+8 
        2582.27      6.96884e+8 
        2619.97      6.72659e+8 
        2634.63      6.63542e+8 
        2657.67       6.4954e+8 
        2695.37      6.27517e+8 
        2756.11        5.941e+8 
        2779.15      5.82081e+8 
        2816.85      5.63102e+8 
        2854.55      5.44934e+8 
        2892.24       5.2758e+8 
         2906.9      5.21027e+8 
        2929.94      5.10939e+8 
        2946.71      5.03764e+8 
        2999.07      4.82231e+8 
        3051.42      4.61896e+8 
        3103.78      4.42713e+8 
        3143.58      4.28824e+8 
        3195.94      4.11439e+8 
        3248.29      3.94974e+8 
        3300.65      3.79372e+8 
        3346.73      3.66303e+8 
        3392.81      3.53841e+8 
        3432.61      3.43517e+8 
        3445.17      3.40341e+8 
        3457.72      3.37206e+8 
        3482.82      3.31052e+8 
        3522.47      3.21621e+8 
        3533.03      3.19164e+8 
         3543.6      3.16729e+8 
        3564.74      3.11944e+8 
        3591.28      3.06046e+8 
        3635.88      2.96444e+8 
        3647.12      2.94086e+8 
        3658.96      2.91622e+8 
        3671.11      2.89082e+8 
         3682.7      2.86702e+8 
        3692.77      2.84643e+8 
        3702.89      2.82582e+8 
        3712.93      2.80555e+8 
        3723.11      2.78526e+8 
        3733.34      2.76448e+8 
        3743.51      2.74758e+8 
        3753.66      2.72873e+8 
        3764.81       2.7053e+8 
        3775.47       2.6919e+8 
        3786.22      2.68376e+8 
        3796.45      2.60324e+8 
        3808.92      2.67807e+8 
        3818.97      2.66753e+8 
        3830.45      2.50258e+8 
        3840.76      2.51992e+8 
        3851.86      2.70248e+8 
        3861.87       2.7284e+8 
        3872.22      2.59385e+8 
        3883.31      2.27325e+8 
        3893.59      2.23113e+8 
        3904.25       2.5812e+8 
         3915.4      2.81912e+8 
        3926.91       2.8882e+8 
        3937.35      2.81125e+8 
        3947.73      2.57681e+8 
        3958.88      2.18445e+8 
        3969.05      1.72671e+8 
        3979.89      2.11095e+8 
        3990.67      2.51362e+8 
        4001.07      2.81504e+8 
        4011.57      3.00441e+8 
        4023.86      3.09639e+8 
        4035.85      3.10344e+8 
        4047.59      3.03229e+8 
        4058.85      2.86656e+8 
        4071.35      2.55116e+8 
        4082.28      2.21305e+8 
        4093.69      1.78001e+8 
        4103.79      1.49999e+8 
        4113.83       1.9216e+8 
        4123.84       2.2548e+8 
           4134      2.53536e+8 
        4145.79      2.81918e+8 
        4156.33      2.98626e+8 
        4168.82      3.09903e+8 
        4183.82      3.16029e+8 
        4198.82      3.17712e+8 
        4213.81      3.16886e+8 
        4224.95      3.14819e+8 
        4238.81      3.10391e+8 
         4253.8      3.02329e+8 
         4268.8      2.88765e+8 
        4283.79      2.67285e+8 
        4298.79      2.39315e+8 
        4311.29      2.11239e+8 
         4323.5      1.79186e+8 
        4333.66      1.47208e+8 
        4344.02      1.34565e+8 
        4354.73      1.68748e+8 
        4367.98      2.01429e+8 
        4378.77      2.22756e+8 
        4393.77      2.46441e+8 
        4408.76      2.64073e+8 
        4423.76      2.74071e+8 
        4438.75      2.78657e+8 
        4453.75      2.80105e+8 
        4468.74      2.79856e+8 
        4483.74      2.78597e+8 
        4498.74      2.76862e+8 
        4513.73      2.74816e+8 
        4527.19        2.728e+8 
        4538.73      2.70976e+8 
        4553.72      2.68514e+8 
        4568.72      2.65967e+8 
        4583.72      2.63352e+8 
        4596.53      2.61071e+8 
        4608.71      2.58905e+8 
         4623.7      2.56131e+8 
         4638.7      2.53287e+8 
         4653.7      2.50351e+8 
        4668.69      2.47257e+8 
        4683.69      2.43875e+8 
        4698.68      2.40143e+8 
        4713.68      2.35882e+8 
        4724.83      2.32231e+8 
        4738.67      2.26945e+8 
        4753.67      2.20406e+8 
        4768.67      2.12273e+8 
        4783.66      2.02115e+8 
        4798.66       1.8936e+8 
        4813.65      1.73586e+8 
        4828.65      1.54845e+8 
        4839.16      1.39307e+8 
        4849.39       1.2173e+8 
        4859.63      9.65854e+7 
        4870.41      1.15246e+8 
        4882.91       1.3548e+8 
        4893.63      1.49288e+8 
        4908.63      1.64478e+8 
         4921.7      1.74732e+8 
        4933.62      1.81818e+8 
        4948.62      1.87952e+8 
        4963.61      1.91751e+8 
        4978.61      1.93788e+8 
        4993.61      1.94719e+8 
         5008.6      1.94829e+8 
         5023.6      1.94274e+8 
        5038.59      1.93284e+8 
        5053.59      1.92021e+8 
        5068.59      1.90558e+8 
        5083.58      1.88987e+8 
        5098.58      1.87365e+8 
        5113.57       1.8571e+8 
        5128.57      1.84037e+8 
        5143.57      1.82355e+8 
        5158.56      1.80673e+8 
        5173.56      1.78996e+8 
        5188.55      1.77326e+8 
        5203.55      1.75666e+8 
        5218.55      1.74018e+8 
        5233.54      1.72383e+8 
        5248.54      1.70761e+8 
        5263.53      1.69154e+8 
        5278.53      1.67561e+8 
        5293.52      1.65983e+8 
        5308.52       1.6442e+8 
        5323.52      1.62874e+8 
        5338.51      1.61345e+8 
        5353.51      1.59831e+8 
        5368.51      1.58425e+8 
         5383.5      1.56935e+8 
         5398.5      1.55463e+8 
        5413.49      1.54008e+8 
        5428.49       1.5257e+8 
        5443.48      1.51148e+8 
        5458.48      1.49743e+8 
        5473.48      1.48354e+8 
        5488.47      1.46982e+8 
        5503.47      1.45625e+8 
        5518.47      1.44284e+8 
        5533.46      1.42958e+8 
        5548.46      1.41648e+8 
        5563.45      1.40353e+8 
        5578.45      1.39072e+8 
        5593.44      1.37805e+8 
        5608.44      1.36553e+8 
        5623.44      1.35315e+8 
        5638.43      1.34092e+8 
        5653.43      1.32881e+8 
        5668.43       1.3172e+8 
        5682.86      1.30577e+8 
        5693.42       1.2975e+8 
        5704.77      1.28867e+8 
        5715.23       1.2806e+8 
        5728.41      1.27053e+8 
         5743.4      1.25918e+8 
         5758.4      1.24796e+8 
         5773.4      1.23621e+8 
        5788.39      1.22522e+8 
        5803.39      1.21435e+8 
        5818.39      1.20361e+8 
        5833.38      1.19302e+8 
        5848.38      1.18251e+8 
        5863.37      1.17211e+8 
        5878.37      1.16182e+8 
        5893.36      1.15164e+8 
        5908.36      1.14153e+8 
        5923.36      1.13156e+8 
        5938.35      1.12171e+8 
        5953.35      1.11195e+8 
        5968.34      1.10229e+8 
        5983.34      1.09274e+8 
        5998.34      1.08327e+8 
        6013.33      1.07394e+8 
        6028.33      1.06467e+8 
        6043.32      1.05549e+8 
        6058.32      1.04639e+8 
        6073.32      1.03736e+8 
        6088.31      1.02838e+8 
        6103.31      1.01949e+8 
         6118.3      1.01065e+8 
         6133.3      1.00188e+8 
         6148.3      9.93161e+7 
        6163.29      9.84484e+7 
        6178.29      9.75835e+7 
        6193.28      9.67208e+7 
        6208.28      9.58597e+7 
        6223.28      9.49974e+7 
        6238.27      9.41312e+7 
        6252.16      9.33282e+7 
        6262.16      9.27587e+7 
        6273.26      9.21231e+7 
        6284.63      9.14687e+7 
        6295.99      9.08087e+7 
        6306.09      9.02177e+7 
        6316.22      8.96168e+7 
        6328.25      8.88904e+7 
        6343.24      8.79674e+7 
        6358.24       8.7013e+7 
        6373.23      8.60171e+7 
        6388.23      8.49634e+7 
        6403.23      8.38246e+7 
        6418.22      8.25705e+7 
        6433.22       8.1158e+7 
        6448.22       7.9514e+7 
        6463.21      7.75593e+7 
        6478.21       7.5217e+7 
         6493.2       7.2415e+7 
         6508.2      6.89781e+7 
        6523.19      6.47203e+7 
         6536.1      6.02039e+7 
        6546.46      5.58041e+7 
        6556.87      5.00481e+7 
        6567.07      4.85828e+7 
        6577.95      5.45396e+7 
        6588.18      5.83865e+7 
        6603.34      6.26943e+7 
        6613.66      6.49103e+7 
        6623.98       6.6664e+7 
         6634.3      6.80343e+7 
        6644.62       6.9083e+7 
        6654.94      6.98784e+7 
        6665.26      7.04719e+7 
        6675.58       7.0874e+7 
         6685.9      7.11244e+7 
        6696.23      7.12466e+7 
        6711.48      7.12585e+7 
        6726.73      7.11266e+7 
        6741.98      7.08932e+7 
        6772.48      7.02325e+7 
        6802.98      6.94229e+7 
        6824.78      6.87933e+7 
        6868.37      6.74644e+7 
        6955.56      6.47476e+7 
        6976.35      6.40985e+7 
        7042.75      6.20546e+7 
        7109.15      6.00695e+7 
        7175.54      5.81553e+7 
        7241.94      5.63137e+7 
        7308.33      5.45431e+7 
        7355.95      5.33153e+7 
        7374.73      5.28494e+7 
        7393.51      5.23791e+7 
        7431.08      5.14546e+7 
        7506.22      4.96661e+7 
        7581.35      4.79545e+7 
         7635.1      4.67755e+7 
        7656.49      4.63162e+7 
        7677.88      4.58625e+7 
        7720.67      4.49725e+7 
        7806.23      4.32566e+7 
        7821.36      4.29619e+7 
         7891.8       4.1622e+7 
        7962.25       4.0334e+7 
        7982.84      3.99673e+7 
        8032.69      3.90962e+7 
        8082.55      3.82489e+7 
        8161.68      3.69508e+7 
        8182.26      3.66222e+7 
        8200.85      3.63284e+7 
        8216.85      3.60784e+7 
        8232.84      3.58302e+7 
        8264.83      3.53407e+7 
        8289.72      3.49656e+7 
        8328.82       3.4386e+7 
        8367.92       3.3818e+7 
        8437.95      3.28325e+7 
        8473.98      3.23377e+7 
        8502.48      3.19528e+7 
        8516.58      3.17646e+7 
        8530.98      3.15733e+7 
        8545.38      3.13903e+7 
        8574.18      3.10253e+7 
        8598.39       3.0722e+7 
         8628.6      3.03507e+7 
        8646.81      3.01257e+7 
        8665.01      2.99016e+7 
        8685.59      2.96575e+7 
        8701.43      2.94684e+7 
        8750.47       2.8857e+7 
        8767.92      2.86613e+7 
        8815.35      2.81046e+7 
        8839.07      2.78295e+7 
        8862.78      2.75535e+7 
         8886.5      2.73519e+7 
        8910.21      2.71432e+7 
        8933.93      2.68824e+7 
        8957.65      2.66004e+7 
        8995.25      2.60838e+7 
        9014.91       2.5825e+7 
        9034.57      2.57137e+7 
        9054.23      2.56187e+7 
        9087.39      2.53966e+7 
        9099.72      2.52915e+7 
        9112.05      2.51782e+7 
        9136.72      2.48973e+7 
        9161.38      2.45496e+7 
        9186.05      2.41385e+7 
        9210.71      2.36857e+7 
        9229.01       2.3394e+7 
        9247.31      2.33639e+7 
         9265.6      2.34198e+7 
         9283.9      2.34554e+7 
         9302.2      2.34548e+7 
         9320.5      2.34143e+7 
         9338.8      2.33366e+7 
        9357.09      2.32198e+7 
        9384.08      2.29939e+7 
        9411.07      2.26985e+7 
        9438.06      2.23339e+7 
        9451.56      2.21032e+7 
        9465.05      2.18721e+7 
        9478.54      2.16034e+7 
        9492.04      2.13006e+7 
        9505.53      2.09441e+7 
        9519.03      2.05094e+7 
        9532.52      2.00461e+7 
         9542.6      1.97059e+7 
        9552.69      1.97129e+7 
        9562.77      1.99241e+7 
        9572.85      2.01446e+7 
        9584.61      2.03678e+7 
        9598.06      2.05446e+7 
         9611.5      2.06621e+7 
        9624.94      2.07457e+7 
        9635.21      2.07787e+7 
        9651.83      2.08348e+7 
        9668.45       2.0844e+7 
        9685.07      2.08169e+7 
        9718.31      2.07068e+7 
        9751.55      2.05259e+7 
        9784.79      2.03025e+7 
        9818.02      2.00334e+7 
        9834.64      1.98759e+7 
        9851.26      1.97453e+7 
        9867.88      1.95515e+7 
         9884.5      1.93309e+7 
        9901.12      1.90718e+7 
        9917.74      1.88016e+7 
        9934.36      1.85044e+7 
        9949.14      1.81994e+7 
        9963.86      1.78725e+7 
        9978.57      1.75326e+7 
        9993.29      1.71348e+7 
          10008      1.66957e+7 
        10022.7      1.62084e+7 
        10037.4      1.57045e+7 
        10049.4      1.54411e+7 
        10061.3      1.55824e+7 
        10079.2      1.60088e+7 
        10091.1      1.62525e+7 
          10103      1.64755e+7 
        10114.9      1.66552e+7 
        10126.9      1.68062e+7 
        10138.8      1.69157e+7 
        10150.7       1.7035e+7 
        10174.5      1.71936e+7 
        10198.4      1.72876e+7 
        10222.2       1.7338e+7 
        10237.2      1.73351e+7 
        10267.1      1.72852e+7 
          10297      1.71914e+7 
        10326.9      1.70687e+7 
        10386.7       1.6784e+7 
        10446.5      1.64202e+7 
        10506.4       1.6083e+7 
        10566.2      1.57542e+7 
          10626      1.53646e+7 
        10655.9      1.51511e+7 
        10685.8      1.49151e+7 
        10715.7      1.46475e+7 
        10745.6      1.43467e+7 
        10775.5      1.40111e+7 
        10805.4      1.36148e+7 
        10820.4      1.34007e+7 
        10835.3      1.31634e+7 
        10850.3      1.28985e+7 
        10865.3      1.26205e+7 
        10880.2       1.2289e+7 
        10895.2      1.19409e+7 
        10910.1      1.15355e+7 
        10925.1      1.10731e+7 
        10936.5      1.05509e+7 
          10947      1.08658e+7 
          10960      1.12139e+7 
        10973.1      1.14883e+7 
        10986.1      1.17203e+7 
        10999.1      1.19045e+7 
        11012.1      1.20742e+7 
        11025.1      1.22024e+7 
        11038.1      1.23174e+7 
        11051.1      1.24129e+7 
        11064.1      1.24831e+7 
        11090.2      1.25947e+7 
        11116.2      1.26625e+7 
        11142.2      1.26856e+7 
        11168.2       1.2685e+7 
        11179.6      1.26775e+7 
        11194.3      1.26603e+7 
        11220.3       1.2613e+7 
        11260.9      1.25104e+7 
        11301.5      1.23839e+7 
        11382.8      1.20995e+7 
        11464.1      1.18335e+7 
        11545.3       1.1529e+7 
        11626.6      1.12341e+7 
        11707.9      1.09487e+7 
        11789.1      1.06722e+7 
        11870.4      1.04044e+7 
        11951.6      1.01448e+7 
        12032.9      9.87509e+6 
        12114.2      9.62597e+6 
        12195.4      9.38158e+6 
        12268.8      9.16261e+6 
        12284.6      9.11495e+6 
        12300.5      9.06701e+6 
        12332.2      8.97041e+6 
        12395.7      8.77214e+6 
        12459.2      8.56065e+6 
        12522.7      8.32918e+6 
        12554.4      8.20066e+6 
        12586.2      8.05819e+6 
        12617.9      7.90079e+6 
        12649.6      7.72417e+6 
        12681.4      7.51783e+6 
        12697.3      7.40266e+6 
        12713.1      7.27627e+6 
          12729      7.13591e+6 
        12744.9      6.98439e+6 
        12760.7      6.81129e+6 
        12776.6      6.61893e+6 
        12792.5      6.38975e+6 
        12804.4      6.17471e+6 
        12814.5      5.87494e+6 
        12826.5      6.01788e+6 
        12837.2      6.21831e+6 
        12851.5       6.3944e+6 
        12865.7      6.52936e+6 
          12880       6.6374e+6 
        12894.2      6.72995e+6 
        12908.5      6.80384e+6 
        12922.8       6.8685e+6 
          12937      6.92024e+6 
        12951.3      6.96142e+6 
        12979.8      7.02115e+6 
        13008.3      7.05369e+6 
        13036.8      7.06642e+6 
        13065.3      7.06453e+6 
        13093.8       7.0503e+6 
        13122.3      7.02608e+6 
        13150.9      6.99516e+6 
        13207.9      6.91945e+6 
        13221.4      6.89944e+6 
        13264.9       6.8313e+6 
        13308.4      6.75911e+6 
        13395.3      6.60935e+6 
        13482.2      6.45736e+6 
        13569.1      6.30728e+6 
          13656      6.16604e+6 
        13742.9      6.02093e+6 
        13829.8      5.88009e+6 
        13916.7       5.7433e+6 
        14003.6      5.61048e+6 
        14090.5      5.48145e+6 
        14177.4      5.35613e+6 
        14196.5      5.32905e+6 
        14264.3      5.23436e+6 
        14332.1      5.14178e+6 
        14399.9      5.05096e+6 
        14457.6      4.97512e+6 
        14515.4       4.9007e+6 
        14563.2      4.84019e+6 
        14581.2      4.81766e+6 
        14597.2      4.79775e+6 
        14613.2      4.77792e+6 
        14645.2      4.73862e+6 
        14709.2      4.66118e+6 
        14773.2      4.58531e+6 
        14837.1      4.51101e+6 
        14901.1      4.43819e+6 
        14965.1      4.36685e+6 
        15029.1      4.29691e+6 
        15093.1       4.2284e+6 
        15157.1       4.1612e+6 
          15221      4.09538e+6 
          15285      4.03082e+6 
          15349      3.96755e+6 
          15413       3.9055e+6 
        15471.6      3.84977e+6 
        15482.4      3.83959e+6 
        15493.1      3.82954e+6 
        15514.7      3.80953e+6 
        15557.9      3.76988e+6 
        15644.2      3.69213e+6 
        15730.5      3.61638e+6 
        15816.8      3.54255e+6 
        15903.1      3.47061e+6 
        15989.4      3.40049e+6 
        16075.8      3.33213e+6 
        16162.1       3.2655e+6 
        16248.4       3.2005e+6 
        16289.9      3.16984e+6 
        16334.7      3.13714e+6 
        16379.5      3.10486e+6 
        16469.1      3.04271e+6 
        16558.8      2.98211e+6 
        16648.4      2.92301e+6 
          16738      2.86537e+6 
        16827.7      2.80914e+6 
        16917.3      2.75429e+6 
        17006.9      2.70077e+6 
        17096.6      2.64855e+6 
        17186.2      2.59758e+6 
        17275.8      2.54783e+6 
        17327.7       2.5196e+6 
        17365.5      2.49928e+6 
        17403.2      2.47916e+6 
        17478.8      2.43988e+6 
        17554.3      2.40137e+6 
        17629.9      2.36362e+6 
        17705.4      2.32661e+6 
          17781      2.29031e+6 
        17856.5      2.25472e+6 
        17932.1      2.21982e+6 
        18007.6      2.17823e+6 
        18083.2       2.1427e+6 
        18158.7      2.10703e+6 
        18234.3      2.07074e+6 
        18309.8      2.03298e+6 
        18343.7       2.0152e+6 
        18385.3      1.99235e+6 
          18427      1.96787e+6 
        18468.6      1.94095e+6 
        18510.2      1.91063e+6 
        18551.8      1.87554e+6 
        18593.4      1.83395e+6 
        18614.2      1.81002e+6 
          18635      1.78352e+6 
        18655.8      1.75381e+6 
        18676.6      1.72048e+6 
          18687      1.70185e+6 
        18697.4      1.68163e+6 
        18707.8      1.65925e+6 
        18718.2      1.63432e+6 
        18728.6      1.60397e+6 
          18739      1.56046e+6 
        18749.1      1.44791e+6 
        18759.1      1.52964e+6 
        18770.8        1.582e+6 
        18780.9      1.60721e+6 
          18801      1.64174e+6 
        18814.4      1.65914e+6 
        18827.9      1.67366e+6 
        18841.3      1.68576e+6 
        18854.7      1.69625e+6 
        18881.5      1.71259e+6 
        18908.4      1.72401e+6 
        18935.2      1.73154e+6 
        18962.1      1.73591e+6 
        18988.9      1.73767e+6 
        19015.7      1.73737e+6 
        19069.4      1.73207e+6 
        19123.1      1.72265e+6 
        19176.8      1.71065e+6 
        19230.5      1.69706e+6 
        19284.1      1.68245e+6 
        19337.8      1.66722e+6 
        19391.5      1.65164e+6 
        19439.7      1.63748e+6 
        19450.7      1.63425e+6 
        19461.6      1.63099e+6 
        19483.6      1.62445e+6 
        19527.4      1.61137e+6 
        19615.2      1.58842e+6 
        19702.9      1.56184e+6 
        19790.6       1.5358e+6 
        19878.4       1.5103e+6 
        19966.1      1.48532e+6 
        20053.8      1.46085e+6 
        20141.6      1.43689e+6 
        20229.3      1.41341e+6 
          20317       1.3904e+6 
        20335.2      1.38571e+6 
        20404.8      1.36786e+6 
        20474.4      1.35029e+6 
          20544      1.33291e+6 
        20613.6      1.31581e+6 
        20683.2      1.29898e+6 
        20752.8      1.28241e+6 
        20822.5      1.26611e+6 
        20892.1      1.25006e+6 
        20961.7      1.23427e+6 
        21031.3      1.21873e+6 
        21100.9      1.20342e+6 
        21170.5      1.18836e+6 
        21240.1      1.17353e+6 
        21309.7      1.15893e+6 
        21379.4      1.14456e+6 
          21449      1.13041e+6 
        21518.6      1.11647e+6 
        21545.8      1.11109e+6 
        21588.2      1.10275e+6 
        21630.6      1.09449e+6 
        21715.5      1.07815e+6 
        21800.3      1.06212e+6 
        21885.2      1.04638e+6 
          21970      1.03093e+6 
        22054.9      1.01576e+6 
        22139.7      1.00087e+6 
        22224.5          986256 
        22309.4          971902 
        22394.2          957809 
        22479.1          943970 
        22563.9          930380 
        22648.8          917031 
        22680.4          912114 
        22733.6          903921 
        22784.8          896124 
        22800.8          893701 
        22816.8          891286 
        22848.8          886479 
        22912.8          876966 
        22976.8          867579 
        23040.8          858315 
        23104.8          849176 
        23168.7          840159 
        23232.7          831259 
        23296.7          822475 
        23360.7          813811 
        23424.7          805256 
        23488.6          796815 
        23552.6          788486 
        23616.6          780265 
        23680.6          772150 
        23744.6          764139 
        23808.6          756232 
        23872.5          748425 
        23936.5          740722 
        24000.5          733116 
        24064.5          725604 
        24128.5          718193 
        24192.5          710873 
        24256.4          703648 
        24320.4          696513 
        24384.4          689466 
        24448.4          682511 
        24512.4          675643 
        24576.3          668861 
        24640.3          662163 
        24704.3          655550 
        24768.3          649018 
        24832.3          642566 
        24896.3          636198 
        24960.2          629905 
        25004.4          625604 
        25024.2          623691 
          25044          621784 
        25083.6          618002 
        25162.8          610528 
        25241.9          603164 
        25321.1          595913 
        25400.2          588769 
        25479.4          581732 
        25558.5          574798 
        25637.7          567972 
        25716.9          561242 
          25796          554614 
        25875.2          548082 
        25954.3          541648 
        26033.5          535305 
        26112.7          529057 
        26191.8          522899 
          26271          516830 
        26350.1          510848 
        26429.3          504954 
        26508.4          499143 
        26587.6          493415 
        26666.8          487770 
        26745.9          482206 
        26825.1          476721 
        26904.2          471314 
        26983.4          465983 
        27062.6          460727 
        27141.7          455544 
        27220.9          450435 
        27299.2          445450 
        27377.5          440546 
        27455.8          435711 
        27534.2          430945 
        27612.5          426239 
        27690.8          421602 
        27769.1          417024 
        27847.5          412510 
        27925.8          408055 
        28004.1          403663 
        28082.4          399328 
        28160.8          395052 
        28239.1          390833 
        28317.4          386667 
        28395.7          382561 
          28474          378505 
        28552.4          374506 
        28630.7          370560 
          28709          366665 
        28787.3          362819 
        28865.7          359027 
          28944          355283 
        29022.3          351585 
        29100.6          347938 
          29179          344337 
        29257.3          340784 
        29335.6          337275 
        29413.9          333810 
        29492.3          330392 
        29570.6          327015 
        29648.9          323685 
        29727.2          320395 
        29805.5          317147 
        29883.9          313938 
        29932.6          311964 
        29962.2          310772 
        29991.8          309585 
