# Koester WD models
# teff = 15250 K (value for the effective temperature for the model. Temperatures are given in K)
# logg = 8.25 log(cm/s2) (value for Log(G) for the model.)
#
# column 1: WAVELENGTH (ANGSTROM), Wavelength in Angstrom
# column 2: FLUX (ERG/CM2/S/A), Flux in erg/cm2/s/A
         899.23          257039 
        909.241          289640 
        919.246      1.03793e+6 
        929.261      1.37026e+6 
        939.271      2.77214e+6 
        949.307          863699 
        959.547      9.77277e+6 
        969.611      3.94326e+6 
        979.626      8.57432e+6 
        989.669      2.18282e+7 
        999.691       4.7559e+7 
        1009.91      2.05812e+7 
        1020.97      7.04559e+6 
        1031.51      9.72131e+6 
        1041.62      3.22246e+7 
        1051.98      8.45048e+7 
         1062.1      1.48117e+8 
        1072.18      2.97597e+8 
        1082.38      1.02658e+9 
        1093.13       2.1703e+9 
        1103.78      2.20897e+9 
        1114.28      2.01034e+9 
        1124.73      1.78535e+9 
        1134.77      1.49837e+9 
         1145.2      1.15561e+9 
        1155.64       7.8553e+8 
        1165.64      4.71475e+8 
        1175.65      2.40549e+8 
        1186.36      1.06415e+8 
        1197.14       5.2529e+7 
         1207.2      2.89596e+7 
        1217.28      1.85703e+7 
        1227.37      3.91939e+7 
        1237.39      8.37527e+7 
        1247.47      2.08237e+8 
         1257.7      4.56329e+8 
        1268.83      8.13418e+8 
        1279.42      1.16173e+9 
        1289.42      1.44586e+9 
        1299.42      1.65487e+9 
        1309.42      1.82101e+9 
        1319.42      1.95547e+9 
        1329.42      1.99652e+9 
        1339.42      2.02115e+9 
        1349.42      2.11913e+9 
        1359.42      2.16382e+9 
        1369.42      2.03702e+9 
        1379.42      1.84229e+9 
        1389.42      1.62673e+9 
        1399.42      1.69082e+9 
        1409.42      2.12288e+9 
        1419.42      2.39862e+9 
        1429.42      2.45237e+9 
        1439.42      2.44178e+9 
        1454.42      2.39824e+9 
        1464.42      2.36494e+9 
        1474.42      2.33189e+9 
        1489.42       2.2829e+9 
        1504.42      2.23366e+9 
        1514.42      2.20036e+9 
        1529.42      2.14854e+9 
        1544.42      2.09622e+9 
        1559.42      2.04536e+9 
        1570.19       2.0092e+9 
        1584.41      1.96356e+9 
        1599.41       1.9217e+9 
        1614.41      1.88637e+9 
        1629.41      1.85341e+9 
        1644.41      1.81962e+9 
        1659.41      1.78429e+9 
        1670.17       1.7584e+9 
         1684.4      1.72433e+9 
         1699.4      1.68913e+9 
         1714.4      1.65472e+9 
         1729.4      1.62113e+9 
         1744.4      1.58842e+9 
        1759.39      1.55665e+9 
         1771.7      1.53126e+9 
        1784.39      1.50566e+9 
        1799.39      1.47619e+9 
           1824      1.42951e+9 
        1834.77      1.40972e+9 
        1845.54      1.39033e+9 
           1864      1.35796e+9 
        1876.29      1.33705e+9 
        1888.59      1.31663e+9 
        1906.98      1.28689e+9 
        1919.37      1.26741e+9 
        1931.76      1.24839e+9 
        1944.47      1.22927e+9 
        1956.53       1.2115e+9 
         1967.6      1.19549e+9 
        1992.71      1.16031e+9 
        2017.81      1.12659e+9 
        2067.03      1.06435e+9 
         2116.2      1.00703e+9 
           2129      9.92816e+8 
         2141.8      9.78892e+8 
        2165.47      9.53844e+8 
        2210.96      9.08106e+8 
        2225.89      8.93783e+8 
        2240.83      8.79772e+8 
        2263.91      8.58698e+8 
        2307.04      8.21228e+8 
        2319.23      8.11065e+8 
        2331.41      8.01084e+8 
        2349.21      7.86802e+8 
        2362.35      7.76495e+8 
         2375.5      7.66366e+8 
        2394.29      7.52195e+8 
        2409.27      7.41155e+8 
        2424.25      7.30354e+8 
        2452.24      7.10766e+8 
        2464.64      7.02322e+8 
        2480.05      6.92033e+8 
        2491.16      6.84735e+8 
        2510.01      6.72637e+8 
        2528.86      6.60777e+8 
        2559.23      6.42267e+8 
        2582.27      6.28711e+8 
        2619.97      6.07367e+8 
        2634.63      5.99334e+8 
        2657.67         5.87e+8 
        2695.37      5.67585e+8 
        2756.11      5.38133e+8 
        2779.15      5.27502e+8 
        2816.85      5.10713e+8 
        2854.55      4.94637e+8 
        2892.24       4.7925e+8 
         2906.9      4.73438e+8 
        2929.94      4.64497e+8 
        2946.71      4.58132e+8 
        2999.07       4.3905e+8 
        3051.42      4.21021e+8 
        3103.78      4.03993e+8 
        3149.86       3.8973e+8 
        3195.94      3.76137e+8 
        3235.74      3.64883e+8 
        3248.29      3.61431e+8 
        3260.84      3.58022e+8 
        3285.94      3.51334e+8 
        3325.54      3.41117e+8 
        3336.14       3.3845e+8 
        3346.73      3.35811e+8 
        3367.92      3.30624e+8 
         3410.3      3.20552e+8 
        3445.17       3.1255e+8 
         3486.2      3.03466e+8 
         3514.9      2.97314e+8 
         3543.6      2.91318e+8 
        3591.28      2.81711e+8 
        3635.88      2.73079e+8 
        3647.12       2.7096e+8 
        3658.96      2.68742e+8 
        3671.11      2.66456e+8 
         3682.7      2.64312e+8 
        3692.77      2.62458e+8 
        3702.89      2.60601e+8 
        3712.93      2.58775e+8 
        3723.11       2.5695e+8 
        3733.34      2.55073e+8 
        3743.51      2.53577e+8 
        3753.66      2.51874e+8 
        3764.81       2.4973e+8 
        3775.47      2.48544e+8 
        3786.22      2.47983e+8 
        3796.45      2.40121e+8 
        3807.13      2.46781e+8 
        3817.36      2.47834e+8 
        3827.86      2.35945e+8 
        3837.98      2.26788e+8 
        3848.84      2.47074e+8 
        3858.91       2.5342e+8 
        3868.96      2.46045e+8 
        3879.52      2.21909e+8 
        3889.58      1.92577e+8 
        3900.66      2.29339e+8 
        3912.26      2.56602e+8 
        3922.38      2.67222e+8 
        3933.45       2.6537e+8 
        3943.88      2.49473e+8 
        3954.55      2.18148e+8 
        3965.22      1.76388e+8 
        3976.38      1.81674e+8 
        3987.07      2.22008e+8 
        3998.87      2.57049e+8 
        4009.27      2.76701e+8 
        4019.68      2.86173e+8 
        4032.38      2.89442e+8 
        4043.86      2.85395e+8 
        4056.27      2.71169e+8 
        4068.85      2.43735e+8 
        4082.28      2.05769e+8 
        4093.69      1.64903e+8 
        4103.79      1.38217e+8 
        4113.83      1.78444e+8 
        4123.84      2.09828e+8 
           4134      2.36059e+8 
        4146.66      2.64353e+8 
        4158.83      2.81631e+8 
        4173.82      2.92424e+8 
        4188.82      2.96783e+8 
        4203.81      2.97683e+8 
        4216.52      2.96703e+8 
        4228.81      2.94209e+8 
        4243.81      2.88848e+8 
         4258.8      2.79562e+8 
         4273.8      2.64242e+8 
        4288.79      2.41166e+8 
        4303.79      2.13137e+8 
        4314.07      1.90771e+8 
        4326.14      1.59508e+8 
        4336.17      1.27699e+8 
        4346.95      1.34836e+8 
        4357.43       1.6434e+8 
        4367.98      1.88028e+8 
        4378.77      2.07973e+8 
        4393.77      2.30424e+8 
        4408.76      2.47481e+8 
        4423.76       2.5749e+8 
        4438.75      2.62228e+8 
        4453.75      2.63915e+8 
        4468.74      2.63904e+8 
        4483.74      2.62874e+8 
        4498.74      2.61356e+8 
        4513.73       2.5952e+8 
        4527.19      2.57689e+8 
        4538.73       2.5602e+8 
        4553.72      2.53756e+8 
        4568.72      2.51399e+8 
        4583.72      2.48972e+8 
        4596.53      2.46847e+8 
        4608.71      2.44826e+8 
         4623.7      2.42227e+8 
         4638.7      2.39551e+8 
         4653.7      2.36778e+8 
        4668.69      2.33839e+8 
        4683.69      2.30605e+8 
        4698.68       2.2701e+8 
        4713.68      2.22877e+8 
        4724.83      2.19323e+8 
        4738.67      2.14162e+8 
        4753.67      2.07745e+8 
        4768.67       1.9983e+8 
        4783.66      1.89992e+8 
        4798.66      1.77772e+8 
        4813.65       1.6284e+8 
        4828.65      1.45258e+8 
        4839.16       1.3063e+8 
        4849.39      1.13832e+8 
        4859.63      9.00336e+7 
        4870.41       1.0767e+8 
        4882.91      1.27093e+8 
        4893.63      1.40138e+8 
        4908.63       1.5445e+8 
         4921.7      1.64213e+8 
        4933.62      1.71093e+8 
        4948.62      1.77162e+8 
        4963.61      1.81029e+8 
        4978.61      1.83197e+8 
        4993.61      1.84296e+8 
         5008.6      1.84568e+8 
         5023.6      1.84159e+8 
        5038.59      1.83308e+8 
        5053.59      1.82178e+8 
        5068.59      1.80841e+8 
        5083.58      1.79392e+8 
        5098.58      1.77886e+8 
        5113.57      1.76345e+8 
        5128.57      1.74783e+8 
        5143.57       1.7321e+8 
        5158.56      1.71633e+8 
        5173.56      1.70059e+8 
        5188.55      1.68491e+8 
        5203.55      1.66931e+8 
        5218.55      1.65381e+8 
        5233.54      1.63842e+8 
        5248.54      1.62316e+8 
        5263.53      1.60803e+8 
        5278.53      1.59303e+8 
        5293.52      1.57817e+8 
        5308.52      1.56345e+8 
        5323.52      1.54889e+8 
        5338.51      1.53447e+8 
        5353.51       1.5202e+8 
        5368.51      1.50703e+8 
         5383.5      1.49298e+8 
         5398.5      1.47907e+8 
        5413.49      1.46533e+8 
        5428.49      1.45175e+8 
        5443.48      1.43832e+8 
        5458.48      1.42505e+8 
        5473.48      1.41192e+8 
        5488.47      1.39895e+8 
        5503.47      1.38617e+8 
        5518.47      1.37349e+8 
        5533.46      1.36096e+8 
        5548.46      1.34858e+8 
        5563.45      1.33633e+8 
        5578.45      1.32423e+8 
        5593.44      1.31226e+8 
        5608.44      1.30042e+8 
        5623.44      1.28873e+8 
        5638.43      1.27711e+8 
        5653.43      1.26567e+8 
        5668.43      1.25477e+8 
        5682.86        1.244e+8 
        5693.42      1.23617e+8 
        5704.77      1.22782e+8 
        5715.23      1.22019e+8 
        5728.41      1.21066e+8 
         5743.4      1.19993e+8 
         5758.4      1.18933e+8 
         5773.4      1.17815e+8 
        5788.39      1.16776e+8 
        5803.39      1.15748e+8 
        5818.39      1.14731e+8 
        5833.38      1.13725e+8 
        5848.38       1.1273e+8 
        5863.37      1.11746e+8 
        5878.37      1.10772e+8 
        5893.36      1.09808e+8 
        5908.36      1.08854e+8 
        5923.36       1.0791e+8 
        5938.35      1.06975e+8 
        5953.35       1.0605e+8 
        5968.34      1.05134e+8 
        5983.34      1.04228e+8 
        5998.34       1.0333e+8 
        6013.33      1.02441e+8 
        6028.33       1.0156e+8 
        6043.32      1.00688e+8 
        6058.32      9.98244e+7 
        6073.32      9.89665e+7 
        6088.31      9.81141e+7 
        6103.31      9.72681e+7 
         6118.3      9.64284e+7 
         6133.3      9.55936e+7 
         6148.3      9.47636e+7 
        6163.29      9.39377e+7 
        6178.29      9.31143e+7 
        6193.28      9.22918e+7 
        6208.28      9.14703e+7 
        6223.28      9.06472e+7 
        6238.27      8.98194e+7 
        6252.16      8.90516e+7 
        6262.16      8.85068e+7 
        6273.26      8.78992e+7 
        6284.63      8.72722e+7 
        6295.99      8.66392e+7 
        6306.09      8.60721e+7 
        6316.22      8.54947e+7 
        6328.25       8.4795e+7 
        6343.24      8.39047e+7 
        6358.24      8.29795e+7 
        6373.23      8.20113e+7 
        6388.23      8.09849e+7 
        6403.23      7.98753e+7 
        6418.22      7.86517e+7 
        6433.22      7.72712e+7 
        6448.22      7.56684e+7 
        6463.21      7.37652e+7 
        6478.21      7.14983e+7 
         6493.2      6.88015e+7 
         6508.2      6.55126e+7 
        6523.19      6.14474e+7 
         6536.1      5.71057e+7 
        6546.46      5.28435e+7 
        6556.87      4.73363e+7 
        6567.07      4.59467e+7 
        6577.95      5.16434e+7 
        6588.18      5.53885e+7 
        6603.34      5.95505e+7 
        6613.66      6.16792e+7 
        6623.98      6.33678e+7 
         6634.3      6.46948e+7 
        6644.62      6.57199e+7 
        6654.94      6.65119e+7 
        6665.26      6.71079e+7 
        6675.58      6.75232e+7 
         6685.9      6.77927e+7 
        6696.23      6.79347e+7 
        6711.48      6.79812e+7 
        6726.73      6.78851e+7 
        6741.98      6.76866e+7 
        6772.48      6.70931e+7 
        6802.98      6.63467e+7 
        6824.78      6.57598e+7 
        6868.37      6.45129e+7 
        6955.56      6.19475e+7 
        6976.35      6.13327e+7 
        7042.75      5.93934e+7 
        7109.15      5.75069e+7 
        7175.54      5.56866e+7 
        7241.94      5.39342e+7 
        7308.33      5.22481e+7 
        7355.95      5.10792e+7 
        7374.73      5.06362e+7 
        7393.51      5.01879e+7 
        7431.08      4.93073e+7 
        7506.22      4.76033e+7 
        7581.35      4.59728e+7 
         7635.1      4.48487e+7 
        7656.49      4.44108e+7 
        7677.88      4.39785e+7 
        7720.67      4.31297e+7 
        7806.23      4.14932e+7 
        7821.36       4.1212e+7 
         7891.8       3.9934e+7 
        7962.25      3.87054e+7 
        7982.84      3.83551e+7 
        8032.69      3.75238e+7 
        8082.55      3.67149e+7 
        8161.68      3.54758e+7 
        8182.26       3.5162e+7 
        8200.85      3.48817e+7 
        8216.85      3.46427e+7 
        8232.84      3.44058e+7 
        8264.83       3.3938e+7 
        8289.72      3.35795e+7 
        8328.82      3.30257e+7 
        8367.92      3.24828e+7 
        8437.95        3.154e+7 
        8473.98      3.10669e+7 
        8502.48      3.06988e+7 
        8516.58      3.05187e+7 
        8530.98      3.03357e+7 
        8545.38      3.01609e+7 
        8574.18      2.98121e+7 
        8598.39      2.95222e+7 
         8628.6      2.91673e+7 
        8646.81      2.89521e+7 
        8665.01      2.87377e+7 
        8685.59      2.85045e+7 
        8701.43      2.83237e+7 
        8750.47      2.77374e+7 
        8767.92       2.7551e+7 
        8815.35      2.70187e+7 
        8839.07      2.67537e+7 
        8862.78      2.64877e+7 
         8886.5      2.62981e+7 
        8910.21      2.61015e+7 
        8933.93       2.5853e+7 
        8957.65      2.55824e+7 
        8995.25      2.50807e+7 
        9014.91      2.48294e+7 
        9034.57      2.47274e+7 
        9054.23      2.46423e+7 
        9087.39       2.4434e+7 
        9099.72      2.43339e+7 
        9112.05      2.42257e+7 
        9136.72      2.39565e+7 
        9161.38      2.36216e+7 
        9186.05      2.32234e+7 
        9210.71      2.27814e+7 
        9224.43      2.25458e+7 
        9238.16      2.24885e+7 
        9251.88      2.24904e+7 
         9265.6      2.25341e+7 
        9293.05      2.25761e+7 
        9311.35      2.25621e+7 
        9329.65      2.25084e+7 
        9347.95       2.2413e+7 
        9366.25      2.22877e+7 
        9384.08      2.21378e+7 
        9401.92      2.19543e+7 
        9419.76        2.175e+7 
         9437.6      2.15113e+7 
        9455.44      2.12146e+7 
        9473.28      2.09083e+7 
        9491.12      2.05268e+7 
        9508.96      2.00642e+7 
         9526.8      1.94743e+7 
        9543.32      1.89241e+7 
        9556.56      1.90339e+7 
        9567.15      1.92768e+7 
        9577.74      1.94955e+7 
        9588.34      1.96594e+7 
        9598.93      1.97915e+7 
        9609.52      1.98834e+7 
        9620.12      1.99583e+7 
        9630.71      2.00034e+7 
         9651.9      2.00703e+7 
        9668.45      2.00798e+7 
           9685       2.0055e+7 
        9718.11      1.99514e+7 
        9751.22      1.97796e+7 
        9784.33      1.95668e+7 
        9817.44      1.93095e+7 
           9834      1.91588e+7 
        9850.55      1.90352e+7 
         9867.1      1.88496e+7 
        9883.66      1.86393e+7 
        9900.21      1.83929e+7 
        9916.77      1.81325e+7 
        9933.32      1.78478e+7 
        9946.93      1.75812e+7 
         9958.7      1.73191e+7 
        9970.47      1.70756e+7 
        9982.24       1.6794e+7 
        9994.01      1.64824e+7 
        10005.8      1.61413e+7 
        10017.5       1.5779e+7 
        10029.3      1.53761e+7 
        10041.1      1.49783e+7 
        10051.4      1.48062e+7 
        10061.8      1.49889e+7 
        10074.2      1.52891e+7 
        10090.8       1.5643e+7 
        10107.3      1.59264e+7 
        10123.9      1.61622e+7 
        10140.4      1.63141e+7 
          10157      1.64714e+7 
        10173.5       1.6571e+7 
        10190.1      1.66427e+7 
        10206.7      1.66973e+7 
        10223.2      1.67219e+7 
        10237.2        1.672e+7 
        10265.1      1.66797e+7 
        10293.1      1.66017e+7 
          10321      1.64965e+7 
        10376.9      1.62477e+7 
        10404.9      1.61136e+7 
        10432.8      1.59759e+7 
        10460.8      1.57747e+7 
        10488.7      1.56235e+7 
        10544.6      1.53123e+7 
        10600.5      1.49988e+7 
        10628.4      1.48166e+7 
        10656.4      1.46219e+7 
        10684.3      1.44081e+7 
        10712.3       1.4167e+7 
        10740.2      1.38951e+7 
        10768.2      1.36025e+7 
        10796.1       1.3254e+7 
        10810.1      1.30671e+7 
        10824.1      1.28702e+7 
          10838      1.26477e+7 
          10852      1.24057e+7 
          10866      1.21484e+7 
          10880      1.18436e+7 
        10893.9      1.15299e+7 
        10907.9      1.11666e+7 
        10921.9      1.07454e+7 
        10932.4      1.03581e+7 
        10944.2      1.03393e+7 
        10957.6      1.07242e+7 
        10975.4      1.11003e+7 
        10993.2      1.13908e+7 
        11011.1      1.16279e+7 
        11028.9      1.17973e+7 
        11046.7       1.1946e+7 
        11064.5      1.20465e+7 
        11082.4      1.21242e+7 
        11100.2      1.21889e+7 
          11118      1.22273e+7 
        11135.9      1.22435e+7 
        11153.7      1.22553e+7 
        11189.3      1.22376e+7 
          11225      1.21788e+7 
        11260.4      1.20939e+7 
        11276.8      1.20474e+7 
        11293.3      1.19982e+7 
        11326.2      1.18928e+7 
          11392      1.16694e+7 
        11457.8      1.14709e+7 
        11523.7      1.12319e+7 
        11589.5      1.09991e+7 
        11655.3      1.07722e+7 
        11721.1      1.05511e+7 
        11786.9      1.03356e+7 
        11852.8      1.01256e+7 
        11918.6      9.92084e+6 
        11984.4      9.72122e+6 
        12050.2      9.50671e+6 
          12116      9.31228e+6 
        12181.8      9.12067e+6 
        12210.7      9.03736e+6 
        12247.7      8.93067e+6 
        12284.6      8.82323e+6 
        12358.6      8.60404e+6 
        12432.5      8.37253e+6 
        12469.5      8.24872e+6 
        12506.5      8.11747e+6 
        12543.5      7.97644e+6 
        12580.4      7.81876e+6 
        12617.4      7.64111e+6 
        12635.9      7.54397e+6 
        12654.4      7.43769e+6 
        12672.9      7.32041e+6 
        12691.4      7.19381e+6 
        12709.9      7.05379e+6 
        12728.3      6.89457e+6 
        12746.8      6.71933e+6 
        12765.3      6.51815e+6 
        12783.8      6.28472e+6 
        12794.4      6.12655e+6 
        12806.2      5.90374e+6 
        12816.6      5.58629e+6 
        12827.4      5.81634e+6 
        12839.3      6.01841e+6 
          12855      6.19717e+6 
        12870.8      6.33606e+6 
        12886.6      6.44809e+6 
        12902.4      6.53973e+6 
        12918.1      6.61491e+6 
        12933.9      6.67629e+6 
        12949.7       6.7237e+6 
        12965.4      6.76099e+6 
        12981.2      6.79071e+6 
          12997      6.81163e+6 
        13028.5      6.83381e+6 
        13060.1      6.83702e+6 
        13091.6      6.82502e+6 
        13123.2      6.80095e+6 
        13154.7      6.76881e+6 
        13186.3      6.73027e+6 
        13249.4      6.64158e+6 
        13308.4      6.54868e+6 
        13367.3      6.45151e+6 
        13426.3      6.35243e+6 
        13485.3      6.25315e+6 
        13544.3      6.15466e+6 
        13603.2       6.0574e+6 
        13662.2      5.96739e+6 
        13721.2      5.87198e+6 
        13780.2      5.77846e+6 
        13839.1      5.68679e+6 
        13898.1       5.5969e+6 
        13957.1      5.50878e+6 
        14016.1      5.42242e+6 
          14075      5.33772e+6 
          14134      5.25466e+6 
          14193       5.1732e+6 
          14252      5.09334e+6 
        14289.8      5.04285e+6 
          14311      5.01499e+6 
        14332.1      4.98728e+6 
        14374.3       4.9323e+6 
        14457.6      4.82602e+6 
        14498.7      4.77466e+6 
          14541      4.72257e+6 
        14581.2      4.67362e+6 
        14597.2      4.65433e+6 
        14613.2      4.63514e+6 
        14645.2      4.59709e+6 
        14709.2       4.5221e+6 
        14773.2      4.44865e+6 
        14837.1      4.37671e+6 
        14901.1      4.30618e+6 
        14965.1       4.2371e+6 
        15029.1      4.16936e+6 
        15093.1      4.10301e+6 
        15157.1      4.03795e+6 
          15221      3.97421e+6 
          15285      3.91169e+6 
          15349       3.8504e+6 
          15413       3.7903e+6 
        15471.6      3.73633e+6 
        15482.4      3.72649e+6 
        15493.1      3.71676e+6 
        15514.7      3.69737e+6 
        15557.9      3.65895e+6 
        15644.2      3.58365e+6 
        15730.5      3.51029e+6 
        15816.8      3.43876e+6 
        15903.1      3.36908e+6 
        15989.4      3.30115e+6 
        16075.8       3.2349e+6 
        16162.1      3.17034e+6 
        16248.4      3.10738e+6 
        16289.9      3.07766e+6 
        16334.7      3.04597e+6 
        16379.5      3.01468e+6 
        16469.1      2.95447e+6 
        16558.8      2.89576e+6 
        16648.4      2.83849e+6 
          16738      2.78264e+6 
        16827.7      2.72816e+6 
        16917.3        2.675e+6 
        17006.9      2.62314e+6 
        17096.6      2.57252e+6 
        17186.2      2.52312e+6 
        17275.8      2.47491e+6 
        17327.7      2.44753e+6 
        17365.5      2.42784e+6 
        17403.2      2.40833e+6 
        17478.8      2.37028e+6 
        17554.3      2.33297e+6 
        17629.9       2.2964e+6 
        17705.4      2.26053e+6 
          17781      2.22536e+6 
        17856.5      2.19087e+6 
        17932.1      2.15705e+6 
        18007.6      2.11622e+6 
        18083.2      2.08166e+6 
        18158.7       2.0469e+6 
        18234.3      2.01149e+6 
        18309.8      1.97457e+6 
        18343.7      1.95712e+6 
        18385.3      1.93467e+6 
          18427       1.9106e+6 
        18468.6      1.88406e+6 
        18510.2       1.8541e+6 
        18551.8      1.81938e+6 
        18593.4       1.7781e+6 
        18614.2      1.75433e+6 
          18635      1.72801e+6 
        18655.8      1.69856e+6 
        18676.6      1.66573e+6 
        18697.4      1.62774e+6 
          18710      1.60119e+6 
        18726.4      1.55895e+6 
        18738.8      1.51148e+6 
        18749.1      1.40488e+6 
        18759.5      1.48384e+6 
        18770.7      1.53053e+6 
        18786.6      1.56661e+6 
        18799.4      1.58693e+6 
        18812.2      1.60363e+6 
          18825      1.61778e+6 
        18837.8      1.62976e+6 
        18850.6       1.6402e+6 
        18876.2      1.65706e+6 
        18901.8      1.66926e+6 
        18927.4      1.67775e+6 
          18953      1.68318e+6 
        18978.6      1.68605e+6 
        19004.2      1.68688e+6 
        19029.8      1.68603e+6 
          19081      1.68058e+6 
        19132.2      1.67169e+6 
        19183.3      1.66063e+6 
        19234.5      1.64817e+6 
        19285.7      1.63479e+6 
        19336.9      1.62083e+6 
        19388.1      1.60652e+6 
        19427.9      1.59526e+6 
        19439.3      1.59201e+6 
        19450.7      1.58877e+6 
        19473.5      1.58221e+6 
        19519.1      1.56906e+6 
        19610.3      1.54613e+6 
        19701.5      1.51927e+6 
        19792.8      1.49299e+6 
          19884      1.46727e+6 
        19975.2      1.44211e+6 
        20066.4      1.41747e+6 
        20157.7      1.39336e+6 
        20248.9      1.36976e+6 
        20340.1      1.34665e+6 
        20388.2      1.33465e+6 
        20431.3      1.32402e+6 
        20474.4      1.31351e+6 
        20560.5      1.29266e+6 
        20646.7      1.27222e+6 
        20732.8      1.25219e+6 
          20819      1.23254e+6 
        20905.1      1.21328e+6 
        20991.3      1.19439e+6 
        21077.4      1.17586e+6 
        21163.5      1.15769e+6 
        21249.7      1.13987e+6 
        21335.8      1.12238e+6 
          21422      1.10523e+6 
        21508.1      1.08841e+6 
        21557.9      1.07883e+6 
        21594.3       1.0719e+6 
        21630.6      1.06503e+6 
        21703.3      1.05141e+6 
          21776        1.038e+6 
        21848.7      1.02481e+6 
        21921.4      1.01183e+6 
        21994.1          999045 
        22066.8          986466 
        22139.4          974085 
        22212.1          961896 
        22284.8          949895 
        22357.5          938083 
        22430.2          926449 
        22502.9          914998 
        22575.6          903723 
        22648.3          892621 
          22721          881688 
        22784.8          872219 
        22800.8          869866 
        22816.8          867516 
        22848.8          862845 
        22912.8          853593 
        22976.8          844466 
        23040.8          835463 
        23104.8          826575 
        23168.7          817807 
        23232.7          809152 
        23296.7          800613 
        23360.7          792184 
        23424.7          783868 
        23488.6          775659 
        23552.6          767557 
        23616.6          759562 
        23680.6          751667 
        23744.6          743879 
        23808.6          736188 
        23872.5          728598 
        23936.5          721102 
        24000.5          713707 
        24064.5          706403 
        24128.5          699193 
        24192.5          692074 
        24256.4          685046 
        24320.4          678106 
        24384.4          671255 
        24448.4          664491 
        24512.4          657809 
        24576.3          651211 
        24640.3          644696 
        24704.3          638262 
        24768.3          631906 
        24832.3          625632 
        24896.3          619434 
        24960.2          613314 
        25004.4          609130 
        25024.2          607267 
          25044          605413 
        25083.6          601734 
        25162.8          594465 
        25241.9          587302 
        25321.1          580246 
        25400.2          573297 
        25479.4          566451 
        25558.5          559709 
        25637.7          553065 
        25716.9          546518 
          25796          540071 
        25875.2          533716 
        25954.3          527455 
        26033.5          521284 
        26112.7          515202 
        26191.8          509211 
          26271          503308 
        26350.1          497487 
        26429.3          491753 
        26508.4          486099 
        26587.6          480525 
        26666.8          475034 
        26745.9          469618 
        26825.1          464280 
        26904.2          459018 
        26983.4          453831 
        27062.6          448714 
        27141.7          443671 
        27220.9          438698 
        27299.2          433848 
        27377.5          429076 
        27455.8          424369 
        27534.2          419729 
        27612.5          415149 
        27690.8          410634 
        27769.1          406180 
        27847.5          401785 
        27925.8          397449 
        28004.1          393173 
        28082.4          388954 
        28160.8          384792 
        28239.1          380686 
        28317.4          376633 
        28395.7          372634 
          28474          368688 
        28552.4          364795 
        28630.7          360953 
          28709          357161 
        28787.3          353420 
        28865.7          349725 
          28944          346081 
        29022.3          342484 
        29100.6          338934 
          29179          335428 
        29257.3          331969 
        29335.6          328554 
        29413.9          325183 
        29492.3          321856 
        29570.6          318570 
        29648.9          315325 
        29727.2          312124 
        29805.5          308962 
        29883.9          305840 
        29932.6          303917 
        29962.2          302757 
        29991.8          301602 
