# Koester WD models
# teff = 15500 K (value for the effective temperature for the model. Temperatures are given in K)
# logg = 7 log(cm/s2) (value for Log(G) for the model.)
#
# column 1: WAVELENGTH (ANGSTROM), Wavelength in Angstrom
# column 2: FLUX (ERG/CM2/S/A), Flux in erg/cm2/s/A
         899.23          298381 
        909.241          335133 
        919.246      1.77293e+6 
        929.261      2.17279e+6 
        939.271      3.95897e+6 
        949.307      1.61159e+6 
        959.454      2.89489e+7 
        969.485      5.70381e+6 
        979.528      1.62929e+7 
        989.584      1.28758e+8 
        999.665       4.5947e+8 
        1009.81      9.08838e+7 
        1019.97      1.15601e+7 
           1030      1.16392e+7 
        1040.14      1.22335e+8 
        1050.36      6.70039e+8 
        1060.47      8.26851e+8 
        1070.53      1.81211e+9 
        1080.89      2.45004e+9 
        1091.45       3.5702e+9 
        1101.88      3.55814e+9 
        1112.52      3.42066e+9 
        1123.78      3.23785e+9 
        1134.38      3.02017e+9 
        1144.39      2.75431e+9 
        1154.39      2.39661e+9 
        1164.39      1.93601e+9 
         1174.4      1.36048e+9 
        1185.17      6.71453e+8 
        1195.39      1.98257e+8 
         1205.6      5.04976e+7 
        1215.69      3.60605e+6 
        1225.77      5.76432e+7 
        1236.09      2.57422e+8 
        1246.61      9.47957e+8 
        1256.79      1.58146e+9 
        1266.85      1.98741e+9 
        1279.42      2.28052e+9 
        1289.42      2.40632e+9 
        1299.42      2.46883e+9 
        1309.42       2.5022e+9 
        1319.42      2.51648e+9 
        1329.42      2.49775e+9 
        1339.42      2.47362e+9 
        1349.42      2.47124e+9 
        1359.42      2.45278e+9 
        1369.42      2.38535e+9 
        1379.42       2.2955e+9 
        1389.42      2.19319e+9 
        1399.42      2.18956e+9 
        1409.42      2.29209e+9 
        1419.42      2.33096e+9 
        1429.42        2.314e+9 
        1439.42      2.28342e+9 
        1449.85      2.24835e+9 
        1461.52      2.20858e+9 
        1472.88      2.17038e+9 
        1484.42      2.13242e+9 
        1494.42       2.1002e+9 
        1509.42      2.05298e+9 
        1524.42      2.00705e+9 
        1539.42       1.9623e+9 
        1554.42       1.9189e+9 
        1566.72       1.8843e+9 
        1579.41      1.84957e+9 
        1594.41      1.80983e+9 
        1604.41      1.78414e+9 
        1619.41      1.74668e+9 
        1634.41      1.71033e+9 
        1649.41      1.67496e+9 
        1664.41      1.64054e+9 
        1676.33      1.61388e+9 
         1689.4      1.58543e+9 
         1704.4      1.55367e+9 
         1719.4       1.5228e+9 
         1734.4      1.49271e+9 
        1749.39      1.46343e+9 
        1764.39      1.43492e+9 
        1775.55      1.41427e+9 
        1789.39      1.38923e+9 
        1809.39      1.35415e+9 
           1824      1.32928e+9 
        1834.77      1.31136e+9 
        1845.54       1.2938e+9 
           1864      1.26446e+9 
        1876.29      1.24545e+9 
        1888.59      1.22686e+9 
        1906.98      1.19978e+9 
        1919.37      1.18203e+9 
        1931.76       1.1647e+9 
        1944.47      1.14725e+9 
        1956.53      1.13106e+9 
         1967.6      1.11647e+9 
        1992.71      1.08439e+9 
        2017.81      1.05356e+9 
        2067.03      9.96604e+8 
         2116.2      9.44074e+8 
           2129      9.31046e+8 
         2141.8      9.18256e+8 
        2165.47      8.95228e+8 
        2210.96      8.53241e+8 
        2225.89      8.40084e+8 
        2240.83      8.27213e+8 
        2263.91      8.07854e+8 
        2307.04      7.73372e+8 
        2319.23      7.64007e+8 
        2331.41      7.54812e+8 
        2349.21      7.41658e+8 
        2362.35      7.32148e+8 
         2375.5      7.22818e+8 
        2394.29      7.09749e+8 
        2409.27      6.99567e+8 
        2424.25      6.89592e+8 
        2452.24      6.71478e+8 
        2464.64      6.63655e+8 
        2480.05       6.5412e+8 
        2491.16       6.4736e+8 
        2510.01      6.36122e+8 
        2528.86      6.25155e+8 
        2559.23      6.08027e+8 
        2582.27      5.95486e+8 
        2619.97      5.75722e+8 
        2634.63      5.68276e+8 
        2657.67      5.56832e+8 
        2695.37      5.38818e+8 
        2756.11      5.11426e+8 
        2779.15      5.01546e+8 
        2816.85      4.85932e+8 
        2854.55      4.70959e+8 
        2892.24      4.56637e+8 
         2906.9       4.5123e+8 
        2929.94      4.42899e+8 
        2946.71      4.36961e+8 
        2999.07      4.19126e+8 
        3051.42      4.02246e+8 
        3103.78       3.8629e+8 
        3149.86      3.72932e+8 
        3195.94       3.6019e+8 
        3235.74       3.4964e+8 
        3248.29      3.46398e+8 
        3260.84        3.432e+8 
        3285.94       3.3692e+8 
        3325.54      3.27313e+8 
        3336.14      3.24806e+8 
        3346.73      3.22321e+8 
        3367.92      3.17433e+8 
         3410.3      3.07946e+8 
        3445.17      3.00414e+8 
         3486.2      2.91858e+8 
         3514.9      2.86059e+8 
         3543.6      2.80406e+8 
        3591.28      2.71338e+8 
        3635.88      2.63186e+8 
        3647.12       2.6118e+8 
        3658.96      2.59077e+8 
        3671.11      2.56916e+8 
         3682.7      2.54876e+8 
        3692.77      2.53149e+8 
        3702.89      2.51432e+8 
        3712.93      2.49846e+8 
        3723.11      2.48234e+8 
        3733.34      2.45691e+8 
        3743.51      2.47333e+8 
        3753.66      2.45022e+8 
        3764.31       2.4417e+8 
        3774.36      2.39464e+8 
        3784.57      2.54734e+8 
        3795.44      2.17044e+8 
        3805.97      2.46977e+8 
        3816.64      2.68486e+8 
        3827.15      2.32195e+8 
        3837.31      1.89463e+8 
         3847.4      2.56116e+8 
        3858.21       2.9103e+8 
         3868.9      2.80462e+8 
        3880.56      2.17773e+8 
        3890.61      1.65072e+8 
        3901.57      2.43513e+8 
        3911.93      2.96334e+8 
        3922.31      3.19224e+8 
        3933.45      3.19855e+8 
        3943.88      2.96605e+8 
        3954.55      2.46093e+8 
        3965.59       1.7258e+8 
         3976.4      1.84817e+8 
        3986.99      2.50797e+8 
        3997.61      2.99538e+8 
         4008.8      3.27574e+8 
        4018.86      3.36785e+8 
        4029.01       3.3949e+8 
        4039.29      3.38101e+8 
        4049.71      3.31878e+8 
        4060.76      3.16138e+8 
        4071.35       2.8782e+8 
        4082.28       2.4345e+8 
        4093.69      1.80023e+8 
        4103.79      1.40222e+8 
        4114.23      2.04093e+8 
        4124.55      2.52316e+8 
        4135.81      2.89185e+8 
        4145.99       3.0923e+8 
        4157.46      3.19751e+8 
        4168.82      3.23094e+8 
        4183.82       3.2337e+8 
        4198.82      3.21759e+8 
        4213.81      3.19129e+8 
        4224.95      3.16723e+8 
        4238.81      3.13153e+8 
         4253.8      3.08028e+8 
         4268.8      2.99944e+8 
        4283.79       2.8629e+8 
        4296.29       2.6931e+8 
        4308.79      2.43478e+8 
        4320.85      2.05839e+8 
        4331.09      1.62361e+8 
         4341.1       1.1233e+8 
        4351.76      1.69348e+8 
        4363.77      2.13327e+8 
        4374.02      2.38309e+8 
        4384.26      2.54264e+8 
        4396.54      2.65493e+8 
        4408.76       2.7154e+8 
        4423.76      2.73917e+8 
        4438.75      2.73285e+8 
        4453.75      2.71425e+8 
        4468.74      2.69126e+8 
        4483.74      2.66626e+8 
        4498.74      2.64029e+8 
        4513.73      2.61382e+8 
        4527.19      2.58987e+8 
        4538.73      2.56929e+8 
        4553.72      2.54255e+8 
        4568.72      2.51589e+8 
        4583.72      2.48936e+8 
        4596.53       2.4668e+8 
        4608.71      2.44557e+8 
         4623.7       2.4194e+8 
         4638.7      2.39329e+8 
         4653.7      2.36716e+8 
        4668.69      2.34094e+8 
        4683.69      2.31443e+8 
        4698.68      2.28724e+8 
        4713.68      2.25884e+8 
        4724.83      2.23652e+8 
        4738.67      2.20649e+8 
        4753.67      2.16934e+8 
        4768.67       2.1249e+8 
        4783.66      2.06945e+8 
        4798.66      1.99125e+8 
        4813.65      1.87477e+8 
        4826.15      1.72917e+8 
        4838.65      1.51703e+8 
        4848.69      1.28867e+8 
        4858.88      9.87648e+7 
        4870.86      1.19687e+8 
        4881.49      1.43512e+8 
        4892.34       1.6107e+8 
        4903.63      1.72997e+8 
        4915.55      1.80696e+8 
        4928.62      1.85274e+8 
        4943.62      1.87557e+8 
        4958.61      1.88078e+8 
        4973.61      1.87692e+8 
        4988.61      1.86737e+8 
         5003.6      1.85443e+8 
         5018.6      1.83959e+8 
         5033.6      1.82367e+8 
        5048.59      1.80711e+8 
        5063.59      1.79032e+8 
        5078.58      1.77343e+8 
        5093.58      1.75655e+8 
        5108.57      1.73972e+8 
        5123.57        1.723e+8 
        5138.57      1.70644e+8 
        5153.56      1.69003e+8 
        5168.56      1.67378e+8 
        5183.56       1.6577e+8 
        5198.55       1.6418e+8 
        5213.55      1.62607e+8 
        5228.54      1.61051e+8 
        5243.54      1.59513e+8 
        5258.53      1.57993e+8 
        5273.53      1.56491e+8 
        5288.53      1.55005e+8 
        5303.52      1.53537e+8 
        5318.52      1.52086e+8 
        5333.52      1.50652e+8 
        5348.51      1.49234e+8 
        5363.51      1.47852e+8 
         5378.5      1.46466e+8 
         5393.5      1.45096e+8 
        5408.49      1.43743e+8 
        5423.49      1.42405e+8 
        5438.49      1.41083e+8 
        5453.48      1.39777e+8 
        5468.48      1.38486e+8 
        5483.48       1.3721e+8 
        5498.47      1.35949e+8 
        5513.47      1.34703e+8 
        5528.46      1.33471e+8 
        5543.46      1.32253e+8 
        5558.45      1.31049e+8 
        5573.45      1.29859e+8 
        5588.45      1.28683e+8 
        5603.44       1.2752e+8 
        5618.44       1.2637e+8 
        5633.43      1.25234e+8 
        5648.43       1.2411e+8 
        5663.43      1.22998e+8 
        5673.98      1.22224e+8 
         5686.2      1.21334e+8 
        5698.42      1.20453e+8 
        5708.88      1.19705e+8 
        5723.41      1.18676e+8 
        5738.41      1.17625e+8 
         5753.4      1.16586e+8 
         5768.4      1.15546e+8 
        5783.39      1.14529e+8 
        5798.39      1.13525e+8 
        5813.39      1.12531e+8 
        5828.38      1.11548e+8 
        5843.38      1.10576e+8 
        5858.37      1.09614e+8 
        5873.37      1.08663e+8 
        5888.37      1.07722e+8 
        5903.36      1.06792e+8 
        5918.36      1.05872e+8 
        5933.35      1.04961e+8 
        5948.35       1.0406e+8 
        5963.35      1.03169e+8 
        5978.34      1.02287e+8 
        5993.34      1.01414e+8 
        6008.33      1.00551e+8 
        6023.33      9.96969e+7 
        6038.32      9.88512e+7 
        6053.32      9.80142e+7 
        6068.32      9.71858e+7 
        6083.31      9.63658e+7 
        6098.31      9.55544e+7 
        6113.31      9.47507e+7 
         6128.3      9.39547e+7 
         6143.3      9.31668e+7 
        6158.29      9.23861e+7 
        6173.29      9.16126e+7 
        6188.28      9.08457e+7 
        6203.28      9.00855e+7 
        6218.28      8.93318e+7 
        6233.27      8.85838e+7 
        6244.38      8.80331e+7 
        6256.04      8.74579e+7 
        6266.59      8.69401e+7 
        6278.26       8.6369e+7 
        6290.52      8.57711e+7 
        6302.31      8.51984e+7 
        6312.59      8.47002e+7 
        6323.25      8.41834e+7 
        6338.24      8.34564e+7 
        6353.24      8.27282e+7 
        6368.24      8.19931e+7 
        6383.23      8.12466e+7 
        6398.23      8.04804e+7 
        6413.22      7.96827e+7 
        6428.22      7.88345e+7 
        6443.22      7.79043e+7 
        6458.21       7.6843e+7 
        6473.21      7.55855e+7 
         6488.2      7.39977e+7 
         6503.2      7.18206e+7 
         6518.2      6.86136e+7 
        6532.67      6.38774e+7 
        6543.19      5.89668e+7 
        6553.54      5.25318e+7 
        6563.64       4.3184e+7 
        6574.47      5.36823e+7 
        6586.28      5.96865e+7 
        6598.17       6.3715e+7 
         6608.5      6.59637e+7 
        6618.82      6.73925e+7 
        6629.14      6.82558e+7 
        6639.46      6.87468e+7 
        6649.78      6.89847e+7 
         6660.1      6.90557e+7 
        6670.42      6.90123e+7 
        6691.06      6.87123e+7 
        6711.48      6.82404e+7 
        6731.89      6.76812e+7 
        6772.71      6.64472e+7 
        6824.78      6.48082e+7 
        6876.85      6.31749e+7 
        6928.91      6.15714e+7 
        6980.98      6.00085e+7 
        7033.05      5.84905e+7 
        7061.09      5.76916e+7 
        7085.12      5.70174e+7 
        7109.15      5.63526e+7 
         7157.2      5.50523e+7 
        7253.31      5.25614e+7 
        7305.33      5.12714e+7 
        7349.42      5.02092e+7 
        7393.51      4.91757e+7 
         7481.7      4.71852e+7 
        7569.89      4.52945e+7 
        7638.26      4.38937e+7 
        7658.07      4.34982e+7 
        7677.88       4.3107e+7 
         7717.5      4.23383e+7 
        7796.73       4.0852e+7 
        7875.97      3.94311e+7 
        7948.16      3.81895e+7 
        7962.25       3.7953e+7 
        7976.34      3.77186e+7 
        8004.52      3.72546e+7 
        8039.24      3.66932e+7 
        8060.89      3.63482e+7 
        8082.55      3.60074e+7 
        8125.86      3.53376e+7 
        8200.85      3.42145e+7 
        8216.85      3.39807e+7 
        8232.84      3.37489e+7 
        8264.83      3.32915e+7 
        8289.72      3.29409e+7 
        8328.82      3.23989e+7 
        8367.92      3.18667e+7 
        8437.95       3.0959e+7 
        8473.98       3.0497e+7 
        8502.48      3.01323e+7 
        8516.58      2.99565e+7 
        8530.98      2.97716e+7 
        8545.38      2.96157e+7 
        8574.18      2.93159e+7 
        8598.39      2.90337e+7 
         8628.6      2.87383e+7 
        8646.81      2.85101e+7 
        8665.01      2.82625e+7 
        8683.22      2.81284e+7 
        8701.43      2.79565e+7 
        8719.64      2.76997e+7 
        8737.85      2.73814e+7 
        8750.47      2.71586e+7 
        8763.09      2.71265e+7 
        8775.71      2.70968e+7 
        8788.34      2.70248e+7 
        8800.96      2.68972e+7 
        8811.81       2.6742e+7 
        8825.96       2.6496e+7 
        8840.11       2.6176e+7 
        8854.26       2.5798e+7 
        8867.04      2.56182e+7 
        8879.83      2.57609e+7 
        8905.41      2.59138e+7 
        8922.45       2.5885e+7 
         8939.5      2.57073e+7 
        8956.55      2.54093e+7 
         8973.6      2.49497e+7 
        8990.65      2.43489e+7 
         9007.7      2.36356e+7 
        9018.51      2.34429e+7 
        9034.73      2.38692e+7 
        9049.14      2.42196e+7 
        9063.56      2.44569e+7 
        9077.97      2.45952e+7 
        9088.84      2.46331e+7 
        9099.72      2.46236e+7 
        9110.59      2.45547e+7 
        9121.46      2.44421e+7 
        9132.34      2.42985e+7 
        9143.21      2.41069e+7 
        9154.08      2.38508e+7 
        9164.96      2.35339e+7 
        9175.83      2.31721e+7 
        9186.71      2.27055e+7 
        9197.58      2.21846e+7 
        9208.45      2.15998e+7 
        9218.73      2.09828e+7 
        9229.01      2.04623e+7 
        9239.29      2.08402e+7 
        9249.57         2.13e+7 
        9259.84      2.17029e+7 
        9270.12      2.20501e+7 
        9289.39      2.25284e+7 
        9299.67      2.26864e+7 
        9309.94      2.28186e+7 
        9320.22      2.28961e+7 
         9330.5      2.29269e+7 
        9340.78      2.29299e+7 
        9351.06      2.29118e+7 
        9371.61      2.28182e+7 
        9384.08      2.27345e+7 
        9409.03      2.24879e+7 
         9421.5      2.23333e+7 
        9433.98      2.21446e+7 
        9446.45      2.19178e+7 
        9458.92      2.16426e+7 
         9471.4       2.1295e+7 
        9483.87      2.08608e+7 
        9496.34      2.03109e+7 
        9508.82      1.96086e+7 
        9521.29      1.87457e+7 
        9533.76      1.77966e+7 
        9544.44      1.69607e+7 
        9554.73      1.74387e+7 
        9569.98      1.83971e+7 
        9582.18      1.90738e+7 
        9594.39      1.95919e+7 
        9606.58      1.99628e+7 
        9618.78      2.02125e+7 
        9630.99      2.03832e+7 
        9643.18      2.04806e+7 
        9655.39      2.05316e+7 
        9666.72      2.05489e+7 
        9680.56       2.0529e+7 
         9694.4       2.0484e+7 
        9722.08      2.03523e+7 
        9749.76      2.01813e+7 
        9805.11      1.97896e+7 
        9832.79        1.957e+7 
        9860.47      1.93473e+7 
        9878.83      1.91572e+7 
        9897.33      1.89357e+7 
        9915.83      1.86776e+7 
        9934.32      1.83621e+7 
        9952.82      1.79804e+7 
        9971.32      1.75166e+7 
        9989.81      1.69163e+7 
        10008.3      1.61335e+7 
        10022.2      1.54159e+7 
        10036.1      1.45312e+7 
        10046.3      1.37136e+7 
        10059.5      1.42111e+7 
        10075.8      1.51095e+7 
          10092      1.57482e+7 
        10108.3      1.62359e+7 
        10124.6      1.65608e+7 
        10140.8      1.67726e+7 
        10165.2      1.69568e+7 
        10181.5      1.70134e+7 
        10197.7      1.70248e+7 
          10214      1.70094e+7 
        10237.2      1.69467e+7 
        10260.4      1.68533e+7 
        10306.8      1.66262e+7 
        10353.2      1.63773e+7 
          10446      1.58559e+7 
        10538.8      1.53485e+7 
        10631.6      1.48449e+7 
          10678      1.45776e+7 
        10724.3      1.42829e+7 
        10747.5      1.41157e+7 
        10770.7      1.39253e+7 
        10793.9      1.37108e+7 
        10805.5      1.35897e+7 
        10817.1      1.34542e+7 
        10828.7      1.33012e+7 
        10840.3      1.31288e+7 
        10851.9      1.29325e+7 
        10863.5      1.27028e+7 
        10875.1      1.24348e+7 
        10886.7      1.21243e+7 
        10898.3      1.17584e+7 
        10909.9      1.13317e+7 
        10921.5      1.08216e+7 
        10933.1      1.01581e+7 
        10945.2      1.02618e+7 
        10960.1      1.09261e+7 
        10974.9      1.13996e+7 
        10994.8       1.1846e+7 
        11014.6        1.214e+7 
        11034.4      1.23195e+7 
        11054.2      1.24213e+7 
        11083.9      1.24756e+7 
        11103.8      1.24721e+7 
        11123.6      1.24501e+7 
        11143.4      1.24114e+7 
        11163.2      1.23607e+7 
        11202.9      1.22385e+7 
        11260.9      1.20337e+7 
        11318.9      1.18185e+7 
          11377      1.16026e+7 
          11435      1.13891e+7 
        11493.1      1.11847e+7 
        11551.1      1.09779e+7 
        11609.1      1.07759e+7 
        11667.2      1.05786e+7 
        11725.2      1.03857e+7 
        11783.2      1.01972e+7 
        11841.3       1.0013e+7 
        11899.3      9.83287e+6 
        11957.4      9.65685e+6 
        12015.4      9.48472e+6 
        12073.4      9.31218e+6 
        12131.5      9.14678e+6 
        12189.5      8.98458e+6 
        12210.4      8.92677e+6 
        12247.5      8.82527e+6 
        12284.6      8.72477e+6 
        12358.8      8.52587e+6 
          12433      8.32783e+6 
        12507.2      8.12535e+6 
        12544.3       8.0186e+6 
        12581.4      7.90576e+6 
        12618.5      7.78037e+6 
          12637      7.71016e+6 
        12655.6      7.63269e+6 
        12674.1      7.54579e+6 
        12692.7      7.44529e+6 
        12711.2      7.32591e+6 
        12729.8      7.18108e+6 
        12748.3       7.0017e+6 
        12766.9      6.77802e+6 
        12785.4      6.49399e+6 
        12799.3      6.22026e+6 
        12810.9      5.91194e+6 
        12821.7      5.74739e+6 
        12834.4      6.11316e+6 
        12847.2      6.33072e+6 
          12860      6.49509e+6 
        12879.1      6.67676e+6 
        12891.9      6.76423e+6 
        12904.7      6.83054e+6 
        12917.4      6.87921e+6 
        12930.2       6.9138e+6 
          12943      6.93683e+6 
        12955.7      6.95068e+6 
        12968.5      6.95721e+6 
        12994.1      6.95436e+6 
        13019.6      6.93698e+6 
        13045.1      6.90974e+6 
        13096.2      6.83821e+6 
        13147.3      6.75543e+6 
        13198.4      6.66706e+6 
        13249.5      6.57667e+6 
        13292.7      6.49977e+6 
        13308.4      6.47203e+6 
          13324      6.44438e+6 
        13355.2      6.38925e+6 
        13417.7      6.28011e+6 
        13480.2      6.17276e+6 
        13542.6      6.06736e+6 
        13605.1      5.96403e+6 
        13667.6      5.86394e+6 
        13730.1      5.76457e+6 
        13792.6      5.66728e+6 
          13855      5.57205e+6 
        13917.5      5.47884e+6 
          13980      5.38755e+6 
        14042.5      5.29814e+6 
        14104.9      5.21061e+6 
        14167.4      5.12488e+6 
        14229.9      5.04091e+6 
        14252.7      5.01071e+6 
        14292.4      4.95863e+6 
        14332.1      4.90726e+6 
        14365.3      4.86479e+6 
        14411.5      4.80645e+6 
        14457.6      4.74902e+6 
        14516.8      4.67667e+6 
          14550      4.63668e+6 
        14581.2      4.59948e+6 
        14597.2       4.5806e+6 
        14613.2      4.56181e+6 
        14645.2      4.52449e+6 
        14709.2      4.45107e+6 
        14773.2       4.3791e+6 
        14837.1       4.3086e+6 
        14901.1      4.23949e+6 
        14965.1      4.17178e+6 
        15029.1       4.1054e+6 
        15093.1      4.04037e+6 
        15157.1       3.9766e+6 
          15221      3.91408e+6 
          15285      3.85282e+6 
          15349      3.79272e+6 
          15413      3.73381e+6 
        15471.6      3.68085e+6 
        15482.4       3.6712e+6 
        15493.1       3.6619e+6 
        15514.7      3.64337e+6 
        15557.9      3.60667e+6 
        15644.2      3.53461e+6 
        15730.5      3.46436e+6 
        15816.8      3.39584e+6 
        15903.1      3.32899e+6 
        15989.4       3.2638e+6 
        16075.8      3.20018e+6 
        16162.1      3.13809e+6 
        16248.4       3.0775e+6 
        16289.9       3.0489e+6 
        16334.7      3.01837e+6 
        16379.5      2.98823e+6 
        16469.1      2.93025e+6 
        16558.8      2.87367e+6 
        16648.4      2.81844e+6 
          16738      2.76453e+6 
        16827.7      2.71189e+6 
        16917.3      2.66049e+6 
        17006.9      2.61029e+6 
        17096.6      2.56127e+6 
        17186.2      2.51339e+6 
        17275.8      2.46662e+6 
        17327.7      2.44005e+6 
        17365.5      2.42092e+6 
        17403.2      2.40198e+6 
        17478.8      2.36376e+6 
        17554.3      2.32628e+6 
        17629.9      2.28954e+6 
        17705.4      2.25352e+6 
          17781       2.2182e+6 
        17856.5      2.18356e+6 
        17932.1      2.14959e+6 
        18007.6      2.11428e+6 
        18083.2      2.08101e+6 
        18158.7      2.04814e+6 
        18234.3      2.01544e+6 
        18309.8      1.98258e+6 
        18343.7      1.96761e+6 
        18385.3      1.94891e+6 
          18427      1.92952e+6 
        18468.6      1.90877e+6 
        18510.2      1.88596e+6 
        18551.8      1.85955e+6 
        18572.6      1.84434e+6 
        18593.4      1.82723e+6 
        18614.2      1.80757e+6 
          18635      1.78449e+6 
        18655.8      1.75683e+6 
        18676.6      1.72322e+6 
          18687      1.70357e+6 
        18697.4      1.68167e+6 
        18707.8      1.65691e+6 
        18718.2      1.62892e+6 
        18728.6        1.596e+6 
          18739        1.554e+6 
        18749.1      1.44951e+6 
        18760.3      1.53289e+6 
        18772.1      1.57767e+6 
        18785.5      1.61156e+6 
        18805.6      1.64816e+6 
          18819      1.66633e+6 
        18832.5      1.68072e+6 
        18845.9      1.69195e+6 
        18859.3      1.70063e+6 
        18872.7      1.70708e+6 
        18899.6      1.71489e+6 
        18926.4      1.71775e+6 
        18953.3      1.71724e+6 
        18980.1       1.7144e+6 
        19006.9      1.70989e+6 
        19060.6      1.69768e+6 
        19114.3      1.68317e+6 
          19168      1.66755e+6 
        19221.7      1.65141e+6 
        19275.3      1.63502e+6 
          19329      1.61855e+6 
        19382.7       1.6021e+6 
        19422.1      1.59008e+6 
        19436.4      1.58574e+6 
        19450.7      1.58141e+6 
        19479.3      1.57273e+6 
        19536.4      1.55549e+6 
        19593.6      1.53927e+6 
        19650.7      1.52225e+6 
        19707.9      1.50547e+6 
        19765.1      1.48892e+6 
        19822.2      1.47259e+6 
        19879.4      1.45649e+6 
        19936.5      1.44061e+6 
        19993.7      1.42494e+6 
        20050.9      1.40948e+6 
          20108      1.39424e+6 
        20165.2      1.37919e+6 
        20222.4      1.36436e+6 
        20279.5      1.34971e+6 
        20336.7      1.33527e+6 
        20393.8      1.32101e+6 
        20427.6      1.31268e+6 
          20451      1.30695e+6 
        20474.4      1.30125e+6 
        20521.2      1.28992e+6 
        20614.7      1.26764e+6 
        20708.3      1.24583e+6 
        20801.8      1.22449e+6 
        20895.4       1.2036e+6 
        20988.9      1.18316e+6 
        21082.5      1.16314e+6 
          21176      1.14355e+6 
        21269.6      1.12437e+6 
        21363.2      1.10559e+6 
        21456.7       1.0872e+6 
        21469.9      1.08464e+6 
        21550.3      1.06919e+6 
        21630.6      1.05402e+6 
          21711      1.03911e+6 
        21791.3      1.02446e+6 
        21871.7      1.01007e+6 
          21952          995926 
        22032.4          982030 
        22112.7          968377 
        22193.1          954959 
        22273.4          941777 
        22353.8          928818 
        22434.2          916082 
        22514.5          903563 
        22594.9          891257 
        22675.2          879162 
        22724.3          871874 
        22755.6          867268 
        22784.8          862986 
        22800.8          860658 
        22816.8          858337 
        22848.8          853722 
        22912.8          844579 
        22976.8          835560 
        23040.8          826663 
        23104.8          817882 
        23168.7          809218 
        23232.7          800669 
        23296.7          792231 
        23360.7          783906 
        23424.7          775687 
        23488.6          767579 
        23552.6          759574 
        23616.6          751673 
        23680.6          743876 
        23744.6          736179 
        23808.6          728582 
        23872.5          721083 
        23936.5          713682 
        24000.5          706371 
        24064.5          699158 
        24128.5          692033 
        24192.5          685002 
        24256.4          678059 
        24320.4          671204 
        24384.4          664434 
        24448.4          657749 
        24512.4          651152 
        24576.3          644633 
        24640.3          638196 
        24704.3          631840 
        24768.3          625563 
        24832.3          619365 
        24896.3          613242 
        24960.2          607194 
        25004.4          603063 
        25024.2          601222 
          25044          599391 
        25083.6          595778 
        25162.8          588637 
        25241.9          581600 
        25321.1          574670 
        25400.2          567843 
        25479.4          561117 
        25558.5          554491 
        25637.7          547963 
        25716.9          541529 
          25796          535189 
        25875.2          528944 
        25954.3          522789 
        26033.5          516723 
        26112.7          510744 
        26191.8          504851 
          26271          499045 
        26350.1          493321 
        26429.3          487679 
        26508.4          482115 
        26587.6          476633 
        26666.8          471229 
        26745.9          465901 
        26825.1          460649 
        26904.2          455468 
        26983.4          450363 
        27062.6          445327 
        27141.7          440363 
        27220.9          435466 
        27299.2          430690 
        27377.5          425981 
        27455.8          421335 
        27534.2          416751 
        27612.5          412234 
        27690.8          407772 
        27769.1          403374 
        27847.5          399036 
        27925.8          394754 
        28004.1          390528 
        28082.4          386359 
        28160.8          382247 
        28239.1          378188 
        28317.4          374183 
        28395.7          370230 
          28474          366332 
        28552.4          362483 
        28630.7          358685 
          28709          354934 
        28787.3          351236 
        28865.7          347583 
          28944          343979 
        29022.3          340420 
        29100.6          336908 
          29179          333439 
        29257.3          330018 
        29335.6          326638 
        29413.9          323301 
        29492.3          320006 
        29570.6          316754 
        29648.9          313544 
        29727.2          310374 
        29805.5          307244 
        29883.9          304152 
        29932.6          302249 
        29962.2          301100 
        29991.8          299957 
