# Koester WD models
# teff = 15500 K (value for the effective temperature for the model. Temperatures are given in K)
# logg = 7.25 log(cm/s2) (value for Log(G) for the model.)
#
# column 1: WAVELENGTH (ANGSTROM), Wavelength in Angstrom
# column 2: FLUX (ERG/CM2/S/A), Flux in erg/cm2/s/A
         899.23          305990 
        909.241          343687 
        919.246      1.66822e+6 
        929.261      2.06856e+6 
        939.271      3.82093e+6 
        949.307       1.4889e+6 
        959.454       2.1948e+7 
        969.625      5.33238e+6 
        979.629      1.45814e+7 
        989.728      8.36757e+7 
        999.763      3.01403e+8 
        1009.79      6.26434e+7 
        1019.93      1.10193e+7 
        1030.15      1.13362e+7 
        1040.16      8.46697e+7 
        1050.44      4.69033e+8 
        1060.59      6.04122e+8 
        1070.92      1.45062e+9 
        1081.17      2.23812e+9 
        1091.88       3.4746e+9 
        1101.94      3.47451e+9 
        1111.95      3.33577e+9 
        1122.53      3.14159e+9 
        1133.18      2.90516e+9 
        1144.39      2.56918e+9 
        1154.39       2.1684e+9 
        1164.39      1.67345e+9 
         1174.4      1.09938e+9 
        1184.59      5.23248e+8 
        1194.67      1.61977e+8 
        1205.01      4.89137e+7 
        1215.04      3.63162e+6 
        1225.33      5.06057e+7 
        1235.45       1.7279e+8 
        1245.65      6.82109e+8 
        1256.33      1.33651e+9 
        1266.94      1.81446e+9 
        1278.14      2.13944e+9 
        1289.18      2.32878e+9 
        1299.42      2.42206e+9 
        1309.42      2.47697e+9 
        1319.42      2.50791e+9 
        1329.42      2.49626e+9 
        1339.42      2.47763e+9 
        1349.42      2.48715e+9 
        1359.42      2.47525e+9 
        1369.42      2.39857e+9 
        1379.42      2.29318e+9 
        1389.42      2.17217e+9 
        1399.42      2.17808e+9 
        1409.42      2.32272e+9 
        1419.42      2.38613e+9 
        1429.42      2.37511e+9 
        1439.42      2.34547e+9 
        1454.42      2.29403e+9 
        1464.42      2.25912e+9 
        1474.42      2.22469e+9 
        1489.42      2.17422e+9 
        1504.42      2.12505e+9 
        1514.42      2.09298e+9 
        1529.42       2.0458e+9 
        1544.42      1.99981e+9 
        1559.42      1.95523e+9 
        1570.19      1.92406e+9 
        1584.41      1.88404e+9 
        1599.41       1.8435e+9 
        1614.41      1.80457e+9 
        1629.41      1.76692e+9 
        1644.41      1.73023e+9 
        1659.41      1.69443e+9 
        1670.17      1.66931e+9 
         1684.4      1.63693e+9 
         1699.4      1.60382e+9 
         1714.4      1.57163e+9 
         1729.4      1.54028e+9 
         1744.4      1.50977e+9 
        1759.39      1.48007e+9 
         1771.7      1.45633e+9 
        1784.39      1.43243e+9 
        1799.39      1.40493e+9 
           1824      1.36133e+9 
        1834.77      1.34285e+9 
        1845.54      1.32474e+9 
           1864      1.29449e+9 
        1876.29      1.27489e+9 
        1888.59      1.25573e+9 
        1906.98      1.22783e+9 
        1919.37      1.20954e+9 
        1931.76      1.19167e+9 
        1944.47      1.17371e+9 
        1956.53      1.15703e+9 
         1967.6      1.14201e+9 
        1992.71      1.10898e+9 
        2017.81      1.07725e+9 
        2067.03      1.01864e+9 
         2116.2      9.64613e+8 
           2129      9.51218e+8 
         2141.8       9.3807e+8 
        2165.47      9.14395e+8 
        2210.96      8.71242e+8 
        2225.89      8.57721e+8 
        2240.83      8.44498e+8 
        2263.91      8.24612e+8 
        2307.04      7.89196e+8 
        2319.23      7.79577e+8 
        2331.41      7.70133e+8 
        2349.21      7.56624e+8 
        2362.35      7.46863e+8 
         2375.5      7.37282e+8 
        2394.29      7.23864e+8 
        2409.27      7.13415e+8 
        2424.25      7.03176e+8 
        2452.24      6.84588e+8 
        2464.64      6.76564e+8 
        2480.05      6.66781e+8 
        2491.16      6.59841e+8 
        2510.01      6.48315e+8 
        2528.86      6.37062e+8 
        2559.23      6.19491e+8 
        2582.27      6.06626e+8 
        2619.97      5.86359e+8 
        2634.63      5.78725e+8 
        2657.67      5.66991e+8 
        2695.37      5.48519e+8 
        2756.11      5.20446e+8 
        2779.15      5.10323e+8 
        2816.85       4.9433e+8 
        2854.55      4.78995e+8 
        2892.24      4.64327e+8 
         2906.9      4.58789e+8 
        2929.94      4.50259e+8 
        2946.71      4.44187e+8 
        2999.07      4.25937e+8 
        3051.42      4.08674e+8 
        3103.78      3.92357e+8 
        3149.86      3.78703e+8 
        3195.94      3.65681e+8 
        3235.74      3.54906e+8 
        3248.29      3.51594e+8 
        3260.84       3.4833e+8 
        3285.94      3.41915e+8 
        3325.54      3.32104e+8 
        3336.14      3.29544e+8 
        3346.73      3.27008e+8 
        3367.92       3.2202e+8 
         3410.3      3.12336e+8 
        3445.17      3.04651e+8 
         3486.2      2.95924e+8 
         3514.9      2.90009e+8 
         3543.6      2.84245e+8 
        3591.28      2.74998e+8 
        3635.88      2.66688e+8 
        3647.12      2.64644e+8 
        3658.96      2.62501e+8 
        3671.11      2.60298e+8 
         3682.7       2.5822e+8 
        3692.77      2.56442e+8 
        3702.89      2.54671e+8 
        3712.93      2.52997e+8 
        3723.11      2.51333e+8 
        3733.34      2.49115e+8 
        3743.51      2.49512e+8 
        3753.66      2.47641e+8 
        3764.42      2.46105e+8 
        3775.47      2.45393e+8 
        3785.73      2.51796e+8 
        3795.99      2.22291e+8 
        3807.45      2.52286e+8 
        3817.46      2.62232e+8 
        3827.65      2.29989e+8 
        3837.98      2.01151e+8 
        3848.84      2.59892e+8 
        3858.91      2.82748e+8 
        3869.66       2.6961e+8 
         3879.7      2.21456e+8 
        3889.77      1.63613e+8 
        3900.24      2.31309e+8 
        3910.41      2.82152e+8 
        3920.73      3.07418e+8 
         3930.9       3.1141e+8 
        3941.96      2.92965e+8 
        3952.78      2.48254e+8 
        3963.32      1.86349e+8 
         3973.6      1.65202e+8 
        3984.18      2.28613e+8 
        3996.36      2.85403e+8 
         4008.8      3.19211e+8 
        4018.86      3.29641e+8 
        4029.01        3.331e+8 
        4039.29      3.31859e+8 
        4049.71      3.25064e+8 
        4060.76      3.07816e+8 
        4071.35      2.78381e+8 
        4082.28       2.3506e+8 
        4093.69      1.76568e+8 
        4103.79      1.39944e+8 
         4113.9      1.96836e+8 
        4124.55      2.43574e+8 
        4134.99      2.78546e+8 
        4146.14      3.03228e+8 
        4158.07      3.16242e+8 
        4168.82      3.20606e+8 
        4183.82      3.22004e+8 
        4198.82      3.20989e+8 
        4213.81      3.18674e+8 
        4224.95      3.16343e+8 
        4238.81      3.12694e+8 
         4253.8      3.07168e+8 
         4268.8      2.97987e+8 
        4283.79      2.82232e+8 
        4296.29       2.6349e+8 
        4308.79      2.36199e+8 
        4320.85      1.99182e+8 
        4331.09      1.58831e+8 
         4341.1      1.11994e+8 
        4351.76      1.65186e+8 
        4363.38      2.05282e+8 
        4373.77      2.31193e+8 
        4386.27      2.51851e+8 
        4398.76      2.63902e+8 
        4413.76      2.72066e+8 
        4428.76       2.7434e+8 
        4443.75      2.73688e+8 
        4458.75      2.71964e+8 
        4473.74      2.69781e+8 
        4488.74      2.67368e+8 
        4503.74      2.64837e+8 
        4514.12      2.63043e+8 
        4527.19      2.60757e+8 
        4538.73      2.58724e+8 
        4553.72      2.56072e+8 
        4568.72      2.53418e+8 
        4583.72      2.50767e+8 
        4596.53      2.48506e+8 
        4608.71      2.46376e+8 
         4623.7      2.43741e+8 
         4638.7        2.411e+8 
         4653.7      2.38445e+8 
        4668.69      2.35763e+8 
        4683.69      2.33023e+8 
        4698.68      2.30182e+8 
        4713.68      2.27171e+8 
        4724.83      2.24767e+8 
        4738.67      2.21478e+8 
        4753.67      2.17352e+8 
        4768.67      2.12258e+8 
        4783.66      2.05873e+8 
        4798.66      1.96918e+8 
        4813.65      1.84044e+8 
        4826.15      1.68764e+8 
        4838.65      1.47727e+8 
        4848.69      1.26231e+8 
        4858.88      9.81349e+7 
        4870.86      1.17683e+8 
        4881.49      1.39884e+8 
        4892.34      1.57083e+8 
        4903.63      1.69588e+8 
        4915.55      1.78213e+8 
        4928.62      1.83881e+8 
        4943.62       1.8713e+8 
        4958.61      1.88331e+8 
        4973.61      1.88407e+8 
        4988.61      1.87737e+8 
         5003.6      1.86636e+8 
         5018.6      1.85273e+8 
         5033.6      1.83757e+8 
        5048.59      1.82149e+8 
        5063.59      1.80497e+8 
        5078.58      1.78822e+8 
        5093.58       1.7714e+8 
        5108.57      1.75455e+8 
        5123.57       1.7378e+8 
        5138.57      1.72117e+8 
        5153.56      1.70467e+8 
        5168.56      1.68833e+8 
        5183.56      1.67214e+8 
        5198.55      1.65613e+8 
        5213.55      1.64028e+8 
        5228.54      1.62461e+8 
        5243.54       1.6091e+8 
        5258.53      1.59377e+8 
        5273.53      1.57862e+8 
        5288.53      1.56363e+8 
        5303.52      1.54881e+8 
        5318.52      1.53417e+8 
        5333.52       1.5197e+8 
        5348.51      1.50539e+8 
        5363.51      1.49151e+8 
         5378.5       1.4775e+8 
         5393.5      1.46367e+8 
        5408.49         1.45e+8 
        5423.49      1.43649e+8 
        5438.49      1.42314e+8 
        5453.48      1.40994e+8 
        5468.48       1.3969e+8 
        5483.48      1.38402e+8 
        5498.47      1.37128e+8 
        5513.47      1.35869e+8 
        5528.46      1.34625e+8 
        5543.46      1.33395e+8 
        5558.45       1.3218e+8 
        5573.45      1.30978e+8 
        5588.45       1.2979e+8 
        5603.44      1.28615e+8 
        5618.44      1.27454e+8 
        5633.43      1.26306e+8 
        5648.43      1.25171e+8 
        5663.43      1.24049e+8 
        5673.98      1.23266e+8 
         5686.2      1.22368e+8 
        5698.42      1.21478e+8 
        5708.88      1.20723e+8 
        5723.41      1.19684e+8 
        5738.41      1.18623e+8 
         5753.4      1.17574e+8 
         5768.4      1.16518e+8 
        5783.39      1.15492e+8 
        5798.39      1.14477e+8 
        5813.39      1.13473e+8 
        5828.38      1.12481e+8 
        5843.38      1.11499e+8 
        5858.37      1.10528e+8 
        5873.37      1.09567e+8 
        5888.37      1.08617e+8 
        5903.36      1.07678e+8 
        5918.36      1.06748e+8 
        5933.35      1.05828e+8 
        5948.35      1.04919e+8 
        5963.35      1.04018e+8 
        5978.34      1.03127e+8 
        5993.34      1.02246e+8 
        6008.33      1.01374e+8 
        6023.33      1.00511e+8 
        6038.32      9.96563e+7 
        6053.32      9.88106e+7 
        6068.32      9.79731e+7 
        6083.31      9.71443e+7 
        6098.31      9.63237e+7 
        6113.31      9.55107e+7 
         6128.3      9.47058e+7 
         6143.3      9.39082e+7 
        6158.29      9.31177e+7 
        6173.29      9.23342e+7 
        6188.28      9.15573e+7 
        6203.28      9.07864e+7 
        6218.28      9.00217e+7 
        6233.27      8.92621e+7 
        6244.38      8.87022e+7 
        6256.04      8.81173e+7 
        6266.59      8.75901e+7 
        6278.26      8.70083e+7 
        6290.52      8.63976e+7 
        6302.31      8.58117e+7 
        6312.59      8.53008e+7 
        6323.25      8.47696e+7 
        6338.24      8.40203e+7 
        6353.24      8.32682e+7 
        6368.24      8.25051e+7 
        6383.23      8.17244e+7 
        6398.23      8.09164e+7 
        6413.22      8.00657e+7 
        6428.22      7.91483e+7 
        6443.22      7.81258e+7 
        6458.21      7.69395e+7 
        6473.21      7.55135e+7 
         6488.2       7.3715e+7 
         6503.2      7.12758e+7 
         6518.2      6.78015e+7 
        6532.67      6.29368e+7 
        6543.19      5.81503e+7 
        6553.54      5.20662e+7 
        6563.64      4.28827e+7 
        6574.47      5.31253e+7 
        6586.28      5.88251e+7 
        6598.17      6.28463e+7 
         6608.5      6.52383e+7 
        6618.82      6.68559e+7 
        6629.14      6.79093e+7 
        6639.46      6.85634e+7 
        6649.78      6.89366e+7 
         6660.1      6.91182e+7 
        6670.42      6.91634e+7 
        6680.74      6.91128e+7 
        6691.06      6.89856e+7 
        6711.48      6.85869e+7 
        6731.89       6.8073e+7 
        6772.71      6.68851e+7 
        6802.29      6.59709e+7 
        6813.53        6.562e+7 
        6824.78      6.52675e+7 
        6847.27      6.45622e+7 
        6892.25      6.31576e+7 
        6982.21      6.04194e+7 
        7035.19       5.8865e+7 
        7072.17      5.78072e+7 
        7109.15       5.6772e+7 
         7183.1      5.47696e+7 
        7257.06      5.28538e+7 
        7268.51      5.25645e+7 
        7331.01      5.10204e+7 
        7393.51      4.95347e+7 
        7456.01      4.81012e+7 
        7518.51      4.67189e+7 
        7581.01      4.53863e+7 
        7609.15      4.48023e+7 
        7643.52       4.4101e+7 
        7677.88       4.3414e+7 
        7746.61      4.20801e+7 
        7815.35      4.07977e+7 
        7884.08      3.95636e+7 
        7943.38      3.85367e+7 
        7955.15      3.83369e+7 
        7981.11      3.79005e+7 
        8018.85      3.72775e+7 
        8082.55      3.62549e+7 
        8146.25      3.52675e+7 
        8200.85      3.44476e+7 
        8216.85      3.42119e+7 
        8232.84      3.39785e+7 
        8264.83      3.35173e+7 
        8289.72      3.31639e+7 
        8328.82      3.26176e+7 
        8367.92      3.20816e+7 
        8437.95      3.11611e+7 
        8473.98      3.06948e+7 
        8502.48       3.0329e+7 
        8516.58      3.01513e+7 
        8530.98      2.99672e+7 
        8545.38      2.98072e+7 
        8574.18      2.94923e+7 
        8598.39      2.92124e+7 
         8628.6      2.88957e+7 
        8646.81      2.86753e+7 
        8665.01      2.84451e+7 
        8683.22      2.82807e+7 
        8701.43      2.80943e+7 
        8719.64      2.78504e+7 
        8737.85       2.7574e+7 
        8750.47      2.73835e+7 
        8763.09      2.73076e+7 
        8775.71      2.72348e+7 
        8786.57      2.71508e+7 
        8800.96      2.69981e+7 
        8815.35      2.67962e+7 
        8829.74      2.65694e+7 
        8844.13      2.62976e+7 
        8854.26      2.60863e+7 
        8867.04      2.59311e+7 
        8879.82      2.59835e+7 
        8896.85      2.60198e+7 
        8913.89      2.59825e+7 
        8930.92      2.58443e+7 
        8947.96       2.5616e+7 
        8964.99      2.52915e+7 
        8982.03      2.48552e+7 
        8999.07      2.43313e+7 
        9010.95      2.39577e+7 
        9022.83      2.39554e+7 
        9034.71      2.41541e+7 
         9046.6      2.43358e+7 
        9058.48      2.44797e+7 
        9074.32       2.4593e+7 
        9087.02      2.46081e+7 
        9099.72      2.45783e+7 
        9112.42      2.44848e+7 
        9125.11       2.4343e+7 
        9137.81      2.41549e+7 
        9150.51      2.39087e+7 
         9163.2      2.35771e+7 
         9175.9      2.32105e+7 
         9188.6      2.27399e+7 
         9201.3      2.22109e+7 
           9214      2.16202e+7 
        9224.38      2.11236e+7 
        9238.27      2.12076e+7 
        9256.81       2.1807e+7 
        9275.34      2.22852e+7 
        9293.87      2.26054e+7 
         9312.4      2.28109e+7 
        9340.19      2.28814e+7 
        9358.73      2.28299e+7 
        9370.43      2.27676e+7 
        9384.08      2.26727e+7 
        9397.74      2.25408e+7 
        9411.39       2.2388e+7 
        9425.05      2.22056e+7 
         9438.7      2.19781e+7 
        9452.35      2.17032e+7 
        9466.01       2.1378e+7 
        9479.66      2.09519e+7 
        9493.32      2.04422e+7 
        9506.97      1.97578e+7 
        9520.63      1.89042e+7 
        9534.28      1.79697e+7 
         9544.5       1.7274e+7 
        9554.73      1.76693e+7 
        9564.95      1.82307e+7 
        9579.56      1.90083e+7 
        9591.24      1.94823e+7 
        9602.92       1.9843e+7 
        9614.61      2.00837e+7 
        9626.29      2.02709e+7 
        9637.98      2.03794e+7 
        9649.66      2.04596e+7 
        9668.45      2.05125e+7 
        9687.24      2.04871e+7 
        9706.03      2.04286e+7 
        9724.82      2.03407e+7 
        9743.61      2.02331e+7 
        9781.19      1.99856e+7 
        9818.78      1.97016e+7 
        9837.57      1.95424e+7 
        9856.36      1.93963e+7 
        9875.15      1.91924e+7 
        9893.94      1.89542e+7 
        9910.22      1.87164e+7 
        9920.87      1.85454e+7 
        9931.52      1.83515e+7 
        9942.17      1.81266e+7 
        9952.82      1.78917e+7 
        9963.47      1.76339e+7 
        9974.12      1.73401e+7 
        9984.77      1.69979e+7 
        9995.42      1.66242e+7 
        10006.1      1.61673e+7 
        10016.7      1.56923e+7 
        10027.4       1.5131e+7 
          10038      1.44767e+7 
        10048.7      1.37723e+7 
        10061.2      1.43962e+7 
        10072.4      1.49611e+7 
        10083.5      1.54162e+7 
        10094.6      1.57786e+7 
        10105.8       1.6096e+7 
        10116.9      1.63295e+7 
        10128.1      1.65341e+7 
        10139.2       1.6676e+7 
        10150.4      1.67908e+7 
        10161.5      1.68822e+7 
        10172.7      1.69494e+7 
        10183.8      1.69894e+7 
          10195      1.70066e+7 
        10217.2      1.70137e+7 
        10237.2      1.69753e+7 
        10257.1      1.69089e+7 
          10297       1.6733e+7 
        10336.9      1.65297e+7 
        10416.7      1.61009e+7 
        10496.4      1.56454e+7 
        10576.2      1.52158e+7 
        10616.1      1.49902e+7 
          10656       1.4757e+7 
        10695.8      1.45054e+7 
        10735.7      1.42206e+7 
        10755.7      1.40561e+7 
        10775.6      1.38704e+7 
        10795.6      1.36617e+7 
        10815.5       1.3424e+7 
        10835.4      1.31344e+7 
        10855.4      1.27846e+7 
        10875.3       1.2342e+7 
        10895.3      1.17769e+7 
        10910.2      1.12695e+7 
        10925.2       1.0628e+7 
        10935.8      9.98825e+6 
        10946.3      1.03356e+7 
          10957      1.07839e+7 
        10971.2      1.12342e+7 
        10985.4       1.1577e+7 
        10999.6      1.18472e+7 
        11013.9      1.20528e+7 
        11028.1      1.22004e+7 
        11042.3      1.23089e+7 
        11056.5      1.23852e+7 
        11070.7      1.24325e+7 
          11085      1.24574e+7 
        11113.4        1.247e+7 
        11141.8      1.24392e+7 
        11170.3      1.23766e+7 
        11198.7      1.22975e+7 
        11250.3      1.21268e+7 
        11260.9      1.20894e+7 
        11271.5      1.20513e+7 
        11292.8      1.19741e+7 
        11335.2      1.18174e+7 
        11420.1      1.15038e+7 
          11505      1.12033e+7 
        11589.9      1.09022e+7 
        11674.9      1.06112e+7 
        11759.8      1.03298e+7 
        11844.7      1.00577e+7 
        11929.6      9.79442e+6 
        12014.5      9.53976e+6 
        12099.4      9.28705e+6 
        12184.3      9.04637e+6 
        12253.8      8.85379e+6 
        12269.2      8.81154e+6 
        12284.6      8.76941e+6 
        12315.4      8.68544e+6 
          12377      8.51793e+6 
        12438.6       8.3491e+6 
        12500.2      8.17515e+6 
        12561.7      7.98675e+6 
        12592.5      7.88266e+6 
        12623.3      7.76661e+6 
        12654.1      7.63146e+6 
        12669.5      7.55409e+6 
        12684.9      7.46823e+6 
        12700.3      7.37084e+6 
        12715.7       7.2589e+6 
        12731.1      7.12947e+6 
        12746.5      6.97811e+6 
        12761.9      6.79998e+6 
        12777.3      6.58833e+6 
        12792.6      6.33223e+6 
        12804.2      6.08806e+6 
        12814.8      5.72998e+6 
          12826      5.90048e+6 
          12842      6.22437e+6 
        12854.8      6.39883e+6 
        12867.6       6.5352e+6 
        12880.4      6.64485e+6 
        12893.2      6.73199e+6 
          12906      6.79985e+6 
        12918.8      6.85191e+6 
        12931.6       6.8908e+6 
        12944.4       6.9187e+6 
        12957.2      6.93726e+6 
          12970      6.94851e+6 
        12995.6      6.95458e+6 
        13021.2      6.94421e+6 
        13046.8      6.92225e+6 
        13097.9      6.85841e+6 
        13149.1      6.77981e+6 
        13200.3      6.69373e+6 
        13251.5       6.6046e+6 
          13297      6.52437e+6 
        13308.4      6.50435e+6 
        13319.7      6.48434e+6 
        13342.3      6.44438e+6 
        13387.7      6.36487e+6 
        13478.3      6.20804e+6 
          13569      6.05507e+6 
        13659.7      5.90805e+6 
        13750.3      5.76331e+6 
          13841      5.62298e+6 
        13931.7      5.48692e+6 
        14022.3      5.35494e+6 
          14113      5.22689e+6 
        14203.6      5.10267e+6 
        14256.6      5.03189e+6 
        14294.3      4.98213e+6 
        14332.1      4.93299e+6 
        14357.5      4.90016e+6 
        14407.6      4.83648e+6 
        14457.6      4.77381e+6 
        14507.7      4.71214e+6 
        14532.3      4.68223e+6 
        14557.7       4.6515e+6 
        14581.2      4.62339e+6 
        14597.2      4.60438e+6 
        14613.2      4.58547e+6 
        14645.2      4.54793e+6 
        14709.2        4.474e+6 
        14773.2      4.40159e+6 
        14837.1      4.33062e+6 
        14901.1      4.26107e+6 
        14965.1      4.19293e+6 
        15029.1      4.12614e+6 
        15093.1       4.0607e+6 
        15157.1      3.99651e+6 
          15221      3.93362e+6 
          15285      3.87192e+6 
          15349      3.81147e+6 
          15413      3.75219e+6 
        15471.6      3.69891e+6 
        15482.4       3.6892e+6 
        15493.1      3.67975e+6 
        15514.7      3.66096e+6 
        15557.9      3.62376e+6 
        15644.2      3.55072e+6 
        15730.5      3.47953e+6 
        15816.8      3.41014e+6 
        15903.1      3.34243e+6 
        15989.4       3.2764e+6 
        16075.8      3.21203e+6 
        16162.1       3.1492e+6 
        16248.4       3.0879e+6 
        16289.9      3.05896e+6 
        16334.7      3.02808e+6 
        16379.5       2.9976e+6 
        16469.1      2.93925e+6 
        16558.8      2.88231e+6 
        16648.4      2.82674e+6 
          16738      2.77249e+6 
        16827.7      2.71954e+6 
        16917.3      2.66783e+6 
        17006.9      2.61734e+6 
        17096.6      2.56804e+6 
        17186.2      2.51989e+6 
        17275.8      2.47285e+6 
        17327.7      2.44614e+6 
        17365.5      2.42691e+6 
        17403.2      2.40786e+6 
        17478.8      2.36969e+6 
        17554.3      2.33227e+6 
        17629.9      2.29558e+6 
        17705.4      2.25961e+6 
          17781      2.22433e+6 
        17856.5      2.18973e+6 
        17932.1       2.1558e+6 
        18007.6       2.1199e+6 
        18083.2      2.08648e+6 
        18158.7      2.05338e+6 
        18234.3      2.02034e+6 
        18309.8      1.98692e+6 
        18343.7      1.97159e+6 
        18385.3      1.95234e+6 
          18427      1.93221e+6 
        18468.6      1.91046e+6 
        18510.2      1.88626e+6 
        18551.8      1.85804e+6 
        18572.6      1.84172e+6 
        18593.4      1.82344e+6 
        18614.2      1.80262e+6 
          18635      1.77847e+6 
        18655.8      1.74997e+6 
        18676.6      1.71609e+6 
          18687      1.69653e+6 
        18697.4      1.67496e+6 
        18707.8      1.65079e+6 
        18718.2      1.62346e+6 
        18728.6      1.59139e+6 
          18739       1.5499e+6 
        18749.1      1.44346e+6 
        18759.1       1.5213e+6 
        18769.1      1.56435e+6 
        18779.2      1.59194e+6 
        18792.6      1.62008e+6 
          18806      1.64222e+6 
        18819.5      1.65999e+6 
        18832.9      1.67429e+6 
        18846.3      1.68582e+6 
        18859.7        1.695e+6 
        18873.1      1.70206e+6 
          18900      1.71131e+6 
        18926.8      1.71563e+6 
        18953.7       1.7165e+6 
        18980.5       1.7148e+6 
        19034.2      1.70633e+6 
        19087.9       1.6939e+6 
        19141.6      1.67949e+6 
        19195.2      1.66407e+6 
        19248.9      1.64813e+6 
        19302.6      1.63193e+6 
        19356.3      1.61564e+6 
        19369.2       1.6117e+6 
          19410      1.59935e+6 
        19450.7      1.58706e+6 
        19532.1      1.56251e+6 
        19613.5      1.53932e+6 
        19694.9       1.5152e+6 
        19776.4      1.49156e+6 
        19857.8      1.46837e+6 
        19939.2      1.44563e+6 
        20020.6      1.42332e+6 
        20102.1      1.40145e+6 
        20183.5      1.37999e+6 
        20264.9      1.35894e+6 
        20346.3      1.33829e+6 
        20381.1      1.32958e+6 
        20427.8      1.31803e+6 
        20474.4      1.30659e+6 
        20567.7      1.28404e+6 
          20661      1.26197e+6 
        20754.2      1.24038e+6 
        20847.5      1.21924e+6 
        20940.8      1.19855e+6 
        21034.1       1.1783e+6 
        21127.4      1.15847e+6 
        21220.6      1.13906e+6 
        21313.9      1.12005e+6 
        21407.2      1.10143e+6 
        21500.5      1.08321e+6 
        21556.9      1.07236e+6 
        21593.8      1.06535e+6 
        21630.6       1.0584e+6 
        21704.3      1.04464e+6 
        21778.1      1.03111e+6 
        21851.8       1.0178e+6 
        21925.5       1.0047e+6 
        21999.3          991813 
          22073          979131 
        22146.7          966652 
        22220.5          954369 
        22294.2          942283 
        22367.9          930386 
        22441.7          918674 
        22515.4          907147 
        22589.1          895800 
        22662.9          884632 
        22686.3          881113 
        22736.6          873636 
        22784.8          866530 
        22800.8          864192 
        22816.8          861861 
        22848.8          857221 
        22912.8          848038 
        22976.8          838975 
        23040.8          830034 
        23104.8          821212 
        23168.7          812507 
        23232.7          803918 
        23296.7          795442 
        23360.7          787076 
        23424.7          778820 
        23488.6          770674 
        23552.6          762631 
        23616.6          754695 
        23680.6          746860 
        23744.6          739129 
        23808.6          731495 
        23872.5          723961 
        23936.5          716525 
        24000.5          709183 
        24064.5          701932 
        24128.5          694779 
        24192.5          687713 
        24256.4          680736 
        24320.4          673850 
        24384.4          667051 
        24448.4          660335 
        24512.4          653706 
        24576.3          647159 
        24640.3          640693 
        24704.3          634306 
        24768.3          628001 
        24832.3          621775 
        24896.3          615623 
        24960.2          609548 
        25004.4          605397 
        25024.2          603547 
          25044          601706 
        25083.6          598074 
        25162.8          590886 
        25241.9          583808 
        25321.1          576834 
        25400.2          569967 
        25479.4          563200 
        25558.5          556533 
        25637.7          549964 
        25716.9          543492 
          25796          537118 
        25875.2          530835 
        25954.3          524643 
        26033.5          518542 
        26112.7          512529 
        26191.8          506601 
          26271          500760 
        26350.1          495005 
        26429.3          489331 
        26508.4          483739 
        26587.6          478226 
        26666.8          472791 
        26745.9          467431 
        26825.1          462179 
        26904.2          456970 
        26983.4          451836 
        27062.6          446772 
        27141.7          441780 
        27220.9          436857 
        27299.2          432057 
        27377.5          427332 
        27455.8          422670 
        27534.2          418071 
        27612.5          413537 
        27690.8          409064 
        27769.1          404650 
        27847.5          400295 
        27925.8          395998 
        28004.1          391760 
        28082.4          387578 
        28160.8          383450 
        28239.1          379379 
        28317.4          375339 
        28395.7          371396 
          28474          367482 
        28552.4          363620 
        28630.7          359810 
          28709          356049 
        28787.3          352336 
        28865.7          348673 
          28944          345057 
        29022.3          341485 
        29100.6          337960 
          29179          334482 
        29257.3          331048 
        29335.6          327659 
        29413.9          324310 
        29492.3          321008 
        29570.6          317744 
        29648.9          314524 
        29727.2          311343 
        29805.5          308202 
        29883.9          305101 
        29932.6          303191 
        29962.2          302039 
        29991.8          300891 
