# Koester WD models
# teff = 15750 K (value for the effective temperature for the model. Temperatures are given in K)
# logg = 8.75 log(cm/s2) (value for Log(G) for the model.)
#
# column 1: WAVELENGTH (ANGSTROM), Wavelength in Angstrom
# column 2: FLUX (ERG/CM2/S/A), Flux in erg/cm2/s/A
         899.23          459782 
        909.241          515001 
        919.241        1.368e+6 
        929.261      1.83955e+6 
        939.271      3.91452e+6 
         949.28      1.06301e+6 
        959.289      1.24788e+7 
        969.297      5.97776e+6 
        979.305      1.14799e+7 
        989.312      2.84688e+7 
        999.319      5.29892e+7 
        1009.33      2.93527e+7 
        1019.33      1.17935e+7 
        1029.34      1.04872e+7 
        1039.34      3.33939e+7 
        1049.35      8.35108e+7 
        1059.36      9.60969e+7 
        1069.36      3.19792e+8 
        1079.36      3.33618e+8 
        1089.37      1.93374e+9 
        1099.37      2.21033e+9 
        1109.38      2.09024e+9 
        1119.38      1.82953e+9 
        1129.38      1.57873e+9 
        1139.39        1.243e+9 
        1149.39      8.95498e+8 
        1159.39       5.8237e+8 
        1169.39      3.42751e+8 
         1179.4      1.87391e+8 
         1189.4       1.0469e+8 
         1199.4      6.01279e+7 
         1209.4      3.33958e+7 
        1219.41      3.09452e+7 
        1229.41       5.5991e+7 
        1239.41      1.21871e+8 
        1249.41      2.51277e+8 
        1259.41      4.71283e+8 
        1269.41       7.7384e+8 
        1279.42      1.11089e+9 
        1289.42      1.43544e+9 
        1299.42      1.69017e+9 
        1309.42      1.91334e+9 
        1319.42      2.09842e+9 
        1329.42      2.15852e+9 
        1339.42      2.21068e+9 
        1349.42      2.36662e+9 
        1359.42      2.43587e+9 
        1369.42      2.24799e+9 
        1379.42      1.99747e+9 
        1389.42      1.72004e+9 
        1399.42      1.82068e+9 
        1409.42      2.43177e+9 
        1419.42      2.86825e+9 
        1429.42      2.97302e+9 
        1439.42      2.97193e+9 
        1454.42      2.92348e+9 
        1464.42      2.88372e+9 
        1474.42      2.84397e+9 
        1489.42      2.78411e+9 
        1504.42      2.72299e+9 
        1514.42      2.68084e+9 
        1529.42       2.6137e+9 
        1544.42       2.5456e+9 
        1559.42      2.47927e+9 
        1570.19       2.4319e+9 
        1584.41      2.37298e+9 
        1599.41      2.32115e+9 
        1614.41      2.27979e+9 
        1629.41      2.24177e+9 
        1644.41      2.20173e+9 
        1659.41      2.15862e+9 
        1670.17      2.12657e+9 
         1684.4      2.08404e+9 
         1699.4      2.03986e+9 
         1714.4      1.99666e+9 
         1729.4      1.95455e+9 
         1744.4      1.91351e+9 
        1759.39      1.87363e+9 
         1771.7      1.84178e+9 
        1784.39       1.8097e+9 
        1799.39      1.77275e+9 
           1824      1.71424e+9 
        1834.77       1.6895e+9 
        1845.54      1.66528e+9 
           1864      1.62483e+9 
        1876.29      1.59869e+9 
        1888.59      1.57318e+9 
        1906.98      1.53611e+9 
        1919.37      1.51183e+9 
        1931.76      1.48809e+9 
        1944.47      1.46434e+9 
        1956.53      1.44233e+9 
         1967.6      1.42255e+9 
        1992.71      1.37916e+9 
        2017.81      1.33764e+9 
        2067.03      1.26116e+9 
         2116.2      1.19087e+9 
           2129      1.17349e+9 
         2141.8      1.15646e+9 
        2165.47      1.12585e+9 
        2210.96      1.07027e+9 
        2225.91      1.05287e+9 
        2240.86      1.03587e+9 
        2263.91      1.01034e+9 
        2306.93      9.65009e+8 
        2319.34      9.52462e+8 
        2331.75       9.4015e+8 
        2350.78      9.21684e+8 
        2362.35      9.10701e+8 
        2373.93      8.99909e+8 
        2384.89      8.89866e+8 
        2397.08      8.78876e+8 
        2409.27      8.68082e+8 
        2433.66      8.47052e+8 
        2451.59      8.32041e+8 
        2466.76      8.19632e+8 
        2488.39      8.02375e+8 
        2510.01      7.85675e+8 
         2547.3      7.57843e+8 
        2559.23       7.4921e+8 
        2571.17      7.40731e+8 
        2595.04      7.24169e+8 
        2627.89      7.02193e+8 
        2642.78      6.92533e+8 
        2657.67      6.83054e+8 
        2687.45      6.64657e+8 
        2737.93      6.34963e+8 
        2756.11      6.24696e+8 
        2766.75      6.18796e+8 
        2810.65      5.95228e+8 
        2854.55      5.72854e+8 
        2898.45      5.51648e+8 
        2931.71      5.36257e+8 
        2942.34      5.31457e+8 
        2952.98      5.26713e+8 
        2974.26      5.17405e+8 
        3016.81      4.99428e+8 
        3051.42      4.85414e+8 
        3091.41      4.69872e+8 
        3120.64      4.58924e+8 
        3149.86      4.48315e+8 
        3168.31      4.41793e+8 
         3208.3      4.28064e+8 
        3248.29      4.14882e+8 
        3288.29      4.02246e+8 
        3309.83      3.95646e+8 
        3322.09      3.91951e+8 
        3346.73       3.8466e+8 
        3383.63      3.74079e+8 
        3445.17      3.57259e+8 
        3469.81      3.50803e+8 
        3495.92      3.44121e+8 
        3506.71      3.41406e+8 
         3543.6      3.32327e+8 
        3591.28      3.21055e+8 
        3635.88      3.10922e+8 
        3647.12      3.08437e+8 
        3658.96      3.05839e+8 
        3671.11      3.03156e+8 
         3682.7      3.00649e+8 
        3692.77      2.98482e+8 
        3702.89      2.96314e+8 
        3712.93      2.94177e+8 
        3723.11      2.92029e+8 
        3733.35      2.89864e+8 
        3743.66      2.87838e+8 
         3753.7      2.85817e+8 
        3764.81      2.83445e+8 
         3775.5      2.81637e+8 
        3786.22      2.79968e+8 
        3796.45      2.75469e+8 
        3807.84      2.77366e+8 
        3818.92      2.75805e+8 
        3830.45      2.66812e+8 
        3840.76      2.67174e+8 
        3851.98      2.75489e+8 
        3862.01      2.75444e+8 
        3872.59      2.65974e+8 
         3884.4       2.4434e+8 
        3894.46      2.46216e+8 
        3906.57      2.69588e+8 
        3918.71      2.81393e+8 
        3928.89      2.82093e+8 
        3939.22       2.7351e+8 
        3951.72      2.49401e+8 
        3961.86      2.18812e+8 
        3972.06      1.96946e+8 
        3982.23       2.3053e+8 
        3993.87       2.6213e+8 
        4006.37      2.84637e+8 
        4018.86       2.9469e+8 
        4032.38      2.96718e+8 
        4043.86      2.92318e+8 
        4056.32      2.79005e+8 
        4066.35      2.60608e+8 
        4078.85       2.3037e+8 
        4090.44      1.94617e+8 
        4100.67      1.54337e+8 
        4111.66      1.87828e+8 
        4122.41      2.20067e+8 
        4133.78       2.4664e+8 
        4143.83      2.67679e+8 
        4158.83      2.88786e+8 
        4173.82      2.99563e+8 
        4188.82      3.04384e+8 
        4203.81      3.05606e+8 
        4216.52      3.04695e+8 
        4228.81       3.0207e+8 
        4243.81      2.96039e+8 
         4258.8      2.85618e+8 
         4273.8      2.69259e+8 
        4288.79      2.46952e+8 
        4303.79      2.20608e+8 
        4314.07       1.9963e+8 
        4326.14      1.70048e+8 
        4336.17      1.39142e+8 
        4346.88      1.45644e+8 
        4357.43      1.74377e+8 
        4367.98      1.96428e+8 
        4378.77      2.14964e+8 
        4393.77       2.3619e+8 
        4408.76      2.53073e+8 
        4423.76      2.64936e+8 
        4438.75      2.71648e+8 
        4453.75      2.74851e+8 
        4468.74      2.75879e+8 
        4483.74      2.75619e+8 
        4498.74      2.74649e+8 
        4513.73      2.73198e+8 
        4527.19      2.71603e+8 
        4538.73      2.70076e+8 
        4553.72      2.67926e+8 
        4568.72      2.65621e+8 
        4583.72      2.63188e+8 
        4596.53      2.61011e+8 
        4608.71      2.58915e+8 
         4623.7      2.56149e+8 
         4638.7      2.53241e+8 
         4653.7      2.50164e+8 
        4668.69      2.46838e+8 
        4683.69      2.43122e+8 
        4698.68      2.38878e+8 
        4713.68      2.33869e+8 
        4724.83      2.29528e+8 
        4738.67      2.23224e+8 
        4753.67      2.15361e+8 
        4768.67      2.06283e+8 
        4783.66      1.95404e+8 
        4798.66       1.8277e+8 
        4813.65      1.68102e+8 
        4828.65        1.512e+8 
        4839.16      1.37005e+8 
        4849.39      1.20393e+8 
        4859.63      9.63592e+7 
        4869.82      1.13189e+8 
        4880.09      1.29506e+8 
        4893.63       1.4589e+8 
        4908.63      1.59543e+8 
         4921.7      1.69131e+8 
        4933.62      1.76202e+8 
        4948.62      1.83161e+8 
        4963.61      1.88092e+8 
        4978.61      1.91446e+8 
        4993.61      1.93607e+8 
         5008.6      1.94691e+8 
         5023.6      1.94888e+8 
        5038.59      1.94446e+8 
        5053.59      1.93582e+8 
        5068.59      1.92427e+8 
        5083.58      1.91095e+8 
        5098.58       1.8966e+8 
        5113.57      1.88152e+8 
        5128.57      1.86596e+8 
        5143.57      1.85003e+8 
        5158.56      1.83391e+8 
        5173.56      1.81769e+8 
        5188.55      1.80145e+8 
        5203.55      1.78521e+8 
        5218.55      1.76901e+8 
        5233.54      1.75288e+8 
        5248.54      1.73683e+8 
        5263.53      1.72088e+8 
        5278.53      1.70505e+8 
        5293.52      1.68934e+8 
        5308.52      1.67377e+8 
        5323.52      1.65834e+8 
        5338.51      1.64305e+8 
        5353.51       1.6279e+8 
        5368.51      1.61457e+8 
         5383.5      1.59955e+8 
         5398.5      1.58469e+8 
        5413.49         1.57e+8 
        5428.49      1.55547e+8 
        5443.48      1.54111e+8 
        5458.48      1.52691e+8 
        5473.48      1.51287e+8 
        5488.47      1.49899e+8 
        5503.47      1.48527e+8 
        5518.47       1.4717e+8 
        5533.46      1.45829e+8 
        5548.46      1.44503e+8 
        5563.45      1.43191e+8 
        5578.45      1.41894e+8 
        5593.44      1.40612e+8 
        5608.44      1.39344e+8 
        5623.44      1.38091e+8 
        5638.43       1.3685e+8 
        5653.43      1.35623e+8 
        5668.43      1.34639e+8 
        5682.86      1.33472e+8 
        5693.42      1.32627e+8 
        5704.77      1.31726e+8 
        5715.23      1.30903e+8 
        5728.41      1.29875e+8 
         5743.4      1.28717e+8 
         5758.4      1.27573e+8 
         5773.4      1.26318e+8 
        5788.39      1.25195e+8 
        5803.39      1.24085e+8 
        5818.39      1.22987e+8 
        5833.38        1.219e+8 
        5848.38      1.20824e+8 
        5863.37      1.19761e+8 
        5878.37      1.18708e+8 
        5893.36      1.17666e+8 
        5908.36      1.16634e+8 
        5923.36      1.15613e+8 
        5938.35      1.14602e+8 
        5953.35        1.136e+8 
        5968.34      1.12609e+8 
        5983.34      1.11627e+8 
        5998.34      1.10654e+8 
        6013.33      1.09691e+8 
        6028.33      1.08735e+8 
        6043.32      1.07788e+8 
        6058.32      1.06849e+8 
        6073.32      1.05915e+8 
        6088.31      1.04986e+8 
        6103.31      1.04062e+8 
         6118.3      1.03142e+8 
         6133.3      1.02226e+8 
         6148.3      1.01314e+8 
        6163.29      1.00404e+8 
        6178.29      9.94949e+7 
        6193.28      9.85832e+7 
        6208.28      9.76677e+7 
        6223.28      9.67453e+7 
        6238.27      9.58123e+7 
        6252.16      9.49414e+7 
        6262.16      9.43219e+7 
        6273.26       9.3627e+7 
        6284.63      9.29054e+7 
        6295.99      9.21743e+7 
        6306.09      9.15231e+7 
        6316.22      9.08571e+7 
        6328.25      9.00468e+7 
        6343.24      8.90041e+7 
        6358.24      8.79134e+7 
        6373.23      8.67639e+7 
        6388.23      8.55368e+7 
        6403.23      8.42032e+7 
        6418.22      8.27354e+7 
        6433.22      8.10961e+7 
        6448.22      7.92231e+7 
        6463.21      7.70573e+7 
        6478.21      7.45456e+7 
         6493.2      7.16481e+7 
         6508.2      6.82279e+7 
        6523.19      6.40612e+7 
         6536.1      5.96394e+7 
        6546.46      5.53432e+7 
        6556.87      4.98451e+7 
        6567.09        4.839e+7 
        6577.95      5.41089e+7 
        6588.18      5.78531e+7 
        6603.34      6.20735e+7 
        6613.66      6.42515e+7 
        6623.98      6.60023e+7 
         6634.3      6.74123e+7 
        6644.62      6.85533e+7 
        6654.94      6.94839e+7 
        6665.26      7.02181e+7 
        6675.58      7.07751e+7 
         6685.9      7.11844e+7 
        6696.23      7.14577e+7 
        6711.48      7.16758e+7 
        6726.73      7.17238e+7 
        6741.98      7.16415e+7 
        6757.23      7.14609e+7 
        6772.48      7.12117e+7 
        6802.98      7.05577e+7 
        6824.78      7.00041e+7 
        6868.37      6.87845e+7 
        6911.97      6.74962e+7 
        6955.56      6.61588e+7 
        6976.35      6.55145e+7 
        7042.75      6.34665e+7 
        7109.15      6.14577e+7 
        7175.54      5.95124e+7 
        7241.94      5.76369e+7 
        7308.33      5.58299e+7 
        7355.95      5.45764e+7 
        7374.73       5.4108e+7 
        7393.51       5.3627e+7 
        7431.08      5.26814e+7 
        7506.22      5.08523e+7 
        7581.35      4.91022e+7 
         7635.1      4.78964e+7 
        7656.49      4.74267e+7 
        7677.88      4.69624e+7 
        7720.67      4.60517e+7 
        7806.23      4.42958e+7 
        7821.36      4.39942e+7 
         7891.8      4.26229e+7 
        7962.25      4.13047e+7 
        7982.84      4.09293e+7 
        8032.69      4.00377e+7 
        8082.55      3.91706e+7 
        8161.68      3.78417e+7 
        8182.26      3.75053e+7 
        8200.85      3.72049e+7 
        8216.85      3.69486e+7 
        8232.84      3.66947e+7 
        8264.83      3.61933e+7 
        8289.72      3.58094e+7 
        8328.82       3.5216e+7 
        8367.92      3.46348e+7 
        8437.95      3.36248e+7 
        8473.98      3.31184e+7 
        8502.48       3.2725e+7 
        8516.58      3.25324e+7 
        8530.98       3.2337e+7 
        8545.38      3.21463e+7 
        8574.18      3.17675e+7 
        8598.39      3.14536e+7 
         8628.6      3.10678e+7 
        8646.81      3.08369e+7 
        8665.01      3.06077e+7 
        8685.59      3.03533e+7 
        8701.43      3.01583e+7 
        8750.47       2.9548e+7 
        8767.92      2.93411e+7 
        8815.35      2.87754e+7 
        8862.78      2.82354e+7 
        8900.38      2.78531e+7 
        8957.65      2.72114e+7 
        8986.28      2.68708e+7 
        9014.91      2.65364e+7 
        9043.54      2.62918e+7 
        9072.17      2.60477e+7 
        9099.72      2.57869e+7 
        9127.26      2.55109e+7 
        9154.81      2.51964e+7 
        9182.36       2.4846e+7 
         9209.9      2.44756e+7 
        9229.01      2.42504e+7 
        9248.11      2.41083e+7 
        9267.22      2.40418e+7 
        9305.43      2.38767e+7 
        9343.64      2.36304e+7 
        9379.63       2.3325e+7 
        9397.45      2.31484e+7 
        9415.28      2.29575e+7 
        9450.94      2.25122e+7 
        9468.76      2.22662e+7 
        9486.59      2.19849e+7 
        9498.52       2.1788e+7 
        9522.24      2.13159e+7 
         9534.1      2.10637e+7 
        9545.97      2.08344e+7 
        9557.83      2.08716e+7 
        9569.68      2.09668e+7 
        9581.55      2.10456e+7 
        9593.41      2.10993e+7 
         9611.2      2.11376e+7 
        9634.92      2.11356e+7 
        9648.82      2.11275e+7 
        9668.45      2.10817e+7 
        9688.08      2.10113e+7 
        9727.33      2.08172e+7 
        9766.58      2.05636e+7 
        9805.83      2.02609e+7 
        9815.86      2.01744e+7 
        9845.09      1.98901e+7 
        9884.34      1.94843e+7 
        9918.58       1.8993e+7 
         9935.7      1.87282e+7 
        9952.82      1.84265e+7 
        9969.94      1.81085e+7 
        9987.06      1.77655e+7 
        10004.2      1.73824e+7 
        10021.3      1.69645e+7 
        10035.3      1.66312e+7 
        10045.9      1.64373e+7 
        10056.4      1.64122e+7 
        10066.9      1.65188e+7 
        10077.4      1.66555e+7 
        10091.5      1.68339e+7 
        10105.5      1.69891e+7 
        10119.5      1.71255e+7 
        10133.6      1.72199e+7 
        10147.6      1.73068e+7 
        10175.7        1.742e+7 
        10203.7      1.74891e+7 
        10226.4      1.74969e+7 
        10237.2      1.74857e+7 
          10248      1.74649e+7 
        10269.6      1.74241e+7 
        10312.9      1.72766e+7 
        10356.2      1.70885e+7 
        10377.8      1.69865e+7 
        10399.4      1.68811e+7 
        10421.1      1.67731e+7 
        10442.7      1.65858e+7 
        10464.3       1.6465e+7 
        10485.9       1.6342e+7 
        10529.2      1.60891e+7 
        10572.5      1.58495e+7 
        10615.7      1.55562e+7 
          10659      1.52319e+7 
        10702.3      1.48585e+7 
        10745.5      1.44115e+7 
        10767.1      1.41768e+7 
        10788.8      1.39102e+7 
        10810.4      1.36145e+7 
          10832      1.33141e+7 
        10853.7      1.29618e+7 
        10875.3      1.25656e+7 
        10886.1      1.23499e+7 
        10896.9      1.21161e+7 
        10907.8      1.18689e+7 
        10918.6      1.15941e+7 
        10930.8      1.12269e+7 
        10940.8      1.10173e+7 
        10952.1      1.13433e+7 
        10971.6         1.17e+7 
        10991.2      1.19716e+7 
        11020.4        1.228e+7 
        11039.9      1.24316e+7 
        11059.5      1.25358e+7 
          11079      1.26266e+7 
        11098.5      1.26983e+7 
          11118      1.27408e+7 
        11137.5      1.27612e+7 
        11157.1       1.2784e+7 
        11196.1      1.27739e+7 
        11209.4      1.27576e+7 
        11235.1      1.27147e+7 
        11260.9      1.26578e+7 
        11312.5      1.25108e+7 
          11364      1.23411e+7 
        11415.6      1.21621e+7 
        11467.1      1.20233e+7 
        11518.7      1.18276e+7 
        11570.2       1.1636e+7 
        11621.8      1.14481e+7 
        11673.3      1.12641e+7 
        11724.9      1.10836e+7 
        11776.4      1.09068e+7 
          11828      1.07334e+7 
        11879.5      1.05634e+7 
        11931.1      1.03968e+7 
        11982.6      1.02334e+7 
        12034.2      1.00418e+7 
        12085.8      9.87912e+6 
        12137.3      9.71795e+6 
        12188.9      9.55742e+6 
        12240.4      9.39672e+6 
        12284.6      9.25705e+6 
        12373.1      8.96651e+6 
        12417.3      8.81236e+6 
        12461.5      8.64792e+6 
        12505.7      8.46992e+6 
        12549.9      8.27756e+6 
        12594.1      8.05869e+6 
        12616.2      7.93654e+6 
        12638.3      7.80934e+6 
        12660.4      7.66998e+6 
        12682.6      7.51472e+6 
        12704.7      7.34602e+6 
        12726.8      7.15344e+6 
        12748.9      6.93965e+6 
        12759.9      6.81656e+6 
          12771      6.69473e+6 
          12782      6.55506e+6 
        12793.1       6.4026e+6 
        12804.1      6.21831e+6 
        12814.5      5.98502e+6 
        12825.2       6.0465e+6 
        12841.2      6.29644e+6 
          12854      6.42886e+6 
        12866.8      6.54023e+6 
        12879.6      6.63203e+6 
        12892.4      6.71619e+6 
        12905.2      6.78641e+6 
          12918       6.8488e+6 
        12930.8      6.90136e+6 
        12943.6      6.94342e+6 
        12956.4      6.98257e+6 
          12982      7.04207e+6 
        13007.6      7.07879e+6 
        13033.2      7.10258e+6 
        13058.8      7.11442e+6 
        13084.3      7.11454e+6 
        13109.9       7.1054e+6 
        13135.5      7.08875e+6 
        13186.7      7.04116e+6 
        13237.9      6.97701e+6 
        13269.8      6.93117e+6 
        13289.1      6.90195e+6 
        13308.4      6.87176e+6 
        13346.9      6.80943e+6 
        13423.9      6.67953e+6 
          13501      6.54689e+6 
          13578       6.4145e+6 
        13655.1      6.29424e+6 
        13732.1      6.16311e+6 
        13809.2      6.03538e+6 
        13886.2      5.91091e+6 
        13963.3      5.78961e+6 
        14040.3      5.67142e+6 
        14117.4      5.55616e+6 
        14194.4      5.44381e+6 
        14210.9      5.42019e+6 
        14271.5       5.3343e+6 
        14332.1       5.2501e+6 
        14392.7      5.16707e+6 
        14448.8      5.09152e+6 
        14466.4      5.06814e+6 
        14484.1      5.04486e+6 
        14519.3      4.99875e+6 
        14581.2      4.91892e+6 
        14597.2      4.89856e+6 
        14613.2      4.87833e+6 
        14645.2      4.83812e+6 
        14709.2      4.75898e+6 
        14773.2      4.68144e+6 
        14837.1      4.60551e+6 
        14901.1      4.53109e+6 
        14965.1      4.45814e+6 
        15029.1      4.38667e+6 
        15093.1      4.31664e+6 
        15157.1      4.24797e+6 
          15221      4.18067e+6 
          15285      4.11473e+6 
          15349      4.05005e+6 
          15413      3.98665e+6 
        15471.6      3.92969e+6 
        15482.4      3.91929e+6 
        15493.1      3.90899e+6 
        15514.7      3.88847e+6 
        15557.9      3.84779e+6 
        15644.2      3.76806e+6 
        15730.5      3.69037e+6 
        15816.8      3.61469e+6 
        15903.1      3.54092e+6 
        15989.4      3.46904e+6 
        16075.8      3.39898e+6 
        16162.1      3.33065e+6 
        16248.4      3.26408e+6 
        16289.9      3.23264e+6 
        16334.7      3.19912e+6 
        16379.5      3.16603e+6 
        16469.1      3.10191e+6 
        16558.8      3.03939e+6 
        16648.4      2.97845e+6 
          16738      2.91903e+6 
        16827.7      2.86108e+6 
        16917.3      2.80457e+6 
        17006.9      2.74944e+6 
        17096.6      2.69567e+6 
        17186.2       2.6432e+6 
        17275.8        2.592e+6 
        17327.7      2.56295e+6 
        17365.5      2.54204e+6 
        17403.2      2.52135e+6 
        17478.8      2.48106e+6 
        17554.3      2.44156e+6 
        17629.9      2.40285e+6 
        17705.4      2.36491e+6 
          17781      2.32771e+6 
        17856.5      2.29124e+6 
        17894.3      2.27327e+6 
        17932.1      2.25548e+6 
        17969.8      2.22677e+6 
        18007.6      2.20812e+6 
        18083.2      2.17069e+6 
        18158.7      2.13276e+6 
        18234.3       2.0937e+6 
        18309.8      2.05255e+6 
        18343.7      2.03295e+6 
        18385.3      2.00757e+6 
          18427      1.98019e+6 
        18468.6      1.95011e+6 
        18510.2      1.91641e+6 
        18551.8      1.87773e+6 
        18593.4       1.8328e+6 
        18614.2      1.80734e+6 
          18635      1.77962e+6 
        18655.8      1.74915e+6 
        18676.6      1.71605e+6 
          18687      1.69787e+6 
        18697.4      1.67845e+6 
        18707.8      1.65687e+6 
        18718.2      1.63214e+6 
        18728.6      1.60193e+6 
          18739      1.55822e+6 
        18749.1      1.44825e+6 
        18759.1      1.52641e+6 
        18770.8      1.58002e+6 
        18784.2      1.61194e+6 
        18797.7      1.63428e+6 
        18811.1      1.65143e+6 
        18824.5      1.66607e+6 
        18837.9      1.67847e+6 
        18851.3      1.68954e+6 
        18878.2      1.70787e+6 
          18905      1.72174e+6 
        18931.9      1.73186e+6 
        18958.7      1.73864e+6 
        18985.5      1.74284e+6 
        19012.4      1.74481e+6 
        19066.1      1.74347e+6 
        19119.7      1.73725e+6 
        19173.4      1.72767e+6 
        19227.1      1.71586e+6 
        19280.8      1.70257e+6 
        19334.5      1.68831e+6 
        19388.2      1.67343e+6 
          19433      1.66068e+6 
        19450.7      1.65561e+6 
        19468.3      1.65048e+6 
        19503.7      1.64017e+6 
        19574.4      1.62532e+6 
        19645.1      1.60337e+6 
        19715.8      1.58179e+6 
        19786.5      1.56056e+6 
        19857.2      1.53969e+6 
          19928      1.51917e+6 
        19998.7      1.49899e+6 
        20069.4      1.47913e+6 
        20140.1      1.45961e+6 
        20210.8       1.4404e+6 
        20281.5      1.42151e+6 
        20352.2      1.40292e+6 
        20371.4      1.39792e+6 
        20422.9      1.38464e+6 
        20474.4      1.37151e+6 
        20525.9      1.35846e+6 
        20577.4      1.34557e+6 
        20628.9      1.33283e+6 
        20680.4      1.32024e+6 
        20731.8      1.30779e+6 
        20783.3      1.29549e+6 
        20834.8      1.28334e+6 
        20886.3      1.27132e+6 
        20937.8      1.25945e+6 
        20989.3      1.24771e+6 
        21040.8      1.23611e+6 
        21092.3      1.22464e+6 
        21143.8      1.21331e+6 
        21195.3       1.2021e+6 
        21246.7      1.19102e+6 
        21298.2      1.18008e+6 
        21349.7      1.16925e+6 
        21401.2      1.15855e+6 
        21452.7      1.14797e+6 
        21504.2      1.13751e+6 
        21555.7      1.12717e+6 
        21583.7      1.12158e+6 
        21607.2      1.11694e+6 
        21630.6      1.11233e+6 
        21677.5      1.10313e+6 
        21771.2      1.08501e+6 
          21865      1.06727e+6 
        21958.7      1.04988e+6 
        22052.5      1.03285e+6 
        22146.2      1.01615e+6 
          22240          999796 
        22333.8          983765 
        22427.5          968050 
        22521.3          952647 
          22615          937552 
        22630.7          935057 
        22708.8          922752 
        22784.8          910952 
        22800.8          908492 
        22816.8          906035 
        22848.8          901150 
        22912.8          891477 
        22976.8          881930 
        23040.8          872511 
        23104.8          863219 
        23168.7          854048 
        23232.7          845000 
        23296.7          836069 
        23360.7          827257 
        23424.7          818561 
        23488.6          809978 
        23552.6          801505 
        23616.6          793145 
        23680.6          784892 
        23744.6          776746 
        23808.6          768704 
        23872.5          760768 
        23936.5          752933 
        24000.5          745195 
        24064.5          737561 
        24128.5          730021 
        24192.5          722582 
        24256.4          715234 
        24320.4          707980 
        24384.4          700817 
        24448.4          693745 
        24512.4          686762 
        24576.3          679863 
        24640.3          673052 
        24704.3          666326 
        24768.3          659684 
        24832.3          653125 
        24896.3          646643 
        24960.2          640244 
        25004.4          635871 
        25024.2          633923 
          25044          631985 
        25083.6          628139 
        25162.8          620534 
        25241.9          613044 
        25321.1          605665 
        25400.2          598395 
        25479.4          591235 
        25558.5          584182 
        25637.7          577233 
        25716.9          570388 
          25796          563643 
        25875.2          556995 
        25954.3          550445 
        26033.5          543992 
        26112.7          537633 
        26191.8          531366 
          26271          525189 
        26350.1          519104 
        26429.3          513107 
        26508.4          507194 
        26587.6          501367 
        26666.8          495624 
        26745.9          489963 
        26825.1          484380 
        26904.2          478876 
        26983.4          473454 
        27062.6          468104 
        27141.7          462832 
        27220.9          457633 
        27299.2          452559 
        27377.5          447554 
        27455.8          442619 
        27534.2          437750 
        27612.5          432949 
        27690.8          428212 
        27769.1          423543 
        27847.5          418935 
        27925.8          414389 
        28004.1          409906 
        28082.4          405482 
        28160.8          401119 
        28239.1          396815 
        28317.4          392567 
        28395.7          388376 
          28474          384242 
        28552.4          380161 
        28630.7          376137 
          28709          372162 
        28787.3          368242 
        28865.7          364374 
          28944          360554 
        29022.3          356788 
        29100.6          353068 
          29179          349395 
        29257.3          345773 
        29335.6          342195 
        29413.9          338664 
        29492.3          335180 
        29570.6          331740 
        29648.9          328344 
        29727.2          324988 
        29805.5          321680 
        29883.9          318413 
        29932.6          316399 
        29962.2          315187 
        29991.8          313977 
