# Koester WD models
# teff = 16750 K (value for the effective temperature for the model. Temperatures are given in K)
# logg = 7.5 log(cm/s2) (value for Log(G) for the model.)
#
# column 1: WAVELENGTH (ANGSTROM), Wavelength in Angstrom
# column 2: FLUX (ERG/CM2/S/A), Flux in erg/cm2/s/A
         899.23      1.04806e+6 
        909.241      1.16188e+6 
        919.246      4.01065e+6 
        929.261      5.03915e+6 
        939.271      9.45509e+6 
        949.307      3.52418e+6 
        959.619      5.61591e+7 
        969.796      1.24276e+7 
        979.877      4.25953e+7 
        990.007      2.32531e+8 
        1000.07      6.93073e+8 
        1010.25      1.63118e+8 
        1020.44       2.4378e+7 
        1030.69      2.93353e+7 
         1040.7      2.64358e+8 
        1050.81      1.06673e+9 
        1060.94      1.37606e+9 
        1071.18      2.67876e+9 
        1081.18      3.86771e+9 
         1092.2      5.54387e+9 
        1102.31      5.50413e+9 
        1114.38      5.23125e+9 
        1124.73      4.95278e+9 
        1135.54      4.57947e+9 
        1146.89      4.06714e+9 
        1156.89      3.46979e+9 
        1166.89      2.71784e+9 
         1176.9      1.82208e+9 
         1186.9      9.10333e+8 
        1197.23      2.81858e+8 
        1207.48      8.31441e+7 
        1217.74      5.09629e+7 
        1227.77      1.34784e+8 
        1238.04       5.9279e+8 
         1248.8      1.66643e+9 
        1259.41       2.5565e+9 
        1269.41       3.0901e+9 
        1279.42      3.42179e+9 
        1289.42      3.61377e+9 
        1299.42       3.7057e+9 
        1309.42      3.75914e+9 
        1319.42      3.77444e+9 
        1329.42      3.73947e+9 
        1339.42      3.70545e+9 
        1349.42       3.7013e+9 
        1359.42      3.66511e+9 
        1369.42      3.54771e+9 
        1379.42      3.41378e+9 
        1389.42      3.25614e+9 
        1399.42      3.25582e+9 
        1409.42      3.40184e+9 
        1419.42      3.45613e+9 
        1429.42      3.42785e+9 
        1439.42      3.37837e+9 
        1449.85      3.32192e+9 
        1461.52      3.25799e+9 
        1472.88      3.19663e+9 
        1484.42      3.13578e+9 
        1494.42      3.08427e+9 
        1509.42        3.009e+9 
        1524.42      2.93596e+9 
        1539.42      2.86518e+9 
        1554.42      2.79669e+9 
        1566.72      2.74219e+9 
        1579.41      2.68758e+9 
        1594.41      2.62523e+9 
        1604.41      2.58488e+9 
        1619.41      2.52608e+9 
        1634.41      2.46916e+9 
        1649.41      2.41397e+9 
        1664.41      2.36044e+9 
        1676.33      2.31903e+9 
         1689.4      2.27493e+9 
         1704.4      2.22585e+9 
         1719.4      2.17822e+9 
         1734.4      2.13189e+9 
        1749.39      2.08692e+9 
        1764.39      2.04324e+9 
        1775.55      2.01162e+9 
        1789.39      1.97333e+9 
        1809.39      1.91983e+9 
           1824      1.88199e+9 
        1834.77      1.85475e+9 
        1845.54      1.82809e+9 
           1864       1.7836e+9 
        1876.29      1.75484e+9 
        1888.59      1.72675e+9 
        1906.98      1.68588e+9 
        1919.37      1.65912e+9 
        1931.76      1.63302e+9 
        1944.47      1.60682e+9 
        1956.53      1.58249e+9 
         1967.6      1.56061e+9 
        1992.71      1.51255e+9 
        2017.81       1.4665e+9 
        2042.42      1.42321e+9 
        2067.03       1.3817e+9 
         2116.2      1.30378e+9 
           2129      1.28451e+9 
         2141.8      1.26561e+9 
        2165.47      1.23163e+9 
        2210.96      1.16984e+9 
        2225.89      1.15053e+9 
        2240.83      1.13164e+9 
        2263.91      1.10328e+9 
        2307.04      1.05287e+9 
        2319.23      1.03921e+9 
        2331.41      1.02581e+9 
        2349.21      1.00666e+9 
        2362.35      9.92831e+8 
         2375.5      9.79272e+8 
        2394.29        9.603e+8 
        2409.27      9.45535e+8 
        2424.25       9.3108e+8 
        2452.24      9.04879e+8 
        2464.64      8.93579e+8 
        2480.05      8.79819e+8 
        2491.16       8.7007e+8 
        2510.01      8.53885e+8 
        2528.86      8.38111e+8 
        2559.23      8.13503e+8 
        2582.27      7.95511e+8 
        2619.97      7.67215e+8 
        2634.63      7.56574e+8 
        2657.67      7.40244e+8 
        2695.37       7.1458e+8 
        2756.11      6.75672e+8 
        2779.15      6.61673e+8 
        2816.85      6.39594e+8 
        2831.51      6.31272e+8 
        2854.55      6.18476e+8 
        2892.24      5.98319e+8 
        2952.98      5.67623e+8 
        2976.02      5.56546e+8 
        3013.72      5.39025e+8 
        3051.42      5.22221e+8 
        3089.12      5.06126e+8 
        3103.78      5.00041e+8 
        3126.82      4.90673e+8 
        3143.58         4.84e+8 
        3195.93      4.63928e+8 
        3248.29      4.44931e+8 
        3300.65      4.26955e+8 
        3346.73       4.1191e+8 
        3392.81      3.97569e+8 
         3432.6      3.85696e+8 
        3445.17      3.82043e+8 
        3457.73      3.78436e+8 
        3482.86      3.71355e+8 
        3522.64      3.60488e+8 
        3533.12      3.57692e+8 
         3543.6      3.54921e+8 
        3564.57      3.49474e+8 
        3591.28      3.42682e+8 
        3635.88      3.31705e+8 
        3647.12       3.2901e+8 
        3658.96      3.26192e+8 
        3671.11      3.23298e+8 
         3682.7      3.20571e+8 
        3692.77      3.18228e+8 
        3702.89       3.1589e+8 
        3712.93      3.13648e+8 
        3723.11      3.11444e+8 
        3733.34      3.08959e+8 
        3743.51      3.08042e+8 
        3753.66      3.05976e+8 
        3764.81      3.03213e+8 
        3775.47      3.02637e+8 
        3785.73      3.05969e+8 
        3795.99       2.8291e+8 
        3807.45      3.06025e+8 
        3817.46      3.12625e+8 
        3827.65      2.83589e+8 
        3837.98      2.58082e+8 
        3848.84      3.10813e+8 
        3858.91      3.30401e+8 
        3869.95      3.15586e+8 
        3880.44      2.64709e+8 
        3890.61      2.17033e+8 
        3900.66      2.81724e+8 
        3911.78      3.33411e+8 
        3923.89      3.57215e+8 
        3934.66      3.54133e+8 
        3945.81      3.23179e+8 
        3957.31      2.65092e+8 
        3967.77      1.94754e+8 
        3977.86      2.31556e+8 
        3988.87       2.9527e+8 
        3998.89      3.39418e+8 
         4008.9      3.65443e+8 
        4018.94      3.76743e+8 
        4029.01      3.80529e+8 
        4039.29      3.78942e+8 
        4049.71      3.70944e+8 
        4060.76        3.514e+8 
        4071.35      3.18931e+8 
        4082.28      2.72322e+8 
        4093.69      2.10172e+8 
        4103.79      1.70528e+8 
        4115.19      2.37899e+8 
        4126.14      2.87283e+8 
        4137.37        3.248e+8 
        4148.83      3.50231e+8 
        4160.56      3.62697e+8 
        4173.82        3.675e+8 
        4188.82      3.68276e+8 
        4203.81      3.66687e+8 
        4216.52      3.64243e+8 
        4228.81      3.61051e+8 
        4243.81      3.55936e+8 
         4258.8      3.48173e+8 
         4273.8      3.35264e+8 
        4288.79      3.14114e+8 
        4301.29      2.89267e+8 
        4313.79      2.54675e+8 
        4326.14      2.08266e+8 
        4336.17      1.61598e+8 
        4346.26      1.68522e+8 
        4357.43      2.15274e+8 
        4368.77       2.5149e+8 
        4379.56       2.7563e+8 
        4393.77      2.96006e+8 
        4408.76      3.08314e+8 
        4423.76      3.13036e+8 
        4438.75       3.1344e+8 
        4453.75      3.11941e+8 
        4468.74      3.09682e+8 
        4483.74      3.07017e+8 
        4498.74      3.04165e+8 
        4513.73      3.01204e+8 
        4527.19      2.98494e+8 
        4538.73      2.96148e+8 
        4553.72      2.93083e+8 
        4568.72       2.9001e+8 
        4583.72      2.86939e+8 
        4596.53      2.84318e+8 
        4608.71      2.81848e+8 
         4623.7      2.78787e+8 
         4638.7      2.75717e+8 
         4653.7      2.72628e+8 
        4668.69      2.69498e+8 
        4683.69      2.66284e+8 
        4698.68       2.6294e+8 
        4713.68       2.5938e+8 
        4724.83       2.5652e+8 
        4738.67      2.52588e+8 
        4753.67      2.47696e+8 
        4768.67      2.41623e+8 
        4783.66      2.34035e+8 
        4798.66      2.23557e+8 
        4813.65      2.08854e+8 
        4826.15      1.91915e+8 
        4838.65      1.69049e+8 
        4848.69      1.46024e+8 
        4858.88      1.15634e+8 
        4870.86      1.36705e+8 
        4881.49      1.60294e+8 
        4892.34      1.78743e+8 
        4903.63      1.92406e+8 
        4915.55      2.02026e+8 
        4928.62      2.08632e+8 
        4943.62      2.12565e+8 
        4958.61      2.14159e+8 
        4973.61      2.14387e+8 
        4988.61      2.13715e+8 
         5003.6      2.12544e+8 
         5018.6      2.11035e+8 
         5033.6      2.09328e+8 
        5048.59      2.07503e+8 
        5063.59      2.05615e+8 
        5078.58      2.03689e+8 
        5093.58      2.01754e+8 
        5108.57      1.99814e+8 
        5123.57      1.97884e+8 
        5138.57      1.95966e+8 
        5153.56      1.94064e+8 
        5168.56       1.9218e+8 
        5183.56      1.90313e+8 
        5198.55      1.88466e+8 
        5213.55      1.86639e+8 
        5228.54      1.84831e+8 
        5243.54      1.83042e+8 
        5258.53      1.81274e+8 
        5273.53      1.79525e+8 
        5288.53      1.77796e+8 
        5303.52      1.76087e+8 
        5318.52      1.74398e+8 
        5333.52      1.72729e+8 
        5348.51      1.71079e+8 
        5363.51      1.69482e+8 
         5378.5      1.67867e+8 
         5393.5      1.66272e+8 
        5408.49      1.64695e+8 
        5423.49      1.63138e+8 
        5438.49      1.61598e+8 
        5453.48      1.60077e+8 
        5468.48      1.58574e+8 
        5483.48      1.57089e+8 
        5498.47      1.55621e+8 
        5513.47      1.54171e+8 
        5528.46      1.52737e+8 
        5543.46      1.51321e+8 
        5558.45      1.49921e+8 
        5573.45      1.48538e+8 
        5588.45       1.4717e+8 
        5603.44      1.45819e+8 
        5618.44      1.44482e+8 
        5633.43      1.43162e+8 
        5648.43      1.41857e+8 
        5663.43      1.40566e+8 
        5673.98      1.39667e+8 
         5686.2      1.38635e+8 
        5698.42      1.37612e+8 
        5708.88      1.36744e+8 
        5723.41       1.3555e+8 
        5738.41      1.34331e+8 
         5753.4      1.33126e+8 
         5768.4      1.31911e+8 
        5783.39      1.30733e+8 
        5798.39      1.29568e+8 
        5813.39      1.28415e+8 
        5828.38      1.27276e+8 
        5843.38      1.26149e+8 
        5858.37      1.25035e+8 
        5873.37      1.23933e+8 
        5888.37      1.22843e+8 
        5903.36      1.21765e+8 
        5918.36      1.20698e+8 
        5933.35      1.19643e+8 
        5948.35      1.18599e+8 
        5963.35      1.17567e+8 
        5978.34      1.16545e+8 
        5993.34      1.15534e+8 
        6008.33      1.14534e+8 
        6023.33      1.13544e+8 
        6038.32      1.12565e+8 
        6053.32      1.11596e+8 
        6068.32      1.10636e+8 
        6083.31      1.09686e+8 
        6098.31      1.08746e+8 
        6113.31      1.07815e+8 
         6128.3      1.06892e+8 
         6143.3      1.05978e+8 
        6158.29      1.05073e+8 
        6173.29      1.04175e+8 
        6188.28      1.03285e+8 
        6203.28      1.02401e+8 
        6218.28      1.01525e+8 
        6233.27      1.00654e+8 
        6244.38      1.00012e+8 
        6256.04      9.93412e+7 
        6266.59      9.87374e+7 
        6278.26      9.80702e+7 
        6290.52      9.73702e+7 
        6302.31      9.66979e+7 
        6312.59      9.61111e+7 
        6323.25      9.55003e+7 
        6338.24      9.46386e+7 
        6353.24      9.37728e+7 
        6368.24      9.28928e+7 
        6383.23      9.19912e+7 
        6398.23      9.10562e+7 
        6413.22      9.00698e+7 
        6428.22      8.90038e+7 
        6443.22      8.78151e+7 
        6458.21       8.6434e+7 
        6473.21       8.4769e+7 
         6488.2      8.26921e+7 
         6503.2      7.99102e+7 
         6518.2      7.60281e+7 
        6532.67      7.07154e+7 
        6543.19      6.55729e+7 
        6553.54      5.91075e+7 
        6563.64      4.86061e+7 
        6574.47      6.01794e+7 
        6586.28      6.61981e+7 
        6598.17      7.04989e+7 
         6608.5      7.31017e+7 
        6618.82      7.48965e+7 
        6629.14      7.60909e+7 
        6644.62      7.71066e+7 
        6654.94      7.74311e+7 
        6665.26      7.75857e+7 
        6675.58      7.76005e+7 
         6685.9      7.75135e+7 
        6696.23      7.73488e+7 
        6711.48      7.70092e+7 
        6741.98       7.6129e+7 
        6772.48      7.51177e+7 
        6824.78      7.32842e+7 
        6877.08      7.14279e+7 
        6929.38      6.95951e+7 
        6981.68      6.78037e+7 
        7033.98      6.60608e+7 
         7063.4      6.51023e+7 
        7086.27      6.43684e+7 
        7109.15      6.36446e+7 
        7154.89      6.22268e+7 
        7246.38      5.95058e+7 
        7282.23      5.84801e+7 
        7337.87      5.69313e+7 
        7393.51      5.54365e+7 
        7449.15      5.39876e+7 
        7504.79      5.25862e+7 
        7560.43        5.123e+7 
        7616.07      4.99174e+7 
        7665.55      4.87858e+7 
        7677.88      4.85084e+7 
        7690.22      4.82335e+7 
        7714.89      4.76891e+7 
        7764.22      4.66237e+7 
         7862.9      4.45808e+7 
        7960.91      4.26616e+7 
        7971.63       4.2458e+7 
        7982.34       4.2256e+7 
        8003.78      4.18551e+7 
        8046.64      4.10675e+7 
        8082.55      4.04222e+7 
        8105.88      4.00101e+7 
        8154.36      3.91694e+7 
        8200.85      3.83843e+7 
        8216.85      3.81188e+7 
        8232.84      3.78556e+7 
        8264.83      3.73359e+7 
        8289.72      3.69379e+7 
        8328.82      3.63228e+7 
        8367.92      3.57196e+7 
        8437.95      3.46788e+7 
        8473.98      3.41538e+7 
        8502.48      3.37438e+7 
        8516.58       3.3544e+7 
        8530.98      3.33392e+7 
        8545.38      3.31539e+7 
        8574.18      3.27857e+7 
        8598.39      3.24706e+7 
         8628.6      3.20961e+7 
        8646.81      3.18554e+7 
        8665.01      3.16107e+7 
        8701.43      3.11799e+7 
        8725.95      3.08296e+7 
        8750.47      3.04632e+7 
        8774.99       3.0231e+7 
        8799.51      2.99503e+7 
        8815.35      2.97229e+7 
        8831.29      2.94806e+7 
        8847.03      2.92164e+7 
        8862.78      2.89624e+7 
        8878.53      2.89073e+7 
        8894.27      2.88584e+7 
        8910.02      2.87771e+7 
        8925.77      2.86482e+7 
        8941.51      2.84356e+7 
        8957.26      2.81818e+7 
        8973.01      2.78558e+7 
        8988.75      2.74812e+7 
         9004.5      2.70774e+7 
        9014.91      2.68567e+7 
        9025.31      2.68918e+7 
        9035.72      2.69712e+7 
        9046.13      2.70414e+7 
        9066.94      2.71323e+7 
        9083.33      2.71074e+7 
        9099.72      2.70327e+7 
        9116.11       2.6877e+7 
         9132.5      2.66553e+7 
        9148.88      2.63634e+7 
        9165.27      2.59693e+7 
        9181.66       2.5501e+7 
        9198.05      2.49325e+7 
        9213.53       2.4345e+7 
        9225.14      2.39146e+7 
        9236.75      2.39243e+7 
        9248.36      2.41661e+7 
        9259.97      2.44171e+7 
        9271.58      2.46238e+7 
        9283.18       2.4818e+7 
        9298.66      2.49682e+7 
        9314.14      2.50697e+7 
        9329.62      2.50951e+7 
         9345.1      2.50627e+7 
        9360.58      2.49862e+7 
        9376.06       2.4875e+7 
        9400.14      2.46264e+7 
        9416.19      2.44225e+7 
        9432.24      2.41704e+7 
        9448.29      2.38538e+7 
        9464.35      2.34819e+7 
         9480.4      2.30035e+7 
        9496.45        2.241e+7 
         9512.5      2.16095e+7 
        9528.56      2.05993e+7 
        9543.26      1.97023e+7 
        9558.16      2.01016e+7 
        9568.99      2.06485e+7 
        9579.83      2.11404e+7 
        9590.67      2.15202e+7 
         9601.5      2.18178e+7 
        9612.34      2.20196e+7 
        9623.18      2.21827e+7 
        9634.02      2.22817e+7 
        9644.85      2.23564e+7 
         9664.6      2.24244e+7 
        9679.99      2.24136e+7 
        9695.38      2.23703e+7 
        9726.16      2.22302e+7 
        9756.93      2.20309e+7 
         9787.7      2.18002e+7 
        9818.48      2.15412e+7 
        9833.87      2.13975e+7 
        9849.26      2.12783e+7 
        9864.64      2.11023e+7 
        9880.03      2.09061e+7 
        9895.42      2.06809e+7 
        9910.81      2.04316e+7 
        9926.19      2.01559e+7 
        9941.58      1.98235e+7 
        9952.82      1.95559e+7 
        9964.06      1.92711e+7 
        9975.29      1.89523e+7 
        9986.53      1.85827e+7 
        9997.76      1.81751e+7 
          10009       1.7691e+7 
        10020.2      1.71712e+7 
        10031.5      1.65723e+7 
        10042.7      1.58986e+7 
        10054.4      1.57389e+7 
          10066      1.63214e+7 
        10079.3      1.68733e+7 
        10092.6      1.72997e+7 
        10105.9      1.76716e+7 
        10119.3      1.79413e+7 
        10132.6       1.8151e+7 
        10145.9      1.82982e+7 
        10159.2      1.84205e+7 
        10172.5      1.85079e+7 
        10185.8      1.85546e+7 
        10199.1      1.85767e+7 
        10212.4      1.85864e+7 
        10237.2      1.85477e+7 
        10261.9      1.84602e+7 
        10286.7      1.83462e+7 
        10336.2      1.80778e+7 
        10385.7      1.77898e+7 
        10484.7      1.71748e+7 
        10583.7      1.65845e+7 
        10633.2      1.62705e+7 
        10682.7       1.5934e+7 
        10707.5      1.57473e+7 
        10732.2      1.55465e+7 
          10757      1.53183e+7 
        10781.7      1.50532e+7 
        10806.5      1.47494e+7 
        10818.9      1.45762e+7 
        10831.2      1.43806e+7 
        10843.6      1.41615e+7 
          10856      1.39243e+7 
        10868.4      1.36476e+7 
        10880.7      1.33325e+7 
        10893.1      1.29693e+7 
        10905.5      1.25641e+7 
        10917.9      1.20847e+7 
        10930.2      1.14924e+7 
        10940.4      1.11061e+7 
        10951.1      1.16672e+7 
        10967.7      1.22274e+7 
          10981      1.25595e+7 
        10994.3      1.28403e+7 
        11014.2      1.31445e+7 
        11027.4      1.32838e+7 
        11040.7      1.33941e+7 
          11054      1.34756e+7 
        11067.3      1.35301e+7 
        11080.5      1.35625e+7 
        11093.8      1.35842e+7 
        11120.3      1.35909e+7 
        11146.9      1.35563e+7 
        11173.4      1.34942e+7 
          11200      1.34165e+7 
        11245.2      1.32581e+7 
        11260.9      1.31987e+7 
        11276.7      1.31375e+7 
        11308.2      1.30125e+7 
        11371.1      1.27577e+7 
        11434.1      1.25041e+7 
        11497.1      1.22634e+7 
        11560.1      1.20163e+7 
        11623.1      1.17753e+7 
        11686.1      1.15403e+7 
        11749.1      1.13112e+7 
        11812.1      1.10877e+7 
        11875.1      1.08698e+7 
        11938.1      1.06571e+7 
        12001.1      1.04496e+7 
        12064.1        1.024e+7 
        12127.1       1.0041e+7 
        12190.1      9.84591e+6 
        12221.5      9.74996e+6 
        12253.1      9.65433e+6 
        12284.6      9.55921e+6 
        12347.7      9.36977e+6 
        12410.9      9.17961e+6 
          12474      8.98495e+6 
        12537.1      8.77827e+6 
        12568.6      8.66558e+6 
        12600.2      8.54281e+6 
        12631.7      8.40436e+6 
        12663.3      8.24093e+6 
        12679.1      8.14694e+6 
        12694.9      8.04201e+6 
        12710.6      7.92247e+6 
        12726.4      7.78537e+6 
        12742.2      7.62867e+6 
          12758       7.4446e+6 
        12773.7      7.22821e+6 
        12789.5      6.97107e+6 
        12801.4      6.73209e+6 
        12813.2      6.36883e+6 
        12824.6       6.4178e+6 
        12835.7      6.68902e+6 
        12850.5      6.91804e+6 
        12865.3      7.08724e+6 
        12880.2      7.21947e+6 
          12895      7.32227e+6 
        12909.8      7.39927e+6 
        12924.7      7.45773e+6 
        12939.5      7.49948e+6 
        12954.3      7.52732e+6 
        12969.2      7.54435e+6 
          12984      7.55305e+6 
        13013.7      7.55072e+6 
        13043.3      7.52858e+6 
          13073      7.49449e+6 
        13132.3      7.40477e+6 
        13191.7      7.29936e+6 
          13251      7.18806e+6 
        13308.4      7.07817e+6 
        13365.7      6.96812e+6 
        13423.1      6.85885e+6 
        13480.4      6.75097e+6 
        13537.8      6.64475e+6 
        13595.1      6.54042e+6 
        13652.5      6.44001e+6 
        13709.9      6.33904e+6 
        13767.2      6.24008e+6 
        13824.6      6.14304e+6 
        13881.9      6.04785e+6 
        13939.3      5.95451e+6 
        13996.6      5.86297e+6 
          14054      5.77321e+6 
        14111.4      5.68512e+6 
        14168.7      5.59873e+6 
        14226.1      5.51397e+6 
        14283.4      5.43081e+6 
        14332.1       5.3615e+6 
        14401.1      5.26503e+6 
        14429.4      5.22613e+6 
        14457.6      5.18759e+6 
        14514.2      5.11159e+6 
        14558.3      5.05331e+6 
        14570.7      5.03698e+6 
        14581.2      5.02328e+6 
        14597.2      5.00252e+6 
        14613.2      4.98184e+6 
        14645.2      4.94085e+6 
        14709.2      4.86008e+6 
        14773.2      4.78097e+6 
        14837.1      4.70347e+6 
        14901.1       4.6275e+6 
        14965.1      4.55311e+6 
        15029.1      4.48019e+6 
        15093.1      4.40872e+6 
        15157.1      4.33867e+6 
          15221      4.27002e+6 
          15285       4.2027e+6 
          15349      4.13672e+6 
          15413      4.07204e+6 
        15471.6      4.01392e+6 
        15482.4      4.00333e+6 
        15493.1      3.99296e+6 
        15514.7      3.97229e+6 
        15557.9      3.93139e+6 
        15644.2      3.85112e+6 
        15730.5      3.77293e+6 
        15816.8      3.69668e+6 
        15903.1      3.62238e+6 
        15989.4      3.54994e+6 
        16075.8      3.47928e+6 
        16162.1      3.41039e+6 
        16248.4      3.34319e+6 
        16289.9      3.31146e+6 
        16334.7      3.27762e+6 
        16379.5      3.24423e+6 
        16469.1      3.18023e+6 
        16558.8       3.1178e+6 
        16648.4      3.05689e+6 
          16738      2.99745e+6 
        16827.7      2.93944e+6 
        16917.3      2.88283e+6 
        17006.9      2.82757e+6 
        17096.6      2.77363e+6 
        17186.2      2.72096e+6 
        17275.8      2.66953e+6 
        17327.7      2.64033e+6 
        17365.5      2.61931e+6 
        17403.2       2.5985e+6 
        17478.8      2.55714e+6 
        17554.3      2.51659e+6 
        17629.9      2.47685e+6 
        17705.4      2.43788e+6 
          17781      2.39967e+6 
        17856.5       2.3622e+6 
        17932.1      2.32546e+6 
        18007.6      2.28636e+6 
        18083.2      2.25012e+6 
        18158.7      2.21421e+6 
        18234.3      2.17834e+6 
        18309.8        2.142e+6 
        18343.7      2.12532e+6 
        18385.3      2.10433e+6 
          18427      2.08236e+6 
        18468.6      2.05859e+6 
        18510.2      2.03217e+6 
        18551.8      2.00143e+6 
        18572.6      1.98371e+6 
        18593.4      1.96394e+6 
        18614.2      1.94156e+6 
          18635      1.91592e+6 
        18655.8      1.88577e+6 
        18676.6       1.8502e+6 
          18687      1.82986e+6 
        18697.4      1.80751e+6 
        18707.8      1.78262e+6 
        18718.2      1.75452e+6 
        18728.6      1.72086e+6 
          18739      1.67624e+6 
        18749.1      1.54992e+6 
        18759.1      1.64418e+6 
        18769.1      1.69186e+6 
        18782.6      1.72893e+6 
        18802.7      1.76677e+6 
        18816.1      1.78572e+6 
        18829.5      1.80117e+6 
          18843      1.81363e+6 
        18856.4      1.82368e+6 
        18883.2      1.83755e+6 
        18910.1       1.8451e+6 
        18936.9      1.84834e+6 
        18963.7      1.84832e+6 
        18990.6      1.84585e+6 
        19017.4       1.8416e+6 
        19071.1      1.82954e+6 
        19124.8      1.81478e+6 
        19178.5      1.79858e+6 
        19232.1      1.78165e+6 
        19285.8      1.76432e+6 
        19339.5      1.74682e+6 
        19393.2      1.72928e+6 
        19443.1      1.71303e+6 
        19458.3      1.70807e+6 
        19473.5      1.70311e+6 
          19504      1.69321e+6 
        19564.8        1.675e+6 
        19625.7      1.65524e+6 
        19686.6      1.63577e+6 
        19747.5      1.61658e+6 
        19808.4      1.59767e+6 
        19869.3      1.57904e+6 
        19930.2      1.56068e+6 
        19991.1      1.54258e+6 
          20052      1.52475e+6 
        20112.9      1.50717e+6 
        20173.8      1.48984e+6 
        20234.7      1.47276e+6 
        20295.6      1.45592e+6 
        20356.5      1.43932e+6 
        20417.4      1.42296e+6 
        20474.4      1.40784e+6 
        20531.4      1.39288e+6 
        20588.5      1.37812e+6 
        20645.5      1.36355e+6 
        20702.5      1.34918e+6 
        20759.6      1.33499e+6 
        20816.6        1.321e+6 
        20873.7      1.30718e+6 
        20930.7      1.29354e+6 
        20987.7      1.28008e+6 
        21044.8      1.26679e+6 
        21101.8      1.25368e+6 
        21158.8      1.24073e+6 
        21215.9      1.22795e+6 
        21272.9      1.21534e+6 
        21329.9      1.20289e+6 
          21387      1.19059e+6 
          21444      1.17845e+6 
        21501.1      1.16647e+6 
        21558.1      1.15464e+6 
        21599.6      1.14611e+6 
        21615.1      1.14295e+6 
        21630.6      1.13981e+6 
        21661.6      1.13354e+6 
        21723.5      1.12113e+6 
        21785.5      1.10896e+6 
        21847.4      1.09689e+6 
        21909.3      1.08498e+6 
        21971.3      1.07323e+6 
        22033.2      1.06165e+6 
        22095.2      1.05021e+6 
        22157.1      1.03893e+6 
          22219      1.02781e+6 
          22281      1.01683e+6 
        22342.9      1.00599e+6 
        22404.8          995304 
        22466.8          984757 
        22528.7          974293 
        22590.7          964076 
        22652.6          953938 
        22714.5          943935 
        22766.1          935705 
        22776.5          934061 
        22786.8          932422 
        22800.8          930213 
        22816.8          927697 
        22848.8          922689 
        22912.8          912774 
        22976.8          902994 
        23040.8          893343 
        23104.8          883821 
        23168.7          874425 
        23232.7          865154 
        23296.7          856002 
        23360.7          846977 
        23424.7          838067 
        23488.6          829274 
        23552.6          820593 
        23616.6          812029 
        23680.6          803575 
        23744.6          795234 
        23808.6          786997 
        23872.5          778867 
        23936.5          770843 
        24000.5          762923 
        24064.5          755101 
        24128.5          747382 
        24192.5          739760 
        24256.4          732236 
        24320.4          724806 
        24384.4          717471 
        24448.4          710226 
        24512.4          703076 
        24576.3          696014 
        24640.3          689042 
        24704.3          682156 
        24768.3          675354 
        24832.3          668638 
        24896.3          662006 
        24960.2          655456 
        25004.4          650979 
        25024.2          648987 
          25044          647002 
        25083.6          643075 
        25162.8          635312 
        25241.9          627662 
        25321.1          620132 
        25400.2          612711 
        25479.4          605401 
        25558.5          598200 
        25637.7          591106 
        25716.9          584119 
          25796          577233 
        25875.2          570450 
        25954.3          563765 
        26033.5          557177 
        26112.7          550687 
        26191.8          544287 
          26271          537985 
        26350.1          531771 
        26429.3          525648 
        26508.4          519610 
        26587.6          513663 
        26666.8          507798 
        26745.9          502017 
        26825.1          496318 
        26904.2          490701 
        26983.4          485162 
        27062.6          479699 
        27141.7          474318 
        27220.9          469008 
        27299.2          463828 
        27377.5          458735 
        27455.8          453712 
        27534.2          448761 
        27612.5          443872 
        27690.8          439053 
        27769.1          434297 
        27847.5          429607 
        27925.8          424979 
        28004.1          420411 
        28082.4          415906 
        28160.8          411464 
        28239.1          407078 
        28317.4          402749 
        28395.7          398480 
          28474          394267 
        28552.4          390110 
        28630.7          386004 
          28709          381955 
        28787.3          377959 
        28865.7          374016 
          28944          370120 
        29022.3          366278 
        29100.6          362486 
          29179          358742 
        29257.3          355044 
        29335.6          351397 
        29413.9          347796 
        29492.3          344240 
        29570.6          340728 
        29648.9          337263 
        29727.2          333841 
        29805.5          330461 
        29883.9          327125 
        29932.6          325070 
        29962.2          323832 
        29991.8          322598 
