# Koester WD models
# teff = 16500 K (value for the effective temperature for the model. Temperatures are given in K)
# logg = 8 log(cm/s2) (value for Log(G) for the model.)
#
# column 1: WAVELENGTH (ANGSTROM), Wavelength in Angstrom
# column 2: FLUX (ERG/CM2/S/A), Flux in erg/cm2/s/A
         899.23          851158 
        909.241          946094 
        919.246      2.92297e+6 
        929.261      3.77836e+6 
        939.271      7.36835e+6 
        949.319      2.57674e+6 
        959.533      3.01206e+7 
        969.552      1.03558e+7 
        979.655      2.52757e+7 
        989.679       9.3158e+7 
        999.719      2.56753e+8 
        1009.78      7.91295e+7 
        1020.03       1.9829e+7 
        1030.27       2.0988e+7 
        1040.57      1.10976e+8 
        1050.71      4.38532e+8 
        1060.75      5.76533e+8 
        1070.85      1.46113e+9 
        1080.99      2.41509e+9 
        1091.35      4.58984e+9 
        1102.06      4.65047e+9 
        1114.38      4.34674e+9 
        1124.73      4.02856e+9 
        1135.54      3.58899e+9 
        1146.67      3.01223e+9 
        1156.67       2.3713e+9 
        1168.84      1.50998e+9 
         1179.4      8.00701e+8 
         1189.4      3.32839e+8 
         1199.4      1.24634e+8 
         1209.4      5.50124e+7 
        1219.41      5.01942e+7 
        1229.41      1.03057e+8 
        1239.41      3.48959e+8 
        1249.41      9.54853e+8 
        1259.41      1.66977e+9 
        1269.41      2.27068e+9 
        1279.42      2.72099e+9 
        1289.42      3.03021e+9 
        1299.42      3.21328e+9 
        1309.42      3.34501e+9 
        1319.42      3.42258e+9 
        1329.42       3.4179e+9 
        1339.42      3.41265e+9 
        1349.42      3.45858e+9 
        1359.42       3.4506e+9 
        1369.42      3.30288e+9 
        1379.42      3.12522e+9 
        1389.42      2.91271e+9 
        1399.42      2.95269e+9 
        1409.42      3.24772e+9 
        1419.42      3.39691e+9 
        1429.42      3.39707e+9 
        1439.42       3.3567e+9 
        1454.42      3.28014e+9 
        1464.42      3.22708e+9 
        1474.42      3.17455e+9 
        1489.42      3.09737e+9 
        1504.42       3.0222e+9 
        1514.42      2.97311e+9 
        1529.42      2.90077e+9 
        1544.42      2.83039e+9 
        1559.42      2.76219e+9 
        1570.19      2.71454e+9 
        1584.41      2.65351e+9 
        1599.41      2.59217e+9 
        1614.41      2.53369e+9 
        1629.41      2.47725e+9 
        1644.41      2.42229e+9 
        1659.41      2.36861e+9 
        1670.17      2.33091e+9 
         1684.4      2.28231e+9 
         1699.4       2.2327e+9 
         1714.4       2.1846e+9 
         1729.4      2.13784e+9 
         1744.4      2.09238e+9 
        1759.39      2.04828e+9 
         1771.7      2.01305e+9 
        1784.39      1.97763e+9 
        1799.39       1.9369e+9 
           1824      1.87253e+9 
        1834.77      1.84532e+9 
        1845.54      1.81868e+9 
           1864      1.77421e+9 
        1876.29      1.74548e+9 
        1888.59      1.71742e+9 
        1906.98      1.67659e+9 
        1919.37      1.64985e+9 
        1931.76      1.62376e+9 
        1944.47      1.59759e+9 
        1956.53      1.57332e+9 
         1967.6      1.55148e+9 
        1992.71      1.50352e+9 
        2017.81      1.45758e+9 
        2042.42      1.41439e+9 
        2067.03      1.37295e+9 
         2116.2      1.29526e+9 
           2129      1.27604e+9 
         2141.8      1.25721e+9 
        2165.47      1.22336e+9 
        2210.96      1.16175e+9 
        2225.89       1.1425e+9 
        2240.83      1.12369e+9 
        2263.91      1.09544e+9 
        2307.04      1.04525e+9 
        2319.23      1.03165e+9 
        2331.41       1.0183e+9 
        2349.21      9.99212e+8 
        2362.35      9.85433e+8 
         2375.5      9.71927e+8 
        2394.29      9.53046e+8 
        2409.27      9.38347e+8 
        2424.25      9.23961e+8 
        2452.24      8.97886e+8 
        2464.64      8.86649e+8 
        2480.05      8.72957e+8 
        2491.16      8.63253e+8 
        2510.01      8.47149e+8 
        2528.86      8.31441e+8 
        2559.23      8.06962e+8 
        2582.27      7.89071e+8 
        2619.97      7.60925e+8 
        2634.63      7.50347e+8 
        2657.67      7.34109e+8 
        2695.37       7.0858e+8 
        2756.11      6.69904e+8 
        2779.15      6.55993e+8 
        2816.85      6.34052e+8 
        2831.51      6.25783e+8 
        2854.55      6.13072e+8 
        2892.24      5.93035e+8 
        2952.98      5.62556e+8 
        2976.02      5.51554e+8 
        3013.72      5.34149e+8 
        3051.42      5.17464e+8 
        3089.12      5.01477e+8 
        3103.78      4.95439e+8 
        3126.82      4.86136e+8 
        3143.58      4.79514e+8 
        3195.93      4.59602e+8 
        3248.29      4.40743e+8 
        3300.65      4.22905e+8 
        3346.73      4.07974e+8 
        3392.81      3.93745e+8 
         3432.6      3.81964e+8 
        3445.17      3.78339e+8 
        3457.73      3.74764e+8 
        3482.86      3.67736e+8 
        3522.64      3.56957e+8 
        3533.12      3.54183e+8 
         3543.6      3.51434e+8 
        3564.57      3.46031e+8 
        3591.28      3.39289e+8 
        3635.88      3.28397e+8 
        3647.12      3.25723e+8 
        3658.96      3.22931e+8 
        3671.11      3.20056e+8 
         3682.7      3.17357e+8 
        3692.77      3.15026e+8 
        3702.89      3.12694e+8 
        3712.93       3.1041e+8 
        3723.11      3.08138e+8 
        3733.34      3.05787e+8 
        3743.51      3.04043e+8 
        3753.66      3.01971e+8 
        3764.81      2.99265e+8 
        3775.47      2.97964e+8 
        3786.22      2.97646e+8 
        3796.45      2.85768e+8 
        3807.13       2.9645e+8 
        3817.36      2.98651e+8 
        3827.86      2.80901e+8 
        3837.98      2.67281e+8 
        3848.84      2.97667e+8 
        3858.91      3.07926e+8 
        3868.96      2.98126e+8 
        3879.52      2.64289e+8 
        3889.58      2.23789e+8 
        3900.66      2.73713e+8 
        3912.26      3.11641e+8 
        3922.38      3.27081e+8 
        3933.45      3.25447e+8 
        3943.88      3.04615e+8 
        3954.55      2.63383e+8 
        3965.22      2.09957e+8 
        3976.38      2.16558e+8 
        3986.53      2.65211e+8 
        3996.95      3.06647e+8 
        4007.24      3.33844e+8 
        4017.35      3.47058e+8 
        4027.81      3.52355e+8 
        4038.86      3.51045e+8 
        4049.66      3.42132e+8 
        4060.47      3.22814e+8 
        4071.49      2.90458e+8 
        4082.28      2.50517e+8 
        4093.69      1.99283e+8 
        4103.79      1.66323e+8 
        4113.83      2.15863e+8 
        4123.84      2.55303e+8 
           4134      2.88341e+8 
        4145.79      3.19249e+8 
        4156.66      3.36634e+8 
        4168.82      3.46618e+8 
        4183.82      3.51516e+8 
        4198.82       3.5221e+8 
        4213.81      3.50624e+8 
        4224.95      3.48202e+8 
        4238.81      3.43637e+8 
         4253.8      3.35849e+8 
         4268.8       3.2272e+8 
        4283.79      3.01022e+8 
        4298.79      2.71627e+8 
        4311.29      2.40052e+8 
         4323.5      2.02212e+8 
        4333.66      1.64932e+8 
        4344.02      1.50337e+8 
        4354.73      1.89974e+8 
        4367.98      2.28406e+8 
        4378.77      2.52409e+8 
        4393.77       2.7704e+8 
        4408.76      2.93754e+8 
        4423.76      3.01986e+8 
        4438.75      3.04873e+8 
        4453.75      3.04992e+8 
        4468.74      3.03773e+8 
        4483.74      3.01771e+8 
        4498.74      2.99415e+8 
        4513.73      2.96836e+8 
        4527.19      2.94398e+8 
        4538.73      2.92245e+8 
        4553.72      2.89392e+8 
        4568.72      2.86489e+8 
        4583.72      2.83551e+8 
        4596.53      2.81018e+8 
        4608.71      2.78623e+8 
         4623.7      2.75608e+8 
         4638.7      2.72552e+8 
         4653.7      2.69438e+8 
        4668.69      2.66217e+8 
        4683.69      2.62791e+8 
        4698.68       2.5911e+8 
        4713.68      2.55026e+8 
        4724.83      2.51611e+8 
        4738.67      2.46758e+8 
        4753.67      2.40742e+8 
        4768.67      2.33154e+8 
        4783.66      2.23591e+8 
        4798.66      2.11023e+8 
        4813.65      1.94641e+8 
        4828.65      1.73864e+8 
        4839.16      1.55962e+8 
        4849.39      1.35691e+8 
        4859.63      1.07365e+8 
        4870.76      1.29005e+8 
        4882.91      1.51518e+8 
        4893.63      1.67375e+8 
        4908.63       1.8401e+8 
         4921.7      1.94288e+8 
        4933.62       2.0089e+8 
        4948.62      2.06003e+8 
        4963.61      2.08785e+8 
        4978.61      2.09889e+8 
        4993.61      2.09987e+8 
         5008.6      2.09408e+8 
         5023.6      2.08319e+8 
        5038.59      2.06911e+8 
        5053.59      2.05309e+8 
        5068.59      2.03568e+8 
        5083.58      2.01757e+8 
        5098.58      1.99914e+8 
        5113.57      1.98055e+8 
        5128.57      1.96194e+8 
        5143.57      1.94336e+8 
        5158.56      1.92487e+8 
        5173.56      1.90649e+8 
        5188.55      1.88826e+8 
        5203.55      1.87017e+8 
        5218.55      1.85225e+8 
        5233.54       1.8345e+8 
        5248.54      1.81692e+8 
        5263.53      1.79953e+8 
        5278.53      1.78229e+8 
        5293.52      1.76524e+8 
        5308.52      1.74837e+8 
        5323.52      1.73169e+8 
        5338.51      1.71519e+8 
        5353.51      1.69888e+8 
        5368.51      1.68338e+8 
         5383.5      1.66738e+8 
         5398.5      1.65156e+8 
        5413.49      1.63594e+8 
        5428.49      1.62051e+8 
        5443.48      1.60525e+8 
        5458.48      1.59017e+8 
        5473.48      1.57527e+8 
        5488.47      1.56055e+8 
        5503.47      1.54599e+8 
        5518.47      1.53161e+8 
        5533.46       1.5174e+8 
        5548.46      1.50334e+8 
        5563.45      1.48946e+8 
        5578.45      1.47573e+8 
        5593.44      1.46216e+8 
        5608.44      1.44875e+8 
        5623.44      1.43548e+8 
        5638.43      1.42238e+8 
        5653.43      1.40942e+8 
        5668.43       1.3967e+8 
        5682.86      1.38449e+8 
        5693.42      1.37565e+8 
        5704.77      1.36622e+8 
        5715.23       1.3576e+8 
        5728.41      1.34685e+8 
         5743.4      1.33474e+8 
         5758.4      1.32276e+8 
         5773.4      1.31048e+8 
        5788.39      1.29877e+8 
        5803.39      1.28718e+8 
        5818.39      1.27573e+8 
        5833.38       1.2644e+8 
        5848.38      1.25319e+8 
        5863.37      1.24211e+8 
        5878.37      1.23115e+8 
        5893.36      1.22031e+8 
        5908.36      1.20959e+8 
        5923.36      1.19898e+8 
        5938.35      1.18849e+8 
        5953.35       1.1781e+8 
        5968.34      1.16783e+8 
        5983.34      1.15766e+8 
        5998.34       1.1476e+8 
        6013.33      1.13764e+8 
        6028.33      1.12778e+8 
        6043.32      1.11801e+8 
        6058.32      1.10835e+8 
        6073.32      1.09877e+8 
        6088.31      1.08927e+8 
        6103.31      1.07986e+8 
         6118.3      1.07053e+8 
         6133.3      1.06128e+8 
         6148.3      1.05209e+8 
        6163.29      1.04297e+8 
        6178.29      1.03391e+8 
        6193.28       1.0249e+8 
        6208.28      1.01593e+8 
        6223.28        1.007e+8 
        6238.27      9.98071e+7 
        6252.16      9.89825e+7 
        6262.16      9.83947e+7 
        6273.26      9.77415e+7 
        6284.63      9.70714e+7 
        6295.99      9.63982e+7 
        6306.09      9.57972e+7 
        6316.22      9.51893e+7 
        6328.25      9.44589e+7 
        6343.24      9.35394e+7 
        6358.24      9.25988e+7 
        6373.23      9.16267e+7 
        6388.23      9.06101e+7 
        6403.23      8.95279e+7 
        6418.22      8.83513e+7 
        6433.22      8.70378e+7 
        6448.22      8.55148e+7 
        6463.21      8.36958e+7 
        6478.21      8.14857e+7 
         6493.2      7.87528e+7 
         6508.2      7.52559e+7 
        6523.19      7.07251e+7 
        6537.09      6.53263e+7 
        6548.11      5.99972e+7 
        6558.19      5.33684e+7 
        6568.58      5.40979e+7 
        6578.59      5.97638e+7 
        6588.98      6.40244e+7 
        6603.34      6.84446e+7 
        6613.66        7.077e+7 
        6623.98      7.25237e+7 
         6634.3      7.38152e+7 
        6644.62      7.47363e+7 
        6654.94      7.53747e+7 
        6665.26      7.58076e+7 
        6675.58      7.60551e+7 
         6685.9      7.61616e+7 
        6696.23      7.61557e+7 
        6706.55      7.60671e+7 
        6721.34      7.58349e+7 
        6741.06      7.53948e+7 
        6760.77      7.48588e+7 
        6780.49      7.42669e+7 
        6815.08      7.31536e+7 
        6834.48      7.25042e+7 
        6853.88      7.18454e+7 
        6892.68      7.05206e+7 
        6970.27      6.78904e+7 
        6986.58      6.73454e+7 
        7047.86      6.53338e+7 
        7109.15      6.33851e+7 
        7170.43      6.15045e+7 
        7231.71      5.96906e+7 
        7292.99       5.7942e+7 
        7315.03      5.73287e+7 
        7354.27      5.62565e+7 
        7393.51      5.52147e+7 
           7472      5.31919e+7 
        7550.48      5.12614e+7 
        7580.06      5.05567e+7 
        7628.97      4.94179e+7 
        7677.88      4.83111e+7 
        7775.71      4.61902e+7 
        7873.53      4.41846e+7 
        7962.25      4.24593e+7 
        8019.38      4.13952e+7 
        8050.96        4.082e+7 
        8082.55      4.02551e+7 
        8145.72       3.9154e+7 
        8200.85      3.82225e+7 
        8216.85      3.79577e+7 
        8232.84      3.76957e+7 
        8264.83      3.71795e+7 
        8289.72      3.67827e+7 
        8328.82      3.61701e+7 
        8367.92      3.55694e+7 
        8437.95      3.45283e+7 
        8473.98      3.40052e+7 
        8502.48      3.35984e+7 
        8516.58      3.33992e+7 
        8530.98      3.31969e+7 
        8545.38      3.30056e+7 
        8574.18      3.26242e+7 
        8598.39      3.23059e+7 
         8628.6      3.19176e+7 
        8646.81      3.16801e+7 
        8665.01      3.14429e+7 
        8685.59      3.11887e+7 
        8701.43      3.09897e+7 
        8750.47      3.03327e+7 
        8767.92      3.01326e+7 
        8815.35      2.95439e+7 
        8839.07      2.92402e+7 
        8862.78      2.89323e+7 
         8886.5       2.8746e+7 
        8910.21      2.85469e+7 
        8933.93      2.82777e+7 
        8957.65       2.7965e+7 
        8981.36      2.75913e+7 
        8995.25      2.73516e+7 
        9014.91      2.70444e+7 
        9034.57      2.69721e+7 
        9054.23      2.69233e+7 
        9087.39      2.67422e+7 
        9099.72      2.66413e+7 
        9112.05       2.6522e+7 
        9136.72      2.62131e+7 
        9161.38      2.58046e+7 
        9186.05      2.52985e+7 
        9210.71      2.47204e+7 
        9224.43       2.4411e+7 
        9238.16      2.43641e+7 
        9256.46      2.44667e+7 
         9283.9      2.46441e+7 
         9302.2      2.46938e+7 
         9320.5      2.46855e+7 
         9338.8      2.46285e+7 
        9357.09      2.45209e+7 
        9384.08       2.4292e+7 
        9411.07      2.39747e+7 
        9424.57      2.37871e+7 
        9438.06      2.35677e+7 
        9451.56       2.3304e+7 
        9465.05      2.30376e+7 
        9478.54      2.27165e+7 
        9492.04      2.23513e+7 
        9505.53      2.19055e+7 
        9519.03      2.13529e+7 
        9532.52      2.07579e+7 
         9542.6      2.03289e+7 
        9552.69      2.03665e+7 
        9562.77      2.06605e+7 
        9572.85      2.09702e+7 
        9582.93       2.1249e+7 
         9603.1      2.16047e+7 
        9616.54      2.17649e+7 
        9629.99      2.18646e+7 
        9643.43      2.19313e+7 
        9668.45      2.19956e+7 
        9693.47      2.19513e+7 
        9718.49      2.18638e+7 
        9743.51      2.17255e+7 
        9768.54      2.15609e+7 
        9818.58      2.11559e+7 
         9843.6      2.09046e+7 
        9856.11      2.08067e+7 
        9868.62      2.06503e+7 
        9881.13      2.04776e+7 
        9893.64      2.02832e+7 
        9906.15      2.00674e+7 
        9918.67      1.98525e+7 
        9931.18      1.96128e+7 
        9952.82      1.91202e+7 
        9963.64      1.88592e+7 
        9974.46      1.85885e+7 
        9985.28       1.8275e+7 
        9996.11      1.79412e+7 
        10006.9      1.75543e+7 
        10017.8      1.71628e+7 
        10028.6      1.67197e+7 
        10039.4      1.62578e+7 
        10051.9      1.59555e+7 
        10064.3      1.63114e+7 
        10084.3      1.68915e+7 
        10104.2      1.73403e+7 
        10124.1      1.76715e+7 
        10154.1      1.79955e+7 
          10174      1.81384e+7 
        10193.9      1.82137e+7 
        10213.9      1.82679e+7 
        10230.5      1.82708e+7 
        10243.9      1.82515e+7 
        10257.4      1.82212e+7 
        10284.3      1.81311e+7 
        10311.2      1.80119e+7 
        10338.1      1.78779e+7 
        10391.9       1.7588e+7 
        10445.7       1.7243e+7 
        10499.5      1.69231e+7 
        10553.3      1.66167e+7 
        10607.2      1.62698e+7 
          10661      1.58923e+7 
        10687.9       1.5681e+7 
        10714.8      1.54466e+7 
        10741.7      1.51858e+7 
        10768.6      1.48909e+7 
        10795.5      1.45419e+7 
          10809      1.43556e+7 
        10822.4       1.4152e+7 
        10835.9      1.39231e+7 
        10849.3      1.36708e+7 
        10862.8      1.34079e+7 
        10876.2      1.31002e+7 
        10889.7      1.27704e+7 
        10903.1      1.23894e+7 
        10916.6      1.19552e+7 
          10930      1.14268e+7 
        10940.1      1.10706e+7 
        10953.7      1.16293e+7 
        10965.8      1.19456e+7 
        10981.8      1.22999e+7 
        10997.9      1.25709e+7 
        11022.1      1.28806e+7 
        11038.2      1.30287e+7 
        11054.3      1.31467e+7 
        11070.4       1.3228e+7 
        11086.5      1.32854e+7 
        11102.6      1.33316e+7 
        11118.7      1.33553e+7 
        11134.8        1.336e+7 
        11150.9      1.33547e+7 
          11183      1.33116e+7 
        11215.2      1.32379e+7 
          11234      1.31843e+7 
        11247.4      1.31423e+7 
        11260.9      1.30981e+7 
        11287.9      1.30034e+7 
        11341.8      1.28003e+7 
        11395.7      1.25916e+7 
        11449.6      1.24038e+7 
        11503.5      1.21893e+7 
        11557.4      1.19794e+7 
        11611.3      1.17739e+7 
        11665.2      1.15729e+7 
        11719.1      1.13761e+7 
          11773      1.11829e+7 
        11826.9      1.09949e+7 
        11880.8      1.08102e+7 
        11934.7      1.06294e+7 
        11988.6      1.04524e+7 
        12042.5      1.02661e+7 
        12096.4       1.0094e+7 
        12150.3       9.9247e+6 
        12204.2      9.75779e+6 
        12231.6      9.67372e+6 
        12258.1      9.59238e+6 
        12284.6      9.51105e+6 
        12337.6      9.34759e+6 
        12390.6      9.18149e+6 
        12443.6      9.00902e+6 
        12496.6      8.82753e+6 
        12549.6      8.62788e+6 
        12576.1       8.5167e+6 
        12602.6      8.39569e+6 
        12629.1      8.26201e+6 
        12655.6      8.11024e+6 
        12682.1      7.93569e+6 
        12708.6       7.7329e+6 
        12721.9      7.61638e+6 
        12735.1      7.49163e+6 
        12748.4      7.35371e+6 
        12761.6      7.19974e+6 
        12774.9      7.02705e+6 
        12788.1      6.82982e+6 
        12801.4      6.58883e+6 
          12813      6.26094e+6 
        12823.4      6.25504e+6 
        12836.3      6.55713e+6 
        12849.2      6.73586e+6 
        12866.5      6.91483e+6 
        12883.7      7.05064e+6 
        12900.9       7.1573e+6 
        12918.1      7.23989e+6 
        12935.3      7.30467e+6 
        12952.5      7.35177e+6 
        12969.7      7.38541e+6 
        12986.9      7.40854e+6 
        13004.1      7.42154e+6 
        13038.5      7.42412e+6 
        13072.9      7.40549e+6 
        13107.3      7.37143e+6 
        13141.7      7.32638e+6 
        13210.6      7.21812e+6 
        13250.4      7.14904e+6 
        13279.4      7.09695e+6 
        13308.4      7.04395e+6 
        13366.3      6.93661e+6 
        13424.2      6.82875e+6 
        13482.2      6.72153e+6 
        13540.1      6.61566e+6 
          13598      6.51142e+6 
          13656      6.41287e+6 
        13713.9       6.3114e+6 
        13771.9      6.21193e+6 
        13829.8      6.11442e+6 
        13887.7      6.01882e+6 
        13945.7      5.92504e+6 
        14003.6      5.83312e+6 
        14061.5      5.74296e+6 
        14119.5      5.65455e+6 
        14177.4      5.56781e+6 
        14235.4      5.48274e+6 
        14254.5      5.45497e+6 
        14293.3      5.39927e+6 
        14332.1      5.34429e+6 
        14361.6      5.30282e+6 
        14409.6      5.23625e+6 
        14457.6      5.17075e+6 
        14524.1      5.08171e+6 
        14553.7      5.04279e+6 
        14581.2      5.00682e+6 
        14597.2      4.98605e+6 
        14613.2      4.96544e+6 
        14645.2      4.92451e+6 
        14709.2       4.8439e+6 
        14773.2      4.76492e+6 
        14837.1      4.68757e+6 
        14901.1      4.61176e+6 
        14965.1       4.5375e+6 
        15029.1      4.46474e+6 
        15093.1      4.39339e+6 
        15157.1      4.32349e+6 
          15221      4.25497e+6 
          15285      4.18781e+6 
          15349      4.12199e+6 
          15413      4.05743e+6 
        15471.6       3.9994e+6 
        15482.4      3.98885e+6 
        15493.1      3.97842e+6 
        15514.7      3.95765e+6 
        15557.9       3.9165e+6 
        15644.2      3.83582e+6 
        15730.5      3.75719e+6 
        15816.8       3.6806e+6 
        15903.1      3.60592e+6 
        15989.4      3.53313e+6 
        16075.8      3.46219e+6 
        16162.1      3.39301e+6 
        16248.4      3.32556e+6 
        16289.9      3.29374e+6 
        16334.7      3.25981e+6 
        16379.5      3.22629e+6 
        16469.1      3.16192e+6 
        16558.8      3.09913e+6 
        16648.4       3.0379e+6 
          16738      2.97818e+6 
        16827.7      2.91991e+6 
        16917.3      2.86307e+6 
        17006.9      2.80759e+6 
        17096.6      2.75346e+6 
        17186.2      2.70062e+6 
        17275.8      2.64904e+6 
        17327.7      2.61977e+6 
        17365.5      2.59869e+6 
        17403.2      2.57783e+6 
        17478.8      2.53692e+6 
        17554.3      2.49681e+6 
        17629.9      2.45748e+6 
        17705.4      2.41893e+6 
          17781      2.38112e+6 
        17856.5      2.34405e+6 
        17932.1       2.3077e+6 
        18007.6      2.26671e+6 
        18083.2      2.23026e+6 
        18158.7      2.19389e+6 
        18234.3      2.15718e+6 
        18309.8      2.11942e+6 
        18343.7      2.10182e+6 
        18385.3      2.07936e+6 
          18427      2.05549e+6 
        18468.6      2.02933e+6 
        18510.2      1.99993e+6 
        18551.8      1.96574e+6 
        18593.4      1.92469e+6 
        18614.2      1.90084e+6 
          18635      1.87411e+6 
        18655.8      1.84371e+6 
        18676.6      1.80897e+6 
          18687      1.78941e+6 
        18697.4      1.76815e+6 
        18707.8      1.74453e+6 
        18718.2      1.71803e+6 
        18728.6      1.68604e+6 
          18739      1.64105e+6 
        18749.1      1.51742e+6 
        18759.1      1.60852e+6 
        18770.8      1.66291e+6 
        18780.9      1.68943e+6 
          18801      1.72603e+6 
        18814.4       1.7443e+6 
        18827.9      1.75948e+6 
        18841.3        1.772e+6 
        18854.7      1.78255e+6 
        18881.5      1.79833e+6 
        18908.4      1.80867e+6 
        18935.2      1.81485e+6 
        18962.1      1.81771e+6 
        18988.9      1.81791e+6 
        19015.7      1.81607e+6 
        19069.4       1.8079e+6 
        19123.1      1.79602e+6 
        19176.8      1.78193e+6 
        19230.5      1.76658e+6 
        19284.1      1.75045e+6 
        19337.8      1.73388e+6 
        19391.5      1.71711e+6 
        19439.7      1.70197e+6 
        19450.7      1.69853e+6 
        19461.6      1.69505e+6 
        19483.6      1.68811e+6 
        19527.4      1.67424e+6 
        19615.2      1.64894e+6 
        19702.9       1.6212e+6 
        19790.6      1.59403e+6 
        19878.4      1.56743e+6 
        19966.1      1.54138e+6 
        20053.8      1.51586e+6 
        20141.6      1.49086e+6 
        20229.3      1.46639e+6 
          20317       1.4424e+6 
        20335.2      1.43751e+6 
        20404.8      1.41891e+6 
        20474.4       1.4006e+6 
          20544       1.3825e+6 
        20613.6       1.3647e+6 
        20683.2      1.34717e+6 
        20752.8      1.32993e+6 
        20822.5      1.31297e+6 
        20892.1      1.29627e+6 
        20961.7      1.27983e+6 
        21031.3      1.26366e+6 
        21100.9      1.24774e+6 
        21170.5      1.23207e+6 
        21240.1      1.21664e+6 
        21309.7      1.20145e+6 
        21379.4       1.1865e+6 
          21449      1.17178e+6 
        21518.6      1.15728e+6 
        21545.8      1.15169e+6 
        21588.2      1.14302e+6 
        21630.6      1.13442e+6 
        21715.5      1.11745e+6 
        21800.3      1.10079e+6 
        21885.2      1.08444e+6 
          21970      1.06839e+6 
        22054.9      1.05263e+6 
        22139.7      1.03717e+6 
        22224.5      1.02199e+6 
        22309.4      1.00708e+6 
        22394.2          992445 
        22479.1          978075 
        22563.9          963963 
        22648.8          950102 
        22680.4          944997 
        22733.6          936490 
        22784.8          928394 
        22800.8          925881 
        22816.8          923374 
        22848.8          918388 
        22912.8          908517 
        22976.8          898778 
        23040.8          889171 
        23104.8          879690 
        23168.7          870334 
        23232.7          861101 
        23296.7          851994 
        23360.7          843002 
        23424.7          834134 
        23488.6          825378 
        23552.6          816739 
        23616.6          808209 
        23680.6          799793 
        23744.6          791487 
        23808.6          783287 
        23872.5          775194 
        23936.5          767205 
        24000.5          759317 
        24064.5          751532 
        24128.5          743844 
        24192.5          736257 
        24256.4          728765 
        24320.4          721369 
        24384.4          714065 
        24448.4          706855 
        24512.4          699733 
        24576.3          692702 
        24640.3          685759 
        24704.3          678904 
        24768.3          672131 
        24832.3          665446 
        24896.3          658842 
        24960.2          652317 
        25004.4          647859 
        25024.2          645877 
          25044          643901 
        25083.6          639983 
        25162.8          632239 
        25241.9          624608 
        25321.1          617097 
        25400.2          609695 
        25479.4          602404 
        25558.5          595222 
        25637.7          588147 
        25716.9          581176 
          25796          574311 
        25875.2          567544 
        25954.3          560878 
        26033.5          554309 
        26112.7          547837 
        26191.8          541457 
          26271          535170 
        26350.1          528975 
        26429.3          522871 
        26508.4          516852 
        26587.6          510920 
        26666.8          505074 
        26745.9          499309 
        26825.1          493629 
        26904.2          488028 
        26983.4          482508 
        27062.6          477063 
        27141.7          471698 
        27220.9          466404 
        27299.2          461242 
        27377.5          456166 
        27455.8          451161 
        27534.2          446226 
        27612.5          441356 
        27690.8          436556 
        27769.1          431818 
        27847.5          427144 
        27925.8          422535 
        28004.1          417986 
        28082.4          413500 
        28160.8          409070 
        28239.1          404703 
        28317.4          400393 
        28395.7          396142 
          28474          391945 
        28552.4          387804 
        28630.7          383717 
          28709          379683 
        28787.3          375706 
        28865.7          371779 
          28944          367902 
        29022.3          364076 
        29100.6          360300 
          29179          356571 
        29257.3          352892 
        29335.6          349260 
        29413.9          345673 
        29492.3          342135 
        29570.6          338642 
        29648.9          335189 
        29727.2          331784 
        29805.5          328422 
        29883.9          325101 
        29932.6          323056 
        29962.2          321822 
        29991.8          320593 
