# Koester WD models
# teff = 16500 K (value for the effective temperature for the model. Temperatures are given in K)
# logg = 8.25 log(cm/s2) (value for Log(G) for the model.)
#
# column 1: WAVELENGTH (ANGSTROM), Wavelength in Angstrom
# column 2: FLUX (ERG/CM2/S/A), Flux in erg/cm2/s/A
         899.23          864459 
        909.241          961051 
        919.246      2.72227e+6 
        929.261      3.55864e+6 
        939.281      7.13892e+6 
        949.307      2.31591e+6 
        959.474      2.62997e+7 
        969.611        9.917e+6 
        979.746      2.37544e+7 
        989.749      7.18096e+7 
        999.848       1.7871e+8 
        1009.92         6.32e+7 
        1020.36      1.84133e+7 
        1030.42       2.0671e+7 
        1040.43      8.68327e+7 
        1050.45      3.08891e+8 
        1060.47      3.91744e+8 
        1070.68      1.11113e+9 
        1080.89      1.90474e+9 
        1091.44      4.25029e+9 
        1101.54      4.35123e+9 
        1112.18      4.10075e+9 
        1123.78       3.7139e+9 
           1134      3.29104e+9 
        1144.01      2.77528e+9 
        1154.39      2.12553e+9 
        1164.39      1.46556e+9 
         1174.4      8.56863e+8 
        1185.17      3.76335e+8 
        1195.51      1.52113e+8 
        1205.59      7.05112e+7 
        1215.69      7.55135e+6 
        1225.76      7.87566e+7 
        1236.09      1.93357e+8 
        1246.65      5.93255e+8 
        1257.44      1.24964e+9 
        1267.44      1.86039e+9 
        1279.42      2.45805e+9 
        1289.42      2.81896e+9 
        1299.42      3.04709e+9 
        1309.42      3.22111e+9 
        1319.42      3.33288e+9 
        1329.42      3.34404e+9 
        1339.42      3.35506e+9 
        1349.42        3.431e+9 
        1359.42      3.43832e+9 
        1369.42      3.26682e+9 
        1379.42      3.06045e+9 
        1389.42      2.81276e+9 
        1399.42      2.87573e+9 
        1409.42      3.26367e+9 
        1419.42      3.47711e+9 
        1429.42      3.49593e+9 
        1439.42      3.45999e+9 
        1451.39      3.39993e+9 
        1464.42      3.32962e+9 
        1474.42       3.2759e+9 
        1489.42      3.19666e+9 
        1504.42      3.11914e+9 
        1514.42       3.0683e+9 
        1529.42      2.99292e+9 
        1544.42      2.91934e+9 
        1559.42      2.84799e+9 
        1570.19      2.79804e+9 
        1584.41      2.73425e+9 
        1599.41      2.67074e+9 
        1614.41      2.61089e+9 
        1629.41      2.55332e+9 
        1644.41      2.49696e+9 
        1659.41      2.44162e+9 
        1670.17      2.40259e+9 
         1684.4       2.3522e+9 
         1699.4      2.30069e+9 
         1714.4       2.2507e+9 
         1729.4      2.20214e+9 
         1744.4      2.15493e+9 
        1759.39      2.10913e+9 
         1771.7      2.07256e+9 
        1784.39      2.03579e+9 
        1799.39      1.99351e+9 
           1824      1.92671e+9 
        1834.77      1.89848e+9 
        1845.54      1.87084e+9 
           1864      1.82473e+9 
        1876.29      1.79494e+9 
        1888.59      1.76586e+9 
        1906.98      1.72354e+9 
        1919.37      1.69584e+9 
        1931.76      1.66882e+9 
        1944.47      1.64172e+9 
        1956.53      1.61659e+9 
         1967.6      1.59397e+9 
        1992.71      1.54433e+9 
        2017.81       1.4968e+9 
        2042.42      1.45211e+9 
        2067.03      1.40925e+9 
        2091.64      1.36824e+9 
         2116.2      1.32891e+9 
           2129      1.30905e+9 
         2141.8      1.28958e+9 
        2165.47       1.2546e+9 
        2210.96      1.19097e+9 
        2225.89      1.17109e+9 
        2240.83      1.15168e+9 
        2263.91      1.12251e+9 
        2307.04      1.07071e+9 
        2319.23      1.05668e+9 
        2331.41      1.04291e+9 
        2349.21      1.02323e+9 
        2362.35      1.00902e+9 
         2375.5      9.95099e+8 
        2394.29      9.75647e+8 
        2409.27      9.60498e+8 
        2424.25      9.45673e+8 
        2452.24       9.1879e+8 
        2464.64      9.07207e+8 
        2480.05      8.93101e+8 
        2491.16      8.83102e+8 
        2510.01      8.66524e+8 
        2528.86      8.50344e+8 
        2559.23      8.25136e+8 
        2582.27      8.06711e+8 
        2619.97      7.77736e+8 
        2634.63       7.6685e+8 
        2657.67      7.50137e+8 
        2695.37      7.23876e+8 
        2756.11      6.84079e+8 
        2779.15      6.69769e+8 
        2816.85        6.472e+8 
        2831.51      6.38698e+8 
        2854.55      6.25626e+8 
        2892.24      6.05036e+8 
        2952.98      5.73708e+8 
        2976.02      5.62402e+8 
        3013.72      5.44529e+8 
        3051.42      5.27401e+8 
        3089.12      5.11002e+8 
        3103.78      5.04807e+8 
        3126.82      4.95266e+8 
        3143.58      4.88471e+8 
        3195.93      4.68031e+8 
        3248.29      4.48701e+8 
        3300.65       4.3042e+8 
        3346.73      4.15127e+8 
        3392.81      4.00559e+8 
         3432.6      3.88505e+8 
        3445.17      3.84795e+8 
        3457.73      3.81132e+8 
        3482.86      3.73944e+8 
        3522.64      3.62914e+8 
        3533.12      3.60077e+8 
         3543.6      3.57265e+8 
        3564.57      3.51736e+8 
        3591.28       3.4484e+8 
        3635.88      3.33697e+8 
        3647.12      3.30964e+8 
        3658.96      3.28108e+8 
        3671.11      3.25171e+8 
         3682.7      3.22415e+8 
        3692.77      3.20034e+8 
        3702.89      3.17653e+8 
        3712.93      3.15309e+8 
        3723.11      3.12965e+8 
        3733.34       3.1058e+8 
        3743.51       3.0858e+8 
        3753.66      3.06411e+8 
        3764.81      3.03715e+8 
        3775.47      3.02084e+8 
        3786.22      3.00943e+8 
        3796.45      2.92516e+8 
        3808.92      2.99872e+8 
        3818.97      2.98499e+8 
        3830.45      2.81058e+8 
        3840.76      2.82797e+8 
        3851.86      3.01861e+8 
        3861.87      3.04418e+8 
        3872.22      2.89792e+8 
        3883.31      2.55444e+8 
        3893.59      2.50931e+8 
        3904.25      2.88211e+8 
         3915.4      3.13775e+8 
        3926.91      3.21156e+8 
        3937.35      3.12687e+8 
        3947.73      2.87028e+8 
        3958.88      2.44336e+8 
        3969.05      1.95104e+8 
        3979.89      2.36209e+8 
        3990.67      2.79778e+8 
        4001.37      3.13107e+8 
        4013.86      3.35412e+8 
        4025.34       3.4298e+8 
        4035.85      3.43087e+8 
        4047.59      3.35422e+8 
        4058.85      3.17558e+8 
        4071.35      2.83274e+8 
        4082.28      2.46166e+8 
        4093.69      1.98959e+8 
        4103.79       1.6856e+8 
        4114.23      2.15656e+8 
        4125.26      2.55105e+8 
        4135.54      2.85542e+8 
        4145.79      3.11385e+8 
        4156.66      3.29333e+8 
        4168.82      3.40404e+8 
        4183.82      3.46423e+8 
        4198.82      3.47812e+8 
        4213.81      3.46643e+8 
        4224.95      3.44312e+8 
        4238.81      3.39534e+8 
         4253.8      3.31067e+8 
         4268.8      3.16861e+8 
        4283.79      2.94245e+8 
        4298.79      2.64325e+8 
        4311.29       2.3376e+8 
         4323.5      1.98576e+8 
        4333.66        1.639e+8 
        4344.02       1.5009e+8 
        4354.73      1.87039e+8 
        4367.98      2.22709e+8 
        4378.77      2.45814e+8 
        4393.77      2.70951e+8 
        4408.76      2.89088e+8 
        4423.76      2.99016e+8 
        4438.75      3.03283e+8 
        4453.75      3.04379e+8 
        4468.74      3.03775e+8 
        4483.74      3.02177e+8 
        4498.74      3.00115e+8 
        4513.73      2.97754e+8 
        4527.19      2.95463e+8 
        4538.73       2.9341e+8 
        4553.72      2.90657e+8 
        4568.72      2.87826e+8 
        4583.72      2.84935e+8 
        4596.53      2.82424e+8 
        4608.71      2.80043e+8 
         4623.7      2.77013e+8 
         4638.7       2.7392e+8 
         4653.7      2.70743e+8 
        4668.69      2.67416e+8 
        4683.69      2.63815e+8 
        4698.68      2.59874e+8 
        4713.68      2.55411e+8 
        4724.83      2.51618e+8 
        4738.67      2.46167e+8 
        4753.67      2.39421e+8 
        4768.67      2.31032e+8 
        4783.66      2.20501e+8 
        4798.66      2.07128e+8 
        4813.65       1.9031e+8 
        4828.65      1.70021e+8 
        4839.16      1.53085e+8 
        4851.78      1.29104e+8 
        4861.84      9.59615e+7 
        4872.19      1.30545e+8 
        4882.91      1.48799e+8 
        4893.63      1.63767e+8 
        4908.63      1.80093e+8 
         4921.7      1.90857e+8 
        4933.62      1.98133e+8 
        4948.62      2.04234e+8 
        4963.61       2.0787e+8 
        4978.61      2.09686e+8 
        4993.61      2.10381e+8 
         5008.6      2.10253e+8 
         5023.6      2.09474e+8 
        5038.59      2.08275e+8 
        5053.59      2.06817e+8 
        5068.59      2.05167e+8 
        5083.58      2.03417e+8 
        5098.58      2.01621e+8 
        5113.57      1.99795e+8 
        5128.57      1.97957e+8 
        5143.57      1.96115e+8 
        5158.56      1.94275e+8 
        5173.56      1.92442e+8 
        5188.55       1.9062e+8 
        5203.55      1.88811e+8 
        5218.55      1.87015e+8 
        5233.54      1.85235e+8 
        5248.54      1.83471e+8 
        5263.53      1.81723e+8 
        5278.53      1.79991e+8 
        5293.52      1.78275e+8 
        5308.52      1.76578e+8 
        5323.52      1.74899e+8 
        5338.51      1.73238e+8 
        5353.51      1.71596e+8 
        5368.51      1.70057e+8 
         5383.5      1.68442e+8 
         5398.5      1.66847e+8 
        5413.49       1.6527e+8 
        5428.49      1.63712e+8 
        5443.48      1.62172e+8 
        5458.48      1.60649e+8 
        5473.48      1.59145e+8 
        5488.47      1.57658e+8 
        5503.47      1.56188e+8 
        5518.47      1.54736e+8 
        5533.46      1.53301e+8 
        5548.46      1.51882e+8 
        5563.45      1.50479e+8 
        5578.45      1.49093e+8 
        5593.44      1.47722e+8 
        5608.44      1.46368e+8 
        5623.44      1.45028e+8 
        5638.43      1.43705e+8 
        5653.43      1.42395e+8 
        5668.43      1.41133e+8 
        5682.86      1.39898e+8 
        5693.42      1.39003e+8 
        5704.77      1.38049e+8 
        5715.23      1.37177e+8 
        5728.41      1.36089e+8 
         5743.4      1.34864e+8 
         5758.4      1.33652e+8 
         5773.4      1.32393e+8 
        5788.39      1.31207e+8 
        5803.39      1.30034e+8 
        5818.39      1.28874e+8 
        5833.38      1.27727e+8 
        5848.38      1.26593e+8 
        5863.37      1.25471e+8 
        5878.37      1.24361e+8 
        5893.36      1.23263e+8 
        5908.36      1.22177e+8 
        5923.36      1.21103e+8 
        5938.35       1.2004e+8 
        5953.35      1.18988e+8 
        5968.34      1.17946e+8 
        5983.34      1.16916e+8 
        5998.34      1.15896e+8 
        6013.33      1.14887e+8 
        6028.33      1.13887e+8 
        6043.32      1.12898e+8 
        6058.32      1.11918e+8 
        6073.32      1.10946e+8 
        6088.31      1.09981e+8 
        6103.31      1.09024e+8 
         6118.3      1.08075e+8 
         6133.3      1.07132e+8 
         6148.3      1.06196e+8 
        6163.29      1.05266e+8 
        6178.29       1.0434e+8 
        6193.28      1.03417e+8 
        6208.28      1.02497e+8 
        6223.28      1.01576e+8 
        6238.27      1.00654e+8 
        6252.16      9.97999e+7 
        6262.16      9.91933e+7 
        6273.26      9.85178e+7 
        6284.63      9.78229e+7 
        6295.99       9.7123e+7 
        6306.09      9.64972e+7 
        6316.22      9.58613e+7 
        6328.25      9.50948e+7 
        6343.24      9.41265e+7 
        6358.24      9.31243e+7 
        6373.23      9.20823e+7 
        6388.23      9.09852e+7 
        6403.23      8.98068e+7 
        6418.22      8.85147e+7 
        6433.22      8.70611e+7 
        6448.22      8.53728e+7 
        6463.21      8.33637e+7 
        6478.21      8.09428e+7 
         6493.2      7.80174e+7 
         6508.2      7.43901e+7 
        6523.19      6.98577e+7 
         6536.1      6.50382e+7 
        6546.46      6.03666e+7 
        6556.87      5.42211e+7 
        6567.07       5.2644e+7 
        6577.95       5.8995e+7 
        6588.18      6.30593e+7 
        6603.34      6.76247e+7 
        6613.66      6.99667e+7 
        6623.98      7.17973e+7 
         6634.3       7.3206e+7 
        6644.62      7.42644e+7 
        6654.94      7.50492e+7 
        6665.26      7.56181e+7 
        6675.58      7.59876e+7 
         6685.9      7.61993e+7 
        6696.23      7.62813e+7 
        6711.48      7.62358e+7 
        6726.73      7.60473e+7 
        6741.98      7.57586e+7 
        6757.23      7.53995e+7 
        6787.73      7.45519e+7 
        6824.78      7.33926e+7 
        6898.88      7.09142e+7 
        6972.97       6.8411e+7 
        6984.99      6.80079e+7 
        7047.07      6.59574e+7 
        7109.15      6.39657e+7 
        7171.23       6.2043e+7 
        7233.31      6.01891e+7 
        7295.38      5.84022e+7 
        7321.41      5.76727e+7 
        7357.46      5.66806e+7 
        7393.51      5.57174e+7 
        7465.62      5.38362e+7 
        7537.72      5.20333e+7 
        7609.82      5.03057e+7 
        7677.88      4.87402e+7 
        7745.94      4.72367e+7 
           7814      4.57903e+7 
        7882.06      4.43992e+7 
        7937.99      4.32955e+7 
        7950.12      4.30609e+7 
        7962.25      4.28274e+7 
        7986.51      4.23659e+7 
        8035.02      4.14618e+7 
        8082.55      4.05991e+7 
        8152.37      3.93726e+7 
        8177.61      3.89407e+7 
        8200.85       3.8548e+7 
        8216.85      3.82809e+7 
        8232.84      3.80161e+7 
        8264.83       3.7493e+7 
        8289.72      3.70925e+7 
        8328.82      3.64739e+7 
        8367.92      3.58676e+7 
        8437.95      3.48154e+7 
        8473.98      3.42873e+7 
        8502.48      3.38767e+7 
        8516.58      3.36757e+7 
        8530.98      3.34718e+7 
        8545.38      3.32761e+7 
        8574.18      3.28862e+7 
        8598.39      3.25626e+7 
         8628.6      3.21658e+7 
        8646.81      3.19261e+7 
        8665.01       3.1687e+7 
        8685.59      3.14263e+7 
        8701.43      3.12243e+7 
        8750.47      3.05745e+7 
        8767.92      3.03651e+7 
        8815.35      2.97713e+7 
        8862.78      2.91863e+7 
        8900.38      2.88381e+7 
        8929.01      2.85427e+7 
        8957.65      2.81636e+7 
        8986.28       2.7754e+7 
        9000.59      2.75412e+7 
        9014.91      2.73485e+7 
        9029.22      2.72531e+7 
        9043.54      2.71758e+7 
        9057.85      2.70923e+7 
        9072.17      2.69968e+7 
        9099.72      2.67606e+7 
        9127.26      2.64667e+7 
        9154.81      2.60887e+7 
        9182.36      2.56222e+7 
         9209.9      2.50933e+7 
        9229.01      2.47792e+7 
        9248.11      2.47377e+7 
        9267.22       2.4788e+7 
        9286.33      2.48122e+7 
        9305.43      2.48015e+7 
        9324.54      2.47431e+7 
        9341.42      2.46561e+7 
        9362.75      2.45011e+7 
        9384.08      2.43051e+7 
        9405.42      2.40613e+7 
        9426.75      2.37811e+7 
        9448.09      2.34323e+7 
        9469.42       2.3039e+7 
        9480.09      2.28093e+7 
        9490.75      2.25574e+7 
        9501.42      2.22799e+7 
        9512.09      2.19613e+7 
        9522.76      2.15885e+7 
        9533.42      2.12009e+7 
         9544.4      2.08298e+7 
        9555.37      2.09466e+7 
        9567.91       2.1228e+7 
        9580.45      2.14807e+7 
           9593      2.16655e+7 
        9605.54      2.17857e+7 
        9618.08      2.18863e+7 
        9630.62      2.19417e+7 
        9642.96      2.19812e+7 
         9655.7      2.20131e+7 
        9668.45      2.20132e+7 
        9693.94       2.1955e+7 
        9719.44      2.18556e+7 
        9744.93       2.1709e+7 
        9770.42      2.15383e+7 
        9795.92        2.134e+7 
        9821.41      2.11136e+7 
        9846.91      2.08956e+7 
         9872.4      2.05798e+7 
        9893.95      2.02606e+7 
        9908.67      2.00118e+7 
        9923.39      1.97518e+7 
         9938.1      1.94702e+7 
        9952.82      1.91399e+7 
        9967.53      1.88048e+7 
        9982.25      1.84348e+7 
        9996.97      1.80221e+7 
        10011.7      1.75515e+7 
        10026.4      1.70432e+7 
          10037      1.66648e+7 
        10047.3      1.63739e+7 
        10057.6      1.64399e+7 
        10074.1      1.68276e+7 
        10090.6      1.71877e+7 
        10107.1      1.74779e+7 
        10123.6      1.77193e+7 
        10140.1      1.78745e+7 
        10156.6       1.8036e+7 
          10173      1.81387e+7 
        10189.5      1.82081e+7 
          10206      1.82602e+7 
        10222.5      1.82819e+7 
        10237.2       1.8275e+7 
        10266.5      1.82171e+7 
        10295.8      1.81154e+7 
        10325.2      1.79851e+7 
        10383.8      1.76856e+7 
        10442.5      1.73106e+7 
        10501.1      1.69616e+7 
        10559.8      1.66235e+7 
        10618.4      1.62289e+7 
        10647.7      1.60153e+7 
          10677      1.57828e+7 
        10706.4      1.55208e+7 
        10735.7      1.52271e+7 
          10765      1.49036e+7 
        10794.3      1.45169e+7 
          10809      1.43099e+7 
        10823.7      1.40887e+7 
        10838.3      1.38391e+7 
          10853      1.35694e+7 
        10867.7      1.32789e+7 
        10882.3       1.2944e+7 
          10897      1.25834e+7 
        10911.6      1.21635e+7 
        10924.9      1.17413e+7 
        10936.4      1.11939e+7 
        10947.2      1.15224e+7 
        10960.4      1.18824e+7 
        10973.6      1.21644e+7 
        10986.8      1.24024e+7 
        11000.1      1.25907e+7 
        11013.3      1.27618e+7 
        11026.5        1.289e+7 
        11039.7      1.30083e+7 
          11053      1.31029e+7 
        11066.2       1.3173e+7 
        11092.6      1.32814e+7 
        11119.1      1.33413e+7 
        11145.5      1.33564e+7 
          11172      1.33451e+7 
        11188.8      1.33253e+7 
        11224.9      1.32506e+7 
        11260.9      1.31484e+7 
          11297      1.30278e+7 
          11333      1.28964e+7 
        11405.1      1.26221e+7 
        11477.2      1.23697e+7 
        11549.3      1.20857e+7 
        11621.4      1.18097e+7 
        11693.5      1.15415e+7 
        11765.6      1.12809e+7 
        11837.7      1.10276e+7 
        11909.8      1.07813e+7 
        11981.9      1.05419e+7 
          12054      1.02907e+7 
        12126.1      1.00594e+7 
        12198.2      9.83221e+6 
          12256      9.65163e+6 
        12270.3      9.60671e+6 
        12284.6      9.56172e+6 
        12313.3      9.47112e+6 
        12370.6      9.28721e+6 
        12427.9       9.0956e+6 
        12485.2      8.89108e+6 
        12542.6      8.66555e+6 
        12571.2      8.53935e+6 
        12599.9      8.40071e+6 
        12628.5      8.24825e+6 
        12657.2      8.07637e+6 
        12685.9      7.87845e+6 
        12700.2      7.76888e+6 
        12714.5      7.64902e+6 
        12728.9      7.51774e+6 
        12743.2       7.3779e+6 
        12757.5      7.22004e+6 
        12771.8      7.04801e+6 
        12786.2      6.84795e+6 
        12800.5       6.6013e+6 
        12811.2      6.33565e+6 
        12822.5      6.23336e+6 
        12835.5       6.5363e+6 
        12851.6      6.74977e+6 
        12864.6      6.87619e+6 
        12877.5      6.97763e+6 
        12890.4      7.06679e+6 
        12903.4      7.13946e+6 
        12916.3       7.2015e+6 
        12929.2      7.25485e+6 
        12942.2      7.29735e+6 
        12968.1      7.36063e+6 
        12993.9      7.40002e+6 
        13019.8      7.41799e+6 
        13045.7      7.42154e+6 
        13071.6      7.41397e+6 
        13097.4        7.396e+6 
        13149.2      7.33882e+6 
        13200.9      7.26462e+6 
        13252.7      7.18011e+6 
        13300.5       7.0961e+6 
        13316.2      7.06796e+6 
        13331.8      7.03962e+6 
        13363.1      6.98244e+6 
        13425.6      6.86702e+6 
        13488.2      6.75179e+6 
        13550.7      6.63778e+6 
        13613.2       6.5255e+6 
        13675.8      6.42016e+6 
        13738.3      6.31077e+6 
        13800.9       6.2037e+6 
        13863.4      6.09887e+6 
          13926      5.99623e+6 
        13988.5      5.89576e+6 
          14051      5.79737e+6 
        14113.6      5.70105e+6 
        14176.1      5.60671e+6 
        14238.7      5.51428e+6 
        14270.3      5.46819e+6 
        14301.2      5.42377e+6 
        14332.1      5.37979e+6 
        14393.8      5.29292e+6 
        14453.4      5.21068e+6 
        14470.3      5.18777e+6 
        14487.1      5.16497e+6 
        14520.8      5.11973e+6 
        14581.2      5.03981e+6 
        14597.2      5.01891e+6 
        14613.2      4.99812e+6 
        14645.2      4.95687e+6 
        14709.2      4.87566e+6 
        14773.2      4.79611e+6 
        14837.1      4.71814e+6 
        14901.1      4.64177e+6 
        14965.1      4.56696e+6 
        15029.1      4.49364e+6 
        15093.1      4.42176e+6 
        15157.1      4.35133e+6 
          15221       4.2823e+6 
          15285      4.21464e+6 
          15349      4.14832e+6 
          15413      4.08329e+6 
        15471.6      4.02485e+6 
        15482.4       4.0142e+6 
        15493.1      4.00365e+6 
        15514.7      3.98269e+6 
        15557.9      3.94113e+6 
        15644.2       3.8596e+6 
        15730.5      3.78022e+6 
        15816.8      3.70287e+6 
        15903.1      3.62747e+6 
        15989.4      3.55399e+6 
        16075.8      3.48236e+6 
        16162.1      3.41256e+6 
        16248.4      3.34448e+6 
        16289.9      3.31234e+6 
        16334.7      3.27806e+6 
        16379.5      3.24426e+6 
        16469.1      3.17907e+6 
        16558.8      3.11554e+6 
        16648.4      3.05358e+6 
          16738      2.99316e+6 
        16827.7      2.93422e+6 
        16917.3      2.87673e+6 
        17006.9      2.82064e+6 
        17096.6      2.76591e+6 
        17186.2       2.7125e+6 
        17275.8      2.66037e+6 
        17327.7      2.63079e+6 
        17365.5      2.60949e+6 
        17403.2      2.58842e+6 
        17478.8      2.54725e+6 
        17554.3      2.50689e+6 
        17629.9      2.46733e+6 
        17705.4      2.42855e+6 
          17781      2.39052e+6 
        17856.5      2.35323e+6 
        17932.1      2.31667e+6 
        18007.6      2.27385e+6 
        18083.2      2.23683e+6 
        18158.7      2.19973e+6 
        18234.3      2.16208e+6 
        18309.8      2.12306e+6 
        18343.7      2.10474e+6 
        18385.3      2.08125e+6 
          18427      2.05618e+6 
        18468.6      2.02865e+6 
        18510.2       1.9977e+6 
        18551.8      1.96191e+6 
        18593.4      1.91947e+6 
        18614.2      1.89506e+6 
          18635      1.86803e+6 
        18655.8      1.83766e+6 
        18676.6      1.80345e+6 
          18687      1.78425e+6 
        18697.4      1.76331e+6 
        18707.8         1.74e+6 
        18718.2      1.71396e+6 
        18728.6      1.68236e+6 
          18739      1.63684e+6 
        18749.1      1.51396e+6 
        18759.1      1.60362e+6 
        18770.8      1.65934e+6 
        18780.9      1.68551e+6 
          18801      1.72143e+6 
        18814.4      1.73932e+6 
        18827.9      1.75409e+6 
        18841.3      1.76631e+6 
        18854.7      1.77679e+6 
        18881.5      1.79291e+6 
        18908.4      1.80401e+6 
        18935.2      1.81114e+6 
        18962.1      1.81501e+6 
        18988.9      1.81626e+6 
        19015.7      1.81543e+6 
        19069.4      1.80904e+6 
        19123.1      1.79851e+6 
        19176.8      1.78546e+6 
        19230.5      1.77086e+6 
        19284.1       1.7553e+6 
        19337.8      1.73915e+6 
        19391.5      1.72269e+6 
        19439.7      1.70777e+6 
        19450.7      1.70436e+6 
        19461.6      1.70093e+6 
        19483.6      1.69405e+6 
        19527.4      1.68031e+6 
        19615.2      1.65588e+6 
        19702.9      1.62808e+6 
        19790.6      1.60086e+6 
        19878.4       1.5742e+6 
        19966.1       1.5481e+6 
        20053.8      1.52253e+6 
        20141.6      1.49749e+6 
        20229.3      1.47295e+6 
          20317      1.44892e+6 
        20335.2      1.44401e+6 
        20404.8      1.42536e+6 
        20474.4      1.40702e+6 
          20544      1.38886e+6 
        20613.6        1.371e+6 
        20683.2      1.35342e+6 
        20752.8      1.33613e+6 
        20822.5       1.3191e+6 
        20892.1      1.30235e+6 
        20961.7      1.28586e+6 
        21031.3      1.26963e+6 
        21100.9      1.25365e+6 
        21170.5      1.23793e+6 
        21240.1      1.22244e+6 
        21309.7       1.2072e+6 
        21379.4       1.1922e+6 
          21449      1.17743e+6 
        21518.6      1.16288e+6 
        21545.8      1.15726e+6 
        21588.2      1.14856e+6 
        21630.6      1.13994e+6 
        21715.5      1.12289e+6 
        21800.3      1.10615e+6 
        21885.2      1.08973e+6 
          21970      1.07361e+6 
        22054.9      1.05779e+6 
        22139.7      1.04226e+6 
        22224.5      1.02701e+6 
        22309.4      1.01204e+6 
        22394.2          997333 
        22479.1          982898 
        22563.9          968720 
        22648.8          954799 
        22680.4          949669 
        22733.6          941124 
        22784.8          932990 
        22800.8          930464 
        22816.8          927948 
        22848.8          922937 
        22912.8          913013 
        22976.8          903227 
        23040.8          893569 
        23104.8          884038 
        23168.7          874635 
        23232.7          865358 
        23296.7          856203 
        23360.7          847168 
        23424.7          838252 
        23488.6          829453 
        23552.6          820769 
        23616.6          812196 
        23680.6          803739 
        23744.6          795388 
        23808.6          787145 
        23872.5          779011 
        23936.5          770978 
        24000.5          763052 
        24064.5          755226 
        24128.5          747498 
        24192.5          739870 
        24256.4          732340 
        24320.4          724904 
        24384.4          717565 
        24448.4          710314 
        24512.4          703158 
        24576.3          696089 
        24640.3          689111 
        24704.3          682219 
        24768.3          675414 
        24832.3          668691 
        24896.3          662053 
        24960.2          655496 
        25004.4          651017 
        25024.2          649022 
          25044          647036 
        25083.6          643097 
        25162.8          635309 
        25241.9          627637 
        25321.1          620078 
        25400.2          612636 
        25479.4          605303 
        25558.5          598081 
        25637.7          590965 
        25716.9          583956 
          25796          577051 
        25875.2          570246 
        25954.3          563539 
        26033.5          556932 
        26112.7          550423 
        26191.8          544008 
          26271          537687 
        26350.1          531454 
        26429.3          525315 
        26508.4          519261 
        26587.6          513295 
        26666.8          507414 
        26745.9          501618 
        26825.1          495907 
        26904.2          490274 
        26983.4          484719 
        27062.6          479247 
        27141.7          473846 
        27220.9          468525 
        27299.2          463335 
        27377.5          458226 
        27455.8          453190 
        27534.2          448224 
        27612.5          443326 
        27690.8          438494 
        27769.1          433725 
        27847.5          429025 
        27925.8          424385 
        28004.1          419811 
        28082.4          415297 
        28160.8          410842 
        28239.1          406447 
        28317.4          402111 
        28395.7          397836 
          28474          393613 
        28552.4          389448 
        28630.7          385338 
          28709          381283 
        28787.3          377280 
        28865.7          373328 
          28944          369429 
        29022.3          365581 
        29100.6          361783 
          29179          358035 
        29257.3          354334 
        29335.6          350683 
        29413.9          347077 
        29492.3          343517 
        29570.6          340002 
        29648.9          336534 
        29727.2          333109 
        29805.5          329729 
        29883.9          326389 
        29932.6          324332 
        29962.2          323091 
        29991.8          321856 
