# Koester WD models
# teff = 16000 K (value for the effective temperature for the model. Temperatures are given in K)
# logg = 8.75 log(cm/s2) (value for Log(G) for the model.)
#
# column 1: WAVELENGTH (ANGSTROM), Wavelength in Angstrom
# column 2: FLUX (ERG/CM2/S/A), Flux in erg/cm2/s/A
         899.23          579231 
        909.241          647105 
        919.241      1.64678e+6 
        929.261      2.20841e+6 
        939.271      4.69432e+6 
         949.28      1.29073e+6 
        959.289      1.49891e+7 
        969.297      7.14172e+6 
        979.305       1.3774e+7 
        989.312      3.44862e+7 
        999.319      6.50869e+7 
        1009.33      3.54746e+7 
        1019.33      1.39926e+7 
        1029.34      1.24083e+7 
        1039.34      4.00852e+7 
        1049.35      1.03715e+8 
        1059.36      1.19772e+8 
        1069.36      4.13273e+8 
        1079.36      4.30012e+8 
        1089.37      2.30894e+9 
        1099.37      2.60891e+9 
        1109.38      2.47271e+9 
        1119.38      2.18046e+9 
        1129.38      1.89703e+9 
        1139.39       1.5126e+9 
        1149.39      1.10738e+9 
        1159.39      7.30125e+8 
        1169.39      4.31011e+8 
         1179.4      2.31165e+8 
         1189.4       1.2493e+8 
         1199.4      7.02991e+7 
         1209.4       3.8564e+7 
        1219.41      3.56813e+7 
        1229.41      6.48909e+7 
        1239.41      1.43724e+8 
        1249.41       3.0665e+8 
        1259.41       5.8236e+8 
        1269.41       9.4402e+8 
        1279.42      1.33032e+9 
        1289.42      1.68883e+9 
        1299.42      1.96161e+9 
        1309.42      2.19807e+9 
        1319.42      2.38543e+9 
        1329.42      2.44225e+9 
        1339.42      2.49501e+9 
        1349.42      2.65083e+9 
        1359.42      2.71402e+9 
        1369.42      2.51211e+9 
        1379.42      2.25438e+9 
        1389.42      1.96188e+9 
        1399.42      2.06774e+9 
        1409.42      2.68402e+9 
        1419.42      3.10895e+9 
        1429.42       3.2053e+9 
        1439.42       3.1983e+9 
        1454.42      3.14247e+9 
        1464.42      3.09794e+9 
        1474.42      3.05328e+9 
        1489.42      2.98623e+9 
        1504.42       2.9185e+9 
        1514.42       2.8724e+9 
        1529.42      2.80042e+9 
        1544.42      2.72822e+9 
        1559.42      2.65801e+9 
        1570.19       2.6081e+9 
        1584.41      2.54563e+9 
        1599.41      2.48872e+9 
        1614.41      2.44085e+9 
        1629.41      2.39612e+9 
        1644.41      2.35016e+9 
        1659.41      2.30207e+9 
        1670.17      2.26691e+9 
         1684.4      2.22059e+9 
         1699.4      2.17273e+9 
         1714.4      2.12601e+9 
         1729.4      2.08052e+9 
         1744.4      2.03628e+9 
        1759.39      1.99329e+9 
         1771.7      1.95896e+9 
        1784.39      1.92445e+9 
        1799.39       1.8847e+9 
           1824       1.8218e+9 
        1834.77      1.79521e+9 
        1845.54      1.76919e+9 
           1864      1.72579e+9 
        1876.29      1.69774e+9 
        1888.59      1.67037e+9 
        1906.98      1.63057e+9 
        1919.37      1.60449e+9 
        1931.76      1.57903e+9 
        1944.47      1.55349e+9 
        1956.53      1.52976e+9 
         1967.6      1.50847e+9 
        1992.71       1.4618e+9 
        2017.81      1.41712e+9 
        2042.42      1.37516e+9 
        2067.03      1.33491e+9 
        2091.64      1.29641e+9 
         2116.2      1.25955e+9 
           2129      1.24094e+9 
         2141.8       1.2227e+9 
        2165.47       1.1899e+9 
        2210.96      1.13022e+9 
        2225.91      1.11154e+9 
        2240.86      1.09329e+9 
        2263.91      1.06597e+9 
        2306.93      1.01751e+9 
        2319.34      1.00411e+9 
        2331.75      9.90978e+8 
        2350.78      9.71299e+8 
        2362.35      9.59565e+8 
        2373.93      9.48032e+8 
        2384.89      9.37288e+8 
        2397.08      9.25532e+8 
        2409.27       9.1398e+8 
        2433.66      8.91471e+8 
        2451.59       8.7538e+8 
        2466.76      8.62088e+8 
        2488.39      8.43606e+8 
        2510.01      8.25727e+8 
         2547.3      7.96051e+8 
        2559.23      7.86865e+8 
        2571.17      7.77846e+8 
        2595.04      7.60221e+8 
        2627.89      7.36823e+8 
        2642.78      7.26531e+8 
        2657.67      7.16431e+8 
        2687.45      6.96799e+8 
        2737.93      6.65151e+8 
        2756.11      6.54227e+8 
        2766.75      6.47957e+8 
        2810.65      6.22918e+8 
        2854.55      5.99161e+8 
        2898.45      5.76649e+8 
        2931.71      5.60316e+8 
        2942.34      5.55223e+8 
        2952.98       5.5019e+8 
        2974.26      5.40323e+8 
        3016.81      5.21262e+8 
        3051.42      5.06415e+8 
        3091.41      4.89969e+8 
        3120.64      4.78395e+8 
        3149.86      4.67174e+8 
        3168.31      4.60281e+8 
         3208.3      4.45795e+8 
        3248.29       4.3189e+8 
        3288.29       4.1857e+8 
        3309.83      4.11605e+8 
        3322.09      4.07713e+8 
        3346.73      4.00028e+8 
        3383.63      3.88885e+8 
        3445.17       3.7117e+8 
        3469.81      3.64374e+8 
        3495.92       3.5734e+8 
        3506.71      3.54485e+8 
         3543.6      3.44934e+8 
        3591.28      3.33072e+8 
        3635.88      3.22428e+8 
        3647.12       3.1982e+8 
        3658.96      3.17094e+8 
        3671.11      3.14282e+8 
         3682.7      3.11656e+8 
        3692.77      3.09387e+8 
        3702.89      3.07117e+8 
        3712.93       3.0488e+8 
        3723.11       3.0263e+8 
        3733.35      3.00362e+8 
        3743.66      2.98235e+8 
         3753.7      2.96116e+8 
        3764.81      2.93641e+8 
         3775.5      2.91738e+8 
        3786.22      2.89957e+8 
        3796.45      2.85383e+8 
        3807.84      2.87163e+8 
        3818.92      2.85486e+8 
        3830.45      2.76348e+8 
        3840.76      2.76661e+8 
        3851.98         2.85e+8 
        3862.01      2.84871e+8 
        3872.59      2.75145e+8 
         3884.4      2.53124e+8 
        3894.46      2.55001e+8 
        3906.57      2.78807e+8 
        3918.71      2.90894e+8 
        3928.89      2.91582e+8 
        3939.22      2.82653e+8 
        3951.72      2.57804e+8 
        3961.86      2.26476e+8 
        3972.06      2.04301e+8 
        3982.23      2.38401e+8 
        3993.87      2.70852e+8 
        4006.37      2.94173e+8 
        4018.86      3.04626e+8 
        4032.38      3.06761e+8 
        4043.86      3.02174e+8 
        4056.32      2.88294e+8 
        4068.71      2.63391e+8 
        4078.85       2.3783e+8 
        4090.29      2.01729e+8 
        4100.67      1.60279e+8 
        4111.66      1.94234e+8 
        4122.41      2.27151e+8 
        4133.78      2.54566e+8 
        4143.83      2.76433e+8 
        4158.83      2.98364e+8 
        4173.82      3.09497e+8 
        4188.82      3.14426e+8 
        4203.81      3.15655e+8 
        4216.52      3.14693e+8 
        4228.81      3.11961e+8 
        4243.81      3.05718e+8 
         4258.8      2.94977e+8 
         4273.8       2.7806e+8 
        4288.79      2.54836e+8 
        4303.79      2.27451e+8 
        4314.07      2.05762e+8 
        4326.14      1.75506e+8 
        4336.17      1.44111e+8 
        4346.88      1.50715e+8 
        4357.43      1.79829e+8 
        4367.98      2.02402e+8 
        4378.77      2.21545e+8 
        4393.77      2.43593e+8 
        4408.76      2.61114e+8 
        4423.76      2.73268e+8 
        4438.75      2.80091e+8 
        4453.75      2.83275e+8 
        4468.74       2.8423e+8 
        4483.74      2.83879e+8 
        4498.74       2.8281e+8 
        4513.73      2.81257e+8 
        4527.19       2.7957e+8 
        4538.73      2.77965e+8 
        4553.72      2.75714e+8 
        4568.72      2.73309e+8 
        4583.72      2.70776e+8 
        4596.53      2.68517e+8 
        4608.71      2.66344e+8 
         4623.7      2.63485e+8 
         4638.7      2.60486e+8 
         4653.7      2.57323e+8 
        4668.69       2.5391e+8 
        4683.69      2.50101e+8 
        4698.68      2.45765e+8 
        4713.68      2.40654e+8 
        4724.83      2.36222e+8 
        4738.67      2.29777e+8 
        4753.67      2.21748e+8 
        4768.67      2.12411e+8 
        4783.66      2.01176e+8 
        4798.66      1.88074e+8 
        4813.65      1.72875e+8 
        4828.65      1.55466e+8 
        4839.16      1.40944e+8 
        4849.39      1.24132e+8 
        4859.63      9.95872e+7 
        4869.82      1.16815e+8 
        4880.09      1.33266e+8 
        4893.63      1.49967e+8 
        4908.63      1.63999e+8 
         4921.7      1.73916e+8 
        4933.62      1.81237e+8 
        4948.62      1.88427e+8 
        4963.61       1.9345e+8 
        4978.61      1.96843e+8 
        4993.61      1.98982e+8 
         5008.6      2.00033e+8 
         5023.6      2.00176e+8 
        5038.59      1.99673e+8 
        5053.59      1.98746e+8 
        5068.59      1.97526e+8 
        5083.58      1.96131e+8 
        5098.58      1.94633e+8 
        5113.57      1.93064e+8 
        5128.57      1.91447e+8 
        5143.57      1.89795e+8 
        5158.56      1.88125e+8 
        5173.56      1.86447e+8 
        5188.55      1.84766e+8 
        5203.55      1.83087e+8 
        5218.55      1.81413e+8 
        5233.54      1.79746e+8 
        5248.54      1.78089e+8 
        5263.53      1.76443e+8 
        5278.53      1.74809e+8 
        5293.52      1.73188e+8 
        5308.52      1.71582e+8 
        5323.52      1.69989e+8 
        5338.51      1.68412e+8 
        5353.51       1.6685e+8 
        5368.51      1.65468e+8 
         5383.5      1.63921e+8 
         5398.5       1.6239e+8 
        5413.49      1.60876e+8 
        5428.49      1.59379e+8 
        5443.48        1.579e+8 
        5458.48      1.56437e+8 
        5473.48      1.54991e+8 
        5488.47      1.53562e+8 
        5503.47      1.52149e+8 
        5518.47      1.50752e+8 
        5533.46      1.49371e+8 
        5548.46      1.48005e+8 
        5563.45      1.46655e+8 
        5578.45       1.4532e+8 
        5593.44         1.44e+8 
        5608.44      1.42694e+8 
        5623.44      1.41403e+8 
        5638.43      1.40126e+8 
        5653.43      1.38863e+8 
        5668.43      1.37835e+8 
        5682.86      1.36635e+8 
        5693.42      1.35766e+8 
        5704.77       1.3484e+8 
        5715.23      1.33993e+8 
        5728.41      1.32936e+8 
         5743.4      1.31746e+8 
         5758.4      1.30569e+8 
         5773.4      1.29284e+8 
        5788.39       1.2813e+8 
        5803.39      1.26988e+8 
        5818.39      1.25859e+8 
        5833.38      1.24743e+8 
        5848.38      1.23639e+8 
        5863.37      1.22546e+8 
        5878.37      1.21465e+8 
        5893.36      1.20395e+8 
        5908.36      1.19336e+8 
        5923.36      1.18287e+8 
        5938.35      1.17249e+8 
        5953.35      1.16221e+8 
        5968.34      1.15203e+8 
        5983.34      1.14195e+8 
        5998.34      1.13196e+8 
        6013.33      1.12207e+8 
        6028.33      1.11227e+8 
        6043.32      1.10255e+8 
        6058.32       1.0929e+8 
        6073.32      1.08332e+8 
        6088.31      1.07377e+8 
        6103.31      1.06429e+8 
         6118.3      1.05486e+8 
         6133.3      1.04546e+8 
         6148.3      1.03611e+8 
        6163.29      1.02679e+8 
        6178.29      1.01747e+8 
        6193.28      1.00814e+8 
        6208.28      9.98766e+7 
        6223.28      9.89332e+7 
        6238.27      9.79794e+7 
        6252.16      9.70897e+7 
        6262.16      9.64569e+7 
        6273.26      9.57473e+7 
        6284.63      9.50112e+7 
        6295.99      9.42651e+7 
        6306.09      9.36003e+7 
        6316.22      9.29201e+7 
        6328.25      9.20926e+7 
        6343.24      9.10276e+7 
        6358.24      8.99124e+7 
        6373.23      8.87381e+7 
        6388.23      8.74868e+7 
        6403.23      8.61302e+7 
        6418.22      8.46339e+7 
        6433.22      8.29588e+7 
        6448.22      8.10408e+7 
        6463.21      7.88241e+7 
        6478.21      7.62512e+7 
         6493.2      7.32808e+7 
         6508.2      6.97886e+7 
        6523.19      6.55459e+7 
         6536.1      6.10694e+7 
        6546.46      5.67475e+7 
        6556.87      5.11605e+7 
        6567.09      4.96698e+7 
        6577.95      5.54859e+7 
        6588.18      5.92366e+7 
        6603.34      6.34994e+7 
        6613.66      6.57064e+7 
        6623.98      6.74915e+7 
         6634.3      6.89265e+7 
        6644.62      7.00918e+7 
        6654.94      7.10405e+7 
        6665.26      7.17904e+7 
        6675.58      7.23572e+7 
         6685.9        7.277e+7 
        6696.23      7.30442e+7 
        6711.48      7.32588e+7 
        6726.73      7.32993e+7 
        6741.98       7.3207e+7 
        6757.23      7.30141e+7 
        6772.48      7.27505e+7 
        6802.98      7.20672e+7 
        6824.78      7.14929e+7 
        6868.37      7.02334e+7 
        6911.97      6.89068e+7 
        6955.56      6.75323e+7 
        6976.35       6.6871e+7 
        7042.75      6.47705e+7 
        7109.15      6.27125e+7 
        7175.54      6.07201e+7 
        7241.94       5.8799e+7 
        7308.33      5.69492e+7 
        7355.95      5.56662e+7 
        7374.73      5.51862e+7 
        7393.51      5.46936e+7 
        7431.08      5.37256e+7 
        7506.22      5.18532e+7 
        7581.35      5.00619e+7 
         7635.1      4.88282e+7 
        7656.49      4.83475e+7 
        7677.88      4.78732e+7 
        7720.67       4.6942e+7 
        7806.23      4.51469e+7 
        7821.36      4.48384e+7 
         7891.8      4.34369e+7 
        7962.25      4.20898e+7 
        7982.84      4.17062e+7 
        8032.69      4.07948e+7 
        8082.55      3.99083e+7 
        8161.68      3.85502e+7 
        8182.26      3.82065e+7 
        8200.85      3.78992e+7 
        8216.85      3.76375e+7 
        8232.84      3.73784e+7 
        8264.83       3.6866e+7 
        8289.72      3.64739e+7 
        8328.82      3.58679e+7 
        8367.92      3.52744e+7 
        8437.95      3.42424e+7 
        8473.98      3.37253e+7 
        8502.48      3.33235e+7 
        8516.58      3.31268e+7 
        8530.98      3.29273e+7 
        8545.38      3.27326e+7 
        8574.18      3.23455e+7 
        8598.39      3.20248e+7 
         8628.6      3.16311e+7 
        8646.81      3.13952e+7 
        8665.01      3.11611e+7 
        8685.59      3.09013e+7 
        8701.43      3.07021e+7 
        8750.47      3.00792e+7 
        8767.92      2.98679e+7 
        8815.35      2.92903e+7 
        8862.78      2.87394e+7 
        8900.38      2.83483e+7 
        8957.65      2.76931e+7 
        8986.28       2.7346e+7 
        9014.91      2.70054e+7 
        9043.54      2.67551e+7 
        9072.17      2.65051e+7 
        9099.72      2.62385e+7 
        9127.26      2.59571e+7 
        9154.81      2.56367e+7 
        9182.36        2.528e+7 
         9209.9      2.49048e+7 
        9229.01       2.4677e+7 
        9248.11        2.453e+7 
        9267.22      2.44598e+7 
        9305.43      2.42899e+7 
        9343.64      2.40366e+7 
        9379.63      2.37246e+7 
        9397.45      2.35448e+7 
        9415.28      2.33505e+7 
        9450.94      2.28977e+7 
        9468.76      2.26468e+7 
        9486.59      2.23611e+7 
        9498.52      2.21613e+7 
        9522.24      2.16847e+7 
         9534.1      2.14301e+7 
        9545.97      2.11988e+7 
        9557.83      2.12345e+7 
        9569.68      2.13289e+7 
        9581.55      2.14073e+7 
        9593.41      2.14592e+7 
         9611.2       2.1497e+7 
        9634.92      2.14947e+7 
        9648.82      2.14859e+7 
        9668.45      2.14379e+7 
        9688.08      2.13657e+7 
        9727.33      2.11677e+7 
        9766.58      2.09092e+7 
        9805.83      2.06008e+7 
        9815.86      2.05128e+7 
        9845.09      2.02236e+7 
        9884.34      1.98097e+7 
        9918.58      1.93102e+7 
         9935.7      1.90409e+7 
        9952.82       1.8734e+7 
        9969.94      1.84121e+7 
        9987.06      1.80637e+7 
        10004.2      1.76767e+7 
        10021.3      1.72548e+7 
        10035.3      1.69207e+7 
        10045.9      1.67268e+7 
        10056.4      1.67001e+7 
        10066.9      1.68051e+7 
        10077.4      1.69397e+7 
        10091.5      1.71185e+7 
        10105.5      1.72733e+7 
        10119.5      1.74107e+7 
        10133.6      1.75054e+7 
        10147.6      1.75925e+7 
        10175.7      1.77069e+7 
        10203.7      1.77763e+7 
        10226.4      1.77838e+7 
        10237.2      1.77722e+7 
          10248      1.77508e+7 
        10269.6      1.77087e+7 
        10312.9      1.75582e+7 
        10356.2      1.73664e+7 
        10377.8      1.72624e+7 
        10399.4      1.71549e+7 
        10421.1      1.70448e+7 
        10442.7      1.68545e+7 
        10464.3      1.67313e+7 
        10485.9      1.66061e+7 
        10529.2      1.63484e+7 
        10572.5      1.61044e+7 
        10615.7      1.58059e+7 
          10659      1.54766e+7 
        10702.3      1.50966e+7 
        10745.5      1.46433e+7 
        10767.1      1.44048e+7 
        10788.8      1.41341e+7 
        10810.4      1.38343e+7 
          10832      1.35308e+7 
        10853.7       1.3174e+7 
        10875.3      1.27757e+7 
        10886.1       1.2559e+7 
        10896.9      1.23241e+7 
        10907.8      1.20759e+7 
        10918.6      1.17997e+7 
        10930.8      1.14326e+7 
        10941.1      1.12353e+7 
        10951.5      1.15337e+7 
          10971      1.18932e+7 
        10990.5      1.21664e+7 
        11019.8      1.24748e+7 
        11039.3      1.26279e+7 
        11058.9      1.27342e+7 
        11078.4       1.2825e+7 
        11097.9      1.28976e+7 
        11117.4      1.29413e+7 
        11136.9      1.29614e+7 
        11156.4      1.29844e+7 
        11195.5      1.29742e+7 
        11208.1      1.29584e+7 
        11234.5      1.29136e+7 
        11260.9      1.28539e+7 
        11313.7      1.26998e+7 
        11366.5      1.25223e+7 
        11419.2      1.23352e+7 
          11472      1.21873e+7 
        11524.8       1.1984e+7 
        11577.5      1.17848e+7 
        11630.3      1.15897e+7 
        11683.1      1.13987e+7 
        11735.9      1.12116e+7 
        11788.6      1.10282e+7 
        11841.4      1.08486e+7 
        11894.2      1.06726e+7 
          11947      1.05001e+7 
        11999.7       1.0331e+7 
        12052.5      1.01322e+7 
        12105.3      9.96369e+6 
          12158      9.79655e+6 
        12210.8      9.62986e+6 
        12242.6      9.52936e+6 
        12263.6      9.46213e+6 
        12284.6      9.39446e+6 
        12326.7      9.25639e+6 
        12410.8      8.96642e+6 
        12452.9      8.80969e+6 
          12495      8.64152e+6 
        12537.1      8.46056e+6 
        12579.1      8.25878e+6 
        12621.2      8.02774e+6 
        12642.2      7.90472e+6 
        12663.3      7.76825e+6 
        12684.3      7.61751e+6 
        12705.3      7.45553e+6 
        12726.4      7.27137e+6 
        12747.4       7.0694e+6 
        12757.9      6.95439e+6 
        12768.5      6.83856e+6 
          12779      6.70903e+6 
        12789.5      6.56847e+6 
          12800      6.40294e+6 
        12810.5      6.18796e+6 
        12821.2      6.07418e+6 
        12834.8      6.32139e+6 
        12847.6      6.47941e+6 
        12866.8      6.65138e+6 
        12879.6      6.74217e+6 
        12892.4      6.82555e+6 
        12905.2      6.89466e+6 
          12918      6.95681e+6 
        12930.8      7.00867e+6 
        12943.6      7.05055e+6 
        12956.4      7.08913e+6 
          12982      7.14857e+6 
        13007.6       7.1852e+6 
        13033.2       7.2082e+6 
        13058.8      7.21938e+6 
        13084.3      7.21907e+6 
        13109.9      7.20933e+6 
        13135.5      7.19189e+6 
        13186.7      7.14294e+6 
        13237.9      7.07725e+6 
        13269.8      7.03038e+6 
        13289.1      7.00051e+6 
        13308.4      6.96972e+6 
        13346.9      6.90616e+6 
        13423.9       6.7739e+6 
          13501        6.639e+6 
          13578      6.50442e+6 
        13655.1      6.38196e+6 
        13732.1      6.24878e+6 
        13809.2       6.1191e+6 
        13886.2      5.99271e+6 
        13963.3      5.86956e+6 
        14040.3      5.74959e+6 
        14117.4      5.63259e+6 
        14194.4      5.51855e+6 
        14210.9      5.49455e+6 
        14271.5      5.40737e+6 
        14332.1      5.32192e+6 
        14392.7      5.23763e+6 
        14448.8      5.16095e+6 
        14466.4       5.1372e+6 
        14484.1      5.11357e+6 
        14519.3      5.06676e+6 
        14581.2      4.98574e+6 
        14597.2      4.96507e+6 
        14613.2      4.94452e+6 
        14645.2      4.90374e+6 
        14709.2      4.82344e+6 
        14773.2      4.74478e+6 
        14837.1      4.66768e+6 
        14901.1      4.59219e+6 
        14965.1      4.51821e+6 
        15029.1       4.4457e+6 
        15093.1      4.37467e+6 
        15157.1      4.30502e+6 
          15221      4.23678e+6 
          15285      4.16987e+6 
          15349      4.10427e+6 
          15413      4.03999e+6 
        15471.6      3.98219e+6 
        15482.4      3.97166e+6 
        15493.1       3.9612e+6 
        15514.7      3.94037e+6 
        15557.9      3.89916e+6 
        15644.2      3.81829e+6 
        15730.5       3.7395e+6 
        15816.8      3.66275e+6 
        15903.1      3.58795e+6 
        15989.4      3.51507e+6 
        16075.8        3.444e+6 
        16162.1      3.37473e+6 
        16248.4      3.30715e+6 
        16289.9       3.2753e+6 
        16334.7      3.24128e+6 
        16379.5      3.20772e+6 
        16469.1      3.14269e+6 
        16558.8      3.07929e+6 
        16648.4      3.01747e+6 
          16738      2.95721e+6 
        16827.7      2.89845e+6 
        16917.3      2.84113e+6 
        17006.9      2.78523e+6 
        17096.6      2.73069e+6 
        17186.2      2.67749e+6 
        17275.8      2.62558e+6 
        17327.7      2.59612e+6 
        17365.5      2.57492e+6 
        17403.2      2.55394e+6 
        17478.8      2.51308e+6 
        17554.3      2.47303e+6 
        17629.9      2.43378e+6 
        17705.4      2.39531e+6 
          17781      2.35759e+6 
        17856.5      2.32061e+6 
        17894.3      2.30239e+6 
        17932.1      2.28436e+6 
        17969.8      2.25551e+6 
        18007.6      2.23663e+6 
        18083.2      2.19875e+6 
        18158.7      2.16041e+6 
        18234.3      2.12096e+6 
        18309.8      2.07939e+6 
        18343.7      2.05962e+6 
        18385.3      2.03408e+6 
          18427      2.00656e+6 
        18468.6       1.9764e+6 
        18510.2       1.9425e+6 
        18551.8      1.90382e+6 
        18593.4      1.85886e+6 
        18614.2      1.83346e+6 
          18635      1.80579e+6 
        18655.8      1.77538e+6 
        18676.6      1.74222e+6 
          18687      1.72394e+6 
        18697.4      1.70434e+6 
        18707.8      1.68249e+6 
        18718.2      1.65745e+6 
        18728.6      1.62687e+6 
          18739      1.58241e+6 
        18749.1      1.46905e+6 
        18759.1      1.54972e+6 
        18770.8      1.60462e+6 
        18784.2      1.63692e+6 
        18797.7      1.65948e+6 
        18811.1      1.67678e+6 
        18824.5      1.69144e+6 
        18837.9      1.70376e+6 
        18851.3      1.71472e+6 
        18878.2      1.73265e+6 
          18905      1.74616e+6 
        18931.9      1.75591e+6 
        18958.7      1.76252e+6 
        18985.5      1.76646e+6 
        19012.4      1.76823e+6 
        19066.1      1.76654e+6 
        19119.7      1.75992e+6 
        19173.4      1.74999e+6 
        19227.1      1.73788e+6 
        19280.8      1.72432e+6 
        19334.5       1.7098e+6 
        19388.2      1.69465e+6 
          19433      1.68168e+6 
        19450.7      1.67652e+6 
        19468.3      1.67131e+6 
        19503.7      1.66083e+6 
        19574.4      1.64557e+6 
        19645.1      1.62333e+6 
        19715.8      1.60146e+6 
        19786.5      1.57996e+6 
        19857.2      1.55881e+6 
          19928      1.53801e+6 
        19998.7      1.51757e+6 
        20069.4      1.49745e+6 
        20140.1      1.47767e+6 
        20210.8      1.45821e+6 
        20281.5      1.43907e+6 
        20352.2      1.42024e+6 
        20371.4      1.41517e+6 
        20422.9      1.40171e+6 
        20474.4      1.38841e+6 
        20525.9      1.37519e+6 
        20577.4      1.36213e+6 
        20628.9      1.34922e+6 
        20680.4      1.33646e+6 
        20731.8      1.32385e+6 
        20783.3      1.31139e+6 
        20834.8      1.29908e+6 
        20886.3      1.28691e+6 
        20937.8      1.27487e+6 
        20989.3      1.26299e+6 
        21040.8      1.25123e+6 
        21092.3      1.23962e+6 
        21143.8      1.22814e+6 
        21195.3      1.21679e+6 
        21246.7      1.20557e+6 
        21298.2      1.19448e+6 
        21349.7      1.18352e+6 
        21401.2      1.17268e+6 
        21452.7      1.16197e+6 
        21504.2      1.15137e+6 
        21555.7       1.1409e+6 
        21583.7      1.13524e+6 
        21607.2      1.13054e+6 
        21630.6      1.12587e+6 
        21677.5      1.11655e+6 
        21771.2      1.09821e+6 
          21865      1.08024e+6 
        21958.7      1.06264e+6 
        22052.5      1.04539e+6 
        22146.2      1.02849e+6 
          22240      1.01193e+6 
        22333.8          995693 
        22427.5          979787 
        22521.3          964192 
          22615          948909 
        22630.7          946383 
        22708.8          933926 
        22784.8          921982 
        22800.8          919491 
        22816.8          917003 
        22848.8          912058 
        22912.8          902265 
        22976.8          892602 
        23040.8          883067 
        23104.8          873661 
        23168.7          864378 
        23232.7          855217 
        23296.7          846175 
        23360.7          837253 
        23424.7          828447 
        23488.6          819758 
        23552.6          811181 
        23616.6          802715 
        23680.6          794358 
        23744.6          786108 
        23808.6          777968 
        23872.5          769932 
        23936.5          762000 
        24000.5          754168 
        24064.5          746436 
        24128.5          738802 
        24192.5          731265 
        24256.4          723826 
        24320.4          716478 
        24384.4          709224 
        24448.4          702064 
        24512.4          694989 
        24576.3          688006 
        24640.3          681110 
        24704.3          674299 
        24768.3          667576 
        24832.3          660935 
        24896.3          654378 
        24960.2          647900 
        25004.4          643474 
        25024.2          641504 
          25044          639540 
        25083.6          635648 
        25162.8          627951 
        25241.9          620367 
        25321.1          612900 
        25400.2          605545 
        25479.4          598297 
        25558.5          591160 
        25637.7          584126 
        25716.9          577195 
          25796          570372 
        25875.2          563646 
        25954.3          557017 
        26033.5          550486 
        26112.7          544048 
        26191.8          537706 
          26271          531457 
        26350.1          525296 
        26429.3          519227 
        26508.4          513242 
        26587.6          507342 
        26666.8          501530 
        26745.9          495800 
        26825.1          490148 
        26904.2          484581 
        26983.4          479090 
        27062.6          473674 
        27141.7          468336 
        27220.9          463074 
        27299.2          457937 
        27377.5          452870 
        27455.8          447875 
        27534.2          442949 
        27612.5          438089 
        27690.8          433295 
        27769.1          428567 
        27847.5          423905 
        27925.8          419305 
        28004.1          414766 
        28082.4          410289 
        28160.8          405872 
        28239.1          401514 
        28317.4          397217 
        28395.7          392976 
          28474          388791 
        28552.4          384660 
        28630.7          380585 
          28709          376564 
        28787.3          372596 
        28865.7          368678 
          28944          364814 
        29022.3          361000 
        29100.6          357237 
          29179          353520 
        29257.3          349851 
        29335.6          346232 
        29413.9          342660 
        29492.3          339132 
        29570.6          335651 
        29648.9          332211 
        29727.2          328818 
        29805.5          325469 
        29883.9          322161 
        29932.6          320125 
        29962.2          318894 
        29991.8          317672 
