# Koester WD models
# teff = 16000 K (value for the effective temperature for the model. Temperatures are given in K)
# logg = 8.25 log(cm/s2) (value for Log(G) for the model.)
#
# column 1: WAVELENGTH (ANGSTROM), Wavelength in Angstrom
# column 2: FLUX (ERG/CM2/S/A), Flux in erg/cm2/s/A
         899.23          546493 
        909.241          610562 
        919.246      1.86953e+6 
        929.261      2.45217e+6 
        939.271      4.94355e+6 
        949.319      1.63662e+6 
        959.513      1.80398e+7 
        969.643      6.89504e+6 
        979.746      1.60787e+7 
        989.827      4.45117e+7 
        999.881      1.07088e+8 
        1009.95      4.00895e+7 
        1020.01      1.35791e+7 
        1030.15      1.41778e+7 
        1040.25      5.37998e+7 
        1050.45      1.83903e+8 
        1060.47      2.34444e+8 
        1070.68      7.12375e+8 
        1080.89      1.30479e+9 
        1090.96      3.28362e+9 
        1101.29      3.41639e+9 
        1111.52      3.21888e+9 
        1123.78      2.86532e+9 
        1133.99      2.49754e+9 
        1144.24      2.04568e+9 
        1154.39      1.51925e+9 
        1164.39      1.00133e+9 
         1174.4      5.56191e+8 
        1184.77      2.46769e+8 
        1194.86      1.08522e+8 
         1205.1      5.34677e+7 
        1215.13       5.4156e+6 
        1225.33      5.64444e+7 
        1235.45      1.23845e+8 
        1245.71      3.55707e+8 
        1255.81      7.80372e+8 
        1265.91      1.28463e+9 
        1277.42      1.80337e+9 
        1287.42      2.16081e+9 
        1297.42       2.4064e+9 
        1309.42      2.62046e+9 
        1319.42      2.74483e+9 
        1329.42      2.76934e+9 
        1339.42      2.78742e+9 
        1349.42      2.87467e+9 
        1359.42       2.8984e+9 
        1369.42      2.74452e+9 
        1379.42      2.54232e+9 
        1389.42      2.30596e+9 
        1399.42       2.3715e+9 
        1409.42      2.78178e+9 
        1419.42      3.02032e+9 
        1429.42      3.05335e+9 
        1439.42      3.02811e+9 
        1454.42      2.96594e+9 
        1464.42      2.92084e+9 
        1474.42      2.87594e+9 
        1489.42      2.80949e+9 
        1504.42      2.74396e+9 
        1514.42      2.70062e+9 
        1529.42      2.63557e+9 
        1544.42      2.57154e+9 
        1559.42      2.50945e+9 
        1570.19      2.46581e+9 
        1584.41      2.41028e+9 
        1599.41      2.35596e+9 
        1614.41      2.30589e+9 
        1629.41        2.258e+9 
        1644.41      2.21063e+9 
        1659.41      2.16349e+9 
        1670.17      2.12998e+9 
         1684.4      2.08655e+9 
         1699.4      2.04206e+9 
         1714.4      1.99879e+9 
         1729.4      1.95666e+9 
         1744.4       1.9157e+9 
        1759.39      1.87591e+9 
         1771.7      1.84411e+9 
        1784.39      1.81214e+9 
        1799.39      1.77538e+9 
           1824      1.71722e+9 
        1834.77       1.6926e+9 
        1845.54      1.66848e+9 
           1864      1.62822e+9 
        1876.29      1.60219e+9 
        1888.59      1.57676e+9 
        1906.98      1.53976e+9 
        1919.37      1.51555e+9 
        1931.76      1.49193e+9 
        1944.47       1.4682e+9 
        1956.53      1.44619e+9 
         1967.6      1.42638e+9 
        1992.71      1.38287e+9 
        2017.81      1.34116e+9 
        2067.03      1.26436e+9 
         2116.2       1.1938e+9 
           2129      1.17634e+9 
         2141.8      1.15924e+9 
        2165.47      1.12847e+9 
        2210.96      1.07246e+9 
        2225.89      1.05494e+9 
        2240.83      1.03782e+9 
        2263.91      1.01209e+9 
        2307.04      9.66382e+8 
        2319.23      9.53992e+8 
        2331.41      9.41831e+8 
        2349.21      9.24445e+8 
        2362.35      9.11891e+8 
         2375.5      8.99576e+8 
        2394.29      8.82345e+8 
        2409.27      8.68936e+8 
        2424.25      8.55811e+8 
        2452.24      8.32004e+8 
        2464.64      8.21731e+8 
        2480.05      8.09215e+8 
        2491.16      8.00346e+8 
        2510.01      7.85634e+8 
        2528.86      7.71261e+8 
        2559.23      7.48849e+8 
        2582.27      7.32459e+8 
        2619.97      7.06682e+8 
        2634.63      6.96991e+8 
        2657.67      6.82106e+8 
        2695.37      6.58707e+8 
        2756.11      6.23254e+8 
        2779.15      6.10503e+8 
        2816.85       5.9039e+8 
        2854.55      5.71126e+8 
        2892.24      5.52716e+8 
         2906.9       5.4577e+8 
        2929.94      5.35089e+8 
        2946.71      5.27489e+8 
        2999.07      5.04694e+8 
        3051.42       4.8319e+8 
        3103.78      4.62904e+8 
        3143.58      4.48211e+8 
        3195.94      4.29823e+8 
        3248.29      4.12409e+8 
        3300.65      3.95938e+8 
        3346.73      3.82153e+8 
        3392.81      3.69015e+8 
        3432.61      3.58138e+8 
        3445.17      3.54793e+8 
        3457.72      3.51488e+8 
        3482.82         3.45e+8 
        3522.47       3.3506e+8 
        3533.03      3.32472e+8 
         3543.6      3.29908e+8 
        3564.74      3.24863e+8 
        3591.28      3.18658e+8 
        3635.88      3.08563e+8 
        3647.12      3.06085e+8 
        3658.96      3.03495e+8 
        3671.11      3.00828e+8 
         3682.7      2.98327e+8 
        3692.77      2.96165e+8 
        3702.89      2.94001e+8 
        3712.93      2.91872e+8 
        3723.11      2.89741e+8 
        3733.34      2.87563e+8 
        3743.51      2.85774e+8 
        3753.66      2.83798e+8 
        3764.81      2.81347e+8 
        3775.47      2.79918e+8 
        3786.22      2.78986e+8 
        3796.45      2.70823e+8 
        3808.92      2.78255e+8 
        3818.97      2.77101e+8 
        3830.45      2.60263e+8 
        3840.76      2.62009e+8 
        3851.86      2.80547e+8 
        3861.87       2.8315e+8 
        3872.22      2.69298e+8 
        3883.31      2.36423e+8 
        3893.59      2.32111e+8 
        3904.25      2.67936e+8 
         3915.4      2.92353e+8 
        3926.91      2.99435e+8 
        3937.35      2.91473e+8 
        3947.73      2.67275e+8 
        3958.88      2.26855e+8 
        3969.05      1.79971e+8 
        3979.89      2.19256e+8 
        3990.67      2.60648e+8 
        4001.37      2.92298e+8 
        4013.86      3.13659e+8 
        4025.34      3.21005e+8 
        4035.85      3.21184e+8 
        4047.59      3.13878e+8 
        4058.85      2.96837e+8 
        4071.35      2.64338e+8 
        4082.28      2.29405e+8 
        4093.69      1.84829e+8 
        4103.79      1.56084e+8 
        4114.23      2.00778e+8 
        4125.26      2.38039e+8 
        4135.54      2.66886e+8 
        4145.79      2.91651e+8 
        4156.33       3.0867e+8 
        4168.82      3.20043e+8 
        4183.82      3.26144e+8 
        4198.82      3.27725e+8 
        4213.81      3.26788e+8 
        4224.95      3.24633e+8 
        4238.81      3.20087e+8 
         4253.8      3.11899e+8 
         4268.8      2.98101e+8 
        4283.79       2.7622e+8 
        4298.79      2.47546e+8 
        4311.29      2.18603e+8 
         4323.5      1.85507e+8 
        4333.66      1.52676e+8 
        4344.02      1.39663e+8 
        4354.73      1.74716e+8 
        4367.98      2.08386e+8 
        4378.77      2.30337e+8 
        4393.77      2.54555e+8 
        4408.76      2.72382e+8 
        4423.76      2.82379e+8 
        4438.75      2.86857e+8 
        4453.75      2.88194e+8 
        4468.74      2.87824e+8 
        4483.74      2.86449e+8 
        4498.74      2.84603e+8 
        4513.73      2.82451e+8 
        4527.19      2.80342e+8 
        4538.73      2.78441e+8 
        4553.72      2.75882e+8 
        4568.72      2.73239e+8 
        4583.72      2.70532e+8 
        4596.53      2.68174e+8 
        4608.71      2.65936e+8 
         4623.7      2.63077e+8 
         4638.7       2.6015e+8 
         4653.7      2.57135e+8 
        4668.69      2.53966e+8 
        4683.69      2.50514e+8 
        4698.68      2.46712e+8 
        4713.68      2.42379e+8 
        4724.83       2.3868e+8 
        4738.67      2.33346e+8 
        4753.67      2.26731e+8 
        4768.67      2.18512e+8 
        4783.66      2.08219e+8 
        4798.66      1.95237e+8 
        4813.65      1.79089e+8 
        4828.65      1.59807e+8 
        4839.16      1.43801e+8 
        4849.39      1.25787e+8 
        4859.63      9.99765e+7 
        4870.41      1.19132e+8 
        4882.91      1.39829e+8 
        4893.63      1.54023e+8 
        4908.63      1.69619e+8 
         4921.7      1.80067e+8 
        4933.62      1.87231e+8 
        4948.62      1.93368e+8 
        4963.61       1.9711e+8 
        4978.61      1.99074e+8 
        4993.61       1.9993e+8 
         5008.6      1.99957e+8 
         5023.6      1.99326e+8 
        5038.59      1.98266e+8 
        5053.59      1.96938e+8 
        5068.59      1.95412e+8 
        5083.58      1.93782e+8 
        5098.58      1.92101e+8 
        5113.57      1.90389e+8 
        5128.57       1.8866e+8 
        5143.57      1.86925e+8 
        5158.56       1.8519e+8 
        5173.56       1.8346e+8 
        5188.55      1.81739e+8 
        5203.55      1.80029e+8 
        5218.55      1.78331e+8 
        5233.54      1.76647e+8 
        5248.54      1.74978e+8 
        5263.53      1.73324e+8 
        5278.53      1.71684e+8 
        5293.52      1.70061e+8 
        5308.52      1.68454e+8 
        5323.52      1.66864e+8 
        5338.51      1.65292e+8 
        5353.51      1.63736e+8 
        5368.51      1.62286e+8 
         5383.5      1.60755e+8 
         5398.5      1.59243e+8 
        5413.49      1.57747e+8 
        5428.49      1.56269e+8 
        5443.48      1.54809e+8 
        5458.48      1.53365e+8 
        5473.48      1.51938e+8 
        5488.47      1.50527e+8 
        5503.47      1.49133e+8 
        5518.47      1.47755e+8 
        5533.46      1.46393e+8 
        5548.46      1.45046e+8 
        5563.45      1.43715e+8 
        5578.45      1.42399e+8 
        5593.44      1.41098e+8 
        5608.44      1.39812e+8 
        5623.44      1.38541e+8 
        5638.43      1.37284e+8 
        5653.43      1.36041e+8 
        5668.43      1.34847e+8 
        5682.86      1.33673e+8 
        5693.42      1.32823e+8 
        5704.77      1.31917e+8 
        5715.23      1.31088e+8 
        5728.41      1.30053e+8 
         5743.4      1.28889e+8 
         5758.4      1.27737e+8 
         5773.4      1.26534e+8 
        5788.39      1.25406e+8 
        5803.39      1.24291e+8 
        5818.39      1.23189e+8 
        5833.38      1.22098e+8 
        5848.38      1.21019e+8 
        5863.37      1.19952e+8 
        5878.37      1.18897e+8 
        5893.36      1.17853e+8 
        5908.36      1.16819e+8 
        5923.36      1.15797e+8 
        5938.35      1.14785e+8 
        5953.35      1.13784e+8 
        5968.34      1.12793e+8 
        5983.34      1.11812e+8 
        5998.34      1.10841e+8 
        6013.33       1.0988e+8 
        6028.33      1.08928e+8 
        6043.32      1.07985e+8 
        6058.32      1.07051e+8 
        6073.32      1.06125e+8 
        6088.31      1.05205e+8 
        6103.31      1.04292e+8 
         6118.3      1.03387e+8 
         6133.3      1.02491e+8 
         6148.3      1.01598e+8 
        6163.29      1.00709e+8 
        6178.29      9.98241e+7 
        6193.28      9.89413e+7 
        6208.28      9.80604e+7 
        6223.28      9.71789e+7 
        6238.27      9.62945e+7 
        6252.16      9.54749e+7 
        6262.16      9.48934e+7 
        6273.26       9.4245e+7 
        6284.63      9.35774e+7 
        6295.99      9.29047e+7 
        6306.09      9.23025e+7 
        6316.22      9.16902e+7 
        6328.25      9.09507e+7 
        6343.24      9.00113e+7 
        6358.24      8.90406e+7 
        6373.23      8.80284e+7 
        6388.23      8.69593e+7 
        6403.23      8.58073e+7 
        6418.22      8.45415e+7 
        6433.22      8.31155e+7 
        6448.22      8.14558e+7 
        6463.21      7.94826e+7 
        6478.21      7.71104e+7 
         6493.2      7.42619e+7 
         6508.2      7.07562e+7 
        6523.19      6.64045e+7 
         6536.1      6.17901e+7 
        6546.46      5.73121e+7 
        6556.87      5.14316e+7 
        6567.07      4.99303e+7 
        6577.95       5.6013e+7 
        6588.18      5.99209e+7 
        6603.34      6.43109e+7 
        6613.66      6.65716e+7 
        6623.98      6.83523e+7 
         6634.3      6.97402e+7 
        6644.62      7.07952e+7 
        6654.94      7.15897e+7 
        6665.26      7.21771e+7 
        6675.58      7.25702e+7 
         6685.9      7.28074e+7 
        6696.23      7.29161e+7 
        6711.48      7.29095e+7 
        6726.73      7.27587e+7 
        6741.98      7.25061e+7 
        6757.23      7.21815e+7 
        6787.73      7.14002e+7 
        6824.78      7.03158e+7 
        6898.88      6.79743e+7 
        6972.97      6.55965e+7 
        6984.99      6.52132e+7 
        7047.07      6.32597e+7 
        7109.15      6.13606e+7 
        7171.23      5.95266e+7 
        7233.31      5.77572e+7 
        7295.38       5.6051e+7 
        7321.41      5.53539e+7 
        7357.46      5.44061e+7 
        7393.51      5.34866e+7 
        7465.62       5.1688e+7 
        7537.72      4.99642e+7 
        7609.82       4.8312e+7 
        7677.88      4.68151e+7 
        7745.94      4.53769e+7 
           7814      4.39933e+7 
        7882.06      4.26625e+7 
        7937.99      4.16066e+7 
        7950.12       4.1382e+7 
        7962.25      4.11589e+7 
        7986.51      4.07172e+7 
        8035.02      3.98517e+7 
        8082.55      3.90258e+7 
        8152.37      3.78515e+7 
        8177.61      3.74377e+7 
        8200.85      3.70617e+7 
        8216.85       3.6806e+7 
        8232.84      3.65521e+7 
        8264.83      3.60513e+7 
        8289.72      3.56678e+7 
        8328.82      3.50749e+7 
        8367.92      3.44944e+7 
        8437.95      3.34866e+7 
        8473.98      3.29808e+7 
        8502.48      3.25877e+7 
        8516.58      3.23952e+7 
        8530.98      3.21998e+7 
        8545.38      3.20125e+7 
        8574.18      3.16396e+7 
        8598.39      3.13294e+7 
         8628.6      3.09498e+7 
        8646.81      3.07199e+7 
        8665.01      3.04909e+7 
        8685.59      3.02413e+7 
        8701.43       3.0048e+7 
        8750.47      2.94242e+7 
        8767.92      2.92239e+7 
        8815.35      2.86551e+7 
        8862.78      2.80933e+7 
        8900.38      2.77632e+7 
        8929.01      2.74812e+7 
        8957.65      2.71166e+7 
        8986.28      2.67215e+7 
        9000.59      2.65155e+7 
        9014.91      2.63288e+7 
        9029.22        2.624e+7 
        9043.54      2.61688e+7 
        9057.85      2.60909e+7 
        9072.17      2.60011e+7 
        9099.72      2.57766e+7 
        9127.26      2.54947e+7 
        9154.81      2.51292e+7 
        9182.36      2.46758e+7 
         9209.9      2.41603e+7 
        9224.23       2.3907e+7 
        9238.56      2.38404e+7 
        9252.89      2.38348e+7 
        9267.22       2.3874e+7 
        9286.33      2.39029e+7 
        9305.43       2.3897e+7 
        9324.54      2.38446e+7 
        9341.42      2.37629e+7 
        9362.75      2.36154e+7 
        9384.08      2.34275e+7 
        9405.42      2.31929e+7 
        9426.75      2.29223e+7 
        9448.09      2.25855e+7 
        9469.42      2.22039e+7 
        9480.09      2.19802e+7 
        9490.75      2.17345e+7 
        9501.42      2.14621e+7 
        9512.09      2.11497e+7 
        9522.76       2.0783e+7 
        9533.42      2.04017e+7 
        9544.09      2.00445e+7 
        9560.96       2.0276e+7 
        9575.96      2.06047e+7 
        9590.95      2.08474e+7 
        9605.95      2.10021e+7 
        9620.94       2.1116e+7 
        9635.94      2.11681e+7 
        9663.41      2.12336e+7 
        9673.49      2.12249e+7 
        9683.56      2.12063e+7 
        9703.71      2.11492e+7 
        9723.85      2.10621e+7 
           9744      2.09494e+7 
        9784.29        2.068e+7 
        9824.59      2.03408e+7 
        9844.73      2.01353e+7 
        9864.88       1.9949e+7 
        9885.03      1.96799e+7 
        9905.17      1.93566e+7 
        9925.32      1.90134e+7 
        9938.11      1.87743e+7 
        9952.82      1.84537e+7 
        9967.53      1.81269e+7 
        9982.24      1.77655e+7 
        9996.94      1.73619e+7 
        10011.7      1.69011e+7 
        10026.4      1.64024e+7 
        10037.9      1.60015e+7 
        10049.4      1.57509e+7 
        10060.9       1.5881e+7 
        10078.1      1.62918e+7 
        10089.6      1.65361e+7 
        10101.1      1.67573e+7 
        10112.6      1.69343e+7 
        10124.1      1.70895e+7 
        10135.6      1.72042e+7 
        10147.1      1.73141e+7 
        10170.1      1.74878e+7 
        10193.1      1.75824e+7 
        10216.1      1.76454e+7 
        10237.2      1.76463e+7 
        10258.2      1.76134e+7 
        10279.3      1.75594e+7 
        10300.3      1.74834e+7 
        10342.4       1.7298e+7 
        10384.5      1.70895e+7 
        10426.5        1.687e+7 
        10468.6      1.65821e+7 
        10510.7      1.63385e+7 
        10552.8      1.61125e+7 
        10594.8      1.58441e+7 
        10636.9      1.55561e+7 
          10679      1.52347e+7 
        10721.1      1.48554e+7 
        10742.1      1.46385e+7 
        10763.1      1.44115e+7 
        10784.2      1.41512e+7 
        10805.2      1.38648e+7 
        10826.3      1.35542e+7 
        10847.3       1.3187e+7 
        10857.8      1.29996e+7 
        10868.3      1.27901e+7 
        10878.9      1.25522e+7 
        10889.4      1.23187e+7 
        10899.9      1.20471e+7 
        10910.4      1.17486e+7 
        10920.9      1.14258e+7 
        10931.5      1.10471e+7 
        10942.2      1.08977e+7 
        10953.8      1.12759e+7 
        10967.1      1.15843e+7 
          10987      1.19562e+7 
        11000.3      1.21436e+7 
        11013.5      1.23128e+7 
        11026.8      1.24395e+7 
        11040.1       1.2557e+7 
        11053.3      1.26502e+7 
        11066.6      1.27202e+7 
        11093.1      1.28294e+7 
        11119.7      1.28903e+7 
        11146.2      1.29089e+7 
        11172.7      1.29015e+7 
        11199.3      1.28693e+7 
        11225.8       1.2815e+7 
        11243.8      1.27696e+7 
        11260.9      1.27216e+7 
        11278.1      1.26687e+7 
        11312.4      1.25544e+7 
          11381      1.23075e+7 
        11449.6      1.20845e+7 
        11518.3      1.18204e+7 
        11586.9      1.15635e+7 
        11655.5      1.13136e+7 
        11724.1      1.10703e+7 
        11792.8      1.08335e+7 
        11861.4      1.06029e+7 
          11930      1.03785e+7 
        11998.7      1.01599e+7 
        12067.3      9.92721e+6 
        12135.9      9.71487e+6 
        12204.5      9.50574e+6 
        12261.7      9.33248e+6 
        12273.2      9.29757e+6 
        12284.6      9.26264e+6 
        12307.6      9.19227e+6 
        12353.4      9.04999e+6 
        12445.1      8.74996e+6 
          12491      8.58732e+6 
        12536.9       8.4107e+6 
        12582.7      8.20992e+6 
        12605.7       8.0984e+6 
        12628.6      7.97723e+6 
        12651.5      7.84449e+6 
        12674.5      7.69508e+6 
        12697.4      7.52993e+6 
        12720.3      7.34039e+6 
        12731.8      7.23603e+6 
        12743.3      7.12523e+6 
        12754.7      7.00292e+6 
        12766.2      6.87236e+6 
        12777.7      6.72628e+6 
        12789.1      6.56137e+6 
        12800.6      6.36641e+6 
        12810.6      6.12812e+6 
        12821.4      5.96551e+6 
        12832.4      6.25689e+6 
          12850      6.49628e+6 
        12867.7      6.66439e+6 
        12885.3      6.79338e+6 
          12903       6.8963e+6 
        12920.6       6.9787e+6 
        12938.3      7.04342e+6 
        12955.9      7.09205e+6 
        12973.6      7.12934e+6 
        12991.2      7.15586e+6 
        13008.9      7.17219e+6 
        13044.1       7.1841e+6 
        13079.4      7.17464e+6 
        13114.7      7.14772e+6 
          13150      7.10902e+6 
        13220.6      7.01068e+6 
          13274      6.92442e+6 
        13291.2      6.89532e+6 
        13308.4      6.86579e+6 
        13342.7      6.80591e+6 
        13411.4      6.68418e+6 
        13480.1      6.56184e+6 
        13548.8      6.44077e+6 
        13617.6      6.32154e+6 
        13686.3      6.20964e+6 
          13755      6.09384e+6 
        13823.7      5.98071e+6 
        13892.4      5.87022e+6 
        13961.1      5.76225e+6 
        14029.8      5.65675e+6 
        14098.5      5.55364e+6 
        14167.2      5.45289e+6 
          14236       5.3544e+6 
        14277.3      5.29625e+6 
        14304.7      5.25812e+6 
        14332.1      5.22035e+6 
        14386.9      5.14558e+6 
        14425.7       5.0934e+6 
        14441.7      5.07213e+6 
        14457.6      5.05099e+6 
        14489.6      5.00902e+6 
        14523.7      4.96469e+6 
        14553.4      4.92639e+6 
        14581.2      4.89099e+6 
        14597.2      4.87076e+6 
        14613.2      4.85062e+6 
        14645.2      4.81066e+6 
        14709.2      4.73196e+6 
        14773.2      4.65487e+6 
        14837.1      4.57934e+6 
        14901.1      4.50536e+6 
        14965.1      4.43285e+6 
        15029.1      4.36182e+6 
        15093.1      4.29217e+6 
        15157.1      4.22393e+6 
          15221      4.15702e+6 
          15285      4.09145e+6 
          15349      4.02718e+6 
          15413      3.96416e+6 
        15471.6      3.90751e+6 
        15482.4      3.89721e+6 
        15493.1      3.88697e+6 
        15514.7      3.86664e+6 
        15557.9      3.82637e+6 
        15644.2      3.74739e+6 
        15730.5      3.67045e+6 
        15816.8      3.59546e+6 
        15903.1      3.52239e+6 
        15989.4      3.45113e+6 
        16075.8       3.3817e+6 
        16162.1      3.31403e+6 
        16248.4      3.24803e+6 
        16289.9      3.21687e+6 
        16334.7      3.18366e+6 
        16379.5      3.15086e+6 
        16469.1      3.08771e+6 
        16558.8      3.02614e+6 
        16648.4      2.96609e+6 
          16738      2.90753e+6 
        16827.7      2.85041e+6 
        16917.3      2.79469e+6 
        17006.9      2.74032e+6 
        17096.6      2.68727e+6 
        17186.2       2.6355e+6 
        17275.8      2.58497e+6 
        17327.7      2.55629e+6 
        17365.5      2.53565e+6 
        17403.2      2.51522e+6 
        17478.8      2.47531e+6 
        17554.3       2.4362e+6 
        17629.9      2.39785e+6 
        17705.4      2.36025e+6 
          17781      2.32338e+6 
        17856.5      2.28723e+6 
        17932.1      2.25178e+6 
        18007.6      2.20978e+6 
        18083.2      2.17376e+6 
        18158.7      2.13762e+6 
        18234.3      2.10087e+6 
        18309.8       2.0627e+6 
        18343.7      2.04475e+6 
        18385.3      2.02169e+6 
          18427      1.99703e+6 
        18468.6      1.96994e+6 
        18510.2      1.93938e+6 
        18551.8      1.90409e+6 
        18593.4      1.86226e+6 
        18614.2       1.8382e+6 
          18635      1.81157e+6 
        18655.8      1.78169e+6 
        18676.6      1.74809e+6 
          18687      1.72928e+6 
        18697.4      1.70883e+6 
        18707.8      1.68616e+6 
        18718.2       1.6609e+6 
        18728.6      1.63016e+6 
          18739      1.58591e+6 
        18749.1      1.46978e+6 
        18759.1       1.5542e+6 
        18770.8      1.60784e+6 
        18780.9      1.63336e+6 
          18801      1.66827e+6 
        18814.4      1.68584e+6 
        18827.9      1.70043e+6 
        18841.3      1.71255e+6 
        18854.7      1.72302e+6 
        18881.5      1.73922e+6 
        18908.4       1.7505e+6 
        18935.2      1.75786e+6 
        18962.1      1.76204e+6 
        18988.9      1.76361e+6 
        19015.7      1.76316e+6 
        19069.4       1.7575e+6 
        19123.1       1.7477e+6 
        19176.8      1.73535e+6 
        19230.5      1.72142e+6 
        19284.1      1.70649e+6 
        19337.8      1.69096e+6 
        19391.5      1.67508e+6 
        19439.7      1.66067e+6 
        19450.7      1.65738e+6 
        19461.6      1.65406e+6 
        19483.6      1.64742e+6 
        19527.4      1.63412e+6 
        19615.2      1.61068e+6 
        19702.9      1.58369e+6 
        19790.6      1.55726e+6 
        19878.4      1.53138e+6 
        19966.1      1.50604e+6 
        20053.8      1.48121e+6 
        20141.6      1.45689e+6 
        20229.3      1.43306e+6 
          20317      1.40971e+6 
        20335.2      1.40495e+6 
        20404.8      1.38684e+6 
        20474.4      1.36902e+6 
          20544      1.35138e+6 
        20613.6      1.33403e+6 
        20683.2      1.31695e+6 
        20752.8      1.30015e+6 
        20822.5      1.28361e+6 
        20892.1      1.26733e+6 
        20961.7      1.25131e+6 
        21031.3      1.23554e+6 
        21100.9      1.22002e+6 
        21170.5      1.20474e+6 
        21240.1       1.1897e+6 
        21309.7      1.17489e+6 
        21379.4      1.16031e+6 
          21449      1.14595e+6 
        21518.6      1.13181e+6 
        21545.8      1.12635e+6 
        21588.2      1.11789e+6 
        21630.6      1.10952e+6 
        21715.5      1.09294e+6 
        21800.3      1.07668e+6 
        21885.2      1.06071e+6 
          21970      1.04504e+6 
        22054.9      1.02966e+6 
        22139.7      1.01456e+6 
        22224.5          999733 
        22309.4          985175 
        22394.2          970881 
        22479.1          956847 
        22563.9          943062 
        22648.8          929522 
        22680.4          924536 
        22733.6          916224 
        22784.8          908316 
        22800.8          905856 
        22816.8          903409 
        22848.8          898533 
        22912.8          888882 
        22976.8          879363 
        23040.8          869970 
        23104.8          860699 
        23168.7          851554 
        23232.7          842528 
        23296.7          833622 
        23360.7          824831 
        23424.7          816157 
        23488.6          807597 
        23552.6          799149 
        23616.6          790811 
        23680.6          782580 
        23744.6          774456 
        23808.6          766439 
        23872.5          758525 
        23936.5          750712 
        24000.5          742999 
        24064.5          735387 
        24128.5          727869 
        24192.5          720449 
        24256.4          713123 
        24320.4          705888 
        24384.4          698747 
        24448.4          691694 
        24512.4          684732 
        24576.3          677855 
        24640.3          671066 
        24704.3          664359 
        24768.3          657736 
        24832.3          651199 
        24896.3          644740 
        24960.2          638362 
        25004.4          634002 
        25024.2          632060 
          25044          630128 
        25083.6          626295 
        25162.8          618715 
        25241.9          611250 
        25321.1          603899 
        25400.2          596658 
        25479.4          589523 
        25558.5          582495 
        25637.7          575571 
        25716.9          568751 
          25796          562031 
        25875.2          555408 
        25954.3          548883 
        26033.5          542456 
        26112.7          536119 
        26191.8          529877 
          26271          523722 
        26350.1          517659 
        26429.3          511684 
        26508.4          505793 
        26587.6          499988 
        26666.8          494264 
        26745.9          488621 
        26825.1          483061 
        26904.2          477579 
        26983.4          472172 
        27062.6          466844 
        27141.7          461591 
        27220.9          456414 
        27299.2          451359 
        27377.5          446389 
        27455.8          441488 
        27534.2          436653 
        27612.5          431887 
        27690.8          427184 
        27769.1          422544 
        27847.5          417967 
        27925.8          413452 
        28004.1          409001 
        28082.4          404606 
        28160.8          400270 
        28239.1          395995 
        28317.4          391775 
        28395.7          387613 
          28474          383504 
        28552.4          379448 
        28630.7          375449 
          28709          371500 
        28787.3          367604 
        28865.7          363759 
          28944          359964 
        29022.3          356216 
        29100.6          352518 
          29179          348871 
        29257.3          345267 
        29335.6          341711 
        29413.9          338202 
        29492.3          334737 
        29570.6          331316 
        29648.9          327938 
        29727.2          324605 
        29805.5          321313 
        29883.9          318061 
        29932.6          316060 
        29962.2          314854 
        29991.8          313650 
