# Koester WD models
# teff = 16250 K (value for the effective temperature for the model. Temperatures are given in K)
# logg = 7.25 log(cm/s2) (value for Log(G) for the model.)
#
# column 1: WAVELENGTH (ANGSTROM), Wavelength in Angstrom
# column 2: FLUX (ERG/CM2/S/A), Flux in erg/cm2/s/A
         899.23          658927 
        909.241          733907 
        919.246      2.97415e+6 
        929.261      3.68572e+6 
        939.302      6.91122e+6 
        949.307      2.66356e+6 
        959.454      4.64239e+7 
        969.485        9.751e+6 
        979.528       2.8397e+7 
        989.596      2.03968e+8 
         999.66      6.48981e+8 
        1009.69      1.53681e+8 
        1019.85      1.97635e+7 
        1029.88      1.90339e+7 
        1039.89      1.84564e+8 
         1049.9      9.25303e+8 
        1060.06      1.09549e+9 
        1070.17      2.47164e+9 
         1080.5      3.07895e+9 
        1090.89      4.68367e+9 
        1101.48      4.67557e+9 
        1114.38      4.44557e+9 
        1124.73      4.22299e+9 
        1135.54      3.92174e+9 
        1146.89      3.50743e+9 
        1156.89      3.01859e+9 
        1166.89      2.39181e+9 
         1176.9      1.62221e+9 
         1186.9      8.08674e+8 
        1197.23      2.35435e+8 
        1207.48      6.47429e+7 
        1217.56      3.87318e+7 
        1227.57      1.05452e+8 
        1237.83      5.01803e+8 
        1248.09      1.41916e+9 
        1258.36      2.18567e+9 
        1268.49      2.65222e+9 
        1279.42      2.95188e+9 
        1289.42      3.10437e+9 
        1299.42      3.17615e+9 
        1309.42      3.21498e+9 
        1319.42      3.22604e+9 
        1329.42      3.19651e+9 
        1339.42      3.16509e+9 
        1349.42      3.15881e+9 
        1359.42      3.12929e+9 
        1369.42      3.03681e+9 
        1379.42       2.9259e+9 
        1389.42      2.79737e+9 
        1399.42      2.79277e+9 
        1409.42      2.90967e+9 
        1419.42      2.95138e+9 
        1429.42      2.92674e+9 
        1439.42      2.88549e+9 
        1449.85      2.83875e+9 
        1461.52      2.78591e+9 
        1472.88      2.73517e+9 
        1484.42      2.68477e+9 
        1494.42      2.64208e+9 
        1509.42      2.57962e+9 
        1524.42      2.51901e+9 
        1539.42      2.46023e+9 
        1554.42      2.40337e+9 
        1566.72      2.35806e+9 
        1579.41      2.31257e+9 
        1594.41      2.26055e+9 
        1604.41      2.22688e+9 
        1619.41      2.17777e+9 
        1634.41      2.13019e+9 
        1649.41      2.08407e+9 
        1664.41      2.03933e+9 
        1676.33      2.00467e+9 
         1689.4       1.9677e+9 
         1704.4       1.9265e+9 
         1719.4      1.88649e+9 
         1734.4      1.84753e+9 
        1749.39      1.80968e+9 
        1764.39      1.77295e+9 
        1775.55      1.74636e+9 
        1789.39      1.71411e+9 
        1809.39      1.66896e+9 
           1824      1.63699e+9 
        1834.77      1.61398e+9 
        1845.54      1.59142e+9 
           1864      1.55376e+9 
        1876.29      1.52942e+9 
        1888.59      1.50566e+9 
        1906.98      1.47106e+9 
        1919.37      1.44836e+9 
        1931.76      1.42621e+9 
        1944.47      1.40395e+9 
        1956.53      1.38329e+9 
         1967.6      1.36468e+9 
        1992.71      1.32379e+9 
        2017.81       1.2846e+9 
        2067.03      1.21233e+9 
         2116.2      1.14578e+9 
           2129      1.12929e+9 
         2141.8      1.11313e+9 
        2165.47      1.08408e+9 
        2210.96      1.03115e+9 
        2225.89      1.01458e+9 
        2240.83      9.98386e+8 
        2263.91      9.74019e+8 
        2307.04      9.30713e+8 
        2319.23      9.18979e+8 
        2331.41      9.07455e+8 
        2349.21      8.90968e+8 
        2362.35      8.79058e+8 
         2375.5      8.67372e+8 
        2394.29      8.51026e+8 
        2409.27       8.3829e+8 
        2424.25      8.25818e+8 
        2452.24      8.03195e+8 
        2464.64      7.93447e+8 
        2480.05      7.81569e+8 
        2491.16      7.73149e+8 
        2510.01      7.59153e+8 
        2528.86        7.455e+8 
        2559.23      7.24197e+8 
        2582.27      7.08611e+8 
        2619.97      6.84076e+8 
        2634.63      6.74849e+8 
        2657.67      6.60683e+8 
        2695.37      6.38394e+8 
        2756.11      6.04552e+8 
        2779.15       5.9236e+8 
        2816.85      5.73121e+8 
        2854.55      5.54714e+8 
        2892.24      5.37118e+8 
         2906.9      5.30477e+8 
        2929.94      5.20254e+8 
        2946.71      5.12981e+8 
        2999.07      4.91147e+8 
        3051.42      4.70538e+8 
        3103.78      4.51082e+8 
        3149.86      4.34828e+8 
        3195.94      4.19349e+8 
        3235.74      4.06554e+8 
        3248.29      4.02627e+8 
        3260.84      3.98756e+8 
        3285.94      3.91157e+8 
        3325.54      3.79542e+8 
        3336.14      3.76514e+8 
        3346.73      3.73513e+8 
        3367.92      3.67617e+8 
         3410.3      3.56184e+8 
        3445.17      3.47118e+8 
         3486.2      3.36835e+8 
         3514.9      3.29874e+8 
         3543.6      3.23097e+8 
        3591.28      3.12235e+8 
        3635.88      3.02488e+8 
        3647.12      3.00092e+8 
        3658.96      2.97583e+8 
        3671.11      2.95007e+8 
         3682.7      2.92577e+8 
        3692.77        2.905e+8 
        3702.89      2.88437e+8 
        3712.93      2.86491e+8 
        3723.11      2.84584e+8 
        3733.34      2.82162e+8 
        3743.51      2.82227e+8 
        3753.66      2.80212e+8 
        3764.81      2.77681e+8 
        3775.47      2.77473e+8 
        3785.73      2.83872e+8 
        3795.99      2.52908e+8 
        3807.45      2.84246e+8 
        3817.46      2.94502e+8 
        3827.65      2.59914e+8 
        3837.98      2.28996e+8 
        3848.84      2.91756e+8 
        3858.91        3.159e+8 
        3870.43      2.98949e+8 
        3880.61      2.43842e+8 
        3890.61       1.9312e+8 
        3901.57      2.69181e+8 
        3911.93      3.19915e+8 
        3922.31      3.42999e+8 
        3933.45      3.43216e+8 
        3943.88      3.18843e+8 
        3954.55      2.67641e+8 
        3964.68      2.01169e+8 
        3974.78       1.9521e+8 
        3984.88      2.60156e+8 
        3996.36      3.16905e+8 
         4008.8      3.51934e+8 
        4018.86      3.62408e+8 
        4029.01       3.6571e+8 
        4039.29      3.64217e+8 
        4049.71      3.57061e+8 
        4060.76      3.39173e+8 
        4071.35      3.08376e+8 
        4082.28      2.62121e+8 
        4093.69       1.9824e+8 
        4103.79      1.57919e+8 
         4113.9      2.20329e+8 
        4124.55      2.70787e+8 
        4134.99      3.07532e+8 
        4146.14      3.32745e+8 
        4158.07      3.45654e+8 
        4168.82      3.49738e+8 
        4183.82      3.50746e+8 
        4198.82      3.49348e+8 
        4213.81      3.46656e+8 
        4224.95      3.44055e+8 
        4238.81      3.40081e+8 
         4253.8      3.34218e+8 
         4268.8       3.2475e+8 
        4283.79      3.08618e+8 
        4296.29      2.89317e+8 
        4308.79      2.60828e+8 
        4320.85      2.21318e+8 
        4331.09      1.77297e+8 
         4341.1      1.25876e+8 
        4351.76      1.84166e+8 
        4363.38      2.27517e+8 
        4373.77      2.54799e+8 
        4386.27      2.75918e+8 
        4398.76       2.8789e+8 
        4413.76       2.9572e+8 
        4428.76      2.97607e+8 
        4443.75      2.96621e+8 
        4458.75      2.94586e+8 
        4473.74      2.92103e+8 
        4488.74        2.894e+8 
        4503.74      2.86586e+8 
        4514.12      2.84601e+8 
        4527.19      2.82077e+8 
        4538.73      2.79838e+8 
        4553.72      2.76922e+8 
        4568.72      2.74009e+8 
        4583.72      2.71105e+8 
        4596.53      2.68632e+8 
        4608.71      2.66304e+8 
         4623.7      2.63428e+8 
         4638.7      2.60552e+8 
         4653.7      2.57667e+8 
        4668.69      2.54761e+8 
        4683.69      2.51805e+8 
        4698.68      2.48758e+8 
        4713.68      2.45549e+8 
        4724.83      2.43003e+8 
        4738.67      2.39545e+8 
        4753.67      2.35248e+8 
        4768.67      2.30002e+8 
        4783.66      2.23476e+8 
        4798.66      2.14336e+8 
        4813.65      2.01122e+8 
        4826.15      1.85206e+8 
        4838.65      1.62856e+8 
        4848.69      1.39581e+8 
        4858.88      1.08966e+8 
        4870.86      1.30196e+8 
        4881.49      1.54241e+8 
        4892.34      1.72494e+8 
        4903.63      1.85423e+8 
        4915.55      1.94102e+8 
        4928.62       1.9964e+8 
        4943.62      2.02661e+8 
        4958.61      2.03626e+8 
        4973.61      2.03472e+8 
        4988.61      2.02595e+8 
         5003.6      2.01302e+8 
         5018.6      1.99757e+8 
         5033.6      1.98067e+8 
        5048.59      1.96292e+8 
        5063.59      1.94477e+8 
        5078.58      1.92642e+8 
        5093.58      1.90804e+8 
        5108.57      1.88967e+8 
        5123.57      1.87142e+8 
        5138.57      1.85331e+8 
        5153.56      1.83536e+8 
        5168.56      1.81759e+8 
        5183.56          1.8e+8 
        5198.55      1.78259e+8 
        5213.55      1.76537e+8 
        5228.54      1.74834e+8 
        5243.54       1.7315e+8 
        5258.53      1.71486e+8 
        5273.53       1.6984e+8 
        5288.53      1.68214e+8 
        5303.52      1.66606e+8 
        5318.52      1.65017e+8 
        5333.52      1.63446e+8 
        5348.51      1.61894e+8 
        5363.51      1.60385e+8 
         5378.5      1.58867e+8 
         5393.5      1.57366e+8 
        5408.49      1.55884e+8 
        5423.49      1.54419e+8 
        5438.49      1.52971e+8 
        5453.48       1.5154e+8 
        5468.48      1.50126e+8 
        5483.48      1.48729e+8 
        5498.47      1.47348e+8 
        5513.47      1.45984e+8 
        5528.46      1.44636e+8 
        5543.46      1.43303e+8 
        5558.45      1.41986e+8 
        5573.45      1.40684e+8 
        5588.45      1.39397e+8 
        5603.44      1.38125e+8 
        5618.44      1.36868e+8 
        5633.43      1.35625e+8 
        5648.43      1.34397e+8 
        5663.43      1.33182e+8 
        5673.98      1.32336e+8 
         5686.2      1.31364e+8 
        5698.42      1.30401e+8 
        5708.88      1.29583e+8 
        5723.41      1.28459e+8 
        5738.41      1.27311e+8 
         5753.4      1.26176e+8 
         5768.4      1.25037e+8 
        5783.39      1.23927e+8 
        5798.39       1.2283e+8 
        5813.39      1.21745e+8 
        5828.38      1.20672e+8 
        5843.38       1.1961e+8 
        5858.37       1.1856e+8 
        5873.37      1.17522e+8 
        5888.37      1.16495e+8 
        5903.36      1.15479e+8 
        5918.36      1.14474e+8 
        5933.35       1.1348e+8 
        5948.35      1.12496e+8 
        5963.35      1.11523e+8 
        5978.34      1.10561e+8 
        5993.34      1.09608e+8 
        6008.33      1.08666e+8 
        6023.33      1.07733e+8 
        6038.32       1.0681e+8 
        6053.32      1.05897e+8 
        6068.32      1.04993e+8 
        6083.31      1.04098e+8 
        6098.31      1.03212e+8 
        6113.31      1.02335e+8 
         6128.3      1.01467e+8 
         6143.3      1.00607e+8 
        6158.29      9.97547e+7 
        6173.29      9.89102e+7 
        6188.28      9.80733e+7 
        6203.28      9.72433e+7 
        6218.28      9.64199e+7 
        6233.27      9.56027e+7 
        6244.38      9.50008e+7 
        6256.04      9.43719e+7 
        6266.59      9.38061e+7 
        6278.26      9.31812e+7 
        6290.52      9.25265e+7 
        6302.31      9.18985e+7 
        6312.59      9.13515e+7 
        6323.25      9.07832e+7 
        6338.24      8.99831e+7 
        6353.24      8.91804e+7 
        6368.24       8.8368e+7 
        6383.23      8.75395e+7 
        6398.23      8.66857e+7 
        6413.22      8.57916e+7 
        6428.22       8.4834e+7 
        6443.22      8.37762e+7 
        6458.21      8.25601e+7 
        6473.21      8.11068e+7 
         6488.2      7.92803e+7 
         6503.2      7.68009e+7 
         6518.2      7.32381e+7 
        6532.67      6.81606e+7 
        6543.19      6.30766e+7 
        6553.54      5.65622e+7 
        6563.64      4.65411e+7 
        6574.47      5.76762e+7 
        6586.28      6.37511e+7 
        6598.17      6.79599e+7 
         6608.5       7.0405e+7 
        6618.82      7.20185e+7 
        6629.14      7.30392e+7 
        6639.46      7.36512e+7 
        6649.78      7.39773e+7 
         6660.1      7.41146e+7 
        6670.42      7.41177e+7 
        6680.74      7.40266e+7 
        6691.06      7.38604e+7 
        6711.48      7.33911e+7 
        6731.89      7.28114e+7 
         6752.3      7.21734e+7 
        6793.12      7.08178e+7 
        6824.78      6.97456e+7 
        6888.09      6.76049e+7 
         6951.4       6.5511e+7 
        7014.72      6.34831e+7 
        7046.91      6.24794e+7 
        7078.03      6.15268e+7 
        7109.15      6.05916e+7 
        7171.38      5.87739e+7 
        7233.61       5.7023e+7 
        7295.84      5.53363e+7 
        7322.63      5.46298e+7 
        7358.07      5.37118e+7 
        7393.51      5.28155e+7 
         7464.4      5.10744e+7 
        7535.29       4.9405e+7 
        7606.18      4.78034e+7 
        7676.24      4.62835e+7 
        7689.36      4.60061e+7 
        7702.48      4.57306e+7 
        7728.71      4.51858e+7 
        7781.17      4.41205e+7 
        7833.64      4.30866e+7 
         7886.1      4.20829e+7 
        7914.89      4.15444e+7 
        7936.66      4.11432e+7 
        7962.25      4.06777e+7 
         8009.6      3.98338e+7 
        8082.55      3.85766e+7 
        8108.14      3.81474e+7 
         8155.5      3.73686e+7 
        8200.85      3.66417e+7 
        8216.85      3.63894e+7 
        8232.84      3.61393e+7 
        8264.83      3.56458e+7 
        8289.72      3.52678e+7 
        8328.82      3.46835e+7 
        8367.92      3.41102e+7 
        8437.95       3.3125e+7 
        8473.98      3.26264e+7 
        8502.48      3.22359e+7 
        8516.58      3.20458e+7 
        8530.98      3.18495e+7 
        8545.38      3.16776e+7 
        8574.18      3.13391e+7 
        8598.39      3.10404e+7 
         8628.6      3.06981e+7 
        8646.81      3.04645e+7 
        8665.01      3.02219e+7 
        8683.22       3.0041e+7 
        8701.43      2.98388e+7 
        8719.64       2.9581e+7 
        8737.85      2.92942e+7 
        8750.47      2.90971e+7 
        8763.09      2.90088e+7 
        8775.71      2.89242e+7 
        8786.57      2.88311e+7 
        8800.96      2.86675e+7 
        8815.35      2.84548e+7 
        8829.74      2.82176e+7 
        8854.26      2.77232e+7 
        8867.04      2.75613e+7 
        8879.82      2.75991e+7 
        8896.85      2.76216e+7 
        8913.89      2.75729e+7 
        8930.92      2.74234e+7 
        8947.96      2.71829e+7 
        8964.99      2.68458e+7 
        8982.03       2.6396e+7 
        8999.07      2.58619e+7 
        9010.95       2.5487e+7 
        9022.83      2.54752e+7 
        9034.71      2.56615e+7 
         9046.6      2.58364e+7 
        9058.48       2.5975e+7 
        9074.32      2.60805e+7 
        9087.02      2.60888e+7 
        9099.72      2.60519e+7 
        9112.42      2.59506e+7 
        9125.11      2.58006e+7 
        9137.81      2.56039e+7 
        9150.51      2.53486e+7 
         9163.2       2.5007e+7 
         9175.9      2.46303e+7 
         9188.6      2.41477e+7 
         9201.3      2.36049e+7 
           9214      2.30029e+7 
        9224.38      2.25033e+7 
        9238.27      2.25778e+7 
        9256.81      2.31701e+7 
        9275.34       2.3646e+7 
        9293.87      2.39603e+7 
        9321.66      2.42045e+7 
        9340.19      2.42151e+7 
        9358.73      2.41537e+7 
        9370.43      2.40853e+7 
        9384.08      2.39836e+7 
        9397.74       2.3845e+7 
        9411.39      2.36856e+7 
        9425.05      2.34965e+7 
         9438.7      2.32621e+7 
        9452.35      2.29801e+7 
        9466.01      2.26465e+7 
        9479.66      2.22099e+7 
        9493.32      2.16873e+7 
        9506.97      2.09848e+7 
        9520.63      2.01065e+7 
        9534.28       1.9146e+7 
         9544.5      1.84401e+7 
        9554.73      1.88343e+7 
        9564.95      1.94011e+7 
        9579.56      2.01943e+7 
        9591.24      2.06742e+7 
        9602.92      2.10365e+7 
        9614.61      2.12755e+7 
        9626.29      2.14591e+7 
        9637.98      2.15629e+7 
        9649.66      2.16369e+7 
        9668.45      2.16791e+7 
        9687.24       2.1643e+7 
        9706.03      2.15739e+7 
        9724.82      2.14759e+7 
        9743.61      2.13587e+7 
        9781.19      2.10934e+7 
        9818.78      2.07931e+7 
        9837.57      2.06265e+7 
        9856.36      2.04727e+7 
        9875.15      2.02625e+7 
        9893.94       2.0019e+7 
        9910.22      1.97764e+7 
        9931.52      1.94039e+7 
        9942.17       1.9175e+7 
        9952.82      1.89353e+7 
        9963.47      1.86715e+7 
        9974.12      1.83704e+7 
        9984.77      1.80192e+7 
        9995.42      1.76348e+7 
        10006.1      1.71637e+7 
        10016.7      1.66728e+7 
        10027.4      1.60903e+7 
          10038      1.54145e+7 
        10048.7      1.46983e+7 
        10061.2      1.53264e+7 
        10072.4      1.59066e+7 
        10083.5      1.63742e+7 
        10094.6      1.67439e+7 
        10105.8      1.70661e+7 
        10116.9      1.73009e+7 
        10128.1      1.75055e+7 
        10139.2      1.76451e+7 
        10150.4      1.77566e+7 
        10161.5      1.78435e+7 
        10172.7      1.79056e+7 
        10183.8      1.79404e+7 
          10195      1.79525e+7 
        10217.2      1.79479e+7 
        10237.2      1.78997e+7 
        10257.1      1.78244e+7 
          10297      1.76322e+7 
        10336.9      1.74139e+7 
        10416.7      1.69571e+7 
        10496.4      1.64765e+7 
        10576.2      1.60222e+7 
          10656      1.55417e+7 
        10695.8      1.52807e+7 
        10735.7      1.49876e+7 
        10755.7      1.48193e+7 
        10775.6        1.463e+7 
        10795.6      1.44178e+7 
        10815.5      1.41757e+7 
        10835.4      1.38808e+7 
        10855.4       1.3523e+7 
        10875.3      1.30682e+7 
        10895.3      1.24841e+7 
        10910.2       1.1957e+7 
        10922.2      1.14442e+7 
        10934.1      1.07681e+7 
        10945.5      1.09495e+7 
        10957.4      1.14635e+7 
        10969.3      1.18569e+7 
        10985.1      1.22594e+7 
          11001      1.25632e+7 
        11016.8      1.27843e+7 
        11040.6      1.29907e+7 
        11056.4      1.30736e+7 
        11072.3        1.312e+7 
        11088.1      1.31404e+7 
          11104      1.31441e+7 
        11119.8      1.31345e+7 
        11151.5      1.30782e+7 
        11168.8      1.30326e+7 
        11183.2      1.29908e+7 
        11214.9      1.28862e+7 
        11260.9      1.27173e+7 
          11353      1.23585e+7 
          11445      1.20092e+7 
        11537.1      1.16568e+7 
        11629.1      1.13173e+7 
        11721.2        1.099e+7 
        11813.3      1.06745e+7 
        11905.3      1.03702e+7 
        11997.4      1.00768e+7 
        12089.4      9.78785e+6 
        12181.5      9.51246e+6 
        12262.5      9.27649e+6 
        12273.6      9.24458e+6 
        12284.6      9.21272e+6 
        12306.8       9.1492e+6 
        12351.1      9.02269e+6 
        12439.7      8.76891e+6 
          12484      8.63935e+6 
        12528.3      8.50435e+6 
        12572.7      8.35943e+6 
          12617       8.1966e+6 
        12639.1      8.10302e+6 
        12661.3      7.99762e+6 
        12683.4      7.87594e+6 
        12705.6      7.73055e+6 
        12716.7      7.64591e+6 
        12727.7       7.5516e+6 
        12738.8      7.44642e+6 
        12749.9      7.32723e+6 
          12761       7.1933e+6 
        12772.1      7.04084e+6 
        12783.1      6.86878e+6 
        12794.2      6.66687e+6 
        12805.3      6.41432e+6 
        12815.7      5.99739e+6 
        12827.4       6.2873e+6 
        12839.8      6.54614e+6 
        12854.7      6.76162e+6 
        12874.5      6.96708e+6 
        12894.4      7.11052e+6 
        12914.3      7.20622e+6 
        12934.1       7.2666e+6 
          12954      7.30018e+6 
        12973.9      7.31463e+6 
        12993.7      7.31545e+6 
        13013.6      7.30634e+6 
        13033.4      7.28959e+6 
        13073.2      7.24093e+6 
        13112.9      7.18058e+6 
        13192.3      7.04201e+6 
        13235.2      6.96315e+6 
        13271.8      6.89507e+6 
        13308.4      6.82681e+6 
        13381.5        6.691e+6 
        13454.6      6.55713e+6 
        13527.8      6.42594e+6 
        13600.9      6.29767e+6 
        13674.1       6.1738e+6 
        13747.2      6.05121e+6 
        13820.3      5.93164e+6 
        13893.5      5.81503e+6 
        13966.6      5.70124e+6 
        14039.8      5.59024e+6 
        14112.9      5.48192e+6 
        14186.1      5.37621e+6 
        14259.2      5.27307e+6 
        14332.1      5.17273e+6 
        14352.2      5.14536e+6 
        14404.9      5.07477e+6 
        14457.6      5.00537e+6 
        14510.3      4.93717e+6 
        14542.9      4.89564e+6 
          14563       4.8701e+6 
        14581.2      4.84726e+6 
        14597.2      4.82725e+6 
        14613.2      4.80736e+6 
        14645.2      4.76793e+6 
        14709.2      4.69021e+6 
        14773.2      4.61409e+6 
        14837.1      4.53948e+6 
        14901.1       4.4664e+6 
        14965.1      4.39481e+6 
        15029.1      4.32462e+6 
        15093.1      4.25582e+6 
        15157.1       4.1884e+6 
          15221       4.1223e+6 
          15285      4.05749e+6 
          15349      3.99397e+6 
          15413       3.9317e+6 
        15471.6      3.87572e+6 
        15482.4      3.86554e+6 
        15493.1      3.85561e+6 
        15514.7      3.83585e+6 
        15557.9      3.79671e+6 
        15644.2       3.7199e+6 
        15730.5      3.64503e+6 
        15816.8      3.57205e+6 
        15903.1       3.5009e+6 
        15989.4      3.43147e+6 
        16075.8       3.3638e+6 
        16162.1      3.29776e+6 
        16248.4      3.23333e+6 
        16289.9      3.20292e+6 
        16334.7       3.1705e+6 
        16379.5      3.13845e+6 
        16469.1      3.07703e+6 
        16558.8       3.0171e+6 
        16648.4      2.95862e+6 
          16738      2.90154e+6 
        16827.7      2.84583e+6 
        16917.3      2.79144e+6 
        17006.9      2.73834e+6 
        17096.6      2.68649e+6 
        17186.2      2.63586e+6 
        17275.8      2.58641e+6 
        17327.7      2.55833e+6 
        17365.5      2.53811e+6 
        17403.2       2.5181e+6 
        17478.8      2.47801e+6 
        17554.3      2.43871e+6 
        17629.9      2.40019e+6 
        17705.4      2.36242e+6 
          17781      2.32538e+6 
        17856.5      2.28907e+6 
        17932.1      2.25345e+6 
        18007.6      2.21609e+6 
        18083.2       2.1811e+6 
        18158.7       2.1465e+6 
        18234.3      2.11202e+6 
        18309.8      2.07724e+6 
        18343.7      2.06135e+6 
        18385.3      2.04144e+6 
          18427      2.02071e+6 
        18468.6      1.99844e+6 
        18510.2      1.97381e+6 
        18551.8      1.94521e+6 
        18572.6      1.92873e+6 
        18593.4      1.91025e+6 
        18614.2      1.88917e+6 
          18635      1.86466e+6 
        18655.8      1.83562e+6 
        18676.6      1.80088e+6 
          18687      1.78083e+6 
        18697.4      1.75874e+6 
        18707.8      1.73383e+6 
        18718.2      1.70554e+6 
        18728.6      1.67223e+6 
          18739      1.62891e+6 
        18749.1      1.51162e+6 
        18759.9      1.60384e+6 
          18770      1.64666e+6 
          18780      1.67457e+6 
        18793.5       1.7031e+6 
        18806.9      1.72541e+6 
        18820.3      1.74318e+6 
        18833.7      1.75736e+6 
        18847.1      1.76869e+6 
        18860.6       1.7776e+6 
          18874      1.78434e+6 
        18900.8      1.79283e+6 
        18927.7      1.79634e+6 
        18954.5      1.79639e+6 
        18981.3      1.79391e+6 
        19008.2      1.78963e+6 
        19061.9      1.77751e+6 
        19115.6      1.76279e+6 
        19169.2      1.74674e+6 
        19222.9      1.73006e+6 
        19276.6      1.71305e+6 
        19330.3      1.69591e+6 
          19384      1.67876e+6 
        19424.6      1.66581e+6 
        19437.6      1.66168e+6 
        19450.7      1.65756e+6 
        19476.7      1.64928e+6 
        19528.9      1.63281e+6 
          19581      1.61758e+6 
        19633.1      1.60124e+6 
        19685.3       1.5851e+6 
        19737.4      1.56917e+6 
        19789.5      1.55343e+6 
        19841.6      1.53789e+6 
        19893.8      1.52255e+6 
        19945.9       1.5074e+6 
          19998      1.49243e+6 
        20050.2      1.47764e+6 
        20102.3      1.46305e+6 
        20154.4      1.44862e+6 
        20206.5      1.43438e+6 
        20258.7      1.42031e+6 
        20310.8      1.40641e+6 
        20362.9      1.39268e+6 
        20415.1      1.37912e+6 
          20460      1.36756e+6 
        20474.4      1.36388e+6 
        20488.8       1.3602e+6 
        20517.6      1.35289e+6 
        20575.2      1.33841e+6 
        20632.8      1.32413e+6 
        20690.4      1.31003e+6 
          20748      1.29613e+6 
        20805.6       1.2824e+6 
        20863.2      1.26886e+6 
        20920.8      1.25549e+6 
        20978.5       1.2423e+6 
        21036.1      1.22928e+6 
        21093.7      1.21643e+6 
        21151.3      1.20375e+6 
        21208.9      1.19124e+6 
        21266.5      1.17889e+6 
        21324.1      1.16669e+6 
        21381.7      1.15465e+6 
        21439.3      1.14277e+6 
        21496.9      1.13104e+6 
        21554.5      1.11946e+6 
        21593.6      1.11168e+6 
        21612.1      1.10803e+6 
        21630.6      1.10439e+6 
        21667.6      1.09715e+6 
        21741.6      1.08285e+6 
        21815.5      1.06878e+6 
        21889.5      1.05494e+6 
        21963.5      1.04132e+6 
        22037.4      1.02792e+6 
        22111.4      1.01473e+6 
        22185.4      1.00176e+6 
        22259.4          988989 
        22333.3          976426 
        22407.3          964057 
        22481.3          951887 
        22555.2          939908 
        22629.2          928114 
        22703.2          916509 
        22767.4          906569 
        22784.8          903902 
        22800.8          901458 
        22816.8          899023 
        22848.8          894176 
        22912.8          884581 
        22976.8          875116 
        23040.8          865776 
        23104.8          856562 
        23168.7          847467 
        23232.7          838494 
        23296.7          829641 
        23360.7          820901 
        23424.7          812278 
        23488.6          803770 
        23552.6          795370 
        23616.6          787079 
        23680.6          778898 
        23744.6          770824 
        23808.6          762851 
        23872.5          754981 
        23936.5          747215 
        24000.5          739547 
        24064.5          731979 
        24128.5          724505 
        24192.5          717125 
        24256.4          709843 
        24320.4          702652 
        24384.4          695549 
        24448.4          688537 
        24512.4          681616 
        24576.3          674776 
        24640.3          668025 
        24704.3          661359 
        24768.3          654777 
        24832.3          648274 
        24896.3          641853 
        24960.2          635510 
        25004.4          631174 
        25024.2          629245 
          25044          627326 
        25083.6          623528 
        25162.8          616022 
        25241.9          608630 
        25321.1          601348 
        25400.2          594176 
        25479.4          587107 
        25558.5          580145 
        25637.7          573287 
        25716.9          566530 
          25796          559873 
        25875.2          553310 
        25954.3          546848 
        26033.5          540476 
        26112.7          534196 
        26191.8          528011 
          26271          521913 
        26350.1          515903 
        26429.3          509981 
        26508.4          504141 
        26587.6          498385 
        26666.8          492712 
        26745.9          487120 
        26825.1          481606 
        26904.2          476171 
        26983.4          470812 
        27062.6          465527 
        27141.7          460319 
        27220.9          455179 
        27299.2          450168 
        27377.5          445236 
        27455.8          440370 
        27534.2          435569 
        27612.5          430835 
        27690.8          426163 
        27769.1          421558 
        27847.5          417012 
        27925.8          412529 
        28004.1          408105 
        28082.4          403739 
        28160.8          399457 
        28239.1          395206 
        28317.4          391012 
        28395.7          386875 
          28474          382790 
        28552.4          378763 
        28630.7          374786 
          28709          370859 
        28787.3          366985 
        28865.7          363162 
          28944          359389 
        29022.3          355663 
        29100.6          351965 
          29179          348337 
        29257.3          344752 
        29335.6          341215 
        29413.9          337724 
        29492.3          334297 
        29570.6          330891 
        29648.9          327533 
        29727.2          324212 
        29805.5          320939 
        29883.9          317703 
        29932.6          315711 
        29962.2          314508 
        29991.8          313312 
