# Koester WD models
# teff = 17500 K (value for the effective temperature for the model. Temperatures are given in K)
# logg = 7.5 log(cm/s2) (value for Log(G) for the model.)
#
# column 1: WAVELENGTH (ANGSTROM), Wavelength in Angstrom
# column 2: FLUX (ERG/CM2/S/A), Flux in erg/cm2/s/A
         899.23      1.96096e+6 
        909.241      2.16009e+6 
        919.246      6.62157e+6 
        929.261      8.31589e+6 
        939.302      1.59537e+7 
        949.307      5.78496e+6 
        959.466      1.05081e+8 
        969.628      2.14478e+7 
        979.733      7.72694e+7 
        989.739      4.71098e+8 
         999.83      1.26662e+9 
        1009.87      3.62175e+8 
        1019.93      4.40989e+7 
        1030.02      4.32528e+7 
        1040.07      4.56279e+8 
        1050.13      1.81353e+9 
        1060.14      2.09477e+9 
        1070.18      4.16465e+9 
        1080.47      4.99598e+9 
        1091.36      7.17405e+9 
        1102.22      7.10471e+9 
        1112.73      6.82982e+9 
        1124.73      6.44693e+9 
        1135.54      6.02243e+9 
        1146.67      5.45864e+9 
        1156.67      4.78584e+9 
        1166.76      3.90682e+9 
         1178.2      2.63002e+9 
        1188.34        1.365e+9 
         1198.4      4.37508e+8 
        1208.76      1.13974e+8 
        1218.95       8.7706e+7 
        1228.97      2.47744e+8 
        1239.25      1.18686e+9 
        1249.41      2.58719e+9 
        1259.41      3.55057e+9 
        1269.41      4.11228e+9 
        1279.42      4.43766e+9 
        1289.42      4.60878e+9 
        1299.42      4.67642e+9 
        1309.42      4.70673e+9 
        1319.42      4.69552e+9 
        1329.42      4.63812e+9 
        1339.42      4.58594e+9 
        1349.42      4.55961e+9 
        1359.42      4.50052e+9 
        1369.42      4.36352e+9 
        1379.42      4.21825e+9 
        1389.42      4.04901e+9 
        1399.42      4.03333e+9 
        1409.42      4.14766e+9 
        1419.42      4.17684e+9 
        1429.42      4.13107e+9 
        1439.42       4.0661e+9 
        1454.42      3.96293e+9 
        1464.42      3.89444e+9 
        1474.42      3.82725e+9 
        1489.42       3.7292e+9 
        1504.42      3.63445e+9 
        1514.42      3.57303e+9 
        1529.42      3.48343e+9 
        1544.42      3.39691e+9 
        1559.42      3.31337e+9 
        1570.19      3.25522e+9 
        1584.41      3.18058e+9 
        1599.41      3.10454e+9 
        1614.41      3.03107e+9 
        1629.41         2.96e+9 
        1644.41      2.89132e+9 
        1659.41      2.82489e+9 
        1670.17      2.77851e+9 
         1684.4       2.7189e+9 
         1699.4      2.65814e+9 
         1714.4      2.59925e+9 
         1729.4      2.54207e+9 
         1744.4      2.48656e+9 
        1759.39      2.43276e+9 
         1771.7      2.38986e+9 
        1784.39      2.34676e+9 
        1799.39      2.29721e+9 
           1824       2.2189e+9 
        1834.77       2.1858e+9 
        1845.54       2.1534e+9 
           1864      2.09937e+9 
        1876.29      2.06448e+9 
        1888.59      2.03044e+9 
        1906.98      1.98097e+9 
        1919.37      1.94857e+9 
        1931.76      1.91697e+9 
        1944.47      1.88525e+9 
        1956.53      1.85584e+9 
         1967.6      1.82938e+9 
        1992.71      1.77133e+9 
        2017.81      1.71579e+9 
        2042.42      1.66368e+9 
        2067.03      1.61369e+9 
        2091.64      1.56584e+9 
         2116.2      1.51999e+9 
           2129      1.49683e+9 
         2141.8      1.47415e+9 
        2165.47      1.43342e+9 
        2210.96      1.35942e+9 
        2225.89      1.33629e+9 
        2240.83      1.31371e+9 
        2263.91      1.27978e+9 
        2307.04       1.2196e+9 
        2319.23      1.20331e+9 
        2331.41      1.18734e+9 
        2349.21      1.16451e+9 
        2362.35      1.14803e+9 
         2375.5      1.13187e+9 
        2394.29      1.10928e+9 
        2409.27      1.09171e+9 
        2424.25      1.07452e+9 
        2452.24      1.04337e+9 
        2464.64      1.02996e+9 
        2480.05      1.01363e+9 
        2491.16      1.00207e+9 
        2510.01      9.82869e+8 
        2528.86      9.64158e+8 
        2559.23      9.35001e+8 
        2582.27      9.13704e+8 
        2619.97      8.80227e+8 
        2657.67      8.48381e+8 
        2695.37      8.18096e+8 
        2710.02      8.06704e+8 
        2733.07      7.89221e+8 
        2756.11      7.72235e+8 
        2802.19      7.39741e+8 
        2842.01      7.13116e+8 
        2854.55      7.04992e+8 
        2867.08      6.97006e+8 
        2892.16      6.81386e+8 
        2931.63      6.57718e+8 
         2942.3        6.515e+8 
        2952.98      6.45359e+8 
        2974.34      6.33323e+8 
        3017.05      6.10126e+8 
        3051.42      5.92262e+8 
        3090.46      5.72819e+8 
        3120.16      5.58581e+8 
        3149.86      5.44799e+8 
        3170.22       5.3562e+8 
        3209.26       5.1857e+8 
        3248.29      5.02221e+8 
        3287.33      4.86554e+8 
        3306.01      4.79281e+8 
        3326.37      4.71512e+8 
        3346.73      4.63906e+8 
        3387.45      4.49191e+8 
        3445.17      4.29343e+8 
        3462.17      4.23716e+8 
        3495.92      4.12824e+8 
         3543.6      3.98037e+8 
        3591.28      3.83931e+8 
        3635.88      3.71302e+8 
        3647.12      3.68204e+8 
        3658.96      3.64965e+8 
        3671.11      3.61641e+8 
         3682.7      3.58512e+8 
        3692.77      3.55823e+8 
        3702.89      3.53146e+8 
        3712.93      3.50573e+8 
        3723.11      3.48044e+8 
        3733.34      3.45255e+8 
        3743.51      3.44048e+8 
        3753.66      3.41727e+8 
        3764.81      3.38679e+8 
        3775.47      3.37929e+8 
        3785.73      3.40894e+8 
        3795.99      3.17361e+8 
        3807.13      3.40037e+8 
        3817.36      3.47322e+8 
        3827.86      3.15787e+8 
        3837.98      2.90222e+8 
        3848.84      3.45035e+8 
        3858.91      3.65254e+8 
        3869.95      3.49508e+8 
        3880.44      2.95391e+8 
        3890.61      2.44536e+8 
        3900.66      3.13373e+8 
        3911.78      3.67802e+8 
        3923.89      3.92325e+8 
        3934.66      3.88888e+8 
        3945.81      3.56326e+8 
        3957.31      2.94357e+8 
        3967.77      2.18331e+8 
        3977.86      2.57992e+8 
        3988.87      3.26254e+8 
        3999.62      3.75232e+8 
        4010.37      4.01763e+8 
        4022.15      4.12535e+8 
        4032.38      4.14338e+8 
        4043.86      4.09965e+8 
        4056.35      3.93698e+8 
        4068.85      3.58943e+8 
        4080.56      3.09036e+8 
        4092.03      2.44028e+8 
        4102.05      1.70852e+8 
        4113.31      2.52753e+8 
        4123.84      3.05968e+8 
        4134.17      3.45531e+8 
         4145.9      3.75838e+8 
         4157.1      3.90644e+8 
        4168.82      3.96711e+8 
        4183.82      3.98417e+8 
        4198.82      3.97063e+8 
        4213.81      3.94103e+8 
        4224.95      3.91122e+8 
        4238.81      3.86457e+8 
         4253.8      3.79486e+8 
         4268.8      3.68223e+8 
        4283.79      3.49188e+8 
        4296.29       3.2698e+8 
        4308.79      2.95169e+8 
        4320.85      2.52597e+8 
        4331.09      2.06078e+8 
         4341.1      1.49795e+8 
        4351.76      2.13042e+8 
        4363.38      2.58598e+8 
        4373.77      2.87996e+8 
        4386.27      3.11592e+8 
        4398.76      3.25632e+8 
        4413.76      3.35224e+8 
        4428.76      3.37859e+8 
        4443.75      3.37046e+8 
        4458.75      3.34913e+8 
        4473.74      3.32173e+8 
        4488.74      3.29132e+8 
        4503.74       3.2594e+8 
        4514.12      3.23678e+8 
        4527.19      3.20797e+8 
        4538.73      3.18234e+8 
        4553.72      3.14894e+8 
        4568.72       3.1155e+8 
        4583.72      3.08213e+8 
        4596.53      3.05369e+8 
        4608.71       3.0269e+8 
         4623.7      2.99376e+8 
         4638.7      2.96058e+8 
         4653.7      2.92725e+8 
        4668.69      2.89356e+8 
        4683.69      2.85908e+8 
        4698.68      2.82336e+8 
        4713.68      2.78555e+8 
        4724.83      2.75536e+8 
        4738.67      2.71417e+8 
        4753.67      2.66339e+8 
        4768.67      2.60082e+8 
        4783.66      2.52293e+8 
        4798.66       2.4156e+8 
        4813.65      2.26432e+8 
        4826.15      2.08815e+8 
        4838.65      1.84678e+8 
        4848.69      1.59982e+8 
        4858.88      1.26925e+8 
        4870.76      1.49563e+8 
        4882.91      1.78028e+8 
        4893.63      1.96501e+8 
        4908.63       2.1334e+8 
         4921.7      2.21913e+8 
        4933.62      2.26561e+8 
        4948.62      2.29319e+8 
        4963.61      2.30195e+8 
        4978.61      2.29856e+8 
        4993.61       2.2879e+8 
         5008.6      2.27291e+8 
         5023.6       2.2552e+8 
        5038.59      2.23587e+8 
        5053.59      2.21565e+8 
        5068.59      2.19491e+8 
        5083.58      2.17396e+8 
        5098.58      2.15296e+8 
        5113.57        2.132e+8 
        5128.57      2.11117e+8 
        5143.57      2.09049e+8 
        5158.56         2.07e+8 
        5173.56      2.04972e+8 
        5188.55      2.02963e+8 
        5203.55      2.00976e+8 
        5218.55       1.9901e+8 
        5233.54      1.97066e+8 
        5248.54      1.95144e+8 
        5263.53      1.93243e+8 
        5278.53      1.91365e+8 
        5293.52      1.89508e+8 
        5308.52      1.87673e+8 
        5323.52       1.8586e+8 
        5338.51      1.84068e+8 
        5353.51      1.82297e+8 
        5368.51      1.80579e+8 
         5383.5      1.78848e+8 
         5398.5      1.77137e+8 
        5413.49      1.75447e+8 
        5428.49      1.73778e+8 
        5443.48      1.72128e+8 
        5458.48      1.70497e+8 
        5473.48      1.68887e+8 
        5488.47      1.67295e+8 
        5503.47      1.65722e+8 
        5518.47      1.64169e+8 
        5533.46      1.62633e+8 
        5548.46      1.61116e+8 
        5563.45      1.59616e+8 
        5578.45      1.58134e+8 
        5593.44      1.56669e+8 
        5608.44      1.55221e+8 
        5623.44       1.5379e+8 
        5638.43      1.52375e+8 
        5653.43      1.50976e+8 
        5668.43      1.49594e+8 
        5682.86      1.48278e+8 
        5693.42      1.47325e+8 
        5704.77      1.46309e+8 
        5715.23       1.4538e+8 
        5728.41       1.4422e+8 
         5743.4      1.42915e+8 
         5758.4      1.41625e+8 
         5773.4      1.40327e+8 
        5788.39      1.39065e+8 
        5803.39      1.37818e+8 
        5818.39      1.36585e+8 
        5833.38      1.35365e+8 
        5848.38       1.3416e+8 
        5863.37      1.32967e+8 
        5878.37      1.31788e+8 
        5893.36      1.30622e+8 
        5908.36      1.29469e+8 
        5923.36      1.28328e+8 
        5938.35        1.272e+8 
        5953.35      1.26084e+8 
        5968.34       1.2498e+8 
        5983.34      1.23888e+8 
        5998.34      1.22807e+8 
        6013.33      1.21738e+8 
        6028.33       1.2068e+8 
        6043.32      1.19633e+8 
        6058.32      1.18598e+8 
        6073.32      1.17572e+8 
        6088.31      1.16557e+8 
        6103.31      1.15552e+8 
         6118.3      1.14557e+8 
         6133.3      1.13572e+8 
         6148.3      1.12595e+8 
        6163.29      1.11628e+8 
        6178.29      1.10669e+8 
        6193.28      1.09718e+8 
        6208.28      1.08775e+8 
        6223.28      1.07839e+8 
        6238.27       1.0691e+8 
        6252.16      1.06054e+8 
        6262.16      1.05441e+8 
        6273.26      1.04763e+8 
        6284.63       1.0407e+8 
        6295.99      1.03379e+8 
        6306.09      1.02766e+8 
        6316.22      1.02149e+8 
        6328.25      1.01415e+8 
        6343.24        1.005e+8 
        6358.24      9.95775e+7 
        6373.23      9.86407e+7 
        6388.23      9.76806e+7 
        6403.23      9.66838e+7 
        6418.22      9.56298e+7 
        6433.22      9.44859e+7 
        6448.22      9.32013e+7 
        6463.21      9.17021e+7 
        6478.21      8.98876e+7 
         6493.2      8.75681e+7 
         6508.2      8.44071e+7 
        6523.19      7.99048e+7 
        6537.09       7.3944e+7 
        6548.11      6.75942e+7 
        6558.19      5.96177e+7 
        6569.28      6.10738e+7 
        6579.79      6.80255e+7 
        6590.04      7.28507e+7 
        6603.34      7.71845e+7 
        6613.66      7.93833e+7 
        6623.98       8.0841e+7 
         6634.3      8.17694e+7 
        6644.62      8.23179e+7 
        6654.94      8.26025e+7 
        6665.26      8.27153e+7 
        6675.58      8.26886e+7 
         6685.9      8.25617e+7 
        6696.23      8.23594e+7 
        6711.48      8.19676e+7 
        6741.98      8.09899e+7 
        6772.48      7.98876e+7 
        6824.78      7.79077e+7 
        6877.08      7.59134e+7 
        6929.38       7.3949e+7 
        6981.68      7.20317e+7 
        7033.98      7.01675e+7 
         7063.4      6.91427e+7 
        7086.27      6.83582e+7 
        7109.15      6.75845e+7 
        7154.89      6.60696e+7 
        7246.38      6.31633e+7 
        7282.23      6.20675e+7 
        7337.87      6.04138e+7 
        7393.51      5.88172e+7 
        7449.15      5.72712e+7 
        7504.79      5.57755e+7 
        7560.43      5.43288e+7 
        7616.07      5.29289e+7 
        7665.55      5.17219e+7 
        7677.88      5.14263e+7 
        7690.22      5.11329e+7 
        7714.89      5.05526e+7 
        7764.22      4.94166e+7 
         7862.9      4.72392e+7 
        7960.91       4.5194e+7 
        7971.63      4.49772e+7 
        7982.34       4.4762e+7 
        8003.78      4.43348e+7 
        8046.64       4.3496e+7 
        8082.55      4.28086e+7 
        8105.88      4.23697e+7 
        8154.36      4.14747e+7 
        8200.85      4.06387e+7 
        8216.85       4.0356e+7 
        8232.84      4.00757e+7 
        8264.83      3.95225e+7 
        8289.72       3.9099e+7 
        8328.82      3.84443e+7 
        8367.92      3.78025e+7 
        8437.95      3.66947e+7 
        8473.98      3.61362e+7 
        8502.48      3.57007e+7 
        8516.58      3.54881e+7 
        8530.98      3.52703e+7 
        8545.38      3.50727e+7 
        8574.18      3.46791e+7 
        8598.39      3.43439e+7 
         8628.6      3.39437e+7 
        8646.81      3.36882e+7 
        8665.01      3.34291e+7 
        8701.43      3.29682e+7 
        8725.95      3.25997e+7 
        8750.47      3.22161e+7 
        8774.99      3.19626e+7 
        8799.51      3.16616e+7 
        8815.35      3.14232e+7 
        8831.29      3.11719e+7 
        8847.03      3.08994e+7 
        8862.78       3.0636e+7 
        8878.53      3.05674e+7 
        8894.27      3.05039e+7 
        8910.02      3.04084e+7 
        8925.77      3.02668e+7 
        8941.51      3.00426e+7 
        8957.26       2.9779e+7 
        8973.01       2.9445e+7 
        8988.75      2.90646e+7 
         9004.5      2.86552e+7 
        9014.91      2.84291e+7 
        9025.31      2.84559e+7 
        9035.72      2.85257e+7 
        9046.13      2.85859e+7 
        9066.94      2.86578e+7 
        9083.33      2.86204e+7 
        9099.72      2.85351e+7 
        9116.11      2.83688e+7 
         9132.5      2.81365e+7 
        9148.88       2.7834e+7 
        9165.27      2.74295e+7 
        9181.66      2.69522e+7 
        9198.05      2.63773e+7 
        9213.53      2.57847e+7 
        9225.14      2.53494e+7 
        9236.75      2.53522e+7 
        9248.36      2.55846e+7 
        9259.97      2.58258e+7 
        9271.58      2.60225e+7 
        9283.18      2.62097e+7 
        9298.66      2.63498e+7 
        9314.14      2.64431e+7 
        9329.62      2.64592e+7 
         9345.1       2.6418e+7 
        9360.58      2.63327e+7 
        9376.06      2.62132e+7 
        9400.14      2.59523e+7 
        9416.19      2.57402e+7 
        9432.24      2.54799e+7 
        9448.29      2.51551e+7 
        9464.35      2.47749e+7 
         9480.4      2.42866e+7 
        9496.45      2.36816e+7 
         9512.5      2.28659e+7 
        9528.56      2.18354e+7 
        9543.26       2.0916e+7 
        9558.16      2.13189e+7 
        9568.99      2.18688e+7 
        9579.83      2.23637e+7 
        9590.67      2.27426e+7 
         9601.5      2.30381e+7 
        9612.34      2.32364e+7 
        9623.18      2.33949e+7 
        9634.02      2.34885e+7 
        9644.85      2.35575e+7 
         9664.6      2.36144e+7 
        9679.99      2.35947e+7 
        9695.38      2.35428e+7 
        9726.16      2.33863e+7 
        9756.93      2.31717e+7 
         9787.7      2.29266e+7 
        9818.48      2.26541e+7 
        9849.26      2.23778e+7 
         9868.8      2.21439e+7 
        9880.03      2.19945e+7 
        9910.81      2.15098e+7 
        9931.81      2.11129e+7 
        9952.82      2.06166e+7 
        9963.32       2.0345e+7 
        9973.83      2.00458e+7 
        9984.33      1.96957e+7 
        9994.83      1.93183e+7 
        10005.3      1.88652e+7 
        10015.8      1.83976e+7 
        10026.3      1.78546e+7 
        10036.8      1.72297e+7 
        10047.8      1.65709e+7 
        10058.8      1.69341e+7 
        10072.8      1.76004e+7 
        10085.4      1.80701e+7 
        10097.9      1.84543e+7 
        10110.4      1.87583e+7 
        10122.9      1.89976e+7 
        10135.5      1.91715e+7 
          10148      1.93031e+7 
        10160.5      1.94096e+7 
          10173       1.9483e+7 
        10185.5      1.95211e+7 
        10210.6      1.95418e+7 
        10234.1      1.94995e+7 
        10246.6      1.94567e+7 
        10259.1      1.94048e+7 
        10284.1      1.92817e+7 
        10334.2      1.89927e+7 
        10384.3      1.86835e+7 
        10434.4      1.83699e+7 
        10484.4      1.80287e+7 
        10534.5      1.77102e+7 
        10584.6      1.73997e+7 
        10634.7      1.70673e+7 
        10684.7      1.67125e+7 
        10709.8      1.65168e+7 
        10734.8      1.63056e+7 
        10759.9      1.60654e+7 
        10784.9       1.5787e+7 
        10809.9      1.54678e+7 
        10822.5      1.52835e+7 
          10835      1.50748e+7 
        10847.5      1.48407e+7 
          10860       1.4586e+7 
        10872.5      1.42839e+7 
        10885.1      1.39442e+7 
        10897.6      1.35428e+7 
        10910.1      1.30888e+7 
        10922.6      1.25634e+7 
        10933.7       1.1944e+7 
        10946.6       1.2134e+7 
        10961.3      1.27226e+7 
        10973.2      1.30717e+7 
          10985       1.3354e+7 
        10996.8      1.35869e+7 
        11008.6      1.37748e+7 
        11020.4       1.3922e+7 
        11032.2      1.40302e+7 
          11044      1.41191e+7 
        11055.9      1.41845e+7 
        11067.7      1.42278e+7 
        11091.3      1.42702e+7 
        11114.9      1.42744e+7 
        11138.6      1.42447e+7 
        11162.2      1.41899e+7 
        11209.5      1.40392e+7 
        11252.5      1.38732e+7 
        11269.3      1.38048e+7 
          11286      1.37351e+7 
        11319.6      1.35932e+7 
        11386.6      1.33071e+7 
        11453.6      1.30349e+7 
        11520.6      1.27538e+7 
        11587.6      1.24802e+7 
        11654.7      1.22139e+7 
        11721.7      1.19546e+7 
        11788.7      1.17021e+7 
        11855.7      1.14563e+7 
        11922.8      1.12169e+7 
        11989.8      1.09838e+7 
        12056.8      1.07499e+7 
        12123.8      1.05271e+7 
        12190.8      1.03093e+7 
        12231.1      1.01806e+7 
        12257.9      1.00956e+7 
        12284.6      1.00111e+7 
        12338.2      9.84292e+6 
        12391.7      9.67485e+6 
        12445.2      9.50476e+6 
        12498.7      9.33006e+6 
        12552.3      9.14273e+6 
          12579      9.04157e+6 
        12605.8      8.93236e+6 
        12632.6      8.81066e+6 
        12659.3      8.67089e+6 
        12686.1      8.50658e+6 
        12699.5      8.41161e+6 
        12712.9      8.30508e+6 
        12726.2      8.18495e+6 
        12739.6      8.05058e+6 
          12753       7.8957e+6 
        12766.4      7.71848e+6 
        12779.8      7.51315e+6 
        12793.1      7.27081e+6 
        12805.6       6.9776e+6 
        12815.7      6.52512e+6 
        12827.2      6.84506e+6 
        12838.4      7.09582e+6 
        12851.2      7.29248e+6 
          12864      7.44375e+6 
        12876.8      7.56583e+6 
        12889.6      7.66335e+6 
        12902.4      7.73966e+6 
        12915.2      7.79831e+6 
          12928      7.84339e+6 
        12940.8       7.8761e+6 
        12953.6      7.89837e+6 
        12966.4      7.91226e+6 
          12992      7.92165e+6 
        13017.6      7.91179e+6 
        13043.2      7.88822e+6 
        13094.3      7.81726e+6 
        13145.5      7.72838e+6 
        13196.7      7.63033e+6 
        13247.9      7.52861e+6 
        13289.8      7.44404e+6 
        13308.4      7.40652e+6 
        13326.9      7.36905e+6 
        13363.9      7.29428e+6 
        13438.1      7.14609e+6 
        13512.2      7.00063e+6 
        13586.3      6.85835e+6 
        13660.4      6.72131e+6 
        13734.6      6.58525e+6 
        13808.7      6.45264e+6 
        13882.8      6.32337e+6 
        13956.9      6.19729e+6 
        14031.1      6.07436e+6 
        14105.2      5.95445e+6 
        14179.3      5.83749e+6 
        14253.4      5.72338e+6 
          14323      5.61877e+6 
        14341.1        5.592e+6 
        14359.2      5.56536e+6 
        14395.3      5.51262e+6 
        14457.6      5.42311e+6 
        14519.9      5.33543e+6 
        14581.3      5.25083e+6 
        14596.3      5.23041e+6 
        14607.6      5.21514e+6 
        14630.1      5.18479e+6 
        14675.1      5.12475e+6 
        14765.2      5.00723e+6 
        14855.3      4.89306e+6 
        14945.4      4.78216e+6 
        15035.5      4.67438e+6 
        15125.6       4.5696e+6 
        15215.6      4.46775e+6 
        15305.7      4.36876e+6 
        15395.8      4.27247e+6 
        15482.4      4.18247e+6 
        15568.9       4.0962e+6 
        15655.4      4.01216e+6 
          15742      3.93023e+6 
        15828.5      3.85043e+6 
        15915.1      3.77261e+6 
        16001.6      3.69677e+6 
        16088.1      3.62282e+6 
        16174.7      3.55072e+6 
        16261.2      3.48041e+6 
          16316      3.43678e+6 
        16347.8      3.41183e+6 
        16379.5      3.38708e+6 
          16443      3.33936e+6 
        16506.5      3.29248e+6 
          16570      3.24643e+6 
        16633.5      3.20116e+6 
          16697      3.15667e+6 
        16760.5      3.11297e+6 
          16824      3.07001e+6 
        16887.5      3.02779e+6 
          16951      2.98628e+6 
        17014.5      2.94549e+6 
          17078      2.90539e+6 
        17141.4      2.86597e+6 
        17204.9      2.82721e+6 
        17268.4      2.78911e+6 
        17331.9      2.75164e+6 
        17387.6      2.71929e+6 
        17403.2      2.71031e+6 
        17418.8      2.70129e+6 
        17450.1      2.68337e+6 
        17512.5      2.64795e+6 
          17575      2.61312e+6 
        17637.4      2.57886e+6 
        17699.8      2.54516e+6 
        17762.3        2.512e+6 
        17824.7      2.47938e+6 
        17887.2      2.44728e+6 
        17949.6       2.4157e+6 
          18012      2.38169e+6 
        18074.5      2.35041e+6 
        18136.9      2.31942e+6 
        18199.4      2.28856e+6 
        18261.8      2.25762e+6 
        18324.3      2.22625e+6 
        18346.5      2.21492e+6 
        18386.7      2.19393e+6 
          18427      2.17206e+6 
        18467.2      2.14857e+6 
        18507.4      2.12269e+6 
        18547.7      2.09296e+6 
        18587.9      2.05713e+6 
        18608.1      2.03597e+6 
        18628.2      2.01178e+6 
        18648.3      1.98378e+6 
        18668.4      1.95063e+6 
        18688.5       1.9111e+6 
        18698.6      1.88838e+6 
        18708.7      1.86303e+6 
        18718.7      1.83445e+6 
        18728.8      1.80003e+6 
        18738.9      1.75388e+6 
        18748.9      1.62123e+6 
        18759.1      1.71892e+6 
        18772.7      1.78221e+6 
        18792.5      1.83035e+6 
        18812.2      1.86279e+6 
        18841.8      1.89555e+6 
        18861.6       1.9098e+6 
        18881.3      1.91926e+6 
        18901.1      1.92528e+6 
        18920.8      1.92853e+6 
        18940.6      1.92973e+6 
          18980      1.92726e+6 
        19019.5      1.92045e+6 
          19059       1.9109e+6 
          19138      1.88761e+6 
          19217      1.86175e+6 
          19296      1.83493e+6 
          19375      1.80786e+6 
        19450.7      1.78202e+6 
        19526.4      1.75626e+6 
        19602.1      1.73202e+6 
        19677.7      1.70666e+6 
        19753.4      1.68176e+6 
        19829.1      1.65731e+6 
        19904.8       1.6333e+6 
        19980.5      1.60972e+6 
        20056.2      1.58657e+6 
        20131.9      1.56383e+6 
        20207.6       1.5415e+6 
        20283.3      1.51956e+6 
        20358.9      1.49801e+6 
        20394.9      1.48791e+6 
        20434.6      1.47684e+6 
        20474.4      1.46586e+6 
        20553.9      1.44417e+6 
        20633.4      1.42287e+6 
          20713      1.40196e+6 
        20792.5      1.38143e+6 
          20872      1.36128e+6 
        20951.5       1.3415e+6 
        21031.1      1.32207e+6 
        21110.6      1.30299e+6 
        21190.1      1.28425e+6 
        21269.6      1.26585e+6 
        21349.2      1.24778e+6 
        21428.7      1.23003e+6 
        21508.2      1.21259e+6 
        21544.8      1.20466e+6 
        21587.7      1.19546e+6 
        21630.6      1.18635e+6 
        21716.4      1.16836e+6 
        21802.2      1.15072e+6 
        21887.9       1.1334e+6 
        21973.7      1.11641e+6 
        22059.5      1.09973e+6 
        22145.3      1.08337e+6 
        22231.1      1.06731e+6 
        22316.8      1.05154e+6 
        22402.6      1.03607e+6 
        22488.4      1.02087e+6 
        22574.2      1.00602e+6 
        22659.9          991377 
        22704.6          983859 
        22745.7          976998 
        22784.8          970523 
        22800.8          967893 
        22816.8          965270 
        22848.8          960052 
        22912.8          949722 
        22976.8          939528 
        23040.8          929472 
        23104.8          919550 
        23168.7          909761 
        23232.7          900047 
        23296.7          890516 
        23360.7          881110 
        23424.7          871827 
        23488.6          862719 
        23552.6          853678 
        23616.6          844755 
        23680.6          835950 
        23744.6          827257 
        23808.6          818677 
        23872.5          810210 
        23936.5          801851 
        24000.5          793598 
        24064.5          785452 
        24128.5          777412 
        24192.5          769473 
        24256.4          761635 
        24320.4          753894 
        24384.4          746254 
        24448.4          738711 
        24512.4          731262 
        24576.3          723908 
        24640.3          716644 
        24704.3          709472 
        24768.3          702388 
        24832.3          695395 
        24896.3          688486 
        24960.2          681666 
        25004.4          677004 
        25024.2          674927 
          25044          672860 
        25083.6          668770 
        25162.8          660683 
        25241.9          652716 
        25321.1          644872 
        25400.2          637143 
        25479.4          629528 
        25558.5          622029 
        25637.7          614640 
        25716.9          607361 
          25796          600192 
        25875.2          593126 
        25954.3          586165 
        26033.5          579303 
        26112.7          572543 
        26191.8          565883 
          26271          559317 
        26350.1          552848 
        26429.3          546471 
        26508.4          540187 
        26587.6          533992 
        26666.8          527885 
        26745.9          521866 
        26825.1          515934 
        26904.2          510085 
        26983.4          504317 
        27062.6          498630 
        27141.7          493026 
        27220.9          487500 
        27299.2          482106 
        27377.5          476806 
        27455.8          471575 
        27534.2          466417 
        27612.5          461330 
        27690.8          456310 
        27769.1          451359 
        27847.5          446477 
        27925.8          441658 
        28004.1          436904 
        28082.4          432214 
        28160.8          427590 
        28239.1          423025 
        28317.4          418520 
        28395.7          414074 
          28474          409689 
        28552.4          405363 
        28630.7          401090 
          28709          396874 
        28787.3          392715 
        28865.7          388612 
          28944          384559 
        29022.3          380560 
        29100.6          376611 
          29179          372715 
        29257.3          368870 
        29335.6          365072 
        29413.9          361324 
        29492.3          357623 
        29570.6          353970 
        29648.9          350363 
        29727.2          346804 
        29805.5          343288 
        29883.9          339817 
        29932.6          337680 
        29962.2          336389 
        29991.8          335104 
