# Koester WD models
# teff = 17500 K (value for the effective temperature for the model. Temperatures are given in K)
# logg = 7 log(cm/s2) (value for Log(G) for the model.)
#
# column 1: WAVELENGTH (ANGSTROM), Wavelength in Angstrom
# column 2: FLUX (ERG/CM2/S/A), Flux in erg/cm2/s/A
         899.23      1.93505e+6 
        909.241      2.13103e+6 
        919.246      7.46179e+6 
        929.261       9.1464e+6 
        939.281      1.74113e+7 
        949.307      6.68562e+6 
        959.577      2.06106e+8 
        969.693       2.3115e+7 
        979.761      1.24367e+8 
        989.846      9.52028e+8 
        999.895      2.32144e+9 
         1009.9      7.05765e+8 
        1019.92      5.23839e+7 
        1030.02      5.00713e+7 
        1040.07      8.67042e+8 
        1050.25      2.90276e+9 
        1060.43      3.28224e+9 
        1070.73      5.12403e+9 
        1080.82      5.96774e+9 
        1091.02      7.21665e+9 
        1101.92      7.10635e+9 
        1114.38      6.82134e+9 
        1124.73      6.55559e+9 
        1135.54      6.22661e+9 
        1146.89      5.79316e+9 
        1156.89      5.28529e+9 
        1166.89      4.59882e+9 
         1176.9       3.6384e+9 
        1187.48      2.23374e+9 
        1197.48       8.2693e+8 
        1207.51      1.59731e+8 
        1217.83        8.195e+7 
        1228.17      3.30389e+8 
        1239.25       1.8192e+9 
        1249.41      3.28645e+9 
        1259.41      4.04059e+9 
        1269.41      4.40473e+9 
        1279.42      4.58258e+9 
        1289.42       4.6533e+9 
        1299.42      4.65788e+9 
        1309.42      4.63957e+9 
        1319.42      4.59731e+9 
        1329.42      4.52876e+9 
        1339.42      4.46386e+9 
        1349.42      4.41488e+9 
        1359.42      4.34818e+9 
        1369.42      4.23791e+9 
        1379.42      4.12299e+9 
        1389.42      3.99422e+9 
        1399.42      3.95586e+9 
        1409.42      3.99274e+9 
        1419.42      3.98005e+9 
        1429.42      3.92577e+9 
        1439.42      3.86165e+9 
        1454.42      3.76353e+9 
        1464.42      3.69913e+9 
        1474.42      3.63608e+9 
        1489.42      3.54419e+9 
        1504.42       3.4555e+9 
        1514.42      3.39801e+9 
        1529.42      3.31425e+9 
        1544.42      3.23339e+9 
        1559.42      3.15529e+9 
        1570.19       3.1009e+9 
        1584.41      3.03104e+9 
        1599.41      2.95977e+9 
        1614.41      2.89076e+9 
        1629.41        2.824e+9 
        1644.41      2.75944e+9 
        1659.41      2.69703e+9 
        1670.17      2.65347e+9 
         1684.4      2.59745e+9 
         1699.4      2.54031e+9 
         1714.4      2.48493e+9 
         1729.4      2.43111e+9 
         1744.4      2.37885e+9 
        1759.39      2.32816e+9 
         1771.7      2.28773e+9 
        1784.39       2.2471e+9 
        1799.39      2.20035e+9 
           1824      2.12642e+9 
        1834.77      2.09516e+9 
        1845.54      2.06454e+9 
           1864      2.01347e+9 
        1876.29      1.98046e+9 
        1888.59      1.94826e+9 
        1906.98      1.90144e+9 
        1919.37      1.87077e+9 
        1931.76      1.84083e+9 
        1944.47      1.81077e+9 
        1956.53      1.78289e+9 
         1967.6      1.75781e+9 
        1992.71      1.70271e+9 
        2017.81         1.65e+9 
        2042.42       1.6005e+9 
        2067.03      1.55298e+9 
        2091.64      1.50748e+9 
         2116.2      1.46385e+9 
           2129      1.44181e+9 
         2141.8      1.42021e+9 
        2165.47      1.38143e+9 
        2210.96       1.3109e+9 
        2225.89      1.28884e+9 
        2240.83       1.2673e+9 
        2263.91      1.23493e+9 
        2307.04      1.17748e+9 
        2319.23      1.16193e+9 
        2331.41      1.14667e+9 
        2349.21      1.12486e+9 
        2362.35       1.1091e+9 
         2375.5      1.09366e+9 
        2394.29      1.07207e+9 
        2409.27      1.05527e+9 
        2424.25      1.03882e+9 
        2452.24      1.00902e+9 
        2464.64      9.96186e+8 
        2480.05      9.80563e+8 
        2491.16      9.69495e+8 
        2510.01      9.51101e+8 
        2528.86      9.33182e+8 
        2559.23       9.0525e+8 
        2582.27      8.84845e+8 
        2619.97      8.52757e+8 
        2657.67      8.22218e+8 
        2695.37      7.93164e+8 
        2710.02      7.82235e+8 
        2733.07      7.65455e+8 
        2749.84      7.53539e+8 
        2802.19      7.17948e+8 
        2854.55      6.84566e+8 
         2906.9       6.5325e+8 
        2952.98      6.27232e+8 
        2999.07      6.02598e+8 
        3038.88      5.82332e+8 
        3051.42      5.76134e+8 
        3063.96      5.70029e+8 
        3089.04      5.58073e+8 
        3128.56      5.39895e+8 
        3139.21      5.35126e+8 
        3149.86      5.30414e+8 
        3171.16      5.21162e+8 
        3213.76      5.03277e+8 
        3248.29       4.8936e+8 
           3288      4.73991e+8 
        3317.37      4.63024e+8 
        3346.73      4.52383e+8 
        3365.75      4.45673e+8 
        3405.46       4.3207e+8 
        3445.17      4.18994e+8 
        3505.57      4.00076e+8 
        3524.59      3.94348e+8 
         3543.6      3.88725e+8 
        3571.98      3.80529e+8 
         3582.2      3.77632e+8 
        3610.58      3.69728e+8 
        3635.88      3.62857e+8 
        3647.12      3.59857e+8 
        3658.96      3.56718e+8 
        3671.11      3.53501e+8 
         3682.7      3.50467e+8 
        3692.77      3.47897e+8 
        3702.89      3.45365e+8 
        3712.93      3.43024e+8 
        3723.11      3.40734e+8 
        3733.34      3.37599e+8 
        3743.51      3.38475e+8 
        3753.66      3.35773e+8 
        3764.31       3.3402e+8 
        3774.36      3.28997e+8 
        3784.57      3.44416e+8 
        3794.89      3.05278e+8 
        3805.35       3.3233e+8 
        3815.87      3.59197e+8 
        3825.94      3.24423e+8 
        3836.08      2.55715e+8 
         3847.4      3.43904e+8 
        3858.21       3.8313e+8 
         3868.9      3.70526e+8 
        3880.56      2.95652e+8 
        3890.61      2.30181e+8 
        3901.57      3.26311e+8 
        3911.93      3.87157e+8 
        3922.31      4.12073e+8 
        3933.45      4.12111e+8 
        3943.88      3.85759e+8 
        3954.55      3.26694e+8 
        3965.59      2.35375e+8 
         3976.4      2.50528e+8 
        3986.99      3.31184e+8 
        3997.55       3.8629e+8 
        4008.87      4.16475e+8 
        4020.54      4.26176e+8 
        4032.38      4.27395e+8 
        4043.86      4.23276e+8 
        4056.35      4.09639e+8 
        4068.85      3.78763e+8 
        4080.56      3.28177e+8 
        4092.03      2.53804e+8 
        4102.05      1.66946e+8 
        4112.36       2.5752e+8 
        4122.41      3.17979e+8 
        4133.78      3.62483e+8 
        4143.83      3.85552e+8 
        4156.66      3.98511e+8 
        4168.82      4.01527e+8 
        4183.82      4.00779e+8 
        4198.82      3.98143e+8 
        4213.81      3.94505e+8 
        4224.95      3.91367e+8 
        4238.81      3.86909e+8 
         4253.8      3.80862e+8 
         4268.8      3.71902e+8 
        4283.79      3.57278e+8 
        4298.79        3.343e+8 
        4311.29      3.03376e+8 
         4323.5      2.55262e+8 
        4333.66      1.98781e+8 
        4344.02      1.76927e+8 
        4354.64      2.37431e+8 
        4366.07      2.82476e+8 
        4376.39      3.07131e+8 
        4387.24      3.22635e+8 
        4397.65      3.30649e+8 
        4408.76      3.35428e+8 
        4423.76       3.3687e+8 
        4438.75      3.35371e+8 
        4453.75      3.32692e+8 
        4468.74      3.29603e+8 
        4483.74       3.2633e+8 
        4498.74      3.22981e+8 
        4513.73      3.19594e+8 
        4527.19      3.16547e+8 
        4538.73      3.13938e+8 
        4553.72       3.1056e+8 
        4568.72      3.07202e+8 
        4583.72      3.03869e+8 
        4596.53       3.0104e+8 
        4608.71      2.98379e+8 
         4623.7      2.95112e+8 
         4638.7      2.91863e+8 
         4653.7      2.88624e+8 
        4668.69      2.85387e+8 
        4683.69      2.82134e+8 
        4698.68      2.78829e+8 
        4713.68      2.75417e+8 
        4724.83      2.72774e+8 
        4738.67      2.69279e+8 
        4753.67      2.65061e+8 
        4768.67      2.60142e+8 
        4783.66      2.54149e+8 
        4798.66       2.4584e+8 
        4813.65      2.33476e+8 
        4826.15      2.17677e+8 
        4836.81      1.97762e+8 
        4847.02      1.71306e+8 
        4857.59      1.34581e+8 
        4868.64      1.47385e+8 
        4879.15      1.77872e+8 
        4889.26      1.98397e+8 
        4900.88      2.13329e+8 
        4913.63      2.22465e+8 
        4925.16      2.26732e+8 
        4938.62      2.28925e+8 
        4953.62      2.29294e+8 
        4968.61      2.28621e+8 
        4983.61      2.27312e+8 
         4998.6      2.25617e+8 
         5013.6      2.23711e+8 
         5028.6      2.21692e+8 
        5043.59      2.19607e+8 
        5058.59      2.17498e+8 
        5073.58      2.15384e+8 
        5088.58      2.13276e+8 
        5103.58      2.11178e+8 
        5118.57      2.09096e+8 
        5133.57      2.07034e+8 
        5148.56      2.04993e+8 
        5163.56      2.02974e+8 
        5178.56      2.00977e+8 
        5193.55      1.99002e+8 
        5208.55       1.9705e+8 
        5223.54      1.95121e+8 
        5238.54      1.93214e+8 
        5253.54      1.91329e+8 
        5268.53      1.89467e+8 
        5283.53      1.87628e+8 
        5298.52      1.85809e+8 
        5313.52      1.84014e+8 
        5328.52      1.82239e+8 
        5343.51      1.80486e+8 
        5358.51      1.78754e+8 
         5373.5      1.77059e+8 
         5388.5      1.75367e+8 
         5403.5      1.73695e+8 
        5418.49      1.72043e+8 
        5433.49      1.70412e+8 
        5448.48      1.68799e+8 
        5463.48      1.67206e+8 
        5478.48      1.65632e+8 
        5493.47      1.64076e+8 
        5508.47      1.62539e+8 
        5523.46       1.6102e+8 
        5538.46       1.5952e+8 
        5553.46      1.58036e+8 
        5568.45       1.5657e+8 
        5583.45      1.55122e+8 
        5598.44       1.5369e+8 
        5613.44      1.52274e+8 
        5628.44      1.50875e+8 
        5643.43      1.49492e+8 
        5658.43      1.48125e+8 
        5673.42      1.46773e+8 
         5686.2      1.45634e+8 
        5698.42      1.44554e+8 
        5708.88      1.43638e+8 
        5723.41      1.42378e+8 
        5738.41      1.41092e+8 
         5753.4       1.3982e+8 
         5768.4      1.38551e+8 
        5783.39      1.37308e+8 
        5798.39      1.36079e+8 
        5813.39      1.34864e+8 
        5828.38      1.33663e+8 
        5843.38      1.32475e+8 
        5858.37        1.313e+8 
        5873.37      1.30139e+8 
        5888.37       1.2899e+8 
        5903.36      1.27854e+8 
        5918.36      1.26731e+8 
        5933.35      1.25619e+8 
        5948.35       1.2452e+8 
        5963.35      1.23433e+8 
        5978.34      1.22357e+8 
        5993.34      1.21293e+8 
        6008.33      1.20241e+8 
        6023.33        1.192e+8 
        6038.32      1.18169e+8 
        6053.32       1.1715e+8 
        6068.32      1.16142e+8 
        6083.31      1.15143e+8 
        6098.31      1.14156e+8 
        6113.31      1.13178e+8 
         6128.3      1.12211e+8 
         6143.3      1.11253e+8 
        6158.29      1.10305e+8 
        6173.29      1.09365e+8 
        6188.28      1.08435e+8 
        6203.28      1.07513e+8 
        6218.28        1.066e+8 
        6233.27      1.05695e+8 
        6244.38      1.05028e+8 
        6256.04      1.04334e+8 
        6266.59      1.03708e+8 
        6278.26       1.0302e+8 
        6290.52        1.023e+8 
        6302.31      1.01611e+8 
        6312.59      1.01013e+8 
        6323.25      1.00393e+8 
        6338.24      9.95244e+7 
        6353.24      9.86564e+7 
        6368.24      9.77846e+7 
        6383.23      9.69043e+7 
        6398.23      9.60086e+7 
        6413.22      9.50856e+7 
        6428.22      9.41183e+7 
        6443.22      9.30775e+7 
        6458.21      9.19151e+7 
        6473.21      9.05661e+7 
         6488.2      8.88967e+7 
         6503.2      8.66304e+7 
         6518.2      8.32597e+7 
        6532.67      7.81031e+7 
        6543.19      7.24988e+7 
        6553.54      6.48494e+7 
        6563.64      5.30269e+7 
        6574.47       6.6183e+7 
        6586.28      7.31721e+7 
        6598.17      7.75716e+7 
         6608.5      7.98681e+7 
        6618.82      8.12328e+7 
        6629.14      8.19921e+7 
        6644.62       8.2453e+7 
        6654.94      8.24844e+7 
        6665.26      8.23883e+7 
         6685.9      8.19528e+7 
        6701.62      8.14882e+7 
        6721.34      8.08194e+7 
         6736.2      8.02796e+7 
        6780.49      7.85939e+7 
        6824.78      7.68826e+7 
        6913.35      7.35283e+7 
        7001.93      7.03211e+7 
        7071.86      6.79043e+7 
         7090.5      6.72772e+7 
        7109.15      6.66567e+7 
        7146.44      6.54378e+7 
        7221.02      6.30816e+7 
         7295.6      6.08303e+7 
        7346.84      5.93415e+7 
        7370.18      5.86799e+7 
        7393.51      5.80262e+7 
        7440.19      5.67463e+7 
        7533.55      5.42911e+7 
        7575.92      5.32208e+7 
         7626.9      5.19679e+7 
        7677.88      5.07521e+7 
        7728.86      4.95721e+7 
        7779.84      4.84264e+7 
        7830.82      4.73136e+7 
         7881.8      4.62329e+7 
        7903.32      4.57862e+7 
        7932.78       4.5183e+7 
        7962.25      4.45896e+7 
        8021.18      4.34325e+7 
        8077.68      4.23584e+7 
        8097.18      4.19956e+7 
        8108.49      4.17866e+7 
        8155.67      4.09299e+7 
        8200.85      4.01301e+7 
        8216.85      3.98514e+7 
        8232.84      3.95756e+7 
        8264.83      3.90305e+7 
        8289.72      3.86133e+7 
        8328.82      3.79683e+7 
        8367.92      3.73353e+7 
        8437.95      3.62527e+7 
        8473.98      3.57039e+7 
        8502.48      3.52722e+7 
        8516.58      3.50633e+7 
        8530.98      3.48456e+7 
        8545.38      3.46574e+7 
        8574.18      3.42921e+7 
        8598.39      3.39597e+7 
         8628.6      3.35949e+7 
        8646.81       3.3331e+7 
        8665.01      3.30508e+7 
        8683.22      3.28714e+7 
        8701.43      3.26581e+7 
        8719.64      3.23669e+7 
        8737.85      3.20213e+7 
        8750.47      3.17816e+7 
        8763.09      3.17147e+7 
        8775.71      3.16512e+7 
        8788.34      3.15488e+7 
        8800.96      3.13946e+7 
        8811.81       3.1219e+7 
        8825.96      3.09501e+7 
        8840.11      3.06123e+7 
        8854.26      3.02222e+7 
        8867.04      3.00238e+7 
        8879.83      3.01273e+7 
        8905.41      3.02147e+7 
        8922.45      3.01492e+7 
         8939.5      2.99388e+7 
        8956.55      2.96113e+7 
         8973.6       2.9126e+7 
        8990.65      2.85044e+7 
         9007.7      2.77774e+7 
        9018.51       2.7571e+7 
        9034.73      2.79535e+7 
        9049.14      2.82709e+7 
        9063.56      2.84774e+7 
        9077.97       2.8587e+7 
        9088.84      2.86049e+7 
        9099.72      2.85762e+7 
        9110.59      2.84886e+7 
        9121.46      2.83578e+7 
        9132.34      2.81967e+7 
        9143.21      2.79879e+7 
        9154.08      2.77142e+7 
        9164.96      2.73793e+7 
        9175.83          2.7e+7 
        9186.71      2.65129e+7 
        9197.58      2.59722e+7 
        9208.45      2.53647e+7 
        9218.73      2.47268e+7 
        9229.01      2.41952e+7 
        9239.29      2.45536e+7 
        9249.57      2.50027e+7 
        9259.84      2.53958e+7 
        9270.12      2.57303e+7 
         9288.1       2.6161e+7 
        9298.38      2.63027e+7 
        9308.66      2.64283e+7 
        9318.94      2.64956e+7 
        9329.22      2.65128e+7 
        9349.77      2.64693e+7 
        9370.33      2.63482e+7 
        9384.08       2.6237e+7 
         9411.6      2.59229e+7 
        9425.36      2.57263e+7 
        9439.12      2.54853e+7 
        9452.87      2.51966e+7 
        9466.63      2.48365e+7 
        9480.39      2.43642e+7 
        9494.15      2.37767e+7 
        9507.91      2.29792e+7 
        9521.67      2.19723e+7 
        9535.42      2.08535e+7 
        9545.97      1.99443e+7 
        9556.51      2.07011e+7 
        9571.66      2.16837e+7 
         9582.2      2.22887e+7 
        9592.75       2.2747e+7 
        9603.29      2.30919e+7 
         9619.1      2.34123e+7 
        9629.64      2.35473e+7 
        9640.18      2.36219e+7 
        9650.73      2.36603e+7 
        9668.45      2.36642e+7 
        9686.18      2.36011e+7 
         9703.9      2.35077e+7 
        9739.35      2.32623e+7 
         9774.8      2.29809e+7 
        9810.25      2.26779e+7 
         9845.7      2.23487e+7 
        9863.43      2.21878e+7 
        9881.16      2.19846e+7 
        9898.88      2.17534e+7 
         9916.6      2.14895e+7 
        9934.33      2.11715e+7 
        9951.29      2.08085e+7 
        9963.51      2.05081e+7 
        9975.73      2.01476e+7 
        9987.94      1.97233e+7 
        10000.2      1.92167e+7 
        10012.4      1.86164e+7 
        10024.6      1.78962e+7 
        10036.8      1.70105e+7 
        10048.7      1.59998e+7 
        10060.7      1.67988e+7 
        10071.4      1.74559e+7 
        10082.1      1.79787e+7 
        10092.8      1.83802e+7 
        10103.5      1.87294e+7 
        10114.2      1.89757e+7 
        10124.9      1.91752e+7 
        10135.6      1.93173e+7 
        10146.4      1.94137e+7 
        10157.1      1.94785e+7 
        10178.5      1.95533e+7 
        10199.9       1.9543e+7 
        10221.3      1.94854e+7 
        10237.2      1.94195e+7 
          10269      1.92521e+7 
        10300.9      1.90623e+7 
        10332.7      1.88628e+7 
        10396.4      1.84564e+7 
        10460.1      1.80387e+7 
        10523.8      1.76368e+7 
        10587.5       1.7244e+7 
        10651.2        1.684e+7 
        10683.1      1.66307e+7 
        10714.9       1.6409e+7 
        10746.8      1.61656e+7 
        10778.6      1.58836e+7 
        10794.6      1.57235e+7 
        10810.5      1.55446e+7 
        10826.4      1.53357e+7 
        10842.3      1.50885e+7 
        10858.3      1.47898e+7 
        10874.2      1.44143e+7 
        10890.1      1.39462e+7 
          10906       1.3361e+7 
          10918      1.28095e+7 
        10929.9      1.21287e+7 
        10940.7      1.16551e+7 
        10953.7      1.24605e+7 
        10966.8      1.29813e+7 
        10979.8      1.33698e+7 
        10992.8      1.36747e+7 
        11005.8      1.38915e+7 
        11025.3      1.41128e+7 
        11038.3      1.41997e+7 
        11051.4      1.42546e+7 
        11064.4       1.4284e+7 
        11077.4      1.42932e+7 
        11090.4      1.42878e+7 
        11116.4      1.42481e+7 
        11142.5      1.41808e+7 
        11168.5      1.40934e+7 
        11194.5      1.39952e+7 
        11232.2      1.38411e+7 
        11246.6      1.37807e+7 
        11260.9      1.37196e+7 
        11289.6      1.35961e+7 
        11346.9      1.33484e+7 
        11404.3      1.31031e+7 
        11461.7      1.28676e+7 
          11519      1.26298e+7 
        11576.4      1.23975e+7 
        11633.7      1.21705e+7 
        11691.1      1.19487e+7 
        11748.4      1.17319e+7 
        11805.8        1.152e+7 
        11863.1      1.13129e+7 
        11920.5      1.11104e+7 
        11977.9      1.09124e+7 
        12035.2      1.07154e+7 
        12092.6      1.05255e+7 
        12149.9      1.03395e+7 
        12207.3      1.01572e+7 
        12244.6      1.00403e+7 
        12264.6      9.97823e+6 
        12284.6      9.91653e+6 
        12324.6      9.79407e+6 
        12404.6      9.55167e+6 
        12484.6      9.30892e+6 
        12564.6      9.05426e+6 
        12604.5      8.91483e+6 
        12644.5      8.75543e+6 
        12664.5      8.66341e+6 
        12684.5      8.55811e+6 
        12704.5      8.43317e+6 
        12724.5      8.27976e+6 
        12744.5      8.08596e+6 
        12764.5      7.83598e+6 
        12784.5      7.50816e+6 
        12799.5      7.18357e+6 
        12810.7      6.84779e+6 
        12820.8      6.57096e+6 
        12833.2      7.03679e+6 
        12850.4      7.35349e+6 
        12867.7      7.56797e+6 
        12884.9      7.71638e+6 
        12902.2      7.81603e+6 
        12919.4      7.87842e+6 
        12936.6      7.91383e+6 
        12953.9      7.92947e+6 
        12971.1      7.93111e+6 
        12988.4      7.92272e+6 
        13005.6      7.90764e+6 
        13040.1      7.86243e+6 
        13074.6      7.80513e+6 
        13109.1       7.7417e+6 
        13178.1      7.60523e+6 
        13247.1      7.46414e+6 
        13308.4      7.33889e+6 
        13369.6      7.21495e+6 
        13430.8      7.09287e+6 
          13492      6.97298e+6 
        13553.2      6.85536e+6 
        13614.5      6.74007e+6 
        13675.7       6.6281e+6 
        13736.9      6.51727e+6 
        13798.1      6.40879e+6 
        13859.4      6.30251e+6 
        13920.6      6.19846e+6 
        13981.8      6.09654e+6 
          14043       5.9967e+6 
        14104.3      5.89891e+6 
        14165.5      5.80312e+6 
        14226.7      5.70925e+6 
        14243.8      5.68336e+6 
        14287.9      5.61726e+6 
        14332.1      5.55211e+6 
          14383      5.47806e+6 
        14420.3      5.42462e+6 
        14457.6      5.37184e+6 
        14481.3      5.33873e+6 
        14532.2      5.26823e+6 
        14581.2      5.20157e+6 
        14597.2      5.18005e+6 
        14613.2      5.15865e+6 
        14645.2      5.11618e+6 
        14709.2      5.03255e+6 
        14773.2      4.95062e+6 
        14837.1      4.87035e+6 
        14901.1      4.79168e+6 
        14965.1      4.71462e+6 
        15029.1      4.63913e+6 
        15093.1      4.56511e+6 
        15157.1      4.49257e+6 
          15221      4.42148e+6 
          15285      4.35177e+6 
          15349      4.28344e+6 
          15413      4.21646e+6 
        15471.6      4.15626e+6 
        15482.4       4.1453e+6 
        15493.1      4.13468e+6 
        15514.7      4.11351e+6 
        15557.9      4.07157e+6 
        15644.2      3.98929e+6 
        15730.5      3.90908e+6 
        15816.8      3.83089e+6 
        15903.1      3.75464e+6 
        15989.4      3.68025e+6 
        16075.8      3.60771e+6 
        16162.1      3.53696e+6 
        16248.4      3.46791e+6 
        16289.9      3.43533e+6 
        16334.7      3.40055e+6 
        16379.5      3.36622e+6 
        16469.1      3.29996e+6 
        16558.8      3.23534e+6 
        16648.4      3.17225e+6 
          16738       3.1107e+6 
        16827.7      3.05063e+6 
        16917.3      2.99199e+6 
        17006.9      2.93476e+6 
        17096.6      2.87888e+6 
        17186.2      2.82431e+6 
        17275.8      2.77103e+6 
        17327.7      2.74078e+6 
        17365.5        2.719e+6 
        17403.2      2.69743e+6 
        17478.8      2.65409e+6 
        17554.3      2.61161e+6 
        17629.9      2.56997e+6 
        17705.4      2.52915e+6 
          17781      2.48913e+6 
        17856.5      2.44991e+6 
        17932.1      2.41144e+6 
        18007.6      2.37202e+6 
        18083.2      2.33454e+6 
        18158.7      2.29757e+6 
        18234.3      2.26093e+6 
        18309.8      2.22432e+6 
        18343.7      2.20776e+6 
        18385.3      2.18719e+6 
          18427      2.16605e+6 
        18468.6      2.14373e+6 
        18510.2      2.11958e+6 
        18551.8      2.09212e+6 
        18572.6      2.07645e+6 
        18593.4       2.0589e+6 
        18614.2      2.03875e+6 
          18635      2.01499e+6 
        18655.8      1.98623e+6 
        18676.6      1.95077e+6 
          18687      1.92979e+6 
        18697.4      1.90622e+6 
        18707.8      1.87935e+6 
        18718.2      1.84876e+6 
        18728.6      1.81244e+6 
          18739      1.76487e+6 
        18749.1      1.62714e+6 
        18759.1      1.73151e+6 
        18770.8      1.78735e+6 
        18784.2      1.82557e+6 
        18804.4      1.86571e+6 
        18817.8      1.88504e+6 
        18831.2      1.90001e+6 
        18844.6      1.91131e+6 
        18858.1      1.91971e+6 
        18871.5      1.92562e+6 
        18898.3      1.93191e+6 
        18925.2      1.93297e+6 
          18952      1.93067e+6 
        19005.7       1.9199e+6 
        19059.4      1.90463e+6 
          19113      1.88736e+6 
        19166.7      1.86915e+6 
        19220.4      1.85056e+6 
        19274.1       1.8318e+6 
        19327.8      1.81304e+6 
        19381.4      1.79436e+6 
        19419.6      1.78117e+6 
        19435.1      1.77582e+6 
        19450.7      1.77048e+6 
        19481.8      1.75981e+6 
          19544      1.73865e+6 
        19606.2      1.71841e+6 
        19668.4      1.69766e+6 
        19730.5      1.67722e+6 
        19792.7      1.65709e+6 
        19854.9      1.63726e+6 
        19917.1      1.61772e+6 
        19979.3      1.59848e+6 
        20041.5      1.57951e+6 
        20103.7      1.56083e+6 
        20165.9      1.54243e+6 
        20228.1      1.52429e+6 
        20290.3      1.50642e+6 
        20352.5      1.48881e+6 
        20414.7      1.47146e+6 
        20474.4      1.45503e+6 
        20534.1      1.43881e+6 
        20593.8      1.42282e+6 
        20653.5      1.40705e+6 
        20713.2       1.3915e+6 
        20772.9      1.37617e+6 
        20832.6      1.36104e+6 
        20892.3      1.34612e+6 
          20952       1.3314e+6 
        21011.8      1.31689e+6 
        21071.5      1.30257e+6 
        21131.2      1.28844e+6 
        21190.9      1.27451e+6 
        21250.6      1.26077e+6 
        21310.3       1.2472e+6 
          21370      1.23382e+6 
        21429.7      1.22062e+6 
        21489.4       1.2076e+6 
        21549.1      1.19475e+6 
          21587      1.18668e+6 
        21608.8      1.18207e+6 
        21630.6      1.17748e+6 
        21674.2      1.16836e+6 
        21761.4       1.1504e+6 
        21848.6      1.13278e+6 
        21935.8       1.1155e+6 
          22023      1.09854e+6 
        22110.2      1.08191e+6 
        22197.4      1.06559e+6 
        22284.6      1.04957e+6 
        22371.8      1.03386e+6 
        22458.9      1.01844e+6 
        22546.1       1.0033e+6 
        22633.3          988446 
        22654.2          984927 
        22720.5          973862 
        22784.8          963278 
        22800.8          960671 
        22816.8          958070 
        22848.8          952895 
        22912.8          942651 
        22976.8          932547 
        23040.8          922576 
        23104.8          912736 
        23168.7          903029 
        23232.7          893453 
        23296.7          884000 
        23360.7          874673 
        23424.7          865468 
        23488.6          856386 
        23552.6          847419 
        23616.6          838573 
        23680.6          829842 
        23744.6          821222 
        23808.6          812714 
        23872.5          804317 
        23936.5          796029 
        24000.5          787845 
        24064.5          779768 
        24128.5          771792 
        24192.5          763919 
        24256.4          756147 
        24320.4          748475 
        24384.4          740898 
        24448.4          733417 
        24512.4          726028 
        24576.3          718734 
        24640.3          711533 
        24704.3          704420 
        24768.3          697396 
        24832.3          690459 
        24896.3          683607 
        24960.2          676844 
        25004.4          672219 
        25024.2          670161 
          25044          668110 
        25083.6          664064 
        25162.8          656062 
        25241.9          648183 
        25321.1          640420 
        25400.2          632773 
        25479.4          625240 
        25558.5          617819 
        25637.7          610509 
        25716.9          603305 
          25796          596208 
        25875.2          589215 
        25954.3          582322 
        26033.5          575533 
        26112.7          568842 
        26191.8          562248 
          26271          555748 
        26350.1          549342 
        26429.3          543031 
        26508.4          536807 
        26587.6          530675 
        26666.8          524627 
        26745.9          518668 
        26825.1          512790 
        26904.2          506997 
        26983.4          501285 
        27062.6          495655 
        27141.7          490104 
        27220.9          484628 
        27299.2          479288 
        27377.5          474019 
        27455.8          468826 
        27534.2          463702 
        27612.5          458647 
        27690.8          453662 
        27769.1          448742 
        27847.5          443891 
        27925.8          439104 
        28004.1          434382 
        28082.4          429723 
        28160.8          425127 
        28239.1          420593 
        28317.4          416117 
        28395.7          411699 
          28474          407342 
        28552.4          403044 
        28630.7          398800 
          28709          394612 
        28787.3          390478 
        28865.7          386400 
          28944          382373 
        29022.3          378399 
        29100.6          374475 
          29179          370604 
        29257.3          366781 
        29335.6          363008 
        29413.9          359285 
        29492.3          355606 
        29570.6          351978 
        29648.9          348393 
        29727.2          344853 
        29805.5          341359 
        29883.9          337910 
        29932.6          335786 
        29962.2          334504 
        29991.8          333229 
