# Koester WD models
# teff = 17750 K (value for the effective temperature for the model. Temperatures are given in K)
# logg = 7 log(cm/s2) (value for Log(G) for the model.)
#
# column 1: WAVELENGTH (ANGSTROM), Wavelength in Angstrom
# column 2: FLUX (ERG/CM2/S/A), Flux in erg/cm2/s/A
         899.23      2.36153e+6 
        909.241      2.59562e+6 
        919.246       8.7396e+6 
        929.261      1.07256e+7 
        939.281      2.06056e+7 
        949.307      7.79442e+6 
        959.577      2.53357e+8 
        969.579      2.82682e+7 
        979.609      1.44208e+8 
        989.645      1.15568e+9 
        999.665      2.70597e+9 
        1009.68       9.0393e+8 
        1019.75      6.49832e+7 
        1029.89      5.77453e+7 
        1039.97      1.03042e+9 
        1050.09      3.31941e+9 
        1060.27      3.69546e+9 
        1070.48      5.71267e+9 
        1080.64      6.45676e+9 
        1091.79      7.78848e+9 
        1104.04      7.61525e+9 
        1114.38      7.35466e+9 
        1124.73      7.07301e+9 
        1135.54      6.72929e+9 
        1146.89      6.27894e+9 
        1156.89      5.75511e+9 
        1166.89      5.04637e+9 
         1176.9       4.0475e+9 
        1187.48      2.55345e+9 
        1197.88      9.32522e+8 
        1207.91       1.7606e+8 
         1218.2      9.83988e+7 
        1228.44      4.05583e+8 
        1239.41      2.11778e+9 
        1249.41      3.63809e+9 
        1259.41      4.40326e+9 
        1269.41      4.76259e+9 
        1279.42      4.93202e+9 
        1289.42       4.9934e+9 
        1299.42      4.98919e+9 
        1309.42      4.96262e+9 
        1319.42      4.91191e+9 
        1329.42      4.83592e+9 
        1339.42      4.76426e+9 
        1349.42       4.7079e+9 
        1359.42      4.63388e+9 
        1369.42      4.51708e+9 
        1379.42      4.39722e+9 
        1389.42       4.2639e+9 
        1399.42      4.21991e+9 
        1409.42      4.24828e+9 
        1419.42      4.22865e+9 
        1429.42      4.16886e+9 
        1439.42      4.09953e+9 
        1454.42      3.99391e+9 
        1464.42      3.92463e+9 
        1474.42       3.8569e+9 
        1489.42      3.75829e+9 
        1504.42      3.66325e+9 
        1514.42      3.60171e+9 
        1529.42      3.51208e+9 
        1544.42       3.4255e+9 
        1559.42      3.34181e+9 
        1570.19      3.28353e+9 
        1584.41      3.20876e+9 
        1599.41      3.13257e+9 
        1614.41      3.05884e+9 
        1629.41      2.98753e+9 
        1644.41      2.91855e+9 
        1659.41      2.85183e+9 
        1670.17      2.80523e+9 
         1684.4      2.74538e+9 
         1699.4      2.68438e+9 
         1714.4      2.62529e+9 
         1729.4      2.56793e+9 
         1744.4      2.51222e+9 
        1759.39      2.45819e+9 
         1771.7      2.41505e+9 
        1784.39      2.37168e+9 
        1799.39      2.32183e+9 
           1824      2.24308e+9 
        1834.77      2.20981e+9 
        1845.54      2.17723e+9 
           1864      2.12288e+9 
        1876.29      2.08776e+9 
        1888.59      2.05348e+9 
        1906.98       2.0036e+9 
        1919.37      1.97094e+9 
        1931.76      1.93909e+9 
        1944.47      1.90714e+9 
        1956.53      1.87751e+9 
         1967.6      1.85085e+9 
        1992.71      1.79233e+9 
        2017.81      1.73631e+9 
        2042.42      1.68368e+9 
        2067.03       1.6332e+9 
        2091.64      1.58492e+9 
         2116.2      1.53864e+9 
           2129      1.51525e+9 
         2141.8      1.49235e+9 
        2165.47      1.45119e+9 
        2210.96      1.37637e+9 
        2225.89      1.35301e+9 
        2240.83      1.33018e+9 
        2263.91      1.29591e+9 
        2307.04      1.23506e+9 
        2319.23      1.21858e+9 
        2331.41      1.20241e+9 
        2349.21      1.17931e+9 
        2362.35      1.16264e+9 
         2375.5       1.1463e+9 
        2394.29      1.12346e+9 
        2409.27      1.10569e+9 
        2424.25      1.08831e+9 
        2452.24       1.0568e+9 
        2464.64      1.04322e+9 
        2480.05       1.0267e+9 
        2491.16      1.01499e+9 
        2510.01      9.95546e+8 
        2528.86      9.76611e+8 
        2559.23      9.47115e+8 
        2582.27      9.25563e+8 
        2619.97      8.91688e+8 
        2657.67      8.59439e+8 
        2695.37      8.28777e+8 
        2710.02      8.17251e+8 
        2733.07       7.9956e+8 
        2749.84      7.86997e+8 
        2802.19      7.49477e+8 
        2854.55      7.14291e+8 
         2906.9      6.81317e+8 
        2952.98      6.53929e+8 
        2999.07      6.28008e+8 
        3038.88      6.06686e+8 
        3051.42      6.00167e+8 
        3063.96      5.93748e+8 
        3089.04      5.81179e+8 
        3128.56      5.62075e+8 
        3139.21      5.57064e+8 
        3149.86      5.52113e+8 
        3171.16      5.42393e+8 
        3213.76      5.23609e+8 
        3248.29      5.08995e+8 
           3288      4.92862e+8 
        3317.37      4.81355e+8 
        3346.73      4.70193e+8 
        3365.75      4.63152e+8 
        3405.46      4.48886e+8 
        3445.17       4.3518e+8 
        3505.57      4.15359e+8 
        3524.59      4.09359e+8 
         3543.6      4.03465e+8 
        3571.98      3.94886e+8 
         3582.2      3.91854e+8 
        3610.58      3.83579e+8 
        3635.88      3.76388e+8 
        3647.12      3.73249e+8 
        3658.96      3.69963e+8 
        3671.11      3.66599e+8 
         3682.7      3.63429e+8 
        3692.77       3.6074e+8 
        3702.89      3.58091e+8 
        3712.93      3.55641e+8 
        3723.11       3.5325e+8 
        3733.34      3.50036e+8 
        3743.51        3.508e+8 
        3753.66      3.48048e+8 
        3764.42       3.4594e+8 
        3775.47      3.44674e+8 
        3785.73      3.54786e+8 
        3795.99      3.10627e+8 
        3806.71      3.51415e+8 
        3817.41        3.698e+8 
        3827.65      3.23776e+8 
        3837.98       2.8173e+8 
        3848.84      3.64645e+8 
        3858.91      3.95935e+8 
        3870.43        3.758e+8 
        3880.56      3.06147e+8 
        3890.61      2.39133e+8 
        3901.57      3.37347e+8 
        3911.93      3.99045e+8 
        3922.31       4.2415e+8 
        3933.45      4.24093e+8 
        3943.88      3.97367e+8 
        3954.55      3.37322e+8 
        3965.59      2.43882e+8 
         3976.4      2.59389e+8 
        3986.99      3.41761e+8 
        3998.87       4.0296e+8 
         4008.9      4.28026e+8 
        4018.94      4.37018e+8 
        4029.01      4.39085e+8 
        4039.29       4.3687e+8 
        4049.71      4.29603e+8 
        4060.76      4.12142e+8 
        4071.35      3.80557e+8 
        4082.28      3.28783e+8 
        4093.69      2.49343e+8 
        4103.79      1.97071e+8 
         4113.9      2.77234e+8 
        4125.26      3.40596e+8 
        4135.54      3.77651e+8 
        4145.79      3.98857e+8 
        4158.83      4.09789e+8 
        4173.82      4.11737e+8 
        4188.82      4.10053e+8 
        4203.81      4.06893e+8 
        4216.52      4.03544e+8 
        4228.81      3.99862e+8 
        4243.81      3.94637e+8 
         4258.8      3.87704e+8 
         4273.8      3.77132e+8 
        4288.79      3.60168e+8 
        4301.29      3.38098e+8 
        4313.79      3.03692e+8 
        4326.14      2.49486e+8 
        4336.17      1.88673e+8 
        4346.22      1.97515e+8 
        4357.43      2.57965e+8 
        4367.98      2.96215e+8 
        4378.77      3.19616e+8 
        4389.88      3.33568e+8 
        4400.99      3.40847e+8 
        4413.76      3.44636e+8 
        4428.76       3.4474e+8 
        4443.75      3.42578e+8 
        4458.75      3.39616e+8 
        4473.74      3.36348e+8 
        4488.74      3.32946e+8 
        4503.74      3.29481e+8 
        4514.12      3.27065e+8 
        4527.19      3.24024e+8 
        4538.73      3.21341e+8 
        4553.72      3.17869e+8 
        4568.72       3.1442e+8 
        4583.72      3.10998e+8 
        4596.53      3.08093e+8 
        4608.71      3.05362e+8 
         4623.7       3.0201e+8 
         4638.7      2.98677e+8 
         4653.7      2.95355e+8 
        4668.69      2.92037e+8 
        4683.69      2.88705e+8 
        4698.68      2.85321e+8 
        4713.68      2.81834e+8 
        4724.83      2.79137e+8 
        4738.67      2.75579e+8 
        4753.67      2.71293e+8 
        4768.67        2.663e+8 
        4783.66      2.60236e+8 
        4798.66      2.51856e+8 
        4813.65      2.39389e+8 
        4826.15      2.23436e+8 
        4836.81      2.03258e+8 
        4847.02      1.76315e+8 
        4857.59      1.38682e+8 
        4868.64      1.51822e+8 
        4879.15      1.82953e+8 
        4889.26      2.03774e+8 
        4900.88      2.18819e+8 
        4913.63      2.27959e+8 
        4925.16      2.32185e+8 
        4938.62      2.34324e+8 
        4953.62      2.34621e+8 
        4968.61      2.33881e+8 
        4983.61      2.32509e+8 
         4998.6      2.30752e+8 
         5013.6      2.28786e+8 
         5028.6      2.26709e+8 
        5043.59      2.24566e+8 
        5058.59      2.22402e+8 
        5073.58      2.20231e+8 
        5088.58      2.18069e+8 
        5103.58      2.15916e+8 
        5118.57      2.13782e+8 
        5133.57      2.11668e+8 
        5148.56      2.09576e+8 
        5163.56      2.07506e+8 
        5178.56       2.0546e+8 
        5193.55      2.03436e+8 
        5208.55      2.01436e+8 
        5223.54       1.9946e+8 
        5238.54      1.97506e+8 
        5253.54      1.95576e+8 
        5268.53      1.93669e+8 
        5283.53      1.91784e+8 
        5298.52      1.89922e+8 
        5313.52      1.88082e+8 
        5328.52      1.86264e+8 
        5343.51      1.84468e+8 
        5358.51      1.82693e+8 
         5373.5      1.80956e+8 
         5388.5      1.79222e+8 
         5403.5      1.77509e+8 
        5418.49      1.75816e+8 
        5433.49      1.74144e+8 
        5448.48      1.72492e+8 
        5463.48       1.7086e+8 
        5478.48      1.69247e+8 
        5493.47      1.67654e+8 
        5508.47      1.66079e+8 
        5523.46      1.64524e+8 
        5538.46      1.62986e+8 
        5553.46      1.61467e+8 
        5568.45      1.59966e+8 
        5583.45      1.58483e+8 
        5598.44      1.57016e+8 
        5613.44      1.55567e+8 
        5628.44      1.54135e+8 
        5643.43      1.52718e+8 
        5658.43      1.51319e+8 
        5673.42      1.49935e+8 
         5686.2      1.48769e+8 
        5698.42      1.47664e+8 
        5708.88      1.46726e+8 
        5723.41      1.45437e+8 
        5738.41       1.4412e+8 
         5753.4      1.42819e+8 
         5768.4       1.4152e+8 
        5783.39      1.40248e+8 
        5798.39       1.3899e+8 
        5813.39      1.37746e+8 
        5828.38      1.36516e+8 
        5843.38      1.35301e+8 
        5858.37      1.34098e+8 
        5873.37      1.32909e+8 
        5888.37      1.31733e+8 
        5903.36       1.3057e+8 
        5918.36       1.2942e+8 
        5933.35      1.28282e+8 
        5948.35      1.27157e+8 
        5963.35      1.26044e+8 
        5978.34      1.24943e+8 
        5993.34      1.23854e+8 
        6008.33      1.22777e+8 
        6023.33      1.21712e+8 
        6038.32      1.20658e+8 
        6053.32      1.19615e+8 
        6068.32      1.18583e+8 
        6083.31      1.17562e+8 
        6098.31      1.16552e+8 
        6113.31      1.15552e+8 
         6128.3      1.14562e+8 
         6143.3      1.13582e+8 
        6158.29      1.12612e+8 
        6173.29      1.11651e+8 
        6188.28        1.107e+8 
        6203.28      1.09757e+8 
        6218.28      1.08824e+8 
        6233.27      1.07898e+8 
        6244.38      1.07217e+8 
        6256.04      1.06506e+8 
        6266.59      1.05868e+8 
        6278.26      1.05164e+8 
        6290.52      1.04428e+8 
        6302.31      1.03724e+8 
        6312.59      1.03113e+8 
        6323.25       1.0248e+8 
        6338.24      1.01592e+8 
        6353.24      1.00705e+8 
        6368.24      9.98153e+7 
        6383.23      9.89168e+7 
        6398.23      9.80032e+7 
        6413.22      9.70636e+7 
        6428.22        9.608e+7 
        6443.22      9.50234e+7 
        6458.21      9.38472e+7 
        6473.21      9.24857e+7 
         6488.2      9.08011e+7 
         6503.2      8.85225e+7 
         6518.2      8.51299e+7 
        6532.67      7.99243e+7 
        6543.19      7.42412e+7 
        6553.54      6.64463e+7 
        6563.64      5.42305e+7 
        6574.47      6.78019e+7 
        6586.28      7.49044e+7 
        6598.17      7.93422e+7 
         6608.5      8.16431e+7 
        6618.82      8.29993e+7 
        6629.14       8.3747e+7 
        6644.62      8.41871e+7 
        6654.94      8.42066e+7 
        6665.26      8.40986e+7 
         6685.9      8.36396e+7 
        6701.62       8.3158e+7 
        6721.34      8.24687e+7 
         6736.2      8.19139e+7 
        6780.49       8.0186e+7 
        6824.78      7.84346e+7 
        6913.35       7.5004e+7 
        7001.93      7.17251e+7 
        7071.86      6.92548e+7 
         7090.5      6.86136e+7 
        7109.15      6.79797e+7 
        7146.44       6.6734e+7 
        7221.02      6.43269e+7 
         7295.6      6.20267e+7 
        7346.84      6.05055e+7 
        7370.18      5.98301e+7 
        7393.51      5.91622e+7 
        7440.19      5.78546e+7 
        7533.55       5.5347e+7 
        7575.92      5.42537e+7 
         7626.9      5.29742e+7 
        7677.88      5.17323e+7 
        7728.86      5.05272e+7 
        7779.84      4.93576e+7 
        7830.82      4.82216e+7 
         7881.8      4.71179e+7 
        7903.32      4.66618e+7 
        7932.78      4.60457e+7 
        7962.25        4.544e+7 
        8021.18      4.42588e+7 
        8077.68      4.31623e+7 
        8097.18      4.27919e+7 
        8108.49      4.25786e+7 
        8155.67       4.1704e+7 
        8200.85      4.08875e+7 
        8216.85      4.06032e+7 
        8232.84      4.03217e+7 
        8264.83      3.97653e+7 
        8289.72      3.93393e+7 
        8328.82      3.86812e+7 
        8367.92      3.80353e+7 
        8437.95        3.693e+7 
        8473.98      3.63699e+7 
        8502.48      3.59298e+7 
        8516.58      3.57165e+7 
        8530.98      3.54947e+7 
        8545.38      3.53024e+7 
        8574.18      3.49285e+7 
        8598.39      3.45896e+7 
         8628.6       3.4216e+7 
        8646.81      3.39474e+7 
        8665.01      3.36628e+7 
        8683.22      3.34778e+7 
        8701.43      3.32591e+7 
        8719.64      3.29635e+7 
        8737.85      3.26144e+7 
        8750.47      3.23725e+7 
        8763.09      3.23012e+7 
        8775.71      3.22334e+7 
        8788.34      3.21269e+7 
        8800.96      3.19692e+7 
        8811.81       3.1791e+7 
        8825.96      3.15193e+7 
        8840.11      3.11796e+7 
        8851.45       3.0869e+7 
        8862.78      3.05955e+7 
        8874.12      3.06411e+7 
        8885.45      3.07215e+7 
        8896.79       3.0764e+7 
        8908.13      3.07589e+7 
        8919.46      3.07148e+7 
         8930.8      3.05939e+7 
        8942.14      3.04343e+7 
        8953.47       3.0216e+7 
        8964.81      2.99239e+7 
        8976.15       2.9581e+7 
        8987.48      2.91573e+7 
        8998.82      2.86914e+7 
        9010.16      2.82101e+7 
        9022.04      2.81752e+7 
        9038.67      2.85782e+7 
        9057.69      2.89163e+7 
         9076.7      2.90925e+7 
        9091.71      2.91078e+7 
        9107.73      2.90167e+7 
        9123.74      2.88249e+7 
        9139.76      2.85537e+7 
        9155.78      2.81554e+7 
         9171.8      2.76424e+7 
        9187.81      2.69541e+7 
        9203.83      2.61279e+7 
        9219.85       2.5131e+7 
         9231.3      2.47006e+7 
        9245.04      2.52969e+7 
        9263.36      2.60031e+7 
        9281.68      2.65029e+7 
           9300      2.67912e+7 
        9318.32       2.6952e+7 
        9345.79      2.69366e+7 
        9364.11      2.68394e+7 
        9380.78      2.67111e+7 
           9394      2.65766e+7 
        9407.23      2.64191e+7 
        9420.45       2.6239e+7 
        9433.67      2.60229e+7 
         9446.9      2.57649e+7 
        9460.12      2.54519e+7 
        9473.35      2.50516e+7 
        9486.57      2.45531e+7 
        9499.79      2.38929e+7 
        9513.02      2.30429e+7 
        9526.24      2.19978e+7 
        9539.47      2.09338e+7 
        9549.62      2.06378e+7 
        9565.06      2.16619e+7 
        9578.05      2.24652e+7 
        9591.05      2.30863e+7 
        9604.05      2.35188e+7 
        9617.04      2.37825e+7 
        9630.04      2.39538e+7 
        9643.04      2.40368e+7 
        9656.03      2.40665e+7 
        9668.45      2.40595e+7 
        9680.87      2.40173e+7 
        9693.28      2.39564e+7 
        9718.12      2.38035e+7 
        9742.95      2.36172e+7 
        9767.79      2.34167e+7 
        9817.46      2.29846e+7 
        9842.29      2.27493e+7 
        9867.13       2.2511e+7 
        9880.77      2.23515e+7 
        9891.96      2.22088e+7 
         9916.8      2.18444e+7 
        9934.81      2.15177e+7 
        9952.82      2.11268e+7 
        9970.83      2.06527e+7 
        9988.84      2.00376e+7 
        10006.9      1.92236e+7 
        10024.9      1.82126e+7 
        10036.4      1.73736e+7 
        10047.7      1.63706e+7 
        10060.7      1.71192e+7 
        10073.7      1.79064e+7 
        10086.7      1.84983e+7 
        10099.6      1.89463e+7 
        10112.6      1.92751e+7 
        10125.6      1.95158e+7 
        10138.6       1.9675e+7 
        10151.5      1.97759e+7 
        10164.5      1.98431e+7 
        10177.5       1.9875e+7 
        10190.4      1.98756e+7 
        10216.4      1.98195e+7 
        10237.2      1.97338e+7 
          10258      1.96252e+7 
        10299.6      1.93765e+7 
        10382.7      1.88401e+7 
        10465.9      1.82891e+7 
        10549.1      1.77568e+7 
        10632.3      1.72314e+7 
        10673.9      1.69583e+7 
        10715.5      1.66675e+7 
          10757       1.6338e+7 
        10777.8      1.61483e+7 
        10798.6      1.59359e+7 
        10819.4      1.56857e+7 
        10829.8      1.55389e+7 
        10840.2      1.53761e+7 
        10850.6      1.51922e+7 
          10861      1.49806e+7 
        10871.4      1.47322e+7 
        10881.8       1.4452e+7 
        10892.2      1.41178e+7 
        10902.6      1.37413e+7 
          10913      1.32925e+7 
        10923.4      1.27559e+7 
        10933.8      1.20536e+7 
        10944.3      1.21612e+7 
          10955      1.27445e+7 
        10972.2      1.33947e+7 
        10989.3      1.38393e+7 
        11006.5      1.41386e+7 
        11023.7      1.43349e+7 
        11040.8      1.44468e+7 
          11058      1.45054e+7 
        11075.2       1.4524e+7 
        11092.4      1.45155e+7 
        11109.5      1.44884e+7 
        11126.7      1.44506e+7 
          11161      1.43426e+7 
        11195.4      1.42115e+7 
        11260.9      1.39342e+7 
        11326.4      1.36464e+7 
        11391.9      1.33604e+7 
        11457.5      1.30852e+7 
          11523      1.28092e+7 
        11588.5      1.25403e+7 
          11654      1.22785e+7 
        11719.5      1.20234e+7 
          11785       1.1775e+7 
        11850.6      1.15329e+7 
        11916.1       1.1297e+7 
        11981.6      1.10671e+7 
        12047.1      1.08396e+7 
        12112.6      1.06205e+7 
        12178.1      1.04064e+7 
        12202.7      1.03275e+7 
        12243.6       1.0197e+7 
        12284.6      1.00682e+7 
        12366.6       9.8143e+6 
        12448.5      9.56273e+6 
        12530.5      9.30577e+6 
        12571.5       9.1699e+6 
        12612.5      9.02262e+6 
          12633      8.94113e+6 
        12653.5      8.85159e+6 
        12673.9      8.75106e+6 
        12694.4      8.63366e+6 
        12714.9      8.49129e+6 
        12725.2       8.4074e+6 
        12735.4      8.31287e+6 
        12745.7      8.20524e+6 
        12755.9      8.08263e+6 
        12766.1       7.9422e+6 
        12776.4      7.77978e+6 
        12786.6      7.59307e+6 
        12796.9      7.36967e+6 
        12807.1      7.09356e+6 
        12817.4      6.39694e+6 
        12827.8      7.01697e+6 
        12841.7      7.33307e+6 
        12852.9      7.51372e+6 
          12864      7.65383e+6 
        12875.2      7.76558e+6 
        12886.3      7.85213e+6 
        12897.4      7.91904e+6 
        12908.6      7.96878e+6 
        12919.7      8.00468e+6 
        12930.8      8.02947e+6 
          12942      8.04499e+6 
        12964.3      8.05529e+6 
        12986.5      8.04647e+6 
        13008.8      8.02558e+6 
        13053.4      7.96098e+6 
        13097.9       7.8805e+6 
        13142.5      7.79288e+6 
        13154.8      7.76781e+6 
        13231.6      7.60884e+6 
        13308.4      7.44912e+6 
        13385.1      7.29148e+6 
        13461.9      7.13701e+6 
        13538.6      6.98615e+6 
        13615.4        6.839e+6 
        13692.1      6.69649e+6 
        13768.9      6.55657e+6 
        13845.6      6.42028e+6 
        13922.4      6.28749e+6 
        13999.1      6.15815e+6 
        14075.9      6.03211e+6 
        14152.6      5.90927e+6 
        14229.4      5.78955e+6 
        14280.1      5.71201e+6 
        14306.1      5.67287e+6 
        14332.1      5.63404e+6 
          14384      5.55741e+6 
        14414.2      5.51343e+6 
        14435.9      5.48208e+6 
        14457.6      5.45098e+6 
          14501      5.38943e+6 
        14581.2      5.27806e+6 
        14597.2       5.2562e+6 
        14613.2      5.23446e+6 
        14645.2      5.19136e+6 
        14709.2      5.10641e+6 
        14773.2      5.02322e+6 
        14837.1      4.94169e+6 
        14901.1      4.86183e+6 
        14965.1      4.78358e+6 
        15029.1      4.70692e+6 
        15093.1      4.63174e+6 
        15157.1      4.55811e+6 
          15221      4.48591e+6 
          15285      4.41513e+6 
          15349      4.34577e+6 
          15413      4.27775e+6 
        15471.6      4.21661e+6 
        15482.4      4.20549e+6 
        15493.1      4.19469e+6 
        15514.7      4.17317e+6 
        15557.9       4.1306e+6 
        15644.2        4.047e+6 
        15730.5      3.96554e+6 
        15816.8      3.88609e+6 
        15903.1      3.80865e+6 
        15989.4      3.73309e+6 
        16075.8      3.65942e+6 
        16162.1      3.58757e+6 
        16248.4      3.51745e+6 
        16289.9      3.48434e+6 
        16334.7      3.44903e+6 
        16379.5      3.41416e+6 
        16469.1      3.34686e+6 
        16558.8      3.28121e+6 
        16648.4      3.21712e+6 
          16738       3.1546e+6 
        16827.7      3.09359e+6 
        16917.3      3.03404e+6 
        17006.9      2.97591e+6 
        17096.6      2.91916e+6 
        17186.2      2.86375e+6 
        17275.8      2.80964e+6 
        17327.7      2.77892e+6 
        17365.5       2.7568e+6 
        17403.2      2.73491e+6 
        17478.8      2.69091e+6 
        17554.3      2.64779e+6 
        17629.9      2.60553e+6 
        17705.4       2.5641e+6 
          17781      2.52348e+6 
        17856.5      2.48367e+6 
        17932.1      2.44463e+6 
        18007.6      2.40469e+6 
        18083.2      2.36666e+6 
        18158.7      2.32917e+6 
        18234.3      2.29203e+6 
        18309.8      2.25493e+6 
        18343.7      2.23815e+6 
        18385.3      2.21733e+6 
          18427      2.19597e+6 
        18468.6      2.17344e+6 
        18510.2      2.14909e+6 
        18551.8      2.12147e+6 
        18572.6      2.10574e+6 
        18593.4      2.08811e+6 
        18614.2       2.0679e+6 
          18635      2.04405e+6 
        18655.8      2.01517e+6 
        18676.6      1.97951e+6 
          18687      1.95837e+6 
        18697.4      1.93459e+6 
        18707.8      1.90743e+6 
        18718.2      1.87635e+6 
        18728.6      1.83958e+6 
          18739      1.79107e+6 
        18749.1      1.64818e+6 
        18759.1      1.75676e+6 
        18770.8      1.81407e+6 
        18784.2      1.85287e+6 
        18804.4      1.89344e+6 
        18817.8      1.91288e+6 
        18831.2      1.92786e+6 
        18844.6      1.93911e+6 
        18858.1      1.94743e+6 
        18871.5      1.95323e+6 
        18898.3       1.9593e+6 
        18925.2      1.96012e+6 
          18952      1.95759e+6 
        19005.7      1.94639e+6 
        19059.4      1.93077e+6 
          19113      1.91316e+6 
        19166.7      1.89463e+6 
        19220.4      1.87573e+6 
        19274.1      1.85667e+6 
        19327.8      1.83763e+6 
        19381.4      1.81867e+6 
        19419.6      1.80528e+6 
        19435.1      1.79985e+6 
        19450.7      1.79444e+6 
        19481.8      1.78361e+6 
          19544      1.76214e+6 
        19606.2       1.7416e+6 
        19668.4      1.72055e+6 
        19730.5      1.69982e+6 
        19792.7      1.67941e+6 
        19854.9       1.6593e+6 
        19917.1      1.63949e+6 
        19979.3      1.61997e+6 
        20041.5      1.60075e+6 
        20103.7       1.5818e+6 
        20165.9      1.56314e+6 
        20228.1      1.54475e+6 
        20290.3      1.52663e+6 
        20352.5      1.50877e+6 
        20414.7      1.49117e+6 
        20474.4      1.47452e+6 
        20534.1      1.45808e+6 
        20593.8      1.44186e+6 
        20653.5      1.42587e+6 
        20713.2       1.4101e+6 
        20772.9      1.39455e+6 
        20832.6      1.37922e+6 
        20892.3      1.36409e+6 
          20952      1.34917e+6 
        21011.8      1.33445e+6 
        21071.5      1.31993e+6 
        21131.2      1.30561e+6 
        21190.9      1.29149e+6 
        21250.6      1.27755e+6 
        21310.3       1.2638e+6 
          21370      1.25024e+6 
        21429.7      1.23685e+6 
        21489.4      1.22365e+6 
        21549.1      1.21062e+6 
          21587      1.20244e+6 
        21608.8      1.19777e+6 
        21630.6      1.19311e+6 
        21674.2      1.18388e+6 
        21761.4      1.16567e+6 
        21848.6       1.1478e+6 
        21935.8      1.13028e+6 
          22023      1.11309e+6 
        22110.2      1.09623e+6 
        22197.4      1.07968e+6 
        22284.6      1.06345e+6 
        22371.8      1.04752e+6 
        22458.9      1.03189e+6 
        22546.1      1.01654e+6 
        22633.3      1.00149e+6 
        22654.2          997921 
        22720.5          986705 
        22784.8          975977 
        22800.8          973331 
        22816.8          970696 
        22848.8          965452 
        22912.8          955069 
        22976.8          944825 
        23040.8          934715 
        23104.8          924744 
        23168.7          914904 
        23232.7          905193 
        23296.7          895615 
        23360.7          886158 
        23424.7          876831 
        23488.6          867623 
        23552.6          858538 
        23616.6          849568 
        23680.6          840718 
        23744.6          831982 
        23808.6          823361 
        23872.5          814847 
        23936.5          806447 
        24000.5          798153 
        24064.5          789966 
        24128.5          781883 
        24192.5          773906 
        24256.4          766027 
        24320.4          758249 
        24384.4          750570 
        24448.4          742987 
        24512.4          735500 
        24576.3          728108 
        24640.3          720810 
        24704.3          713600 
        24768.3          706481 
        24832.3          699450 
        24896.3          692508 
        24960.2          685653 
        25004.4          680965 
        25024.2          678879 
          25044          676803 
        25083.6          672700 
        25162.8          664588 
        25241.9          656602 
        25321.1          648733 
        25400.2          640982 
        25479.4          633345 
        25558.5          625824 
        25637.7          618413 
        25716.9          611112 
          25796          603921 
        25875.2          596833 
        25954.3          589850 
        26033.5          582966 
        26112.7          576184 
        26191.8          569502 
          26271          562914 
        26350.1          556423 
        26429.3          550024 
        26508.4          543719 
        26587.6          537501 
        26666.8          531375 
        26745.9          525334 
        26825.1          519378 
        26904.2          513509 
        26983.4          507719 
        27062.6          502014 
        27141.7          496387 
        27220.9          490839 
        27299.2          485426 
        27377.5          480089 
        27455.8          474823 
        27534.2          469634 
        27612.5          464510 
        27690.8          459458 
        27769.1          454475 
        27847.5          449559 
        27925.8          444708 
        28004.1          439924 
        28082.4          435202 
        28160.8          430546 
        28239.1          425950 
        28317.4          421413 
        28395.7          416940 
          28474          412523 
        28552.4          408165 
        28630.7          403867 
          28709          399623 
        28787.3          395435 
        28865.7          391301 
          28944          387220 
        29022.3          383196 
        29100.6          379222 
          29179          375298 
        29257.3          371424 
        29335.6          367601 
        29413.9          363828 
        29492.3          360102 
        29570.6          356423 
        29648.9          352791 
        29727.2          349207 
        29805.5          345666 
        29883.9          342173 
        29932.6          340021 
        29962.2          338720 
        29991.8          337429 
