# Koester WD models
# teff = 17250 K (value for the effective temperature for the model. Temperatures are given in K)
# logg = 9 log(cm/s2) (value for Log(G) for the model.)
#
# column 1: WAVELENGTH (ANGSTROM), Wavelength in Angstrom
# column 2: FLUX (ERG/CM2/S/A), Flux in erg/cm2/s/A
         899.23      1.71463e+6 
        909.241      1.89276e+6 
        919.241      3.77239e+6 
        929.261       4.9952e+6 
        939.271       1.0681e+7 
         949.28      3.00084e+6 
        959.289      3.30027e+7 
        969.297      1.61637e+7 
        979.305      3.19233e+7 
        989.312      7.91587e+7 
        999.319      1.47199e+8 
        1009.33      8.32538e+7 
        1019.33       3.0839e+7 
        1029.34      2.68276e+7 
        1039.34      9.18086e+7 
        1049.35      2.51242e+8 
        1059.36      2.90439e+8 
        1069.36      9.53571e+8 
        1079.36      9.87264e+8 
        1089.37      4.13531e+9 
        1099.37      4.56555e+9 
        1109.38      4.34558e+9 
        1119.38      3.89039e+9 
        1129.38      3.44652e+9 
        1139.39      2.83397e+9 
        1149.39      2.16914e+9 
        1159.39      1.50948e+9 
        1169.39      9.39757e+8 
         1179.4      5.17084e+8 
         1189.4      2.68977e+8 
         1199.4      1.43519e+8 
         1209.4      7.48777e+7 
        1219.41      6.84603e+7 
        1229.41      1.28233e+8 
        1239.41      2.96881e+8 
        1249.41      6.51676e+8 
        1259.41      1.18928e+9 
        1269.41      1.80626e+9 
        1279.42       2.4079e+9 
        1289.42      2.92398e+9 
        1299.42         3.29e+9 
        1309.42       3.6079e+9 
        1319.42      3.82398e+9 
        1329.42      3.87688e+9 
        1339.42      3.94895e+9 
        1349.42      4.13226e+9 
        1359.42      4.17477e+9 
        1369.42      3.87195e+9 
        1379.42      3.54987e+9 
        1389.42      3.16182e+9 
        1399.42      3.31086e+9 
        1409.42      4.04226e+9 
        1419.42      4.51664e+9 
        1429.42      4.60972e+9 
        1439.42      4.58179e+9 
        1454.42      4.48748e+9 
        1464.42      4.41582e+9 
        1474.42      4.34369e+9 
        1489.42      4.23587e+9 
        1504.42      4.12928e+9 
        1514.42      4.05847e+9 
        1529.42        3.952e+9 
        1544.42      3.84767e+9 
        1559.42      3.74657e+9 
        1570.19      3.67557e+9 
        1584.41      3.58563e+9 
        1599.41      3.49829e+9 
        1614.41      3.41818e+9 
        1629.41      3.34159e+9 
        1644.41      3.26584e+9 
        1659.41      3.19048e+9 
        1670.17      3.13694e+9 
         1684.4      3.06753e+9 
         1699.4      2.99641e+9 
         1714.4       2.9274e+9 
         1729.4      2.86039e+9 
         1744.4      2.79535e+9 
        1759.39       2.7323e+9 
         1771.7      2.68206e+9 
        1784.39      2.63164e+9 
        1799.39      2.57376e+9 
           1824      2.48239e+9 
        1834.77      2.44388e+9 
        1845.54       2.4062e+9 
           1864      2.34346e+9 
        1876.29      2.30298e+9 
        1888.59      2.26353e+9 
        1906.98      2.20625e+9 
        1919.37      2.16882e+9 
        1931.76      2.13238e+9 
        1944.47      2.09585e+9 
        1956.53      2.06197e+9 
         1967.6      2.03152e+9 
        1992.71       1.9648e+9 
        2017.81      1.90103e+9 
        2042.42      1.84127e+9 
        2067.03       1.7841e+9 
        2091.64      1.72949e+9 
         2116.2      1.67722e+9 
           2129      1.65084e+9 
         2141.8      1.62501e+9 
        2165.47      1.57868e+9 
        2210.96       1.4946e+9 
        2225.91      1.46835e+9 
        2240.86      1.44272e+9 
        2263.91      1.40435e+9 
        2306.93      1.33647e+9 
        2319.34      1.31774e+9 
        2331.75      1.29938e+9 
        2350.78      1.27189e+9 
        2362.35      1.25556e+9 
        2373.93      1.23951e+9 
        2384.89      1.22458e+9 
        2397.08      1.20823e+9 
        2409.27      1.19217e+9 
        2433.66      1.16094e+9 
        2451.59      1.13867e+9 
        2466.76       1.1203e+9 
        2488.39      1.09479e+9 
        2510.01      1.07013e+9 
         2547.3      1.02923e+9 
        2559.23      1.01657e+9 
        2571.17      1.00414e+9 
        2595.04      9.79885e+8 
        2627.89      9.47765e+8 
        2642.78      9.33666e+8 
        2657.67      9.19843e+8 
        2687.45      8.93048e+8 
        2737.93      8.49945e+8 
        2756.11      8.35104e+8 
        2766.75      8.26597e+8 
        2810.65      7.92636e+8 
        2854.55      7.60492e+8 
        2898.45        7.301e+8 
        2931.71      7.08128e+8 
        2942.34      7.01288e+8 
        2952.98      6.94531e+8 
        2974.26      6.81301e+8 
        3016.81      6.55833e+8 
        3051.42      6.36037e+8 
        3091.41      6.14156e+8 
        3120.64      5.98781e+8 
        3149.86        5.839e+8 
        3168.31      5.74754e+8 
         3208.3      5.55566e+8 
        3248.29        5.372e+8 
        3288.29      5.19626e+8 
        3309.83      5.10465e+8 
        3322.09       5.0535e+8 
        3346.73      4.95266e+8 
        3383.63       4.8067e+8 
        3445.17      4.57529e+8 
        3469.81      4.48663e+8 
        3495.92      4.39509e+8 
        3506.71      4.35799e+8 
         3543.6      4.23405e+8 
        3591.28      4.08058e+8 
        3635.88       3.9432e+8 
        3647.12      3.90959e+8 
        3658.96      3.87453e+8 
        3671.11       3.8384e+8 
         3682.7      3.80469e+8 
        3692.77      3.77563e+8 
        3702.89      3.74657e+8 
        3712.93      3.71795e+8 
        3723.11      3.68914e+8 
        3733.35      3.66024e+8 
        3743.66      3.63218e+8 
         3753.7      3.60473e+8 
        3764.81      3.57359e+8 
         3775.5      3.54692e+8 
        3786.22      3.52072e+8 
        3796.45      3.47878e+8 
        3807.84      3.47507e+8 
        3818.92      3.44931e+8 
        3830.45      3.37438e+8 
        3840.76      3.36779e+8 
        3851.98      3.41472e+8 
        3862.01      3.40106e+8 
        3872.59      3.31375e+8 
         3884.4      3.13308e+8 
        3894.46      3.14543e+8 
        3908.89      3.35522e+8 
        3919.07      3.42324e+8 
        3929.34      3.41614e+8 
        3939.89      3.31611e+8 
        3951.72      3.08364e+8 
        3961.86      2.79024e+8 
        3972.06       2.5902e+8 
        3982.23       2.8984e+8 
        3992.62      3.17584e+8 
        4003.87      3.39154e+8 
         4015.8      3.50872e+8 
        4028.86      3.54139e+8 
        4043.86      3.48183e+8 
        4056.35      3.32899e+8 
        4068.85      3.06067e+8 
        4082.28      2.68566e+8 
        4093.69      2.28838e+8 
        4103.79      2.04459e+8 
        4116.69      2.50394e+8 
        4127.38      2.81157e+8 
        4138.83      3.09051e+8 
           4151      3.31944e+8 
        4163.83      3.47476e+8 
        4178.82      3.56649e+8 
        4193.82      3.60152e+8 
        4208.81      3.60202e+8 
         4221.1      3.58204e+8 
        4233.81      3.54017e+8 
         4248.8      3.45226e+8 
         4263.8      3.30775e+8 
         4278.8      3.09593e+8 
        4293.79      2.81622e+8 
        4308.79      2.49545e+8 
        4320.85      2.19756e+8 
        4331.09       1.9001e+8 
         4341.1      1.52875e+8 
        4351.76      1.94143e+8 
        4363.77      2.24113e+8 
        4378.77      2.53777e+8 
        4393.77       2.7804e+8 
        4408.76      2.97183e+8 
        4423.76      3.11006e+8 
        4438.75      3.18828e+8 
        4453.75      3.22566e+8 
        4468.74      3.23747e+8 
        4483.74      3.23455e+8 
        4498.74      3.22312e+8 
        4513.73      3.20587e+8 
        4527.19      3.18683e+8 
        4538.73      3.16861e+8 
        4553.72      3.14291e+8 
        4568.72      3.11537e+8 
        4583.72      3.08626e+8 
        4596.53      3.06021e+8 
        4608.71      3.03507e+8 
         4623.7       3.0019e+8 
         4638.7      2.96698e+8 
         4653.7      2.92993e+8 
        4668.69      2.88992e+8 
        4683.69      2.84545e+8 
        4698.68      2.79475e+8 
        4713.68      2.73503e+8 
        4724.83      2.68353e+8 
        4738.67      2.60868e+8 
        4753.67      2.51449e+8 
        4768.67      2.40698e+8 
        4783.66      2.27829e+8 
        4798.66       2.1293e+8 
        4813.65      1.95892e+8 
        4828.65      1.76773e+8 
        4839.16      1.61166e+8 
        4851.78      1.38811e+8 
        4861.84      1.05726e+8 
        4872.93      1.41304e+8 
           4883      1.56875e+8 
        4893.63      1.70347e+8 
        4908.63      1.85571e+8 
         4921.7      1.96593e+8 
        4933.62      2.04811e+8 
        4948.62       2.1303e+8 
        4963.61      2.18838e+8 
        4978.61      2.22878e+8 
        4993.61      2.25466e+8 
         5008.6      2.26765e+8 
         5023.6      2.27029e+8 
        5038.59      2.26526e+8 
        5053.59       2.2552e+8 
        5068.59      2.24178e+8 
        5083.58      2.22626e+8 
        5098.58      2.20943e+8 
        5113.57      2.19168e+8 
        5128.57      2.17332e+8 
        5143.57      2.15449e+8 
        5158.56      2.13542e+8 
        5173.56      2.11622e+8 
        5188.55      2.09697e+8 
        5203.55      2.07772e+8 
        5218.55      2.05852e+8 
        5233.54      2.03938e+8 
        5248.54      2.02035e+8 
        5263.53      2.00144e+8 
        5278.53      1.98267e+8 
        5293.52      1.96405e+8 
        5308.52      1.94559e+8 
        5323.52      1.92729e+8 
        5338.51      1.90916e+8 
        5353.51      1.89121e+8 
        5368.51      1.87552e+8 
         5383.5      1.85771e+8 
         5398.5      1.84011e+8 
        5413.49      1.82271e+8 
        5428.49      1.80551e+8 
        5443.48      1.78851e+8 
        5458.48       1.7717e+8 
        5473.48      1.75508e+8 
        5488.47      1.73865e+8 
        5503.47      1.72241e+8 
        5518.47      1.70635e+8 
        5533.46      1.69048e+8 
        5548.46      1.67478e+8 
        5563.45      1.65926e+8 
        5578.45      1.64392e+8 
        5593.44      1.62876e+8 
        5608.44      1.61376e+8 
        5623.44      1.59893e+8 
        5638.43      1.58427e+8 
        5653.43      1.56977e+8 
        5668.43      1.55895e+8 
        5682.86      1.54515e+8 
        5693.42      1.53515e+8 
        5704.77      1.52449e+8 
        5715.23      1.51475e+8 
        5728.41       1.5026e+8 
         5743.4      1.48891e+8 
         5758.4      1.47538e+8 
         5773.4      1.46046e+8 
        5788.39      1.44719e+8 
        5803.39      1.43407e+8 
        5818.39      1.42109e+8 
        5833.38      1.40826e+8 
        5848.38      1.39556e+8 
        5863.37      1.38301e+8 
        5878.37      1.37059e+8 
        5893.36      1.35829e+8 
        5908.36      1.34612e+8 
        5923.36      1.33406e+8 
        5938.35      1.32213e+8 
        5953.35      1.31033e+8 
        5968.34      1.29863e+8 
        5983.34      1.28706e+8 
        5998.34      1.27558e+8 
        6013.33      1.26422e+8 
        6028.33      1.25295e+8 
        6043.32      1.24178e+8 
        6058.32       1.2307e+8 
        6073.32      1.21969e+8 
        6088.31      1.20873e+8 
        6103.31      1.19784e+8 
         6118.3      1.18699e+8 
         6133.3      1.17617e+8 
         6148.3      1.16542e+8 
        6163.29       1.1547e+8 
        6178.29      1.14398e+8 
        6193.28      1.13323e+8 
        6208.28      1.12244e+8 
        6223.28      1.11156e+8 
        6238.27      1.10057e+8 
        6252.16      1.09029e+8 
        6262.16      1.08295e+8 
        6273.26       1.0747e+8 
        6284.63      1.06613e+8 
        6295.99      1.05745e+8 
        6306.09      1.04975e+8 
        6316.22      1.04186e+8 
        6328.25      1.03225e+8 
        6343.24      1.01988e+8 
        6358.24      1.00691e+8 
        6373.23      9.93224e+7 
        6388.23      9.78622e+7 
        6403.23      9.62747e+7 
        6418.22       9.4528e+7 
        6433.22      9.25818e+7 
        6448.22       9.0366e+7 
        6463.21      8.78289e+7 
        6478.21      8.49063e+7 
         6493.2      8.15693e+7 
         6508.2      7.77086e+7 
        6523.19       7.3113e+7 
         6536.1      6.83702e+7 
        6546.46      6.38664e+7 
        6556.87      5.77805e+7 
        6567.44      5.64038e+7 
         6577.7      6.23616e+7 
        6587.91      6.62314e+7 
        6598.17      6.93972e+7 
         6608.5      7.20012e+7 
        6618.82      7.41378e+7 
         6634.3      7.66398e+7 
        6644.62      7.79479e+7 
        6654.94      7.90305e+7 
        6665.26      7.98901e+7 
        6675.58      8.05526e+7 
         6685.9      8.10471e+7 
        6696.23      8.13877e+7 
        6711.48      8.16758e+7 
        6726.73      8.17606e+7 
        6741.98      8.16908e+7 
        6757.23      8.15039e+7 
        6772.48      8.12322e+7 
        6802.98      8.04995e+7 
        6824.78      7.98703e+7 
        6868.37      7.84801e+7 
        6911.97      7.69954e+7 
        6955.56      7.54494e+7 
        6976.35      7.47039e+7 
        7042.75      7.23342e+7 
        7109.15      7.00079e+7 
        7175.54       6.7755e+7 
        7241.94      6.55829e+7 
        7308.33      6.34913e+7 
        7355.95      6.20411e+7 
        7374.73      6.15011e+7 
        7393.51      6.09447e+7 
        7431.08      5.98517e+7 
        7506.22      5.77381e+7 
        7581.35      5.57174e+7 
         7635.1       5.4326e+7 
        7656.49      5.37844e+7 
        7677.88      5.32494e+7 
        7720.67      5.21998e+7 
        7806.23      5.01769e+7 
        7821.36      4.98294e+7 
         7891.8      4.82508e+7 
        7962.25      4.67343e+7 
        7982.84      4.63024e+7 
        8032.69      4.52776e+7 
        8082.55      4.42807e+7 
        8161.68      4.27552e+7 
        8182.26      4.23691e+7 
        8200.85      4.20241e+7 
        8216.85      4.17301e+7 
        8232.84      4.14389e+7 
        8264.83      4.08636e+7 
        8289.72      4.04235e+7 
        8328.82       3.9743e+7 
        8367.92       3.9077e+7 
        8437.95       3.7919e+7 
        8473.98      3.73394e+7 
        8502.48      3.68889e+7 
        8516.58      3.66687e+7 
        8530.98       3.6445e+7 
        8545.38      3.62257e+7 
        8574.18        3.579e+7 
        8598.39      3.54293e+7 
         8628.6       3.4986e+7 
        8646.81      3.47215e+7 
        8665.01      3.44589e+7 
        8685.59      3.41667e+7 
        8701.43       3.3943e+7 
        8750.47      3.32509e+7 
        8767.92      3.30131e+7 
        8815.35      3.23694e+7 
        8862.78      3.17555e+7 
        8900.38      3.12994e+7 
        8957.65      3.05701e+7 
        9014.91      2.98372e+7 
        9044.62      2.95169e+7 
        9072.17      2.92222e+7 
        9099.72      2.89128e+7 
        9154.81      2.82661e+7 
         9190.8      2.77989e+7 
         9209.9      2.75488e+7 
        9229.01      2.73227e+7 
        9248.11      2.71217e+7 
        9267.22      2.69928e+7 
        9305.43      2.67205e+7 
        9379.63      2.60377e+7 
        9397.45      2.58439e+7 
        9415.28      2.56394e+7 
        9450.94      2.51878e+7 
        9486.59      2.46822e+7 
        9498.52       2.4501e+7 
        9522.24      2.40867e+7 
         9534.1      2.38735e+7 
        9545.97      2.36795e+7 
        9557.83      2.36455e+7 
        9569.68      2.36753e+7 
        9581.55      2.36948e+7 
        9593.41      2.36975e+7 
        9605.27      2.36801e+7 
        9628.99      2.36269e+7 
        9668.45      2.34756e+7 
        9707.91      2.32576e+7 
        9747.38      2.29775e+7 
        9786.84      2.26569e+7 
        9826.31       2.2284e+7 
        9846.04      2.21125e+7 
        9865.77      2.18808e+7 
         9885.5      2.16307e+7 
        9905.23      2.13472e+7 
        9924.97      2.10397e+7 
        9936.58      2.08658e+7 
        9952.82      2.05872e+7 
        9969.06      2.02941e+7 
        10001.6      1.96601e+7 
        10018.7      1.92924e+7 
          10034      1.89735e+7 
        10049.4      1.87858e+7 
        10064.7      1.87818e+7 
          10080      1.89043e+7 
        10095.3      1.90324e+7 
          10126      1.92262e+7 
        10156.6      1.93504e+7 
        10187.3      1.94048e+7 
        10198.6      1.94146e+7 
        10217.9      1.94123e+7 
        10237.2      1.93815e+7 
        10275.8      1.92748e+7 
        10314.3      1.91129e+7 
        10352.9      1.89225e+7 
        10391.4      1.87159e+7 
        10410.7      1.86089e+7 
          10430      1.85002e+7 
        10449.3      1.82938e+7 
        10468.6      1.81724e+7 
        10487.9       1.8049e+7 
        10507.1      1.79236e+7 
        10526.4      1.77961e+7 
          10565      1.75622e+7 
        10603.6      1.72751e+7 
        10642.1      1.69642e+7 
        10680.7      1.66186e+7 
        10719.3      1.62229e+7 
        10757.8       1.5776e+7 
        10796.4      1.52742e+7 
        10815.7      1.49913e+7 
          10835      1.47158e+7 
        10854.2      1.43989e+7 
        10873.5      1.40597e+7 
        10886.1      1.38174e+7 
        10899.1      1.35479e+7 
        10912.1      1.32573e+7 
        10925.1      1.29261e+7 
        10936.5       1.2513e+7 
        10947.4       1.2742e+7 
        10963.7      1.30388e+7 
        10983.2      1.33002e+7 
        10996.2      1.34265e+7 
        11009.2      1.35606e+7 
        11022.2      1.36589e+7 
        11035.2      1.37483e+7 
        11061.2      1.38734e+7 
        11087.2      1.39857e+7 
        11113.2      1.40524e+7 
        11139.2      1.40812e+7 
        11165.2      1.41035e+7 
        11191.2      1.40915e+7 
        11217.2      1.40555e+7 
        11243.2      1.40035e+7 
        11260.9      1.39596e+7 
        11296.3      1.38528e+7 
        11367.2      1.36008e+7 
        11402.6      1.34659e+7 
        11420.3      1.33972e+7 
        11433.6      1.33453e+7 
        11446.8      1.33538e+7 
        11460.1      1.32969e+7 
        11473.4      1.32403e+7 
        11486.7       1.3184e+7 
          11500       1.3128e+7 
        11513.2      1.30723e+7 
        11539.8      1.29618e+7 
        11575.2      1.28162e+7 
          11646      1.25311e+7 
        11716.9      1.22537e+7 
        11787.7       1.1984e+7 
        11858.5      1.17215e+7 
        11929.4      1.14662e+7 
        12000.2      1.12177e+7 
          12071      1.09318e+7 
        12141.8      1.06847e+7 
        12212.7      1.04381e+7 
        12282.4      1.01923e+7 
        12300.4      1.01272e+7 
        12318.5      1.00613e+7 
        12354.6      9.92709e+6 
        12426.8       9.6445e+6 
          12499      9.32877e+6 
        12535.1      9.15627e+6 
        12571.2      8.96878e+6 
        12607.3      8.75942e+6 
        12643.4      8.53121e+6 
        12679.5      8.27235e+6 
        12697.6      8.12906e+6 
        12715.7      7.97889e+6 
        12733.7      7.81069e+6 
        12751.8      7.63014e+6 
        12769.8      7.42798e+6 
        12780.3      7.29453e+6 
        12795.4      7.07848e+6 
        12806.7      6.87223e+6 
        12817.1      6.79756e+6 
        12828.9      6.82112e+6 
          12844      7.03044e+6 
        12859.1        7.177e+6 
        12881.8      7.34146e+6 
        12896.9      7.42801e+6 
          12912      7.50297e+6 
        12927.1      7.56684e+6 
        12942.2      7.61569e+6 
        12972.4      7.69986e+6 
        13002.6      7.75131e+6 
        13032.8      7.78295e+6 
          13063      7.79775e+6 
        13093.2      7.79564e+6 
        13123.4      7.78125e+6 
        13153.6      7.75854e+6 
          13214       7.6898e+6 
        13240.4      7.65213e+6 
        13274.4      7.59967e+6 
        13308.4      7.54306e+6 
        13376.3      7.42236e+6 
        13444.3        7.296e+6 
        13512.3       7.1677e+6 
        13580.2      7.03943e+6 
        13648.2      6.92611e+6 
        13716.2      6.79781e+6 
        13784.1      6.67243e+6 
        13852.1      6.54991e+6 
        13920.1      6.43018e+6 
          13988      6.31316e+6 
          14056      6.19877e+6 
          14124      6.08693e+6 
        14191.9       5.9776e+6 
        14259.9      5.87073e+6 
        14323.7      5.77258e+6 
        14340.5      5.74692e+6 
        14357.3      5.72131e+6 
          14391      5.67048e+6 
        14457.6      5.57161e+6 
        14524.3      5.47488e+6 
        14581.2      5.39389e+6 
        14597.2       5.3714e+6 
        14613.2      5.34903e+6 
        14645.2      5.30467e+6 
        14709.2      5.21727e+6 
        14773.2      5.13167e+6 
        14837.1      5.04782e+6 
        14901.1      4.96566e+6 
        14965.1      4.88518e+6 
        15029.1      4.80632e+6 
        15093.1      4.72904e+6 
        15157.1       4.6533e+6 
          15221      4.57909e+6 
          15285      4.50636e+6 
          15349      4.43508e+6 
          15413      4.36518e+6 
        15471.6      4.30241e+6 
        15482.4      4.29094e+6 
        15493.1      4.27957e+6 
        15514.7      4.25692e+6 
        15557.9      4.21209e+6 
        15644.2      4.12416e+6 
        15730.5      4.03849e+6 
        15816.8      3.95508e+6 
        15903.1      3.87377e+6 
        15989.4      3.79457e+6 
        16075.8      3.71738e+6 
        16162.1      3.64214e+6 
        16248.4      3.56879e+6 
        16289.9       3.5342e+6 
        16334.7      3.49728e+6 
        16379.5      3.46087e+6 
        16469.1         3.39e+6 
        16558.8      3.32095e+6 
        16648.4      3.25365e+6 
          16738      3.18806e+6 
        16827.7      3.12409e+6 
        16917.3      3.06173e+6 
        17006.9      3.00092e+6 
        17096.6      2.94161e+6 
        17186.2      2.88376e+6 
        17275.8      2.82734e+6 
        17327.7      2.79532e+6 
        17365.5      2.77228e+6 
        17403.2      2.74948e+6 
        17478.8      2.70504e+6 
        17554.3       2.6615e+6 
        17629.9      2.61883e+6 
        17705.4      2.57701e+6 
          17781      2.53603e+6 
        17856.5      2.49585e+6 
        17894.3      2.47607e+6 
        17913.2      2.46624e+6 
        17932.1      2.45647e+6 
        17946.2      2.44918e+6 
        17956.3      2.43116e+6 
        17966.3      2.42566e+6 
        17976.3      2.42018e+6 
        17986.4       2.4147e+6 
        17996.4      2.40922e+6 
        18006.4      2.40374e+6 
        18016.8       2.3981e+6 
        18045.1      2.38259e+6 
        18082.9      2.36185e+6 
        18158.4      2.31989e+6 
          18234      2.27669e+6 
        18309.5      2.23123e+6 
        18343.2      2.20979e+6 
        18385.1      2.18164e+6 
          18427      2.15135e+6 
        18468.9       2.1184e+6 
        18510.8      2.08169e+6 
        18552.7       2.0401e+6 
        18594.6       1.9928e+6 
        18615.5       1.9662e+6 
        18636.5      1.93755e+6 
        18657.4      1.90593e+6 
        18678.4      1.87112e+6 
        18688.8      1.85151e+6 
        18699.3      1.83041e+6 
        18709.8      1.80636e+6 
        18720.3      1.77799e+6 
        18730.7      1.74175e+6 
        18741.2      1.68607e+6 
        18751.3      1.50612e+6 
        18761.9      1.68494e+6 
        18773.1      1.73313e+6 
        18785.8      1.76525e+6 
        18798.6      1.78771e+6 
        18811.4      1.80471e+6 
        18824.2      1.81914e+6 
          18837      1.83103e+6 
        18849.8      1.84139e+6 
        18875.4      1.85826e+6 
          18901      1.87126e+6 
        18926.6       1.8808e+6 
        18952.2      1.88744e+6 
        18977.8      1.89189e+6 
        19003.4       1.8942e+6 
        19054.6      1.89373e+6 
        19105.8      1.88829e+6 
        19156.9      1.87928e+6 
        19208.1      1.86782e+6 
        19259.3      1.85464e+6 
        19310.5      1.84031e+6 
        19361.7      1.82519e+6 
        19375.1      1.82115e+6 
        19412.9      1.80956e+6 
        19450.7       1.7978e+6 
        19526.3      1.77388e+6 
        19601.9      1.75607e+6 
        19677.4      1.73065e+6 
          19753      1.70569e+6 
        19828.6      1.68118e+6 
        19904.2       1.6571e+6 
        19979.8      1.63345e+6 
        20055.4      1.61022e+6 
          20131       1.5874e+6 
        20206.6      1.56498e+6 
        20282.2      1.54295e+6 
        20357.8      1.52131e+6 
        20392.3      1.51154e+6 
        20433.4      1.50005e+6 
        20474.4      1.48866e+6 
        20556.5       1.4661e+6 
        20638.5      1.44397e+6 
        20720.6      1.42225e+6 
        20802.7      1.40093e+6 
        20884.7      1.38001e+6 
        20966.8      1.35948e+6 
        21048.9      1.33933e+6 
        21130.9      1.31955e+6 
          21213      1.30013e+6 
          21295      1.28106e+6 
        21377.1      1.26235e+6 
        21459.2      1.24397e+6 
        21541.2      1.22592e+6 
          21616      1.20976e+6 
        21630.6      1.20664e+6 
        21645.2      1.20351e+6 
        21674.4      1.19728e+6 
        21732.9      1.18495e+6 
        21791.3      1.17277e+6 
        21849.8      1.16075e+6 
        21908.2      1.14888e+6 
        21966.6      1.13716e+6 
        22025.1      1.12559e+6 
        22083.5      1.11417e+6 
          22142      1.10289e+6 
        22200.4      1.09175e+6 
        22258.8      1.08075e+6 
        22317.3      1.06989e+6 
        22375.7      1.05917e+6 
        22434.2      1.04857e+6 
        22492.6      1.03811e+6 
          22551      1.02778e+6 
        22609.5      1.01758e+6 
        22667.9       1.0075e+6 
        22726.4          997550 
        22782.8          988059 
        22792.8          986375 
        22816.8          982367 
        22848.8          977057 
        22912.8          966542 
        22976.8          956166 
        23040.8          945930 
        23104.8          935830 
        23168.7          925862 
        23232.7          916026 
        23296.7          906321 
        23360.7          896746 
        23424.7          887293 
        23488.6          877965 
        23552.6          868760 
        23616.6          859675 
        23680.6          850706 
        23744.6          841856 
        23808.6          833119 
        23872.5          824492 
        23936.5          815978 
        24000.5          807578 
        24064.5          799284 
        24128.5          791094 
        24192.5          783011 
        24256.4          775028 
        24320.4          767149 
        24384.4          759367 
        24448.4          751686 
        24512.4          744099 
        24576.3          736609 
        24640.3          729211 
        24704.3          721907 
        24768.3          714693 
        24832.3          707571 
        24896.3          700534 
        24960.2          693585 
        25004.4          688838 
        25024.2          686724 
          25044          684619 
        25083.6          680444 
        25162.8          672185 
        25241.9          664051 
        25321.1          656040 
        25400.2          648151 
        25479.4          640379 
        25558.5          632720 
        25637.7          625177 
        25716.9          617747 
          25796          610424 
        25875.2          603211 
        25954.3          596101 
        26033.5          589099 
        26112.7          582197 
        26191.8          575395 
          26271          568694 
        26350.1          562087 
        26429.3          555575 
        26508.4          549160 
        26587.6          542833 
        26666.8          536600 
        26745.9          530452 
        26825.1          524395 
        26904.2          518422 
        26983.4          512535 
        27062.6          506729 
        27141.7          501005 
        27220.9          495363 
        27299.2          489859 
        27377.5          484418 
        27455.8          479055 
        27534.2          473765 
        27612.5          468550 
        27690.8          463404 
        27769.1          458330 
        27847.5          453326 
        27925.8          448387 
        28004.1          443517 
        28082.4          438714 
        28160.8          433976 
        28239.1          429302 
        28317.4          424690 
        28395.7          420138 
          28474          415648 
        28552.4          411219 
        28630.7          406849 
          28709          402535 
        28787.3          398282 
        28865.7          394081 
          28944          389938 
        29022.3          385847 
        29100.6          381810 
          29179          377827 
        29257.3          373894 
        29335.6          370014 
        29413.9          366181 
        29492.3          362402 
        29570.6          358669 
        29648.9          354984 
        29727.2          351346 
        29805.5          347755 
        29883.9          344209 
        29932.6          342028 
        29962.2          340709 
        29991.8          339399 
