# Koester WD models
# teff = 17500 K (value for the effective temperature for the model. Temperatures are given in K)
# logg = 7.25 log(cm/s2) (value for Log(G) for the model.)
#
# column 1: WAVELENGTH (ANGSTROM), Wavelength in Angstrom
# column 2: FLUX (ERG/CM2/S/A), Flux in erg/cm2/s/A
         899.23      1.95178e+6 
        909.241      2.14967e+6 
        919.246      7.04128e+6 
        929.261      8.73586e+6 
        939.271      1.65078e+7 
        949.319        6.385e+6 
        959.461      1.43473e+8 
        969.529      2.30434e+7 
         979.64      9.15033e+7 
         989.64      6.72917e+8 
        999.711      1.74166e+9 
        1009.92      5.00091e+8 
        1020.11      4.60605e+7 
        1030.19      4.78512e+7 
        1040.29      6.61698e+8 
        1050.64       2.3646e+9 
        1060.69      2.78608e+9 
        1071.09      4.59452e+9 
        1081.19      5.81622e+9 
        1092.46       7.2333e+9 
        1104.37      7.08599e+9 
        1114.38      6.82634e+9 
        1124.73      6.53103e+9 
        1135.54      6.15711e+9 
        1146.89      5.65531e+9 
        1156.89      5.06481e+9 
        1166.89      4.27897e+9 
         1176.9      3.22855e+9 
        1187.48      1.83253e+9 
        1197.88      6.03183e+8 
        1207.91      1.36195e+8 
         1218.2      8.29908e+7 
        1228.37      2.77662e+8 
        1238.68      1.39362e+9 
         1248.8      2.87958e+9 
        1259.41        3.823e+9 
        1269.41      4.28463e+9 
        1279.42      4.53109e+9 
        1289.42       4.6473e+9 
        1299.42      4.67981e+9 
        1309.42      4.68267e+9 
        1319.42      4.65367e+9 
        1329.42      4.58965e+9 
        1339.42      4.52989e+9 
        1349.42      4.49037e+9 
        1359.42      4.42666e+9 
        1369.42      4.30445e+9 
        1379.42       4.1759e+9 
        1389.42      4.02903e+9 
        1399.42      4.00032e+9 
        1409.42      4.07066e+9 
        1419.42      4.07565e+9 
        1429.42      4.02473e+9 
        1439.42      3.95991e+9 
        1454.42      3.85923e+9 
        1464.42      3.79281e+9 
        1474.42      3.72772e+9 
        1489.42      3.63281e+9 
        1504.42      3.54117e+9 
        1514.42       3.4818e+9 
        1529.42      3.39521e+9 
        1544.42      3.31165e+9 
        1559.42      3.23094e+9 
        1570.19      3.17474e+9 
        1584.41      3.10258e+9 
        1599.41      3.02902e+9 
        1614.41      2.95785e+9 
        1629.41      2.88901e+9 
        1644.41      2.82246e+9 
        1659.41      2.75812e+9 
        1670.17      2.71321e+9 
         1684.4      2.65548e+9 
         1699.4       2.5966e+9 
         1714.4      2.53954e+9 
         1729.4      2.48412e+9 
         1744.4      2.43031e+9 
        1759.39      2.37814e+9 
         1771.7      2.33653e+9 
        1784.39      2.29473e+9 
        1799.39      2.24664e+9 
           1824      2.17062e+9 
        1834.77      2.13849e+9 
        1845.54      2.10702e+9 
           1864      2.05455e+9 
        1876.29      2.02064e+9 
        1888.59      1.98757e+9 
        1906.98      1.93949e+9 
        1919.37      1.90799e+9 
        1931.76      1.87726e+9 
        1944.47      1.84641e+9 
        1956.53      1.81781e+9 
         1967.6      1.79206e+9 
        1992.71      1.73557e+9 
        2017.81       1.6815e+9 
        2042.42      1.63076e+9 
        2067.03      1.58207e+9 
        2091.64      1.53545e+9 
         2116.2      1.49076e+9 
           2129      1.46818e+9 
         2141.8      1.44607e+9 
        2165.47      1.40636e+9 
        2210.96      1.33417e+9 
        2225.89       1.3116e+9 
        2240.83      1.28956e+9 
        2263.91      1.25645e+9 
        2307.04      1.19769e+9 
        2319.23      1.18179e+9 
        2331.41      1.16619e+9 
        2349.21      1.14388e+9 
        2362.35      1.12778e+9 
         2375.5      1.11199e+9 
        2394.29      1.08993e+9 
        2409.27      1.07275e+9 
        2424.25      1.05595e+9 
        2452.24       1.0255e+9 
        2464.64      1.01239e+9 
        2480.05      9.96432e+8 
        2491.16      9.85125e+8 
        2510.01      9.66344e+8 
        2528.86      9.48045e+8 
        2559.23      9.19522e+8 
        2582.27      8.98687e+8 
        2619.97      8.65933e+8 
        2657.67      8.34765e+8 
        2695.37      8.05118e+8 
        2710.02      7.93968e+8 
        2733.07       7.7685e+8 
        2749.84      7.64692e+8 
        2802.19      7.28391e+8 
        2854.55      6.94349e+8 
         2906.9      6.62424e+8 
        2952.98      6.35902e+8 
        2999.07      6.10801e+8 
        3038.88      5.90151e+8 
        3051.42      5.83837e+8 
        3063.96       5.7762e+8 
        3089.04      5.65443e+8 
        3128.56      5.46929e+8 
        3139.21      5.42076e+8 
        3149.86      5.37278e+8 
        3171.16       5.2786e+8 
        3213.76      5.09654e+8 
        3248.29      4.95492e+8 
           3288      4.79856e+8 
        3317.37        4.687e+8 
        3346.73      4.57878e+8 
        3365.75      4.51054e+8 
        3405.46      4.37222e+8 
        3445.17      4.23933e+8 
        3505.57      4.04706e+8 
        3524.59      3.98888e+8 
         3543.6      3.93173e+8 
        3571.98      3.84848e+8 
         3582.2      3.81908e+8 
        3610.58      3.73875e+8 
        3635.88      3.66897e+8 
        3647.12       3.6385e+8 
        3658.96      3.60664e+8 
        3671.11      3.57397e+8 
         3682.7      3.54318e+8 
        3692.77      3.51686e+8 
        3702.89      3.49078e+8 
        3712.93      3.46612e+8 
        3723.11      3.44209e+8 
        3733.34      3.41334e+8 
        3743.51      3.40938e+8 
        3753.66      3.38573e+8 
        3764.81      3.35547e+8 
        3775.47      3.35164e+8 
        3785.73      3.41095e+8 
        3795.99      3.08568e+8 
        3807.45      3.41246e+8 
        3817.46       3.5156e+8 
        3827.65      3.13875e+8 
        3837.98      2.80132e+8 
        3848.84      3.48195e+8 
        3858.91      3.73837e+8 
         3870.1      3.56436e+8 
        3881.42      2.87339e+8 
        3891.77      2.46188e+8 
        3902.49      3.27967e+8 
        3913.89       3.8433e+8 
         3925.4      4.03657e+8 
        3935.81      3.97933e+8 
        3946.58       3.6248e+8 
        3957.31      2.99639e+8 
        3967.62      2.17148e+8 
        3977.86      2.59675e+8 
        3988.87      3.34181e+8 
        3998.89      3.81949e+8 
         4008.9      4.08206e+8 
        4018.94      4.18614e+8 
        4029.01      4.21589e+8 
        4039.29      4.19641e+8 
        4049.71       4.1186e+8 
        4060.76      3.92862e+8 
        4071.35      3.59945e+8 
        4082.28      3.09295e+8 
        4093.69       2.3679e+8 
        4103.79      1.89947e+8 
        4115.19      2.69666e+8 
        4126.69      3.27313e+8 
        4137.41      3.63784e+8 
        4148.83      3.87154e+8 
        4160.19      3.97138e+8 
        4173.82      4.00195e+8 
        4188.82      3.99545e+8 
        4203.81      3.96997e+8 
        4216.52      3.93968e+8 
        4228.81      3.90431e+8 
        4243.81      3.85169e+8 
         4258.8      3.77758e+8 
         4273.8       3.6592e+8 
        4288.79      3.46643e+8 
        4301.29       3.2267e+8 
        4313.79      2.87176e+8 
        4326.14      2.35471e+8 
        4336.17      1.80582e+8 
        4346.26      1.88706e+8 
        4357.43      2.43371e+8 
        4368.77      2.82776e+8 
        4381.27      3.09628e+8 
        4393.77      3.25064e+8 
        4408.76      3.34642e+8 
        4423.76      3.37473e+8 
        4438.75      3.36659e+8 
        4453.75      3.34338e+8 
        4468.74      3.31463e+8 
        4483.74      3.28318e+8 
        4498.74      3.25051e+8 
        4513.73      3.21721e+8 
        4527.19      3.18705e+8 
        4538.73      3.16113e+8 
        4553.72      3.12749e+8 
        4568.72      3.09393e+8 
        4583.72      3.06054e+8 
        4596.53      3.03215e+8 
        4608.71      3.00544e+8 
         4623.7      2.97253e+8 
         4638.7       2.9397e+8 
         4653.7      2.90686e+8 
        4668.69      2.87388e+8 
        4683.69      2.84048e+8 
        4698.68      2.80625e+8 
        4713.68      2.77053e+8 
        4724.83      2.74245e+8 
        4738.67      2.70475e+8 
        4753.67      2.65864e+8 
        4768.67      2.60323e+8 
        4783.66      2.53486e+8 
        4798.66      2.43996e+8 
        4813.65      2.30207e+8 
        4826.15      2.13352e+8 
        4838.65      1.89029e+8 
        4848.69       1.6292e+8 
        4858.88      1.27763e+8 
        4870.86      1.52112e+8 
        4881.49      1.79127e+8 
        4892.34      1.98925e+8 
        4903.63       2.1243e+8 
        4915.55      2.21156e+8 
        4928.62      2.26483e+8 
        4943.62      2.29152e+8 
        4958.61      2.29755e+8 
        4973.61      2.29255e+8 
        4988.61      2.28046e+8 
         5003.6      2.26439e+8 
         5018.6      2.24592e+8 
         5033.6      2.22611e+8 
        5048.59      2.20553e+8 
        5063.59      2.18461e+8 
        5078.58      2.16355e+8 
        5093.58      2.14251e+8 
        5108.57      2.12151e+8 
        5123.57      2.10067e+8 
        5138.57      2.08002e+8 
        5153.56      2.05956e+8 
        5168.56      2.03931e+8 
        5183.56      2.01928e+8 
        5198.55      1.99947e+8 
        5213.55      1.97988e+8 
        5228.54       1.9605e+8 
        5243.54      1.94135e+8 
        5258.53      1.92243e+8 
        5273.53      1.90372e+8 
        5288.53      1.88524e+8 
        5303.52      1.86698e+8 
        5318.52      1.84893e+8 
        5333.52      1.83111e+8 
        5348.51      1.81349e+8 
        5363.51      1.79632e+8 
         5378.5       1.7791e+8 
         5393.5      1.76209e+8 
        5408.49      1.74529e+8 
        5423.49      1.72868e+8 
        5438.49      1.71228e+8 
        5453.48      1.69607e+8 
        5468.48      1.68005e+8 
        5483.48      1.66422e+8 
        5498.47      1.64859e+8 
        5513.47      1.63313e+8 
        5528.46      1.61787e+8 
        5543.46      1.60278e+8 
        5558.45      1.58787e+8 
        5573.45      1.57313e+8 
        5588.45      1.55857e+8 
        5603.44      1.54417e+8 
        5618.44      1.52994e+8 
        5633.43      1.51588e+8 
        5648.43      1.50197e+8 
        5663.43      1.48822e+8 
        5673.98      1.47864e+8 
         5686.2      1.46765e+8 
        5698.42      1.45676e+8 
        5708.88      1.44751e+8 
        5723.41      1.43479e+8 
        5738.41      1.42182e+8 
         5753.4      1.40899e+8 
         5768.4      1.39614e+8 
        5783.39      1.38359e+8 
        5798.39      1.37119e+8 
        5813.39      1.35893e+8 
        5828.38      1.34681e+8 
        5843.38      1.33482e+8 
        5858.37      1.32297e+8 
        5873.37      1.31125e+8 
        5888.37      1.29965e+8 
        5903.36      1.28819e+8 
        5918.36      1.27686e+8 
        5933.35      1.26564e+8 
        5948.35      1.25455e+8 
        5963.35      1.24357e+8 
        5978.34      1.23272e+8 
        5993.34      1.22198e+8 
        6008.33      1.21136e+8 
        6023.33      1.20085e+8 
        6038.32      1.19045e+8 
        6053.32      1.18016e+8 
        6068.32      1.16997e+8 
        6083.31       1.1599e+8 
        6098.31      1.14992e+8 
        6113.31      1.14005e+8 
         6128.3      1.13028e+8 
         6143.3      1.12059e+8 
        6158.29      1.11101e+8 
        6173.29      1.10151e+8 
        6188.28       1.0921e+8 
        6203.28      1.08277e+8 
        6218.28      1.07353e+8 
        6233.27      1.06436e+8 
        6244.38       1.0576e+8 
        6256.04      1.05055e+8 
        6266.59      1.04421e+8 
        6278.26      1.03721e+8 
        6290.52      1.02989e+8 
        6302.31      1.02288e+8 
        6312.59      1.01678e+8 
        6323.25      1.01044e+8 
        6338.24      1.00155e+8 
        6353.24       9.9264e+7 
        6368.24      9.83661e+7 
        6383.23      9.74544e+7 
        6398.23      9.65195e+7 
        6413.22      9.55481e+7 
        6428.22       9.4517e+7 
        6443.22      9.33904e+7 
        6458.21      9.21102e+7 
        6473.21      9.05994e+7 
         6488.2      8.87179e+7 
         6503.2      8.61679e+7 
         6518.2      8.24693e+7 
        6532.67      7.70796e+7 
        6543.19      7.15331e+7 
        6553.54      6.42515e+7 
        6563.64      5.26066e+7 
        6574.47      6.54859e+7 
        6586.28      7.21859e+7 
        6598.17      7.66671e+7 
         6608.5      7.91732e+7 
        6618.82      8.07669e+7 
        6629.14      8.17326e+7 
        6644.62      8.24344e+7 
        6654.94       8.2583e+7 
        6665.26      8.25821e+7 
        6675.58      8.24677e+7 
         6685.9      8.22733e+7 
        6701.62      8.18683e+7 
        6721.34      8.12476e+7 
         6736.2      8.07311e+7 
        6780.49      7.90805e+7 
        6824.78      7.73809e+7 
        6913.35        7.402e+7 
        7001.93      7.07939e+7 
        7071.86      6.83598e+7 
         7090.5      6.77277e+7 
        7109.15      6.71028e+7 
        7146.44      6.58745e+7 
        7221.02      6.35001e+7 
         7295.6      6.12312e+7 
        7346.84      5.97305e+7 
        7370.18      5.90648e+7 
        7393.51      5.84057e+7 
        7440.19      5.71157e+7 
        7533.55      5.46414e+7 
        7575.92      5.35626e+7 
         7626.9      5.23003e+7 
        7677.88      5.10748e+7 
        7728.86      4.98857e+7 
        7779.84      4.87311e+7 
        7830.82      4.76102e+7 
         7881.8       4.6521e+7 
        7903.32      4.60708e+7 
        7932.78      4.54632e+7 
        7962.25      4.48654e+7 
        8021.18      4.36999e+7 
        8077.68      4.26176e+7 
        8097.18      4.22519e+7 
        8108.49      4.20414e+7 
        8155.67      4.11784e+7 
        8200.85      4.03726e+7 
        8216.85      4.00924e+7 
        8232.84      3.98143e+7 
        8264.83      3.92655e+7 
        8289.72      3.88452e+7 
        8328.82      3.81955e+7 
        8367.92      3.75584e+7 
        8437.95      3.64626e+7 
        8473.98       3.5909e+7 
        8502.48      3.54755e+7 
        8516.58      3.52647e+7 
        8530.98      3.50476e+7 
        8545.38       3.4855e+7 
        8574.18      3.44746e+7 
        8598.39      3.41428e+7 
         8628.6       3.3758e+7 
        8646.81      3.35004e+7 
        8665.01      3.32349e+7 
        8701.43      3.28011e+7 
        8725.22      3.24319e+7 
        8737.85      3.22139e+7 
        8750.47      3.20031e+7 
        8763.09      3.18956e+7 
        8775.71      3.17923e+7 
        8786.57      3.16836e+7 
        8800.96      3.15011e+7 
        8815.35      3.12718e+7 
        8829.74      3.10211e+7 
        8854.26      3.05075e+7 
         8871.3      3.03349e+7 
        8896.85      3.03442e+7 
        8913.89      3.02706e+7 
        8930.92      3.00985e+7 
        8947.96      2.98383e+7 
        8964.99      2.94854e+7 
        8982.03      2.90235e+7 
        8999.07      2.84797e+7 
        9010.95      2.80979e+7 
        9022.83      2.80712e+7 
        9034.71      2.82394e+7 
         9046.6      2.83949e+7 
        9058.48      2.85144e+7 
        9074.32      2.85987e+7 
        9087.02      2.85915e+7 
        9099.72      2.85405e+7 
        9112.42      2.84254e+7 
        9125.11      2.82621e+7 
        9137.81      2.80526e+7 
        9150.51      2.77842e+7 
         9163.2       2.7429e+7 
         9175.9      2.70408e+7 
         9188.6      2.65457e+7 
         9201.3      2.59932e+7 
           9214      2.53815e+7 
        9224.38       2.4874e+7 
        9238.27      2.49321e+7 
        9256.81      2.55051e+7 
        9275.34      2.59605e+7 
        9293.87      2.62553e+7 
        9321.66      2.64715e+7 
        9340.19       2.6463e+7 
        9358.73      2.63837e+7 
        9370.43      2.63043e+7 
        9384.08      2.61903e+7 
        9397.74      2.60399e+7 
        9411.39      2.58689e+7 
        9425.05      2.56688e+7 
         9438.7      2.54241e+7 
        9452.35      2.51317e+7 
        9466.01      2.47867e+7 
        9479.66      2.43373e+7 
        9493.32      2.37992e+7 
        9506.97       2.3075e+7 
        9520.63      2.21662e+7 
        9534.28      2.11657e+7 
         9544.5      2.04246e+7 
        9554.73      2.08312e+7 
        9564.95      2.14128e+7 
        9579.56      2.22196e+7 
        9591.24      2.27001e+7 
        9602.92      2.30589e+7 
        9614.61      2.32899e+7 
        9626.29      2.34641e+7 
        9637.98      2.35575e+7 
        9649.66      2.36195e+7 
        9668.45       2.3643e+7 
        9687.24      2.35893e+7 
        9706.03       2.3503e+7 
        9743.61      2.32557e+7 
        9781.19      2.29608e+7 
        9818.78      2.26329e+7 
        9837.57      2.24534e+7 
        9856.36      2.22863e+7 
        9875.15       2.2065e+7 
        9893.94       2.1811e+7 
        9910.22        2.156e+7 
        9931.52      2.11756e+7 
        9952.82      2.06934e+7 
        9963.47      2.04207e+7 
        9974.12      2.01094e+7 
        9984.77      1.97449e+7 
        9995.42       1.9345e+7 
        10006.1      1.88526e+7 
        10016.7      1.83405e+7 
        10027.4        1.773e+7 
          10038      1.70188e+7 
        10048.7      1.62601e+7 
        10061.2      1.69183e+7 
        10072.4      1.75208e+7 
        10083.5       1.8002e+7 
        10094.6      1.83795e+7 
        10105.8      1.87071e+7 
        10116.9      1.89418e+7 
        10128.1       1.9144e+7 
        10139.2      1.92784e+7 
        10150.4      1.93831e+7 
        10161.5      1.94619e+7 
        10172.7      1.95156e+7 
        10183.8      1.95416e+7 
          10195      1.95447e+7 
        10217.2      1.95219e+7 
        10237.2      1.94587e+7 
        10257.1      1.93691e+7 
          10297      1.91505e+7 
        10336.9      1.89075e+7 
        10416.7      1.84042e+7 
        10496.4       1.7881e+7 
        10576.2      1.73852e+7 
          10656      1.68667e+7 
        10695.8      1.65886e+7 
        10735.7      1.62801e+7 
        10755.7      1.61048e+7 
        10775.6      1.59086e+7 
        10795.6      1.56898e+7 
        10815.5      1.54404e+7 
        10835.4      1.51368e+7 
        10855.4       1.4767e+7 
        10875.3      1.42933e+7 
        10895.3      1.36792e+7 
        10910.2      1.31212e+7 
        10922.2      1.25772e+7 
        10934.1      1.18458e+7 
        10945.5      1.20428e+7 
        10957.4      1.25913e+7 
        10969.3      1.30042e+7 
        10985.1      1.34229e+7 
          11001      1.37345e+7 
        11016.8      1.39565e+7 
        11040.6      1.41564e+7 
        11056.4       1.4232e+7 
        11072.3      1.42706e+7 
        11088.1      1.42825e+7 
          11104      1.42775e+7 
        11119.8      1.42596e+7 
        11151.5      1.41874e+7 
        11168.8      1.41335e+7 
        11183.2      1.40851e+7 
        11214.9      1.39664e+7 
        11260.9      1.37786e+7 
          11353      1.33847e+7 
          11445      1.30019e+7 
        11537.1      1.26184e+7 
        11629.1      1.22489e+7 
        11721.2      1.18929e+7 
        11813.3      1.15496e+7 
        11905.3      1.12187e+7 
        11997.4      1.08995e+7 
        12089.4      1.05863e+7 
        12181.5      1.02872e+7 
        12262.5      1.00313e+7 
        12273.6       9.9967e+6 
        12284.6      9.96221e+6 
        12306.8      9.89344e+6 
        12351.1      9.75666e+6 
        12439.7      9.48337e+6 
        12528.3        9.201e+6 
        12572.7      9.04804e+6 
          12617      8.87802e+6 
        12639.1      8.78116e+6 
        12661.3      8.67234e+6 
        12683.4      8.54717e+6 
        12705.6      8.39751e+6 
        12716.7      8.31008e+6 
        12727.7      8.21247e+6 
        12738.8      8.10305e+6 
        12749.9      7.97845e+6 
          12761      7.83765e+6 
        12772.1      7.67604e+6 
        12783.1      7.49273e+6 
        12794.2      7.27715e+6 
        12805.3       7.0055e+6 
        12815.7      6.53649e+6 
        12827.4      6.86658e+6 
        12842.3      7.18947e+6 
        12862.1       7.4626e+6 
          12882      7.65103e+6 
        12901.9      7.77664e+6 
        12931.6      7.88226e+6 
        12951.5      7.91452e+6 
        12971.4      7.92618e+6 
        12991.2      7.92347e+6 
        13011.1      7.91072e+6 
          13031      7.89008e+6 
        13070.7      7.83344e+6 
        13110.4      7.76533e+6 
        13150.1      7.69052e+6 
        13229.6      7.53194e+6 
        13308.4      7.37162e+6 
        13387.1      7.21253e+6 
        13465.9      7.05627e+6 
        13544.7      6.90352e+6 
        13623.5      6.75618e+6 
        13702.2       6.6107e+6 
          13781       6.4691e+6 
        13859.8      6.33128e+6 
        13938.6      6.19711e+6 
        14017.3      6.06648e+6 
        14096.1      5.93928e+6 
        14174.9      5.81537e+6 
        14253.7       5.6947e+6 
        14332.1      5.57771e+6 
        14363.3      5.53197e+6 
        14410.5       5.4637e+6 
        14457.6       5.3965e+6 
        14520.8      5.30819e+6 
          14552      5.26518e+6 
        14581.2      5.22532e+6 
        14597.2       5.2037e+6 
        14613.2      5.18218e+6 
        14645.2      5.13946e+6 
        14709.2      5.05536e+6 
        14773.2      4.97295e+6 
        14837.1      4.89221e+6 
        14901.1      4.81314e+6 
        14965.1      4.73564e+6 
        15029.1       4.6597e+6 
        15093.1      4.58528e+6 
        15157.1      4.51233e+6 
          15221      4.44086e+6 
          15285      4.37077e+6 
          15349      4.30207e+6 
          15413      4.23471e+6 
        15471.6       4.1742e+6 
        15482.4      4.16318e+6 
        15493.1       4.1524e+6 
        15514.7      4.13097e+6 
        15557.9      4.08856e+6 
        15644.2      4.00534e+6 
        15730.5      3.92426e+6 
        15816.8      3.84518e+6 
        15903.1      3.76809e+6 
        15989.4      3.69294e+6 
        16075.8      3.61965e+6 
        16162.1      3.54815e+6 
        16248.4      3.47843e+6 
        16289.9      3.44551e+6 
        16334.7      3.41042e+6 
        16379.5      3.37574e+6 
        16469.1      3.30913e+6 
        16558.8      3.24417e+6 
        16648.4      3.18077e+6 
          16738       3.1189e+6 
        16827.7      3.05853e+6 
        16917.3      2.99961e+6 
        17006.9       2.9421e+6 
        17096.6      2.88595e+6 
        17186.2      2.83113e+6 
        17275.8      2.77761e+6 
        17327.7      2.74722e+6 
        17365.5      2.72534e+6 
        17403.2      2.70368e+6 
        17478.8      2.66037e+6 
        17554.3      2.61793e+6 
        17629.9      2.57632e+6 
        17705.4      2.53553e+6 
          17781      2.49554e+6 
        17856.5      2.45633e+6 
        17932.1      2.41789e+6 
        18007.6      2.37798e+6 
        18083.2      2.34035e+6 
        18158.7      2.30319e+6 
        18234.3      2.26625e+6 
        18309.8      2.22915e+6 
        18343.7      2.21227e+6 
        18385.3      2.19121e+6 
          18427      2.16941e+6 
        18468.6      2.14618e+6 
        18510.2      2.12073e+6 
        18551.8      2.09143e+6 
        18572.6      2.07463e+6 
        18593.4       2.0558e+6 
        18614.2       2.0343e+6 
          18635      2.00919e+6 
        18655.8      1.97923e+6 
        18676.6      1.94299e+6 
          18687      1.92192e+6 
        18697.4      1.89861e+6 
        18707.8      1.87223e+6 
        18718.2       1.8422e+6 
        18728.6      1.80644e+6 
          18739      1.75908e+6 
        18749.1      1.62073e+6 
        18759.1      1.72503e+6 
        18770.8      1.78153e+6 
        18784.2      1.81918e+6 
        18804.4      1.85833e+6 
        18817.8      1.87747e+6 
        18831.2      1.89275e+6 
        18844.6      1.90466e+6 
        18858.1      1.91385e+6 
        18871.5      1.92062e+6 
        18898.3      1.92871e+6 
        18925.2      1.93148e+6 
          18952      1.93062e+6 
        18978.8      1.92721e+6 
        19005.7      1.92198e+6 
        19059.4      1.90804e+6 
          19113      1.89159e+6 
        19166.7      1.87392e+6 
        19220.4      1.85568e+6 
        19274.1      1.83717e+6 
        19327.8      1.81858e+6 
        19381.4      1.80002e+6 
        19419.6      1.78688e+6 
        19435.1      1.78155e+6 
        19450.7      1.77624e+6 
        19481.8      1.76558e+6 
          19544      1.74444e+6 
        19606.2      1.72444e+6 
        19668.4      1.70364e+6 
        19730.5      1.68314e+6 
        19792.7      1.66296e+6 
        19854.9      1.64307e+6 
        19917.1      1.62348e+6 
        19979.3      1.60419e+6 
        20041.5      1.58517e+6 
        20103.7      1.56644e+6 
        20165.9      1.54798e+6 
        20228.1      1.52979e+6 
        20290.3      1.51187e+6 
        20352.5      1.49421e+6 
        20414.7      1.47681e+6 
        20474.4      1.46033e+6 
        20534.1      1.44406e+6 
        20593.8      1.42801e+6 
        20653.5      1.41219e+6 
        20713.2      1.39658e+6 
        20772.9      1.38119e+6 
        20832.6      1.36601e+6 
        20892.3      1.35104e+6 
          20952      1.33627e+6 
        21011.8       1.3217e+6 
        21071.5      1.30733e+6 
        21131.2      1.29316e+6 
        21190.9      1.27917e+6 
        21250.6      1.26538e+6 
        21310.3      1.25177e+6 
          21370      1.23834e+6 
        21429.7      1.22509e+6 
        21489.4      1.21202e+6 
        21549.1      1.19912e+6 
          21587      1.19102e+6 
        21608.8      1.18639e+6 
        21630.6      1.18179e+6 
        21674.2      1.17264e+6 
        21761.4      1.15461e+6 
        21848.6      1.13692e+6 
        21935.8      1.11957e+6 
          22023      1.10255e+6 
        22110.2      1.08585e+6 
        22197.4      1.06946e+6 
        22284.6      1.05339e+6 
        22371.8      1.03761e+6 
        22458.9      1.02213e+6 
        22546.1      1.00693e+6 
        22633.3          992018 
        22654.2          988490 
        22720.5          977381 
        22784.8          966756 
        22800.8          964136 
        22816.8          961525 
        22848.8          956329 
        22912.8          946040 
        22976.8          935893 
        23040.8          925881 
        23104.8          916000 
        23168.7          906255 
        23232.7          896636 
        23296.7          887145 
        23360.7          877780 
        23424.7          868534 
        23488.6          859414 
        23552.6          850413 
        23616.6          841529 
        23680.6          832761 
        23744.6          824106 
        23808.6          815564 
        23872.5          807132 
        23936.5          798806 
        24000.5          790591 
        24064.5          782480 
        24128.5          774472 
        24192.5          766567 
        24256.4          758764 
        24320.4          751057 
        24384.4          743448 
        24448.4          735937 
        24512.4          728520 
        24576.3          721197 
        24640.3          713965 
        24704.3          706824 
        24768.3          699771 
        24832.3          692806 
        24896.3          685926 
        24960.2          679134 
        25004.4          674491 
        25024.2          672426 
          25044          670366 
        25083.6          666300 
        25162.8          658255 
        25241.9          650332 
        25321.1          642528 
        25400.2          634844 
        25479.4          627269 
        25558.5          619811 
        25637.7          612460 
        25716.9          605222 
          25796          598087 
        25875.2          591059 
        25954.3          584132 
        26033.5          577308 
        26112.7          570582 
        26191.8          563957 
          26271          557425 
        26350.1          550988 
        26429.3          544645 
        26508.4          538390 
        26587.6          532227 
        26666.8          526151 
        26745.9          520163 
        26825.1          514260 
        26904.2          508438 
        26983.4          502699 
        27062.6          497044 
        27141.7          491464 
        27220.9          485964 
        27299.2          480598 
        27377.5          475317 
        27455.8          470105 
        27534.2          464968 
        27612.5          459898 
        27690.8          454896 
        27769.1          449964 
        27847.5          445101 
        27925.8          440300 
        28004.1          435563 
        28082.4          430891 
        28160.8          426283 
        28239.1          421734 
        28317.4          417244 
        28395.7          412818 
          28474          408448 
        28552.4          404134 
        28630.7          399878 
          28709          395677 
        28787.3          391534 
        28865.7          387443 
          28944          383406 
        29022.3          379420 
        29100.6          375486 
          29179          371603 
        29257.3          367771 
        29335.6          363985 
        29413.9          360250 
        29492.3          356564 
        29570.6          352923 
        29648.9          349329 
        29727.2          345779 
        29805.5          342277 
        29883.9          338818 
        29932.6          336688 
        29962.2          335400 
        29991.8          334121 
