# Koester WD models
# teff = 18750 K (value for the effective temperature for the model. Temperatures are given in K)
# logg = 8.25 log(cm/s2) (value for Log(G) for the model.)
#
# column 1: WAVELENGTH (ANGSTROM), Wavelength in Angstrom
# column 2: FLUX (ERG/CM2/S/A), Flux in erg/cm2/s/A
         899.23      5.01527e+6 
        909.241      5.47309e+6 
        919.245      1.15828e+7 
        929.285      1.46698e+7 
        939.381      3.14348e+7 
        949.419      1.19705e+7 
         959.69       1.3267e+8 
        969.801      3.95335e+7 
         979.84      1.28502e+8 
        990.036      4.83431e+8 
        1000.06      1.12052e+9 
        1010.38      3.92605e+8 
        1020.57      7.29041e+7 
        1030.69      8.86856e+7 
         1040.7      5.98188e+8 
        1050.79      1.93717e+9 
        1060.95      2.45952e+9 
        1071.33      4.62766e+9 
        1081.39      6.98643e+9 
        1091.43     1.00907e+10 
        1101.65     1.00765e+10 
        1111.73      9.65678e+9 
        1123.78      8.98577e+9 
        1134.38      8.29044e+9 
        1144.39      7.44309e+9 
        1154.39      6.36471e+9 
        1164.39      5.05187e+9 
         1174.4      3.55911e+9 
        1185.17      1.92298e+9 
        1195.21      7.87805e+8 
        1205.28      2.67228e+8 
        1215.31      2.33212e+7 
        1225.37      2.76188e+8 
        1235.81      8.96538e+8 
        1245.81      2.40026e+9 
        1257.21      4.13151e+9 
        1267.21      5.18291e+9 
        1277.22      5.86008e+9 
        1288.02       6.2998e+9 
        1298.22      6.49879e+9 
        1309.42      6.62955e+9 
        1319.42       6.6473e+9 
        1329.42      6.58145e+9 
        1339.42      6.53426e+9 
        1349.42      6.52722e+9 
        1359.42      6.44083e+9 
        1369.42      6.19183e+9 
        1379.42      5.94546e+9 
        1389.42      5.65135e+9 
        1399.42       5.6707e+9 
        1409.42      5.93236e+9 
        1419.42      6.03337e+9 
        1429.42       5.9809e+9 
        1439.42      5.88555e+9 
        1449.85      5.77641e+9 
        1461.52      5.65264e+9 
        1472.88      5.53376e+9 
        1484.42      5.41595e+9 
        1494.42      5.31642e+9 
        1509.42      5.17144e+9 
        1524.42      5.03148e+9 
        1539.42      4.89655e+9 
        1554.42      4.76649e+9 
        1566.72      4.66322e+9 
        1579.41      4.55996e+9 
        1594.41      4.44218e+9 
        1604.41      4.36612e+9 
        1619.41      4.25554e+9 
        1634.41      4.14885e+9 
        1649.41      4.04593e+9 
        1664.41      3.94637e+9 
        1676.33      3.86956e+9 
         1689.4      3.78788e+9 
         1704.4      3.69721e+9 
         1719.4      3.60953e+9 
         1734.4      3.52458e+9 
        1749.39       3.4424e+9 
        1764.39      3.36282e+9 
        1775.55      3.30533e+9 
        1789.39      3.23581e+9 
        1809.39      3.13892e+9 
           1824      3.07062e+9 
        1834.77      3.02161e+9 
        1845.54      2.97371e+9 
           1864      2.89399e+9 
        1876.29      2.84259e+9 
        1888.59      2.79247e+9 
        1906.98      2.71969e+9 
        1919.37      2.67213e+9 
        1931.76      2.62581e+9 
        1944.47      2.57941e+9 
        1956.53      2.53644e+9 
         1967.6      2.49784e+9 
        1992.71      2.41334e+9 
        2017.81      2.33265e+9 
        2042.42      2.25706e+9 
        2067.03      2.18477e+9 
        2091.64      2.11576e+9 
         2116.2       2.0498e+9 
           2129      2.01655e+9 
         2141.8        1.984e+9 
        2165.47      1.92563e+9 
        2210.96      1.81987e+9 
        2225.89      1.78692e+9 
        2240.83      1.75478e+9 
        2263.91       1.7066e+9 
        2307.04      1.62131e+9 
        2319.23      1.59826e+9 
        2331.41      1.57568e+9 
        2349.21      1.54345e+9 
        2362.35      1.52022e+9 
         2375.5      1.49746e+9 
        2394.29       1.4657e+9 
        2409.27      1.44103e+9 
        2424.25      1.41692e+9 
        2452.24      1.37329e+9 
        2464.64      1.35452e+9 
        2480.05       1.3317e+9 
        2491.16      1.31555e+9 
        2510.01      1.28877e+9 
        2528.86      1.26271e+9 
        2559.23      1.22218e+9 
        2582.27      1.19263e+9 
        2619.97      1.14626e+9 
        2657.67      1.10224e+9 
        2695.37       1.0605e+9 
        2710.02      1.04483e+9 
        2733.07       1.0208e+9 
        2756.11        9.975e+8 
        2802.19      9.53012e+8 
        2842.01      9.16641e+8 
        2854.55      9.05567e+8 
        2867.08      8.94688e+8 
        2892.16      8.73435e+8 
        2931.63      8.41293e+8 
         2942.3      8.32861e+8 
        2952.98      8.24542e+8 
        2974.34      8.08247e+8 
        3017.05      7.76897e+8 
        3051.42       7.5281e+8 
        3085.79      7.29717e+8 
        3120.16      7.07534e+8 
        3149.86      6.89061e+8 
        3170.22      6.76771e+8 
        3209.26      6.54004e+8 
        3248.29      6.32202e+8 
        3287.33      6.11357e+8 
        3306.01      6.01697e+8 
        3326.37      5.91386e+8 
        3346.73      5.81305e+8 
        3387.45      5.61827e+8 
        3445.17      5.35626e+8 
        3462.17      5.28212e+8 
        3495.92      5.13883e+8 
         3543.6      4.94471e+8 
        3591.28      4.75995e+8 
        3635.88      4.59486e+8 
        3647.12      4.55443e+8 
        3658.96      4.51224e+8 
        3671.11      4.46898e+8 
         3682.7      4.42842e+8 
        3692.77      4.39342e+8 
        3702.89      4.35849e+8 
        3712.93      4.32418e+8 
        3723.11      4.28991e+8 
        3733.34      4.25541e+8 
        3743.51      4.22494e+8 
        3753.66      4.19315e+8 
        3764.81      4.15567e+8 
        3775.47      4.12947e+8 
        3786.22      4.10697e+8 
        3796.45      4.01461e+8 
        3808.92       4.0787e+8 
        3820.39      4.03823e+8 
        3830.45      3.86083e+8 
        3840.76      3.87544e+8 
        3851.86       4.0743e+8 
        3861.87      4.09497e+8 
        3872.22       3.9219e+8 
        3883.31      3.52355e+8 
        3893.59      3.47042e+8 
        3904.25        3.894e+8 
         3915.4      4.18102e+8 
        3926.39      4.25896e+8 
        3937.35      4.15375e+8 
        3947.73      3.84672e+8 
        3958.88       3.3282e+8 
        3969.05      2.72694e+8 
        3979.58      3.20442e+8 
        3990.75      3.74871e+8 
        4001.37      4.13182e+8 
        4013.86      4.38073e+8 
        4025.34      4.45993e+8 
        4035.85      4.45531e+8 
        4047.59      4.36273e+8 
        4058.85      4.15394e+8 
        4071.35      3.74629e+8 
        4082.28       3.2927e+8 
        4093.69      2.70043e+8 
        4103.79       2.3141e+8 
        4114.23      2.90434e+8 
        4125.26      3.38852e+8 
        4135.54      3.74795e+8 
        4146.66      4.06016e+8 
        4158.83       4.2622e+8 
        4173.82      4.37244e+8 
        4188.82      4.40574e+8 
        4203.81       4.3998e+8 
        4216.52      4.37586e+8 
        4228.81       4.3365e+8 
        4243.81      4.26424e+8 
         4258.8      4.14916e+8 
         4273.8      3.96362e+8 
        4288.79      3.67422e+8 
        4303.79      3.29767e+8 
        4314.07      2.97923e+8 
        4326.14      2.52419e+8 
        4336.17      2.06267e+8 
        4346.95      2.16476e+8 
        4357.43        2.584e+8 
        4367.98      2.92052e+8 
        4378.77      3.19286e+8 
        4393.77      3.47306e+8 
        4408.76      3.66175e+8 
        4423.76      3.75625e+8 
        4438.75      3.78983e+8 
        4453.75      3.79074e+8 
        4468.74      3.77478e+8 
        4483.74      3.74905e+8 
        4498.74      3.71886e+8 
        4513.73       3.6859e+8 
        4527.19      3.65477e+8 
        4538.73      3.62731e+8 
        4553.72      3.59097e+8 
        4568.72      3.55399e+8 
        4583.72       3.5166e+8 
        4596.53       3.4844e+8 
        4608.71      3.45393e+8 
         4623.7       3.4156e+8 
         4638.7       3.3768e+8 
         4653.7      3.33735e+8 
        4668.69      3.29663e+8 
        4683.69      3.25346e+8 
        4698.68      3.20716e+8 
        4713.68      3.15601e+8 
        4724.83      3.11338e+8 
        4738.67      3.05308e+8 
        4753.67      2.97897e+8 
        4768.67      2.88766e+8 
        4783.66      2.77258e+8 
        4798.66        2.624e+8 
        4813.65      2.43181e+8 
        4828.65      2.19076e+8 
        4839.16      1.98355e+8 
        4849.39       1.7466e+8 
        4859.63      1.39193e+8 
        4870.47      1.65736e+8 
        4882.91      1.92533e+8 
        4893.63      2.10543e+8 
        4908.63      2.29363e+8 
         4921.7      2.41071e+8 
        4933.62       2.4854e+8 
        4948.62      2.54365e+8 
        4963.61       2.5746e+8 
        4978.61      2.58628e+8 
        4993.61      2.58653e+8 
         5008.6      2.57872e+8 
         5023.6      2.56467e+8 
        5038.59      2.54671e+8 
        5053.59      2.52638e+8 
        5068.59      2.50436e+8 
        5083.58      2.48149e+8 
        5098.58      2.45828e+8 
        5113.57       2.4349e+8 
        5128.57       2.4115e+8 
        5143.57      2.38814e+8 
        5158.56      2.36489e+8 
        5173.56      2.34179e+8 
        5188.55      2.31888e+8 
        5203.55      2.29616e+8 
        5218.55      2.27365e+8 
        5233.54      2.25136e+8 
        5248.54      2.22929e+8 
        5263.53      2.20746e+8 
        5278.53      2.18585e+8 
        5293.52      2.16447e+8 
        5308.52      2.14332e+8 
        5323.52      2.12242e+8 
        5338.51      2.10175e+8 
        5353.51      2.08132e+8 
        5368.51      2.06191e+8 
         5383.5      2.04188e+8 
         5398.5      2.02209e+8 
        5413.49      2.00253e+8 
        5428.49      1.98322e+8 
        5443.48      1.96413e+8 
        5458.48      1.94528e+8 
        5473.48      1.92665e+8 
        5488.47      1.90824e+8 
        5503.47      1.89005e+8 
        5518.47      1.87209e+8 
        5533.46      1.85434e+8 
        5548.46      1.83679e+8 
        5563.45      1.81946e+8 
        5578.45      1.80233e+8 
        5593.44      1.78539e+8 
        5608.44      1.76866e+8 
        5623.44      1.75212e+8 
        5638.43      1.73578e+8 
        5653.43      1.71962e+8 
        5668.43      1.70395e+8 
        5682.86      1.68872e+8 
        5693.42       1.6777e+8 
        5704.77      1.66594e+8 
        5715.23       1.6552e+8 
        5728.41       1.6418e+8 
         5743.4      1.62671e+8 
         5758.4      1.61179e+8 
         5773.4       1.5965e+8 
        5788.39      1.58191e+8 
        5803.39      1.56749e+8 
        5818.39      1.55324e+8 
        5833.38      1.53914e+8 
        5848.38      1.52521e+8 
        5863.37      1.51142e+8 
        5878.37       1.4978e+8 
        5893.36      1.48432e+8 
        5908.36      1.47098e+8 
        5923.36       1.4578e+8 
        5938.35      1.44476e+8 
        5953.35      1.43187e+8 
        5968.34      1.41911e+8 
        5983.34      1.40649e+8 
        5998.34        1.394e+8 
        6013.33      1.38164e+8 
        6028.33      1.36942e+8 
        6043.32      1.35732e+8 
        6058.32      1.34534e+8 
        6073.32      1.33347e+8 
        6088.31      1.32171e+8 
        6103.31      1.31005e+8 
         6118.3      1.29849e+8 
         6133.3      1.28703e+8 
         6148.3      1.27567e+8 
        6163.29      1.26438e+8 
        6178.29      1.25317e+8 
        6193.28      1.24202e+8 
        6208.28      1.23093e+8 
        6223.28      1.21988e+8 
        6238.27      1.20883e+8 
        6252.16      1.19864e+8 
        6262.16      1.19138e+8 
        6273.26      1.18332e+8 
        6284.63      1.17506e+8 
        6295.99      1.16677e+8 
        6306.09      1.15938e+8 
        6316.22      1.15191e+8 
        6328.25      1.14295e+8 
        6343.24      1.13166e+8 
        6358.24      1.12011e+8 
        6373.23      1.10822e+8 
        6388.23      1.09582e+8 
        6403.23      1.08267e+8 
        6418.22      1.06845e+8 
        6433.22      1.05266e+8 
        6448.22       1.0345e+8 
        6463.21      1.01295e+8 
        6478.21      9.86909e+7 
         6493.2      9.54994e+7 
         6508.2      9.14571e+7 
        6523.19      8.62465e+7 
         6536.1      8.05533e+7 
        6546.46      7.49304e+7 
        6556.87      6.73215e+7 
        6567.07      6.52895e+7 
        6577.95      7.31963e+7 
        6588.18      7.80441e+7 
        6603.34      8.33314e+7 
        6613.66      8.59342e+7 
        6623.98      8.78857e+7 
         6634.3      8.93192e+7 
        6644.62      9.03387e+7 
        6654.94      9.10459e+7 
        6665.26      9.15111e+7 
        6675.58      9.17653e+7 
         6685.9      9.18586e+7 
        6696.23      9.18222e+7 
        6706.55      9.16918e+7 
        6721.34      9.13848e+7 
        6741.06       9.0826e+7 
        6760.77      9.01568e+7 
        6780.49      8.94239e+7 
        6815.08      8.80478e+7 
        6834.48      8.72477e+7 
        6853.88      8.64372e+7 
        6892.68      8.48111e+7 
        6970.27      8.15872e+7 
        6986.58      8.09193e+7 
        7047.86      7.84553e+7 
        7109.15      7.60699e+7 
        7170.43      7.37699e+7 
        7231.71      7.15535e+7 
        7292.99      6.94185e+7 
        7315.03      6.86702e+7 
        7354.27       6.7362e+7 
        7393.51      6.60916e+7 
           7472      6.36292e+7 
        7550.48      6.12743e+7 
        7580.06      6.04166e+7 
        7628.97      5.90305e+7 
        7677.88      5.76844e+7 
        7775.71      5.51092e+7 
        7873.53      5.26741e+7 
        7962.25      5.05815e+7 
        8019.38      4.92894e+7 
        8050.96      4.85926e+7 
        8082.55      4.79083e+7 
        8145.72      4.65757e+7 
        8200.85      4.54504e+7 
        8216.85      4.51302e+7 
        8232.84      4.48129e+7 
        8264.83      4.41868e+7 
        8289.72      4.37074e+7 
        8328.82      4.29669e+7 
        8367.92      4.22415e+7 
        8437.95       4.0983e+7 
        8473.98      4.03522e+7 
        8502.48      3.98618e+7 
        8516.58      3.96221e+7 
        8530.98      3.93783e+7 
        8545.38      3.91439e+7 
        8574.18      3.86768e+7 
        8598.39      3.82891e+7 
         8628.6      3.78141e+7 
        8646.81      3.75276e+7 
        8665.01       3.7243e+7 
        8685.59        3.693e+7 
        8701.43      3.66888e+7 
        8750.47      3.59213e+7 
        8767.92       3.5669e+7 
        8815.35      3.49644e+7 
        8862.78      3.42767e+7 
        8900.38        3.384e+7 
        8957.65      3.30392e+7 
        8986.28      3.25755e+7 
        9000.59      3.23367e+7 
        9014.91      3.21171e+7 
        9029.22      3.19893e+7 
        9043.54      3.18784e+7 
        9057.85      3.17621e+7 
        9072.17      3.16346e+7 
        9086.49      3.14876e+7 
        9099.72      3.13402e+7 
        9126.18      3.10071e+7 
        9152.64      3.05995e+7 
         9179.1      3.01132e+7 
        9204.06      2.96003e+7 
        9216.53      2.93423e+7 
        9229.01      2.91343e+7 
        9241.49      2.90993e+7 
        9253.96      2.90576e+7 
        9266.44      2.90626e+7 
        9278.92      2.90615e+7 
        9297.63      2.90232e+7 
        9322.58      2.89219e+7 
        9347.54      2.87449e+7 
         9360.9       2.8623e+7 
        9372.49      2.85034e+7 
        9384.08      2.83726e+7 
        9407.27      2.80668e+7 
        9430.46      2.77142e+7 
        9453.65      2.72656e+7 
        9476.83       2.6782e+7 
        9488.54      2.64822e+7 
        9500.02      2.61754e+7 
        9511.51      2.58122e+7 
        9522.99      2.53913e+7 
        9534.48      2.49514e+7 
        9544.53      2.45909e+7 
        9554.58      2.46861e+7 
        9564.63      2.48962e+7 
        9577.55      2.51599e+7 
        9589.04      2.53259e+7 
        9600.52      2.54493e+7 
        9612.01      2.55352e+7 
        9623.49      2.55949e+7 
        9646.47      2.56458e+7 
        9668.45      2.56367e+7 
        9690.44      2.55558e+7 
        9712.42      2.54486e+7 
        9734.41      2.53019e+7 
         9756.4      2.51333e+7 
        9800.37      2.47394e+7 
        9844.34      2.42538e+7 
        9866.33      2.40095e+7 
        9888.32       2.3671e+7 
         9910.3      2.32736e+7 
        9932.29      2.28415e+7 
        9952.82      2.23567e+7 
        9973.35      2.18437e+7 
        9993.88      2.12361e+7 
        10014.4      2.05415e+7 
        10031.9      1.98767e+7 
          10045      1.94143e+7 
        10055.9      1.93924e+7 
        10066.8      1.96428e+7 
        10077.8      1.99088e+7 
        10088.7      2.01475e+7 
        10099.6      2.03647e+7 
        10110.5      2.05336e+7 
        10121.5      2.06889e+7 
        10134.6      2.08208e+7 
          10152      2.09781e+7 
        10169.5      2.10886e+7 
          10187      2.11493e+7 
        10204.5       2.1186e+7 
        10221.9      2.11914e+7 
        10237.2      2.11662e+7 
        10267.7      2.10672e+7 
        10298.2      2.09217e+7 
        10328.7      2.07481e+7 
        10389.7      2.03647e+7 
        10450.7      1.99107e+7 
        10511.7       1.9486e+7 
        10572.7      1.90695e+7 
        10633.7      1.85961e+7 
        10664.2      1.83395e+7 
        10694.7      1.80575e+7 
        10725.2      1.77419e+7 
        10755.7      1.73905e+7 
        10786.2      1.69801e+7 
        10801.5      1.67518e+7 
        10816.7       1.6509e+7 
          10832      1.62445e+7 
        10847.2      1.59393e+7 
        10862.5      1.56285e+7 
        10877.7      1.52574e+7 
          10893      1.48641e+7 
        10908.2      1.44046e+7 
        10923.2      1.38803e+7 
        10934.4      1.33392e+7 
        10945.1      1.34741e+7 
          10960      1.39469e+7 
        10974.9      1.42835e+7 
        10989.9      1.45593e+7 
        11004.8      1.47767e+7 
        11019.7      1.49532e+7 
        11034.6      1.50884e+7 
        11049.5      1.52043e+7 
        11064.5      1.52815e+7 
        11079.4      1.53406e+7 
        11109.2      1.54154e+7 
        11139.1      1.54199e+7 
        11168.9      1.53875e+7 
        11196.4       1.5329e+7 
        11228.6      1.52297e+7 
        11260.9      1.51109e+7 
        11325.5      1.48378e+7 
          11390      1.45478e+7 
        11454.5      1.42816e+7 
        11519.1      1.39839e+7 
        11583.6      1.36939e+7 
        11648.2      1.34114e+7 
        11712.7      1.31361e+7 
        11777.3      1.28678e+7 
        11841.8      1.26063e+7 
        11906.4      1.23514e+7 
        11970.9      1.21028e+7 
        12035.5      1.18453e+7 
          12100      1.16056e+7 
        12164.6      1.13706e+7 
        12229.1      1.11391e+7 
        12284.6       1.0941e+7 
        12340.2      1.07419e+7 
        12395.7      1.05393e+7 
        12451.2      1.03282e+7 
        12506.7      1.01047e+7 
        12562.2      9.85678e+6 
          12590      9.71669e+6 
        12617.8      9.56395e+6 
        12645.5      9.39456e+6 
        12673.3      9.19887e+6 
        12701.1       8.9754e+6 
        12714.9      8.84811e+6 
        12728.8      8.70831e+6 
        12742.7      8.55908e+6 
        12756.6      8.39028e+6 
        12770.5      8.20575e+6 
        12784.3      7.99023e+6 
        12798.2      7.72505e+6 
        12808.6      7.44658e+6 
        12818.8      7.15586e+6 
        12829.8      7.47102e+6 
        12844.7       7.7461e+6 
        12856.6      7.89928e+6 
        12874.5      8.06943e+6 
        12886.4      8.16151e+6 
        12898.4      8.23788e+6 
        12910.3      8.29996e+6 
        12934.1      8.40093e+6 
          12958      8.46512e+6 
        12981.8      8.50511e+6 
        13005.7      8.52333e+6 
        13029.5      8.52531e+6 
        13053.4      8.51522e+6 
        13077.2      8.49603e+6 
        13124.9      8.43436e+6 
        13172.6      8.35428e+6 
        13220.3      8.26409e+6 
        13308.4      8.08225e+6 
        13396.4      7.89382e+6 
        13484.4      7.70538e+6 
        13572.4       7.5205e+6 
        13660.4      7.34473e+6 
        13748.4      7.16779e+6 
        13836.4      6.99617e+6 
        13924.4      6.82963e+6 
        14012.4      6.66803e+6 
        14100.4      6.51117e+6 
        14188.4       6.3589e+6 
        14220.7      6.30408e+6 
        14276.4      6.21102e+6 
        14332.1       6.1197e+6 
        14387.7      6.02991e+6 
        14429.2      5.96409e+6 
        14443.4      5.94173e+6 
        14457.6      5.91945e+6 
        14486.1      5.87522e+6 
        14502.8      5.84946e+6 
          14543      5.78801e+6 
        14581.2      5.73033e+6 
        14597.2      5.70642e+6 
        14613.2      5.68261e+6 
        14645.2      5.63542e+6 
        14709.2      5.54246e+6 
        14773.2      5.45139e+6 
        14837.1       5.3622e+6 
        14901.1      5.27483e+6 
        14965.1      5.18922e+6 
        15029.1      5.10537e+6 
        15093.1      5.02319e+6 
        15157.1      4.94267e+6 
          15221      4.86375e+6 
          15285       4.7864e+6 
          15349      4.71057e+6 
          15413      4.63624e+6 
        15471.6      4.56948e+6 
        15482.4      4.55732e+6 
        15493.1      4.54526e+6 
        15514.7      4.52125e+6 
        15557.9      4.47372e+6 
        15644.2      4.38054e+6 
        15730.5      4.28978e+6 
        15816.8      4.20138e+6 
        15903.1       4.1152e+6 
        15989.4      4.03126e+6 
        16075.8      3.94945e+6 
        16162.1      3.86972e+6 
        16248.4      3.79197e+6 
        16289.9       3.7553e+6 
        16334.7      3.71619e+6 
        16379.5      3.67758e+6 
        16469.1        3.603e+6 
        16558.8      3.53027e+6 
        16648.4       3.4594e+6 
          16738      3.39031e+6 
        16827.7      3.32293e+6 
        16917.3       3.2572e+6 
        17006.9      3.19311e+6 
        17096.6      3.13059e+6 
        17186.2      3.06959e+6 
        17275.8      3.01007e+6 
        17327.7      2.97629e+6 
        17365.5      2.95198e+6 
        17403.2      2.92792e+6 
        17478.8      2.88086e+6 
        17554.3      2.83474e+6 
        17629.9      2.78954e+6 
        17705.4      2.74523e+6 
          17781      2.70179e+6 
        17856.5      2.65921e+6 
        17932.1      2.61747e+6 
        18007.6      2.57058e+6 
        18083.2      2.52884e+6 
        18158.7      2.48721e+6 
        18234.3      2.44526e+6 
        18309.8      2.40223e+6 
        18343.7      2.38222e+6 
        18385.3      2.35675e+6 
          18427      2.32977e+6 
        18468.6      2.30041e+6 
        18510.2       2.2676e+6 
        18551.8       2.2297e+6 
        18593.4      2.18452e+6 
        18614.2      2.15831e+6 
          18635      2.12902e+6 
        18655.8      2.09574e+6 
        18676.6      2.05779e+6 
          18687      2.03624e+6 
        18697.4      2.01253e+6 
        18707.8      1.98579e+6 
        18718.2      1.95526e+6 
        18728.6      1.91718e+6 
          18739      1.85897e+6 
        18749.1      1.70807e+6 
        18759.1      1.81607e+6 
        18770.8      1.88974e+6 
        18780.9      1.92214e+6 
        18794.3      1.95209e+6 
        18814.4      1.98449e+6 
        18827.9      2.00077e+6 
        18841.3      2.01393e+6 
        18854.7        2.025e+6 
        18881.5      2.04134e+6 
        18908.4      2.05183e+6 
        18935.2      2.05783e+6 
        18962.1      2.06024e+6 
        18988.9      2.05984e+6 
        19015.7      2.05726e+6 
        19069.4      2.04733e+6 
        19123.1       2.0334e+6 
        19176.8      2.01711e+6 
        19230.5      1.99944e+6 
        19284.1      1.98095e+6 
        19337.8      1.96201e+6 
        19391.5      1.94284e+6 
        19439.7      1.92556e+6 
        19450.7      1.92163e+6 
        19461.6      1.91768e+6 
        19483.6      1.90976e+6 
        19527.4      1.89397e+6 
        19615.2       1.8651e+6 
        19702.9      1.83356e+6 
        19790.6      1.80268e+6 
        19878.4      1.77245e+6 
        19966.1      1.74284e+6 
        20053.8      1.71385e+6 
        20141.6      1.68546e+6 
        20229.3      1.65765e+6 
          20317      1.63041e+6 
        20335.2      1.62485e+6 
        20404.8      1.60372e+6 
        20474.4      1.58294e+6 
          20544      1.56239e+6 
        20613.6      1.54217e+6 
        20683.2      1.52229e+6 
        20752.8      1.50271e+6 
        20822.5      1.48346e+6 
        20892.1       1.4645e+6 
        20961.7      1.44586e+6 
        21031.3       1.4275e+6 
        21100.9      1.40943e+6 
        21170.5      1.39165e+6 
        21240.1      1.37415e+6 
        21309.7      1.35692e+6 
        21379.4      1.33996e+6 
          21449      1.32326e+6 
        21518.6      1.30682e+6 
        21545.8      1.30047e+6 
        21588.2      1.29063e+6 
        21630.6      1.28089e+6 
        21715.5      1.26164e+6 
        21800.3      1.24274e+6 
        21885.2       1.2242e+6 
          21970        1.206e+6 
        22054.9      1.18814e+6 
        22139.7      1.17061e+6 
        22224.5       1.1534e+6 
        22309.4       1.1365e+6 
        22394.2      1.11991e+6 
        22479.1      1.10362e+6 
        22563.9      1.08763e+6 
        22648.8      1.07192e+6 
        22680.4      1.06614e+6 
        22733.6       1.0565e+6 
        22784.8      1.04733e+6 
        22800.8      1.04448e+6 
        22816.8      1.04164e+6 
        22848.8      1.03599e+6 
        22912.8       1.0248e+6 
        22976.8      1.01377e+6 
        23040.8      1.00288e+6 
        23104.8          992137 
        23168.7          981537 
        23232.7          971082 
        23296.7          960762 
        23360.7          950580 
        23424.7          940530 
        23488.6          930615 
        23552.6          920829 
        23616.6          911172 
        23680.6          901643 
        23744.6          892234 
        23808.6          882951 
        23872.5          873787 
        23936.5          864742 
        24000.5          855814 
        24064.5          846999 
        24128.5          838299 
        24192.5          829710 
        24256.4          821228 
        24320.4          812856 
        24384.4          804590 
        24448.4          796428 
        24512.4          788370 
        24576.3          780416 
        24640.3          772558 
        24704.3          764802 
        24768.3          757140 
        24832.3          749575 
        24896.3          742104 
        24960.2          734724 
        25004.4          729682 
        25024.2          727439 
          25044          725202 
        25083.6          720766 
        25162.8          711998 
        25241.9          703362 
        25321.1          694854 
        25400.2          686479 
        25479.4          678226 
        25558.5          670095 
        25637.7          662091 
        25716.9          654202 
          25796          646430 
        25875.2          638774 
        25954.3          631231 
        26033.5          623801 
        26112.7          616478 
        26191.8          609262 
          26271          602152 
        26350.1          595143 
        26429.3          588238 
        26508.4          581433 
        26587.6          574726 
        26666.8          568116 
        26745.9          561597 
        26825.1          555176 
        26904.2          548843 
        26983.4          542600 
        27062.6          536449 
        27141.7          530383 
        27220.9          524401 
        27299.2          518567 
        27377.5          512824 
        27455.8          507163 
        27534.2          501580 
        27612.5          496073 
        27690.8          490645 
        27769.1          485285 
        27847.5          480001 
        27925.8          474789 
        28004.1          469649 
        28082.4          464576 
        28160.8          459571 
        28239.1          454636 
        28317.4          449763 
        28395.7          444956 
          28474          440216 
        28552.4          435538 
        28630.7          430920 
          28709          426364 
        28787.3          421869 
        28865.7          417433 
          28944          413057 
        29022.3          408734 
        29100.6          404471 
          29179          400261 
        29257.3          396108 
        29335.6          392005 
        29413.9          387958 
        29492.3          383962 
        29570.6          380020 
        29648.9          376124 
        29727.2          372282 
        29805.5          368487 
        29883.9          364739 
        29932.6          362433 
        29962.2          361041 
        29991.8          359656 
