# Koester WD models
# teff = 18500 K (value for the effective temperature for the model. Temperatures are given in K)
# logg = 8.5 log(cm/s2) (value for Log(G) for the model.)
#
# column 1: WAVELENGTH (ANGSTROM), Wavelength in Angstrom
# column 2: FLUX (ERG/CM2/S/A), Flux in erg/cm2/s/A
         899.23      4.25658e+6 
        909.241      4.65355e+6 
        919.241      9.35258e+6 
        929.261      1.21592e+7 
        939.271      2.51443e+7 
         949.28      7.49443e+6 
        959.289      9.34947e+7 
        969.297      3.73319e+7 
        979.305      8.43935e+7 
        989.312      3.02281e+8 
        999.319      6.78022e+8 
        1009.33      3.02442e+8 
        1019.33      7.17301e+7 
        1029.34      5.96903e+7 
        1039.34      3.11159e+8 
        1049.35      1.15869e+9 
        1059.36      1.33688e+9 
        1069.36      3.71657e+9 
        1079.36      3.76379e+9 
        1089.37      8.72986e+9 
        1099.37      9.03192e+9 
        1109.38      8.69272e+9 
        1119.38      8.11769e+9 
        1129.38       7.5331e+9 
        1139.39       6.7149e+9 
        1149.39      5.72885e+9 
        1159.39      4.55493e+9 
        1169.39      3.26063e+9 
         1179.4      1.96688e+9 
         1189.4      9.39559e+8 
         1199.4      3.69728e+8 
         1209.4      1.50325e+8 
        1219.41      1.34162e+8 
        1229.41       2.9219e+8 
        1239.41       9.5276e+8 
        1249.41      2.20728e+9 
        1259.41      3.48626e+9 
        1269.41      4.47931e+9 
        1279.42      5.19742e+9 
        1289.42      5.66354e+9 
        1299.42      5.92401e+9 
        1309.42      6.10867e+9 
        1319.42      6.18124e+9 
        1329.42      6.14555e+9 
        1339.42      6.13195e+9 
        1349.42      6.17254e+9 
        1359.42      6.11093e+9 
        1369.42      5.83557e+9 
        1379.42      5.56137e+9 
        1389.42      5.22723e+9 
        1399.42      5.28862e+9 
        1409.42      5.67381e+9 
        1419.42      5.85587e+9 
        1429.42      5.83117e+9 
        1439.42      5.74685e+9 
        1454.42      5.59775e+9 
        1464.42      5.49587e+9 
        1474.42      5.39528e+9 
        1489.42       5.2479e+9 
        1504.42      5.10537e+9 
        1514.42      5.01291e+9 
        1529.42      4.87795e+9 
        1544.42       4.7477e+9 
        1559.42      4.62191e+9 
        1570.19      4.53435e+9 
        1584.41      4.42226e+9 
        1599.41      4.30879e+9 
        1614.41      4.19981e+9 
        1629.41      4.09481e+9 
        1644.41      3.99328e+9 
        1659.41      3.89501e+9 
        1670.17      3.82637e+9 
         1684.4      3.73821e+9 
         1699.4      3.64852e+9 
         1714.4      3.56181e+9 
         1729.4      3.47784e+9 
         1744.4       3.3965e+9 
        1759.39      3.31777e+9 
         1771.7      3.25507e+9 
        1784.39      3.19211e+9 
        1799.39       3.1199e+9 
           1824      3.00615e+9 
        1834.77      2.95818e+9 
        1845.54      2.91131e+9 
           1864       2.8333e+9 
        1876.29      2.78299e+9 
        1888.59      2.73393e+9 
        1906.98      2.66271e+9 
        1919.37      2.61618e+9 
        1931.76      2.57088e+9 
        1944.47      2.52549e+9 
        1956.53      2.48344e+9 
         1967.6      2.44568e+9 
        1992.71      2.36301e+9 
        2017.81      2.28406e+9 
        2042.42      2.21012e+9 
        2067.03      2.13943e+9 
        2091.64      2.07193e+9 
         2116.2      2.00741e+9 
           2129      1.97487e+9 
         2141.8      1.94304e+9 
        2165.47      1.88594e+9 
        2210.96      1.78253e+9 
        2225.91      1.75027e+9 
        2240.86      1.71881e+9 
        2263.91      1.67175e+9 
        2306.93      1.58853e+9 
        2319.34      1.56558e+9 
        2331.75      1.54309e+9 
        2350.78      1.50944e+9 
        2362.35      1.48946e+9 
        2373.93      1.46983e+9 
        2384.89      1.45158e+9 
        2397.08      1.43161e+9 
        2409.27      1.41201e+9 
        2433.66      1.37389e+9 
        2451.59      1.34671e+9 
        2466.76      1.32429e+9 
        2488.39       1.2932e+9 
        2510.01      1.26309e+9 
         2547.3      1.21333e+9 
        2559.23      1.19796e+9 
        2571.17      1.18287e+9 
        2595.04      1.15342e+9 
        2627.89      1.11446e+9 
        2642.78      1.09737e+9 
        2657.67      1.08063e+9 
        2687.45      1.04819e+9 
        2737.93      9.96083e+8 
        2756.11      9.78147e+8 
        2766.75      9.67862e+8 
        2810.65      9.26899e+8 
        2854.55      8.88175e+8 
        2898.45       8.5161e+8 
        2931.71      8.25202e+8 
        2942.34      8.16981e+8 
        2952.98      8.08866e+8 
        2974.26      7.92973e+8 
        3016.81      7.62386e+8 
        3051.42      7.38636e+8 
        3086.03      7.15872e+8 
        3120.64      6.94009e+8 
        3149.86      6.76215e+8 
        3168.31      6.65295e+8 
         3208.3      6.42399e+8 
        3229.85      6.30483e+8 
        3248.29      6.20509e+8 
        3288.29      5.99601e+8 
        3346.73      5.70648e+8 
        3365.18      5.61899e+8 
        3405.17      5.43511e+8 
        3445.17       5.2589e+8 
        3485.16      5.09007e+8 
        3506.71      5.00195e+8 
        3525.16      4.92809e+8 
         3543.6      4.85555e+8 
        3569.71       4.7554e+8 
        3580.49      4.71478e+8 
        3591.28      4.67444e+8 
        3612.86      4.59514e+8 
        3635.88      4.51255e+8 
        3647.12      4.47291e+8 
        3658.96      4.43156e+8 
        3671.11      4.38909e+8 
         3682.7      4.34935e+8 
        3692.77      4.31507e+8 
        3702.89      4.28083e+8 
        3712.93      4.24715e+8 
        3723.11      4.21335e+8 
        3733.35      4.17939e+8 
        3743.66      4.14766e+8 
         3753.7      4.11615e+8 
        3764.81      4.07952e+8 
         3775.5      4.05121e+8 
        3786.22      4.02476e+8 
        3796.45      3.95476e+8 
        3807.84       3.9836e+8 
        3818.92      3.95809e+8 
        3830.45       3.8165e+8 
        3840.76      3.82234e+8 
        3851.98       3.9547e+8 
        3862.01      3.95668e+8 
        3872.59      3.80849e+8 
         3884.4      3.47366e+8 
        3894.46      3.49907e+8 
        3904.96      3.81682e+8 
        3916.39      4.02818e+8 
        3928.22      4.06654e+8 
        3938.89      3.94031e+8 
        3950.65      3.60476e+8 
        3962.28      3.09743e+8 
        3972.79      2.83669e+8 
        3984.18       3.3577e+8 
        3996.37      3.82624e+8 
        4008.87       4.1191e+8 
        4023.86      4.25045e+8 
        4035.85      4.24715e+8 
         4047.6      4.15491e+8 
        4058.85      3.95281e+8 
        4071.35      3.56885e+8 
        4082.28      3.15677e+8 
        4093.69      2.62538e+8 
        4103.79      2.28353e+8 
        4114.02      2.79811e+8 
        4126.21      3.27973e+8 
        4137.44      3.63602e+8 
        4148.55       3.9165e+8 
        4158.83      4.08354e+8 
        4169.58      4.17986e+8 
        4180.32      4.23132e+8 
         4192.1      4.25123e+8 
        4203.81      4.24913e+8 
        4216.52      4.22896e+8 
        4228.81      4.19098e+8 
        4243.81      4.11618e+8 
         4258.8      3.99397e+8 
         4273.8      3.79819e+8 
        4288.79      3.50486e+8 
        4303.79       3.1365e+8 
        4314.07      2.83587e+8 
        4326.14      2.42148e+8 
        4336.17      2.00123e+8 
        4346.42      2.06983e+8 
        4357.43      2.47391e+8 
        4367.98      2.78079e+8 
        4378.77      3.04063e+8 
        4393.77      3.32245e+8 
        4408.76       3.5233e+8 
        4423.76      3.63696e+8 
        4438.75      3.68685e+8 
        4453.75      3.69941e+8 
        4468.74       3.6914e+8 
        4483.74      3.67158e+8 
        4498.74      3.64598e+8 
        4513.73      3.61666e+8 
        4527.19       3.5882e+8 
        4538.73      3.56272e+8 
        4553.72      3.52851e+8 
        4568.72      3.49339e+8 
        4583.72      3.45751e+8 
        4596.53      3.42638e+8 
        4608.71      3.39678e+8 
         4623.7      3.35918e+8 
         4638.7      3.32079e+8 
         4653.7      3.28142e+8 
        4668.69       3.2403e+8 
        4683.69      3.19604e+8 
        4698.68      3.14769e+8 
        4713.68      3.09309e+8 
        4724.83      3.04684e+8 
        4738.67      2.98058e+8 
        4753.67      2.89873e+8 
        4768.67      2.79927e+8 
        4783.66      2.67481e+8 
        4798.66      2.51919e+8 
        4813.65      2.32505e+8 
        4828.65      2.09235e+8 
        4839.16      1.89933e+8 
        4850.22      1.66224e+8 
        4860.28      1.28783e+8 
        4870.65      1.60299e+8 
        4882.91      1.84463e+8 
        4893.63      2.01222e+8 
        4908.63      2.19536e+8 
         4921.7      2.31666e+8 
        4933.62      2.39831e+8 
        4948.62      2.46773e+8 
        4963.61      2.50869e+8 
        4978.61      2.52937e+8 
        4993.61      2.53705e+8 
         5008.6      2.53493e+8 
         5023.6      2.52506e+8 
        5038.59      2.51013e+8 
        5053.59      2.49205e+8 
        5068.59      2.47173e+8 
        5083.58      2.45023e+8 
        5098.58      2.42817e+8 
        5113.57      2.40577e+8 
        5128.57      2.38322e+8 
        5143.57       2.3606e+8 
        5158.56        2.338e+8 
        5173.56       2.3155e+8 
        5188.55      2.29314e+8 
        5203.55      2.27093e+8 
        5218.55      2.24889e+8 
        5233.54      2.22705e+8 
        5248.54       2.2054e+8 
        5263.53      2.18397e+8 
        5278.53      2.16274e+8 
        5293.52      2.14171e+8 
        5308.52      2.12092e+8 
        5323.52      2.10035e+8 
        5338.51      2.08001e+8 
        5353.51      2.05989e+8 
        5368.51      2.04107e+8 
         5383.5       2.0213e+8 
         5398.5      2.00177e+8 
        5413.49      1.98247e+8 
        5428.49       1.9634e+8 
        5443.48      1.94456e+8 
        5458.48      1.92594e+8 
        5473.48      1.90755e+8 
        5488.47      1.88937e+8 
        5503.47      1.87141e+8 
        5518.47      1.85367e+8 
        5533.46      1.83613e+8 
        5548.46      1.81879e+8 
        5563.45      1.80167e+8 
        5578.45      1.78474e+8 
        5593.44        1.768e+8 
        5608.44      1.75147e+8 
        5623.44      1.73513e+8 
        5638.43      1.71897e+8 
        5653.43        1.703e+8 
        5668.43      1.68799e+8 
        5682.86      1.67291e+8 
        5693.42        1.662e+8 
        5704.77      1.65036e+8 
        5715.23      1.63972e+8 
        5728.41      1.62645e+8 
         5743.4      1.61151e+8 
         5758.4      1.59674e+8 
         5773.4      1.58138e+8 
        5788.39      1.56693e+8 
        5803.39      1.55264e+8 
        5818.39      1.53852e+8 
        5833.38      1.52455e+8 
        5848.38      1.51074e+8 
        5863.37      1.49708e+8 
        5878.37      1.48357e+8 
        5893.36      1.47021e+8 
        5908.36        1.457e+8 
        5923.36      1.44393e+8 
        5938.35        1.431e+8 
        5953.35      1.41821e+8 
        5968.34      1.40555e+8 
        5983.34      1.39303e+8 
        5998.34       1.3807e+8 
        6013.33      1.36843e+8 
        6028.33       1.3563e+8 
        6043.32      1.34428e+8 
        6058.32      1.33238e+8 
        6073.32      1.32058e+8 
        6088.31      1.30887e+8 
        6103.31      1.29726e+8 
         6118.3      1.28569e+8 
         6133.3      1.27426e+8 
         6148.3      1.26291e+8 
        6163.29      1.25163e+8 
        6178.29      1.24046e+8 
        6193.28      1.22928e+8 
        6208.28      1.21812e+8 
        6223.28      1.20698e+8 
        6238.27      1.19581e+8 
        6252.16      1.18546e+8 
        6262.16      1.17812e+8 
        6273.26      1.16994e+8 
        6284.63      1.16153e+8 
        6295.99      1.15306e+8 
        6306.09      1.14551e+8 
        6316.22      1.13786e+8 
        6328.25      1.12863e+8 
        6343.24      1.11693e+8 
        6358.24      1.10486e+8 
        6373.23      1.09234e+8 
        6388.23      1.07917e+8 
        6403.23      1.06508e+8 
        6418.22       1.0497e+8 
        6433.22      1.03251e+8 
        6448.22      1.01263e+8 
        6463.21      9.89149e+7 
        6478.21      9.61004e+7 
         6493.2      9.27232e+7 
         6508.2      8.85763e+7 
        6523.19      8.34253e+7 
         6536.1       7.7979e+7 
        6546.46      7.26968e+7 
        6556.87      6.54928e+7 
        6567.09      6.35211e+7 
        6577.95      7.10452e+7 
        6588.18      7.55801e+7 
        6603.34      8.06425e+7 
        6613.66      8.32409e+7 
        6623.98      8.52744e+7 
         6634.3      8.68368e+7 
        6644.62      8.80136e+7 
        6654.94      8.88907e+7 
        6665.26      8.95159e+7 
        6675.58      8.99174e+7 
         6685.9      9.01414e+7 
        6696.23      9.02181e+7 
        6706.55       9.0187e+7 
        6721.34      9.00013e+7 
        6741.06      8.95687e+7 
        6760.77       8.8996e+7 
        6780.49      8.83397e+7 
        6815.08      8.70604e+7 
        6834.48      8.63005e+7 
        6853.88      8.55248e+7 
        6892.68      8.39562e+7 
        6970.27      8.08096e+7 
        6986.58      8.01533e+7 
        7047.86      7.77265e+7 
        7109.15      7.53696e+7 
        7170.43      7.30948e+7 
        7231.71      7.09013e+7 
        7292.99      6.87877e+7 
        7315.03      6.80466e+7 
        7354.27       6.6751e+7 
        7393.51      6.54956e+7 
           7472      6.30527e+7 
        7550.48      6.07229e+7 
        7580.06      5.98728e+7 
        7628.97      5.84996e+7 
        7677.88      5.71657e+7 
        7775.71      5.46116e+7 
        7873.53      5.21991e+7 
        7962.25      5.01257e+7 
        8019.38      4.88452e+7 
        8050.96       4.8155e+7 
        8082.55       4.7477e+7 
        8145.72      4.61563e+7 
        8200.85      4.50413e+7 
        8216.85       4.4724e+7 
        8232.84      4.44099e+7 
        8264.83      4.37894e+7 
        8289.72      4.33141e+7 
        8328.82      4.25805e+7 
        8367.92       4.1862e+7 
        8437.95      4.06145e+7 
        8473.98      3.99893e+7 
        8502.48      3.95036e+7 
        8516.58      3.92661e+7 
        8530.98      3.90249e+7 
        8545.38      3.87908e+7 
        8574.18      3.83246e+7 
        8598.39      3.79385e+7 
         8628.6      3.74647e+7 
        8646.81      3.71804e+7 
        8665.01      3.68983e+7 
        8685.59      3.65857e+7 
        8701.43       3.6346e+7 
        8750.47      3.55924e+7 
        8767.92      3.53388e+7 
        8815.35       3.4642e+7 
        8862.78      3.39738e+7 
        8900.38      3.35136e+7 
        8957.65      3.27228e+7 
        8986.28      3.22931e+7 
        9014.91      3.18702e+7 
        9043.54      3.15881e+7 
        9072.17      3.13042e+7 
        9099.72      3.09918e+7 
        9127.26      3.06509e+7 
        9154.81      3.02537e+7 
        9182.36      2.98021e+7 
         9209.9      2.93193e+7 
        9229.01      2.90283e+7 
        9248.11      2.88835e+7 
        9267.22      2.88272e+7 
        9286.33      2.87579e+7 
        9324.54      2.85456e+7 
        9341.42      2.84113e+7 
        9362.75      2.82082e+7 
        9384.08      2.79734e+7 
        9405.42      2.77022e+7 
        9426.75      2.74013e+7 
        9448.09      2.70479e+7 
        9469.42      2.66609e+7 
        9490.75      2.62108e+7 
        9512.09      2.56874e+7 
        9529.03      2.51909e+7 
        9541.73      2.48253e+7 
        9554.43      2.47788e+7 
        9567.14       2.4945e+7 
        9579.84       2.5094e+7 
        9592.54       2.5198e+7 
        9609.48      2.52764e+7 
        9626.42      2.53134e+7 
        9643.36      2.53165e+7 
         9660.3      2.53024e+7 
        9684.76      2.52156e+7 
        9717.38      2.50407e+7 
           9750      2.48031e+7 
        9782.62      2.45277e+7 
        9815.24      2.42086e+7 
        9831.55      2.40279e+7 
        9847.86      2.38778e+7 
        9864.17      2.36625e+7 
        9880.48      2.34277e+7 
        9896.79        2.316e+7 
         9913.1      2.28701e+7 
        9938.62      2.23794e+7 
        9952.82      2.20592e+7 
        9967.02       2.1733e+7 
        9981.23      2.13857e+7 
        9995.43       2.0997e+7 
        10009.6       2.0577e+7 
        10023.8       2.0129e+7 
        10036.6       1.9729e+7 
        10049.4      1.94873e+7 
        10062.1      1.95598e+7 
        10074.9      1.97845e+7 
        10087.7       2.0006e+7 
        10100.4      2.02057e+7 
        10113.2      2.03673e+7 
        10125.9      2.05016e+7 
        10138.7      2.05954e+7 
        10164.2      2.07746e+7 
        10189.8      2.08565e+7 
        10215.3      2.08944e+7 
        10237.2      2.08688e+7 
        10259.1      2.08097e+7 
        10302.9      2.06248e+7 
        10346.7      2.03819e+7 
        10390.5      2.01155e+7 
        10434.3      1.98382e+7 
        10478.1      1.94799e+7 
        10521.9       1.9175e+7 
        10565.7      1.88858e+7 
        10609.5      1.85485e+7 
        10653.3      1.81844e+7 
        10697.1      1.77703e+7 
        10740.9      1.72758e+7 
        10762.8      1.70127e+7 
        10784.7      1.67113e+7 
        10806.6      1.63777e+7 
        10828.5      1.60237e+7 
        10850.4      1.56108e+7 
        10872.3       1.5155e+7 
        10883.2       1.4895e+7 
        10894.2      1.46285e+7 
        10905.1      1.43346e+7 
        10916.1      1.40092e+7 
          10927      1.36309e+7 
        10937.9      1.30119e+7 
        10949.3      1.35423e+7 
        10960.7      1.38306e+7 
        10972.1      1.40589e+7 
        10983.5      1.42547e+7 
        10994.9      1.44078e+7 
        11006.3      1.45644e+7 
        11017.7      1.46867e+7 
        11029.1       1.4784e+7 
        11051.9      1.49573e+7 
        11074.7      1.50649e+7 
        11097.5      1.51444e+7 
        11120.3       1.5182e+7 
        11143.1       1.5189e+7 
        11165.9      1.51804e+7 
        11188.6      1.51499e+7 
        11207.6      1.51089e+7 
        11234.2      1.50342e+7 
        11260.9      1.49452e+7 
        11314.2      1.47364e+7 
        11367.6      1.45086e+7 
        11420.9      1.42747e+7 
        11474.3      1.40704e+7 
        11527.6      1.38286e+7 
        11580.9      1.35918e+7 
        11634.3      1.33602e+7 
        11687.6      1.31334e+7 
          11741      1.29114e+7 
        11794.3      1.26941e+7 
        11847.6      1.24812e+7 
          11901      1.22729e+7 
        11954.3      1.20687e+7 
        12007.7      1.18689e+7 
          12061      1.16505e+7 
        12114.3      1.14544e+7 
        12167.7      1.12609e+7 
          12221      1.10692e+7 
        12264.1      1.09147e+7 
        12274.4      1.08778e+7 
        12284.6      1.08409e+7 
        12305.2      1.07665e+7 
        12346.2      1.06164e+7 
        12428.3      1.03048e+7 
        12469.4      1.01383e+7 
        12510.5      9.96124e+6 
        12551.5      9.77023e+6 
        12592.6      9.55424e+6 
        12633.7      9.30936e+6 
        12654.2      9.17238e+6 
        12674.7      9.02049e+6 
        12695.2      8.85508e+6 
        12715.8      8.67212e+6 
        12736.3      8.46549e+6 
        12756.8       8.2299e+6 
        12767.1      8.10198e+6 
        12777.4      7.95831e+6 
        12787.6      7.79894e+6 
        12797.9      7.60859e+6 
          12808      7.36006e+6 
        12818.1      7.23408e+6 
        12828.1      7.31988e+6 
        12838.2       7.5254e+6 
        12848.3      7.66784e+6 
        12858.4      7.77893e+6 
        12878.4      7.94967e+6 
        12898.6      8.08326e+6 
        12918.7      8.18416e+6 
        12938.9      8.26003e+6 
          12959      8.31532e+6 
        12979.2      8.35541e+6 
        12999.4      8.37992e+6 
        13019.5      8.39167e+6 
        13059.9      8.39173e+6 
        13100.2      8.36273e+6 
        13140.5      8.31313e+6 
        13180.8       8.2513e+6 
        13214.6      8.19309e+6 
        13261.5      8.10452e+6 
        13308.4      8.01056e+6 
        13402.1      7.81603e+6 
        13495.8      7.61968e+6 
        13589.6      7.42647e+6 
        13683.3      7.24376e+6 
          13777      7.05853e+6 
        13870.8      6.87918e+6 
        13964.5      6.70545e+6 
        14058.2      6.53718e+6 
          14152      6.37417e+6 
        14245.7      6.21621e+6 
        14332.1      6.07493e+6 
        14379.2      5.99931e+6 
        14418.4       5.9373e+6 
        14457.6      5.87607e+6 
        14488.9      5.82781e+6 
        14536.1      5.75599e+6 
        14581.2      5.68826e+6 
        14597.2      5.66451e+6 
        14613.2      5.64089e+6 
        14645.2      5.59401e+6 
        14709.2      5.50168e+6 
        14773.2      5.41127e+6 
        14837.1      5.32267e+6 
        14901.1       5.2359e+6 
        14965.1      5.15092e+6 
        15029.1      5.06764e+6 
        15093.1      4.98602e+6 
        15157.1      4.90604e+6 
          15221      4.82769e+6 
          15285      4.75087e+6 
          15349      4.67557e+6 
          15413      4.60177e+6 
        15471.6      4.53549e+6 
        15482.4      4.52339e+6 
        15493.1      4.51142e+6 
        15514.7      4.48755e+6 
        15557.9       4.4403e+6 
        15644.2      4.34762e+6 
        15730.5      4.25736e+6 
        15816.8      4.16943e+6 
        15903.1      4.08379e+6 
        15989.4      4.00032e+6 
        16075.8      3.91895e+6 
        16162.1      3.83969e+6 
        16248.4       3.7624e+6 
        16289.9      3.72593e+6 
        16334.7      3.68704e+6 
        16379.5      3.64868e+6 
        16469.1      3.57435e+6 
        16558.8       3.5019e+6 
        16648.4      3.43131e+6 
          16738      3.36245e+6 
        16827.7      3.29534e+6 
        16917.3       3.2299e+6 
        17006.9      3.16607e+6 
        17096.6      3.10383e+6 
        17186.2       3.0431e+6 
        17275.8      2.98385e+6 
        17327.7      2.95024e+6 
        17365.5      2.92604e+6 
        17403.2       2.9021e+6 
        17478.8      2.85537e+6 
        17554.3      2.80958e+6 
        17629.9       2.7647e+6 
        17705.4      2.72071e+6 
          17781       2.6776e+6 
        17856.5      2.63533e+6 
        17932.1      2.59389e+6 
        18007.6      2.54533e+6 
        18083.2      2.50342e+6 
        18158.7      2.46144e+6 
        18234.3      2.41889e+6 
        18309.8       2.3749e+6 
        18343.7      2.35428e+6 
        18385.3      2.32788e+6 
          18427      2.29976e+6 
        18468.6      2.26913e+6 
        18510.2      2.23487e+6 
        18551.8      2.19555e+6 
        18593.4      2.14935e+6 
        18614.2      2.12281e+6 
          18635      2.09347e+6 
        18655.8      2.06044e+6 
        18676.6      2.02325e+6 
          18687      2.00226e+6 
        18697.4      1.97929e+6 
        18707.8      1.95327e+6 
        18718.2      1.92323e+6 
        18728.6      1.88571e+6 
          18739       1.8285e+6 
        18749.4      1.67191e+6 
        18760.8      1.80207e+6 
        18770.8      1.85873e+6 
        18780.9      1.89062e+6 
        18794.3      1.92018e+6 
        18814.4      1.95147e+6 
        18827.9      1.96727e+6 
        18841.3      1.98014e+6 
        18854.7      1.99117e+6 
        18881.5      2.00786e+6 
        18908.4      2.01916e+6 
        18935.2      2.02618e+6 
        18962.1      2.02976e+6 
        18988.9      2.03063e+6 
        19015.7      2.02928e+6 
        19069.4       2.0216e+6 
        19123.1      2.00952e+6 
        19176.8      1.99472e+6 
        19230.5       1.9782e+6 
        19284.1      1.96063e+6 
        19337.8      1.94243e+6 
        19391.5       1.9239e+6 
        19439.7      1.90709e+6 
        19450.7      1.90326e+6 
        19461.6      1.89941e+6 
        19483.6      1.89168e+6 
        19527.4      1.87625e+6 
        19615.2      1.84883e+6 
        19702.9      1.81764e+6 
        19790.6      1.78711e+6 
        19878.4      1.75721e+6 
        19966.1      1.72794e+6 
        20053.8      1.69927e+6 
        20141.6      1.67118e+6 
        20229.3      1.64368e+6 
          20317      1.61673e+6 
        20335.2      1.61123e+6 
        20404.8      1.59034e+6 
        20474.4      1.56977e+6 
          20544      1.54944e+6 
        20613.6      1.52943e+6 
        20683.2      1.50975e+6 
        20752.8      1.49038e+6 
        20822.5      1.47131e+6 
        20892.1      1.45256e+6 
        20961.7      1.43409e+6 
        21031.3      1.41592e+6 
        21100.9      1.39803e+6 
        21170.5      1.38043e+6 
        21240.1       1.3631e+6 
        21309.7      1.34604e+6 
        21379.4      1.32925e+6 
          21449      1.31271e+6 
        21518.6      1.29643e+6 
        21545.8      1.29014e+6 
        21588.2       1.2804e+6 
        21630.6      1.27076e+6 
        21715.5      1.25168e+6 
        21800.3      1.23296e+6 
        21885.2      1.21458e+6 
          21970      1.19655e+6 
        22054.9      1.17884e+6 
        22139.7      1.16147e+6 
        22224.5      1.14441e+6 
        22309.4      1.12767e+6 
        22394.2      1.11122e+6 
        22479.1      1.09508e+6 
        22563.9      1.07923e+6 
        22648.8      1.06366e+6 
        22680.4      1.05793e+6 
        22733.6      1.04837e+6 
        22784.8      1.03928e+6 
        22800.8      1.03645e+6 
        22816.8      1.03364e+6 
        22848.8      1.02803e+6 
        22912.8      1.01694e+6 
        22976.8      1.00599e+6 
        23040.8          995197 
        23104.8          984544 
        23168.7          974029 
        23232.7          963658 
        23296.7          953423 
        23360.7          943323 
        23424.7          933358 
        23488.6          923521 
        23552.6          913817 
        23616.6          904235 
        23680.6          894782 
        23744.6          885452 
        23808.6          876240 
        23872.5          867152 
        23936.5          858176 
        24000.5          849320 
        24064.5          840577 
        24128.5          831944 
        24192.5          823424 
        24256.4          815011 
        24320.4          806708 
        24384.4          798505 
        24448.4          790409 
        24512.4          782417 
        24576.3          774522 
        24640.3          766728 
        24704.3          759031 
        24768.3          751431 
        24832.3          743926 
        24896.3          736515 
        24960.2          729192 
        25004.4          724191 
        25024.2          721963 
          25044          719745 
        25083.6          715344 
        25162.8          706642 
        25241.9          698071 
        25321.1          689630 
        25400.2          681314 
        25479.4          673124 
        25558.5          665056 
        25637.7          657108 
        25716.9          649279 
          25796          641567 
        25875.2          633967 
        25954.3          626481 
        26033.5          619104 
        26112.7          611838 
        26191.8          604675 
          26271          597616 
        26350.1          590660 
        26429.3          583808 
        26508.4          577051 
        26587.6          570394 
        26666.8          563831 
        26745.9          557363 
        26825.1          550988 
        26904.2          544702 
        26983.4          538507 
        27062.6          532399 
        27141.7          526377 
        27220.9          520439 
        27299.2          514649 
        27377.5          508944 
        27455.8          503321 
        27534.2          497773 
        27612.5          492303 
        27690.8          486906 
        27769.1          481584 
        27847.5          476335 
        27925.8          471157 
        28004.1          466049 
        28082.4          461010 
        28160.8          456040 
        28239.1          451133 
        28317.4          446295 
        28395.7          441523 
          28474          436813 
        28552.4          432164 
        28630.7          427577 
          28709          423053 
        28787.3          418589 
        28865.7          414181 
          28944          409833 
        29022.3          405542 
        29100.6          401307 
          29179          397126 
        29257.3          393001 
        29335.6          388926 
        29413.9          384908 
        29492.3          380940 
        29570.6          377023 
        29648.9          373155 
        29727.2          369338 
        29805.5          365568 
        29883.9          361849 
        29932.6          359558 
        29962.2          358176 
        29991.8          356800 
