# Koester WD models
# teff = 18000 K (value for the effective temperature for the model. Temperatures are given in K)
# logg = 7.25 log(cm/s2) (value for Log(G) for the model.)
#
# column 1: WAVELENGTH (ANGSTROM), Wavelength in Angstrom
# column 2: FLUX (ERG/CM2/S/A), Flux in erg/cm2/s/A
         899.23      2.86966e+6 
        909.241      3.14825e+6 
        919.246      9.62207e+6 
        929.261      1.19619e+7 
        939.281      2.30436e+7 
        949.307      8.43354e+6 
        959.577      2.16766e+8 
        969.579      3.15322e+7 
        979.633      1.40183e+8 
        989.828      9.94481e+8 
        999.888      2.40273e+9 
        1009.94      7.54607e+8 
        1019.95      6.67384e+7 
        1030.02      6.44011e+7 
        1040.07      9.34787e+8 
        1050.25      3.14338e+9 
        1060.42      3.57692e+9 
         1070.5      5.79671e+9 
        1080.77      6.78798e+9 
        1090.96      8.42673e+9 
        1102.55      8.28897e+9 
        1114.38      7.95319e+9 
        1124.73      7.62326e+9 
        1135.54      7.21596e+9 
        1146.89      6.67563e+9 
        1156.89      6.04518e+9 
        1166.89        5.201e+9 
         1176.9      4.04782e+9 
        1187.48      2.43327e+9 
        1197.88      8.61673e+8 
        1207.91      1.84216e+8 
         1218.2      1.07624e+8 
        1228.37      3.91141e+8 
        1239.25      1.98202e+9 
        1249.41       3.6614e+9 
        1259.41      4.57579e+9 
        1269.41      5.03371e+9 
        1279.42      5.26528e+9 
        1289.42      5.36248e+9 
        1299.42      5.37643e+9 
        1309.42      5.36166e+9 
        1319.42      5.31426e+9 
        1329.42      5.23443e+9 
        1339.42      5.16066e+9 
        1349.42      5.10537e+9 
        1359.42      5.02583e+9 
        1369.42      4.88983e+9 
        1379.42      4.75112e+9 
        1389.42      4.59467e+9 
        1399.42      4.55405e+9 
        1409.42      4.60532e+9 
        1419.42      4.59486e+9 
        1429.42      4.53194e+9 
        1439.42      4.45613e+9 
        1454.42      4.33967e+9 
        1464.42      4.26311e+9 
        1474.42      4.18815e+9 
        1489.42      4.07895e+9 
        1504.42      3.97374e+9 
        1514.42      3.90572e+9 
        1529.42      3.80664e+9 
        1544.42      3.71104e+9 
        1559.42      3.61871e+9 
        1570.19       3.5544e+9 
        1584.41      3.47187e+9 
        1599.41      3.38783e+9 
        1614.41      3.30662e+9 
        1629.41      3.22814e+9 
        1644.41      3.15231e+9 
        1659.41      3.07897e+9 
        1670.17       3.0278e+9 
         1684.4      2.96201e+9 
         1699.4      2.89499e+9 
         1714.4      2.83011e+9 
         1729.4      2.76718e+9 
         1744.4      2.70613e+9 
        1759.39      2.64694e+9 
         1771.7      2.59971e+9 
        1784.39      2.55226e+9 
        1799.39      2.49768e+9 
           1824      2.41154e+9 
        1834.77      2.37514e+9 
        1845.54      2.33955e+9 
           1864      2.28022e+9 
        1876.29       2.2419e+9 
        1888.59      2.20449e+9 
        1906.98      2.15012e+9 
        1919.37      2.11451e+9 
        1931.76      2.07978e+9 
        1944.47      2.04495e+9 
        1956.53      2.01265e+9 
         1967.6      1.98362e+9 
        1992.71      1.91997e+9 
        2017.81      1.85905e+9 
        2042.42      1.80186e+9 
        2067.03      1.74702e+9 
        2091.64      1.69457e+9 
         2116.2      1.64436e+9 
           2129        1.619e+9 
         2141.8      1.59417e+9 
        2165.47      1.54956e+9 
        2210.96      1.46852e+9 
        2225.89       1.4432e+9 
        2240.83       1.4185e+9 
        2263.91      1.38142e+9 
        2307.04      1.31564e+9 
        2319.23      1.29784e+9 
        2331.41      1.28037e+9 
        2349.21      1.25541e+9 
        2362.35       1.2374e+9 
         2375.5      1.21975e+9 
        2394.29      1.19509e+9 
        2409.27      1.17592e+9 
        2424.25      1.15717e+9 
        2452.24      1.12319e+9 
        2464.64      1.10856e+9 
        2480.05      1.09075e+9 
        2491.16      1.07814e+9 
        2510.01      1.05719e+9 
        2528.86      1.03679e+9 
        2559.23      1.00503e+9 
        2582.27      9.81842e+8 
        2619.97      9.45409e+8 
        2657.67      9.10738e+8 
        2695.37      8.77789e+8 
        2710.02      8.65405e+8 
        2733.07      8.46402e+8 
        2756.11      8.27948e+8 
        2802.19      7.92658e+8 
        2842.01      7.63746e+8 
        2854.55      7.54928e+8 
        2867.08       7.4626e+8 
        2892.16      7.29314e+8 
        2931.63      7.03651e+8 
         2942.3      6.96912e+8 
        2952.98      6.90258e+8 
        2974.34      6.77217e+8 
        3017.05      6.52088e+8 
        3051.42      6.32742e+8 
        3090.46        6.117e+8 
        3120.16      5.96299e+8 
        3149.86      5.81399e+8 
        3170.22      5.71475e+8 
        3209.26      5.53052e+8 
        3248.29      5.35393e+8 
        3287.33      5.18479e+8 
        3306.01      5.10631e+8 
        3326.37       5.0225e+8 
        3346.73      4.94047e+8 
        3387.45      4.78176e+8 
        3445.17      4.56788e+8 
        3462.17      4.50727e+8 
        3495.92      4.38997e+8 
         3543.6      4.23085e+8 
        3591.28      4.07911e+8 
        3635.88      3.94333e+8 
        3647.12      3.91003e+8 
        3658.96      3.87522e+8 
        3671.11      3.83953e+8 
         3682.7      3.80591e+8 
        3692.77      3.77717e+8 
        3702.89      3.74871e+8 
        3712.93      3.72178e+8 
        3723.11      3.69558e+8 
        3733.34      3.66498e+8 
        3743.51      3.65895e+8 
        3753.66      3.63388e+8 
        3764.81      3.60133e+8 
        3775.47      3.59646e+8 
        3785.73      3.65348e+8 
        3795.99       3.3234e+8 
        3807.45       3.6533e+8 
        3817.46      3.75552e+8 
        3827.65       3.3682e+8 
        3837.98       3.0206e+8 
        3848.84      3.71933e+8 
        3858.91      3.97961e+8 
        3869.95      3.80566e+8 
        3880.44      3.16321e+8 
        3890.61      2.55055e+8 
        3900.66      3.37027e+8 
        3911.39      3.98875e+8 
        3923.89      4.26917e+8 
        3934.66       4.2359e+8 
        3945.81      3.89177e+8 
        3956.32      3.27118e+8 
        3967.16      2.37653e+8 
        3977.86      2.78101e+8 
        3988.87      3.55622e+8 
        3998.89      4.04647e+8 
         4008.9      4.31322e+8 
        4018.94       4.4172e+8 
        4029.01      4.44601e+8 
        4039.29      4.42468e+8 
        4049.71      4.34394e+8 
        4060.76      4.14951e+8 
        4071.35      3.81166e+8 
        4082.28      3.28827e+8 
        4093.69      2.53076e+8 
        4103.79      2.03582e+8 
        4115.19      2.87364e+8 
        4126.69      3.47074e+8 
        4137.41      3.84302e+8 
        4148.83      4.07889e+8 
        4160.19        4.178e+8 
        4173.82      4.20669e+8 
        4188.82      4.19773e+8 
        4203.81      4.16965e+8 
        4216.52      4.13716e+8 
        4228.81      4.09965e+8 
        4243.81      4.04449e+8 
         4258.8      3.96774e+8 
         4273.8      3.84672e+8 
        4288.79      3.65022e+8 
        4301.29      3.40552e+8 
        4313.79      3.04063e+8 
        4326.14       2.5036e+8 
        4336.17      1.92677e+8 
        4346.26      2.01225e+8 
        4357.43      2.58413e+8 
        4368.77      2.99102e+8 
        4379.56      3.23499e+8 
        4393.77      3.41909e+8 
        4408.76      3.51356e+8 
        4423.76      3.53966e+8 
        4438.75      3.52942e+8 
        4453.75      3.50416e+8 
        4468.74      3.47338e+8 
        4483.74      3.43989e+8 
        4498.74      3.40524e+8 
        4513.73      3.36996e+8 
        4527.19      3.33807e+8 
        4538.73      3.31067e+8 
        4553.72      3.27514e+8 
        4568.72      3.23974e+8 
        4583.72      3.20455e+8 
        4596.53      3.17464e+8 
        4608.71      3.14649e+8 
         4623.7      3.11186e+8 
         4638.7      3.07733e+8 
         4653.7      3.04281e+8 
        4668.69       3.0082e+8 
        4683.69      2.97319e+8 
        4698.68       2.9374e+8 
        4713.68      2.90016e+8 
        4724.83      2.87099e+8 
        4738.67      2.83199e+8 
        4753.67      2.78447e+8 
        4768.67      2.72759e+8 
        4783.66      2.65789e+8 
        4798.66      2.56127e+8 
        4813.65      2.42099e+8 
        4826.15      2.24867e+8 
        4838.65      1.99793e+8 
        4848.69      1.72616e+8 
        4858.88      1.35597e+8 
        4870.86      1.61245e+8 
        4881.49      1.89381e+8 
        4892.34      2.09749e+8 
        4903.63      2.23462e+8 
        4915.55      2.32208e+8 
        4928.62       2.3746e+8 
        4943.62       2.4001e+8 
        4958.61      2.40473e+8 
        4973.61      2.39834e+8 
        4988.61      2.38495e+8 
         5003.6      2.36764e+8 
         5018.6      2.34796e+8 
         5033.6      2.32697e+8 
        5048.59      2.30522e+8 
        5063.59      2.28316e+8 
        5078.58      2.26098e+8 
        5093.58      2.23883e+8 
        5108.57      2.21675e+8 
        5123.57      2.19485e+8 
        5138.57      2.17315e+8 
        5153.56      2.15167e+8 
        5168.56       2.1304e+8 
        5183.56      2.10937e+8 
        5198.55      2.08856e+8 
        5213.55        2.068e+8 
        5228.54      2.04767e+8 
        5243.54      2.02757e+8 
        5258.53      2.00772e+8 
        5273.53      1.98809e+8 
        5288.53       1.9687e+8 
        5303.52      1.94954e+8 
        5318.52      1.93061e+8 
        5333.52      1.91191e+8 
        5348.51      1.89343e+8 
        5363.51       1.8754e+8 
         5378.5      1.85733e+8 
         5393.5      1.83949e+8 
        5408.49      1.82186e+8 
        5423.49      1.80444e+8 
        5438.49      1.78723e+8 
        5453.48      1.77023e+8 
        5468.48      1.75343e+8 
        5483.48      1.73683e+8 
        5498.47      1.72043e+8 
        5513.47      1.70423e+8 
        5528.46      1.68822e+8 
        5543.46       1.6724e+8 
        5558.45      1.65677e+8 
        5573.45      1.64133e+8 
        5588.45      1.62606e+8 
        5603.44      1.61097e+8 
        5618.44      1.59606e+8 
        5633.43      1.58133e+8 
        5648.43      1.56676e+8 
        5663.43      1.55236e+8 
        5673.98      1.54232e+8 
         5686.2       1.5308e+8 
        5698.42      1.51939e+8 
        5708.88      1.50971e+8 
        5723.41      1.49639e+8 
        5738.41       1.4828e+8 
         5753.4      1.46936e+8 
         5768.4      1.45592e+8 
        5783.39      1.44278e+8 
        5798.39       1.4298e+8 
        5813.39      1.41696e+8 
        5828.38      1.40426e+8 
        5843.38       1.3917e+8 
        5858.37      1.37929e+8 
        5873.37      1.36701e+8 
        5888.37      1.35487e+8 
        5903.36      1.34287e+8 
        5918.36        1.331e+8 
        5933.35      1.31925e+8 
        5948.35      1.30764e+8 
        5963.35      1.29615e+8 
        5978.34      1.28479e+8 
        5993.34      1.27355e+8 
        6008.33      1.26243e+8 
        6023.33      1.25143e+8 
        6038.32      1.24055e+8 
        6053.32      1.22978e+8 
        6068.32      1.21912e+8 
        6083.31      1.20858e+8 
        6098.31      1.19815e+8 
        6113.31      1.18782e+8 
         6128.3       1.1776e+8 
         6143.3      1.16748e+8 
        6158.29      1.15745e+8 
        6173.29      1.14752e+8 
        6188.28      1.13768e+8 
        6203.28      1.12794e+8 
        6218.28      1.11828e+8 
        6233.27      1.10869e+8 
        6244.38      1.10164e+8 
        6256.04      1.09428e+8 
        6266.59      1.08765e+8 
        6278.26      1.08036e+8 
        6290.52      1.07271e+8 
        6302.31       1.0654e+8 
        6312.59      1.05903e+8 
        6323.25      1.05243e+8 
        6338.24      1.04315e+8 
        6353.24      1.03388e+8 
        6368.24      1.02454e+8 
        6383.23      1.01506e+8 
        6398.23      1.00537e+8 
        6413.22      9.95316e+7 
        6428.22      9.84685e+7 
        6443.22      9.73121e+7 
        6458.21      9.60046e+7 
        6473.21      9.44661e+7 
         6488.2       9.2556e+7 
         6503.2       8.9974e+7 
         6518.2      8.62223e+7 
        6532.67      8.07166e+7 
        6543.19      7.49967e+7 
        6553.54      6.74277e+7 
        6563.64      5.49728e+7 
        6574.47      6.87025e+7 
        6586.28      7.56335e+7 
        6598.17      8.02115e+7 
         6608.5      8.27364e+7 
        6618.82      8.43222e+7 
        6629.14      8.52679e+7 
        6644.62      8.59295e+7 
        6654.94       8.6052e+7 
        6665.26      8.60262e+7 
        6675.58      8.58877e+7 
         6685.9      8.56693e+7 
        6701.62      8.52292e+7 
        6721.34      8.45663e+7 
         6736.2      8.40194e+7 
        6780.49      8.22827e+7 
        6824.78      8.05017e+7 
        6913.35      7.69866e+7 
        7001.93      7.36163e+7 
        7071.86      7.10748e+7 
         7090.5       7.0415e+7 
        7109.15      6.97625e+7 
        7146.44      6.84808e+7 
        7221.02       6.6003e+7 
         7295.6      6.36358e+7 
        7346.84      6.20703e+7 
        7370.18      6.13757e+7 
        7393.51      6.06883e+7 
        7440.19      5.93431e+7 
        7533.55      5.67632e+7 
        7575.92      5.56382e+7 
         7626.9      5.43219e+7 
        7677.88      5.30445e+7 
        7728.86      5.18052e+7 
        7779.84      5.06019e+7 
        7830.82      4.94339e+7 
         7881.8      4.82992e+7 
        7903.32      4.78301e+7 
        7932.78      4.71968e+7 
        7962.25      4.65741e+7 
        8021.18      4.53596e+7 
        8077.68      4.42327e+7 
        8097.18      4.38516e+7 
        8108.49      4.36326e+7 
        8155.67      4.27338e+7 
        8200.85      4.18947e+7 
        8216.85      4.16025e+7 
        8232.84      4.13129e+7 
        8264.83      4.07414e+7 
        8289.72      4.03038e+7 
        8328.82      3.96274e+7 
        8367.92      3.89642e+7 
        8437.95      3.78232e+7 
        8473.98       3.7247e+7 
        8502.48      3.67962e+7 
        8516.58      3.65769e+7 
        8530.98      3.63511e+7 
        8545.38        3.615e+7 
        8574.18      3.57529e+7 
        8598.39      3.54073e+7 
         8628.6      3.50052e+7 
        8646.81      3.47382e+7 
        8665.01       3.4463e+7 
        8701.43      3.40084e+7 
        8725.22      3.36273e+7 
        8737.85      3.34042e+7 
        8750.47      3.31878e+7 
        8763.09      3.30725e+7 
        8775.71       3.2961e+7 
        8786.57       3.2846e+7 
        8800.96      3.26553e+7 
        8815.35      3.24194e+7 
        8825.48      3.22466e+7 
        8844.13      3.18664e+7 
        8862.78       3.1485e+7 
        8881.43       3.1469e+7 
        8900.08      3.14439e+7 
        8918.73      3.13343e+7 
        8937.38       3.1103e+7 
        8956.03      3.07704e+7 
        8974.68      3.03085e+7 
        8993.33      2.97372e+7 
        9009.05      2.92177e+7 
        9020.76       2.9105e+7 
        9038.33      2.93443e+7 
        9050.03      2.94816e+7 
        9061.74      2.95723e+7 
        9073.45      2.96214e+7 
        9085.16        2.961e+7 
        9099.72      2.95505e+7 
        9114.27      2.94077e+7 
        9128.83      2.92044e+7 
        9143.39      2.89371e+7 
        9157.94      2.85692e+7 
         9172.5      2.81381e+7 
        9187.05      2.75781e+7 
        9201.61      2.69513e+7 
        9216.17      2.62376e+7 
        9229.01      2.56997e+7 
        9241.85      2.60114e+7 
        9261.12      2.65736e+7 
        9273.96      2.68711e+7 
        9286.81      2.71075e+7 
        9299.65      2.72537e+7 
        9312.49      2.73591e+7 
        9325.34      2.73952e+7 
        9338.18      2.73791e+7 
        9351.02      2.73313e+7 
        9363.87      2.72524e+7 
        9384.08      2.70839e+7 
         9404.3      2.68463e+7 
        9424.52      2.65564e+7 
        9444.74      2.61759e+7 
        9454.85      2.59414e+7 
        9464.96      2.56834e+7 
        9475.07      2.53649e+7 
        9485.17       2.4999e+7 
        9495.28       2.4562e+7 
        9505.39      2.40123e+7 
         9515.5       2.3368e+7 
        9525.61      2.26339e+7 
        9535.72      2.18897e+7 
        9545.97      2.11281e+7 
        9556.21       2.1733e+7 
        9566.46      2.23254e+7 
        9585.67      2.33114e+7 
        9595.91      2.36871e+7 
        9606.16      2.39519e+7 
        9616.41      2.41395e+7 
        9626.65      2.42795e+7 
         9636.9      2.43583e+7 
        9647.14      2.44136e+7 
        9666.82      2.44397e+7 
        9679.86      2.44072e+7 
        9692.89       2.4351e+7 
        9718.96      2.42037e+7 
        9745.03       2.4013e+7 
        9771.11      2.38027e+7 
        9823.25      2.33352e+7 
        9849.32      2.30998e+7 
        9875.39      2.27918e+7 
        9901.46      2.24198e+7 
        9914.89      2.22038e+7 
        9927.53      2.19723e+7 
        9940.18      2.17014e+7 
        9952.82      2.14041e+7 
        9965.46      2.10739e+7 
         9978.1      2.06793e+7 
        9990.75      2.02243e+7 
        10003.4      1.96772e+7 
          10016      1.90574e+7 
        10028.7      1.83085e+7 
        10041.3      1.74233e+7 
          10052      1.69611e+7 
        10066.6      1.78786e+7 
        10080.5      1.85357e+7 
        10094.3      1.90311e+7 
        10108.1      1.94269e+7 
        10128.8      1.98179e+7 
        10142.6      1.99716e+7 
        10156.4      2.00811e+7 
        10170.3      2.01589e+7 
        10184.1      2.01894e+7 
        10197.9      2.01889e+7 
        10213.9      2.01679e+7 
        10225.5      2.01346e+7 
        10237.2      2.00906e+7 
        10260.5      1.99777e+7 
        10307.1      1.97038e+7 
        10353.7       1.9404e+7 
        10446.9      1.87763e+7 
        10540.2      1.81655e+7 
        10633.4      1.75583e+7 
          10680      1.72352e+7 
        10726.6      1.68796e+7 
        10749.9      1.66786e+7 
        10773.2      1.64506e+7 
        10796.5      1.61926e+7 
        10808.2      1.60495e+7 
        10819.8      1.58898e+7 
        10831.5      1.57092e+7 
        10843.1      1.55073e+7 
        10854.8      1.52817e+7 
        10866.5      1.50175e+7 
        10878.1      1.47128e+7 
        10889.8      1.43592e+7 
        10901.4      1.39525e+7 
        10913.1       1.3476e+7 
        10924.7       1.2899e+7 
        10934.9      1.22106e+7 
        10948.1      1.26352e+7 
        10961.9      1.32246e+7 
        10975.6      1.36555e+7 
        10989.3      1.39897e+7 
          11003      1.42403e+7 
        11016.7      1.44288e+7 
        11030.4      1.45559e+7 
        11044.1      1.46465e+7 
        11057.8      1.47045e+7 
        11071.5      1.47345e+7 
        11085.2      1.47435e+7 
        11098.9       1.4741e+7 
        11126.3      1.47028e+7 
        11153.7        1.463e+7 
        11181.1      1.45364e+7 
        11210.9      1.44208e+7 
        11235.9      1.43168e+7 
        11260.9      1.42094e+7 
        11310.9      1.39886e+7 
        11410.9      1.35458e+7 
        11510.8      1.31204e+7 
        11610.8      1.27022e+7 
        11710.8      1.23005e+7 
        11810.8      1.19145e+7 
        11910.7      1.15436e+7 
        12010.7       1.1187e+7 
        12110.7      1.08384e+7 
        12136.7      1.07509e+7 
        12210.6       1.0506e+7 
        12284.6      1.02665e+7 
        12358.6      1.00307e+7 
        12432.6      9.79596e+6 
        12506.6      9.55657e+6 
        12543.6      9.43072e+6 
        12580.5      9.29767e+6 
        12617.5      9.15121e+6 
        12654.5      8.98005e+6 
          12673      8.88006e+6 
        12691.5      8.76633e+6 
          12710      8.63244e+6 
        12728.5        8.472e+6 
          12747      8.27649e+6 
        12765.5      8.03421e+6 
          12784      7.73042e+6 
        12794.7      7.51438e+6 
        12806.4      7.21266e+6 
        12816.6      6.62791e+6 
        12827.6      7.10719e+6 
        12840.4      7.40062e+6 
        12853.2      7.60221e+6 
          12866      7.75634e+6 
        12878.8      7.87761e+6 
        12891.6      7.97101e+6 
        12904.4      8.04131e+6 
        12917.2      8.09281e+6 
          12930      8.12931e+6 
        12942.8      8.15334e+6 
        12955.6       8.1672e+6 
        12968.4       8.1731e+6 
          12994      8.16773e+6 
        13019.6      8.14574e+6 
        13045.2      8.11238e+6 
        13096.3      8.02671e+6 
        13147.5      7.92803e+6 
        13198.7      7.82297e+6 
        13249.9      7.71569e+6 
        13293.8       7.6232e+6 
        13308.4      7.59266e+6 
        13322.9      7.56216e+6 
        13351.9       7.5014e+6 
        13410.1      7.38098e+6 
        13468.2      7.26236e+6 
        13526.3      7.14577e+6 
        13584.5      7.03132e+6 
        13642.6      6.92049e+6 
        13700.7      6.81009e+6 
        13758.8       6.7019e+6 
          13817      6.59584e+6 
        13875.1      6.49188e+6 
        13933.2      6.38994e+6 
        13991.4         6.29e+6 
        14049.5      6.19202e+6 
        14107.6      6.09595e+6 
        14165.7       6.0017e+6 
        14223.9       5.9093e+6 
          14282      5.81867e+6 
        14332.1      5.74198e+6 
        14382.1      5.66652e+6 
        14406.8      5.62986e+6 
        14432.2      5.59235e+6 
        14457.6      5.55512e+6 
        14508.5      5.48164e+6 
        14535.4      5.44319e+6 
        14559.3      5.40938e+6 
        14581.2      5.37866e+6 
        14597.2      5.35632e+6 
        14613.2      5.33414e+6 
        14645.2       5.2901e+6 
        14709.2      5.20339e+6 
        14773.2      5.11844e+6 
        14837.1      5.03525e+6 
        14901.1      4.95369e+6 
        14965.1      4.87384e+6 
        15029.1      4.79555e+6 
        15093.1      4.71883e+6 
        15157.1      4.64365e+6 
          15221      4.56998e+6 
          15285      4.49772e+6 
          15349      4.42694e+6 
          15413      4.35751e+6 
        15471.6      4.29515e+6 
        15482.4      4.28378e+6 
        15493.1      4.27269e+6 
        15514.7      4.25057e+6 
        15557.9      4.20684e+6 
        15644.2      4.12102e+6 
        15730.5      4.03739e+6 
        15816.8      3.95583e+6 
        15903.1      3.87635e+6 
        15989.4      3.79888e+6 
        16075.8      3.72329e+6 
        16162.1      3.64962e+6 
        16248.4      3.57774e+6 
        16289.9      3.54381e+6 
        16334.7      3.50762e+6 
        16379.5       3.4719e+6 
        16469.1      3.40316e+6 
        16558.8      3.33615e+6 
        16648.4      3.27074e+6 
          16738      3.20694e+6 
        16827.7      3.14467e+6 
        16917.3      3.08391e+6 
        17006.9      3.02461e+6 
        17096.6      2.96672e+6 
        17186.2       2.9102e+6 
        17275.8      2.85502e+6 
        17327.7      2.82369e+6 
        17365.5      2.80114e+6 
        17403.2      2.77881e+6 
        17478.8       2.7342e+6 
        17554.3      2.69047e+6 
        17629.9      2.64761e+6 
        17705.4       2.6056e+6 
          17781      2.56442e+6 
        17856.5      2.52404e+6 
        17932.1      2.48444e+6 
        18007.6      2.44348e+6 
        18083.2      2.40478e+6 
        18158.7      2.36656e+6 
        18234.3      2.32861e+6 
        18309.8      2.29055e+6 
        18343.7      2.27326e+6 
        18385.3      2.25172e+6 
          18427      2.22947e+6 
        18468.6       2.2058e+6 
        18510.2      2.17998e+6 
        18551.8      2.15038e+6 
        18572.6      2.13341e+6 
        18593.4      2.11444e+6 
        18614.2      2.09276e+6 
          18635      2.06744e+6 
        18655.8      2.03716e+6 
        18676.6      2.00045e+6 
          18687      1.97901e+6 
        18697.4      1.95515e+6 
        18707.8      1.92823e+6 
        18718.2      1.89736e+6 
        18728.6      1.86041e+6 
          18739      1.81088e+6 
        18749.1      1.66259e+6 
        18760.3      1.78447e+6 
        18775.4      1.84974e+6 
        18788.9      1.88423e+6 
        18802.3      1.91021e+6 
        18815.7      1.93031e+6 
        18829.1      1.94628e+6 
        18842.5      1.95864e+6 
          18856      1.96814e+6 
        18869.4       1.9751e+6 
        18896.2      1.98331e+6 
        18923.1      1.98595e+6 
        18949.9       1.9849e+6 
        18976.7      1.98122e+6 
        19003.6      1.97568e+6 
        19057.3       1.9611e+6 
        19110.9      1.94402e+6 
        19164.6      1.92573e+6 
        19218.3      1.90689e+6 
          19272      1.88778e+6 
        19325.7      1.86861e+6 
        19379.3      1.84948e+6 
        19415.4      1.83669e+6 
          19433      1.83046e+6 
        19450.7      1.82424e+6 
          19486       1.8118e+6 
        19556.5      1.78818e+6 
        19627.1      1.76363e+6 
        19697.7       1.7395e+6 
        19768.3      1.71578e+6 
        19838.9      1.69247e+6 
        19909.5      1.66955e+6 
          19980      1.64701e+6 
        20050.6      1.62485e+6 
        20121.2      1.60307e+6 
        20191.8      1.58164e+6 
        20262.4      1.56058e+6 
          20333      1.53986e+6 
        20403.5      1.51948e+6 
        20473.8      1.49952e+6 
        20491.7      1.49448e+6 
        20509.6      1.48947e+6 
        20545.4       1.4795e+6 
        20616.9      1.45981e+6 
        20688.5      1.44045e+6 
          20760      1.42141e+6 
        20831.6      1.40269e+6 
        20903.1      1.38427e+6 
        20974.7      1.36615e+6 
        21046.2      1.34833e+6 
        21117.8      1.33079e+6 
        21189.3      1.31354e+6 
        21260.9      1.29657e+6 
        21332.4      1.27987e+6 
          21404      1.26344e+6 
        21475.5      1.24727e+6 
          21547      1.23136e+6 
        21606.6      1.21832e+6 
        21618.6      1.21571e+6 
        21630.6       1.2131e+6 
        21654.7       1.2079e+6 
        21702.8      1.19759e+6 
          21799       1.1773e+6 
        21895.2      1.15743e+6 
        21991.4      1.13799e+6 
        22087.5      1.11894e+6 
        22183.7       1.1003e+6 
        22279.9      1.08204e+6 
        22376.1      1.06416e+6 
        22472.3      1.04664e+6 
        22568.5      1.02949e+6 
        22664.7      1.01268e+6 
          22735      1.00062e+6 
        22760.9          996218 
        22784.8          992175 
        22800.8          989485 
        22816.8          986803 
        22848.8          981465 
        22912.8          970897 
        22976.8          960473 
        23040.8          950187 
        23104.8          940037 
        23168.7          930025 
        23232.7          920144 
        23296.7          910396 
        23360.7          900773 
        23424.7          891279 
        23488.6          881911 
        23552.6          872665 
        23616.6          863542 
        23680.6          854535 
        23744.6          845648 
        23808.6          836873 
        23872.5          828212 
        23936.5          819664 
        24000.5          811225 
        24064.5          802897 
        24128.5          794672 
        24192.5          786554 
        24256.4          778537 
        24320.4          770626 
        24384.4          762813 
        24448.4          755098 
        24512.4          747482 
        24576.3          739961 
        24640.3          732535 
        24704.3          725199 
        24768.3          717958 
        24832.3          710804 
        24896.3          703742 
        24960.2          696768 
        25004.4          691999 
        25024.2          689878 
          25044          687764 
        25083.6          683585 
        25162.8          675323 
        25241.9          667186 
        25321.1          659169 
        25400.2          651274 
        25479.4          643499 
        25558.5          635836 
        25637.7          628290 
        25716.9          620854 
          25796          613528 
        25875.2          606312 
        25954.3          599199 
        26033.5          592190 
        26112.7          585285 
        26191.8          578480 
          26271          571773 
        26350.1          565163 
        26429.3          558647 
        26508.4          552229 
        26587.6          545899 
        26666.8          539660 
        26745.9          533512 
        26825.1          527451 
        26904.2          521473 
        26983.4          515582 
        27062.6          509774 
        27141.7          504047 
        27220.9          498401 
        27299.2          492891 
        27377.5          487468 
        27455.8          482118 
        27534.2          476840 
        27612.5          471638 
        27690.8          466505 
        27769.1          461440 
        27847.5          456445 
        27925.8          451516 
        28004.1          446653 
        28082.4          441859 
        28160.8          437124 
        28239.1          432456 
        28317.4          427847 
        28395.7          423301 
          28474          418815 
        28552.4          414389 
        28630.7          410022 
          28709          405708 
        28787.3          401455 
        28865.7          397254 
          28944          393111 
        29022.3          389020 
        29100.6          384983 
          29179          380997 
        29257.3          377063 
        29335.6          373180 
        29413.9          369348 
        29492.3          365562 
        29570.6          361827 
        29648.9          358138 
        29727.2          354494 
        29805.5          350900 
        29883.9          347350 
        29932.6          345164 
        29962.2          343844 
        29991.8          342531 
