# Koester WD models
# teff = 18750 K (value for the effective temperature for the model. Temperatures are given in K)
# logg = 7 log(cm/s2) (value for Log(G) for the model.)
#
# column 1: WAVELENGTH (ANGSTROM), Wavelength in Angstrom
# column 2: FLUX (ERG/CM2/S/A), Flux in erg/cm2/s/A
         899.23      4.88288e+6 
        909.241      5.32808e+6 
        919.246      1.58753e+7 
        929.261      1.95998e+7 
        939.281      3.93309e+7 
        949.319      1.41743e+7 
        959.545      5.36791e+8 
        969.631      5.27985e+7 
        979.633       3.3736e+8 
        989.662      2.26851e+9 
        999.664      4.65653e+9 
        1009.85      1.79358e+9 
        1020.02      1.20398e+8 
        1030.02      1.15027e+8 
        1040.23      2.14161e+9 
        1050.42      5.49028e+9 
        1060.62      6.04986e+9 
        1070.72      8.24533e+9 
        1080.97      9.19532e+9 
        1091.17     1.03514e+10 
        1103.14     1.01092e+10 
        1114.38      9.75125e+9 
        1124.73      9.39776e+9 
        1135.54      8.98442e+9 
        1149.39       8.3239e+9 
        1159.39      7.69134e+9 
        1169.39      6.83554e+9 
         1179.4      5.56995e+9 
         1189.4       3.6849e+9 
         1199.4      1.42788e+9 
         1209.4      2.47824e+8 
        1219.41      1.98081e+8 
        1229.41      8.86429e+8 
        1239.41      3.43128e+9 
        1249.41      5.23804e+9 
        1259.41      6.02554e+9 
        1269.41      6.35312e+9 
        1279.42      6.48221e+9 
        1289.42      6.50175e+9 
        1299.42       6.4582e+9 
        1309.42      6.39393e+9 
        1319.42      6.30543e+9 
        1329.42      6.19629e+9 
        1339.42      6.09394e+9 
        1349.42      6.00475e+9 
        1359.42       5.8984e+9 
        1369.42      5.75307e+9 
        1379.42      5.60925e+9 
        1389.42      5.45346e+9 
        1399.42      5.38343e+9 
        1409.42      5.37643e+9 
        1419.42      5.32701e+9 
        1429.42      5.24231e+9 
        1439.42      5.14957e+9 
        1454.42      5.01043e+9 
        1464.42      4.91967e+9 
        1474.42      4.83105e+9 
        1489.42       4.7023e+9 
        1504.42       4.5784e+9 
        1514.42      4.49835e+9 
        1529.42      4.38183e+9 
        1544.42      4.26946e+9 
        1559.42      4.16101e+9 
        1570.19      4.08561e+9 
        1584.41      3.98894e+9 
        1599.41      3.89052e+9 
        1614.41      3.79533e+9 
        1629.41      3.70337e+9 
        1644.41      3.61456e+9 
        1659.41      3.52873e+9 
        1670.17      3.46885e+9 
         1684.4      3.39204e+9 
         1699.4      3.31381e+9 
         1714.4       3.2381e+9 
         1729.4      3.16468e+9 
         1744.4      3.09344e+9 
        1759.39      3.02441e+9 
         1771.7      2.96934e+9 
        1784.39      2.91404e+9 
        1799.39      2.85054e+9 
           1824      2.75034e+9 
        1834.77      2.70802e+9 
        1845.54      2.66664e+9 
           1864      2.59764e+9 
        1876.29      2.55309e+9 
        1888.59       2.5096e+9 
        1906.98      2.44644e+9 
        1919.37      2.40512e+9 
        1931.76      2.36483e+9 
        1944.47      2.32444e+9 
        1956.53        2.287e+9 
         1967.6      2.25334e+9 
        1992.71      2.17952e+9 
        2017.81      2.10893e+9 
        2042.42      2.04271e+9 
        2067.03      1.97929e+9 
        2091.64      1.91867e+9 
         2116.2      1.86062e+9 
           2129      1.83132e+9 
         2141.8      1.80264e+9 
        2165.47      1.75114e+9 
        2210.96      1.65769e+9 
        2225.89      1.62853e+9 
        2240.83      1.60007e+9 
        2263.91      1.55735e+9 
        2307.04      1.48163e+9 
        2319.23      1.46115e+9 
        2331.41      1.44107e+9 
        2349.21      1.41239e+9 
        2362.35      1.39171e+9 
         2375.5      1.37145e+9 
        2394.29      1.34314e+9 
        2409.27      1.32113e+9 
        2424.25       1.2996e+9 
        2452.24      1.26063e+9 
        2464.64      1.24386e+9 
        2480.05      1.22345e+9 
        2491.16      1.20899e+9 
        2510.01      1.18501e+9 
        2528.86      1.16166e+9 
        2559.23      1.12532e+9 
        2582.27       1.0988e+9 
        2619.97      1.05715e+9 
        2657.67      1.01756e+9 
        2695.37      9.79976e+8 
        2710.02      9.65861e+8 
        2733.07      9.44203e+8 
        2756.11       9.2317e+8 
        2802.19      8.82992e+8 
        2842.01      8.50106e+8 
        2854.55      8.40084e+8 
        2867.08      8.30235e+8 
        2892.16       8.1099e+8 
        2931.63      7.81858e+8 
         2942.3      7.74208e+8 
        2952.98      7.66659e+8 
        2974.34      7.51871e+8 
        3017.05      7.23389e+8 
        3051.42      7.01483e+8 
        3090.46      6.77676e+8 
        3120.16      6.60259e+8 
        3149.86       6.4342e+8 
        3170.22      6.32208e+8 
        3209.26       6.1141e+8 
        3248.29      5.91486e+8 
        3287.33       5.7242e+8 
        3306.01       5.6358e+8 
        3326.37      5.54139e+8 
        3346.73      5.44903e+8 
        3387.45      5.27046e+8 
        3445.17      5.02997e+8 
        3462.17      4.96189e+8 
        3495.92      4.83017e+8 
         3543.6      4.65157e+8 
        3591.28      4.48151e+8 
        3635.88      4.32943e+8 
        3647.12      4.29214e+8 
        3658.96      4.25318e+8 
        3671.11      4.21328e+8 
         3682.7      4.17571e+8 
        3692.77      4.14379e+8 
        3702.89      4.11238e+8 
        3712.93      4.08322e+8 
        3723.11      4.05492e+8 
        3733.34      4.01888e+8 
        3743.51      4.02155e+8 
        3753.66      3.99114e+8 
        3764.81      3.95545e+8 
        3775.47      3.95021e+8 
        3785.73      4.04672e+8 
        3795.99      3.59059e+8 
        3807.45      4.04273e+8 
        3817.46      4.19217e+8 
        3827.65       3.7072e+8 
        3837.98      3.25956e+8 
        3848.84      4.13512e+8 
        3858.91      4.45783e+8 
         3870.1      4.25865e+8 
        3880.16       3.5341e+8 
        3890.23      2.72224e+8 
        3900.24      3.70837e+8 
        3910.41      4.41516e+8 
        3920.73      4.71886e+8 
         3930.9        4.757e+8 
        3941.96       4.5303e+8 
        3952.78      3.94229e+8 
        3963.32      3.01837e+8 
         3973.6      2.68095e+8 
        3984.18      3.64701e+8 
        3994.49      4.29622e+8 
        4005.95      4.69995e+8 
        4017.18      4.83299e+8 
        4028.86      4.85992e+8 
        4043.86      4.80846e+8 
        4056.35      4.66237e+8 
        4068.85      4.33527e+8 
        4080.56      3.79288e+8 
        4092.03      2.97336e+8 
        4102.05      1.97305e+8 
        4112.36      3.01162e+8 
        4122.41      3.67249e+8 
        4133.78       4.1431e+8 
        4143.83      4.38001e+8 
        4158.83      4.51786e+8 
        4173.82      4.53256e+8 
        4188.82      4.51051e+8 
        4203.81      4.47357e+8 
        4216.52      4.43561e+8 
        4228.81      4.39443e+8 
        4243.81      4.33694e+8 
         4258.8      4.26239e+8 
         4273.8      4.15139e+8 
        4288.79      3.97481e+8 
        4301.29      3.74541e+8 
        4313.79      3.38416e+8 
        4326.14      2.80419e+8 
        4336.17       2.1378e+8 
        4346.95      2.28378e+8 
        4357.43      2.89171e+8 
        4367.98      3.29594e+8 
        4378.77      3.53734e+8 
        4389.88      3.67771e+8 
        4400.99      3.74861e+8 
        4413.76      3.78336e+8 
        4428.76      3.78003e+8 
        4443.75      3.75411e+8 
        4458.75      3.72031e+8 
        4473.74      3.68352e+8 
        4488.74      3.64541e+8 
        4503.74       3.6068e+8 
        4514.12      3.57997e+8 
        4527.19      3.54617e+8 
        4538.73      3.51642e+8 
        4553.72      3.47793e+8 
        4568.72      3.43973e+8 
        4583.72      3.40184e+8 
        4596.53      3.36974e+8 
        4608.71      3.33954e+8 
         4623.7      3.30254e+8 
         4638.7      3.26578e+8 
         4653.7      3.22915e+8 
        4668.69      3.19264e+8 
        4683.69      3.15601e+8 
        4698.68      3.11893e+8 
        4713.68      3.08087e+8 
        4724.83      3.05157e+8 
        4738.67      3.01316e+8 
        4753.67      2.96737e+8 
        4768.67      2.91459e+8 
        4783.66      2.85106e+8 
        4798.66      2.76403e+8 
        4813.65      2.63511e+8 
        4826.15      2.46928e+8 
        4836.81      2.25679e+8 
        4847.02      1.96804e+8 
        4857.59      1.55619e+8 
        4868.64      1.70029e+8 
        4879.15      2.03721e+8 
        4889.26      2.25702e+8 
        4900.88        2.412e+8 
        4913.63      2.50348e+8 
        4925.16      2.54438e+8 
        4938.62      2.56349e+8 
        4953.62      2.56388e+8 
        4968.61      2.55387e+8 
        4983.61      2.53756e+8 
         4998.6      2.51749e+8 
         5013.6      2.49539e+8 
         5028.6      2.47223e+8 
        5043.59      2.44846e+8 
        5058.59      2.42451e+8 
        5073.58      2.40054e+8 
        5088.58      2.37668e+8 
        5103.58      2.35296e+8 
        5118.57      2.32944e+8 
        5133.57      2.30616e+8 
        5148.56      2.28312e+8 
        5163.56      2.26034e+8 
        5178.56      2.23782e+8 
        5193.55      2.21556e+8 
        5208.55      2.19356e+8 
        5223.54      2.17182e+8 
        5238.54      2.15034e+8 
        5253.54      2.12913e+8 
        5268.53      2.10816e+8 
        5283.53      2.08745e+8 
        5298.52        2.067e+8 
        5313.52      2.04679e+8 
        5328.52      2.02683e+8 
        5343.51      2.00711e+8 
        5358.51      1.98763e+8 
         5373.5      1.96855e+8 
         5388.5      1.94952e+8 
         5403.5      1.93073e+8 
        5418.49      1.91216e+8 
        5433.49      1.89381e+8 
        5448.48      1.87569e+8 
        5463.48      1.85779e+8 
        5478.48       1.8401e+8 
        5493.47      1.82262e+8 
        5508.47      1.80536e+8 
        5523.46       1.7883e+8 
        5538.46      1.77144e+8 
        5553.46      1.75479e+8 
        5568.45      1.73833e+8 
        5583.45      1.72206e+8 
        5598.44      1.70598e+8 
        5613.44       1.6901e+8 
        5628.44      1.67439e+8 
        5643.43      1.65887e+8 
        5658.43      1.64353e+8 
        5673.42      1.62837e+8 
         5686.2      1.61559e+8 
        5698.42      1.60349e+8 
        5708.88      1.59321e+8 
        5723.41      1.57909e+8 
        5738.41      1.56467e+8 
         5753.4      1.55042e+8 
         5768.4      1.53621e+8 
        5783.39      1.52229e+8 
        5798.39      1.50852e+8 
        5813.39      1.49491e+8 
        5828.38      1.48145e+8 
        5843.38      1.46815e+8 
        5858.37      1.45499e+8 
        5873.37      1.44198e+8 
        5888.37      1.42912e+8 
        5903.36       1.4164e+8 
        5918.36      1.40382e+8 
        5933.35      1.39138e+8 
        5948.35      1.37908e+8 
        5963.35      1.36691e+8 
        5978.34      1.35488e+8 
        5993.34      1.34297e+8 
        6008.33       1.3312e+8 
        6023.33      1.31955e+8 
        6038.32      1.30803e+8 
        6053.32      1.29664e+8 
        6068.32      1.28536e+8 
        6083.31       1.2742e+8 
        6098.31      1.26316e+8 
        6113.31      1.25224e+8 
         6128.3      1.24143e+8 
         6143.3      1.23073e+8 
        6158.29      1.22013e+8 
        6173.29      1.20965e+8 
        6188.28      1.19927e+8 
        6203.28      1.18898e+8 
        6218.28      1.17879e+8 
        6233.27       1.1687e+8 
        6244.38      1.16127e+8 
        6256.04      1.15353e+8 
        6266.59      1.14657e+8 
        6278.26      1.13891e+8 
        6290.52      1.13089e+8 
        6302.31      1.12324e+8 
        6312.59      1.11659e+8 
        6323.25      1.10971e+8 
        6338.24      1.10007e+8 
        6353.24      1.09046e+8 
        6368.24      1.08081e+8 
        6383.23       1.0711e+8 
        6398.23      1.06125e+8 
        6413.22      1.05116e+8 
        6428.22      1.04065e+8 
        6443.22      1.02942e+8 
        6458.21      1.01702e+8 
        6473.21       1.0028e+8 
         6488.2      9.85401e+7 
         6503.2      9.61971e+7 
         6518.2      9.27137e+7 
        6532.67      8.73133e+7 
        6543.19      8.13145e+7 
        6553.54       7.2945e+7 
        6563.59      5.85414e+7 
        6574.47      7.43803e+7 
        6586.28      8.19302e+7 
        6598.17      8.65232e+7 
         6608.5      8.88392e+7 
        6618.82      9.01675e+7 
        6629.14       9.0869e+7 
        6644.62       9.1235e+7 
        6654.94      9.12039e+7 
        6665.26      9.10465e+7 
         6685.9      9.04939e+7 
        6701.62      8.99447e+7 
        6721.34      8.91741e+7 
         6736.2      8.85596e+7 
        6780.49      8.66605e+7 
        6824.78      8.47451e+7 
        6913.35      8.10041e+7 
        7001.93      7.74343e+7 
        7071.86      7.47467e+7 
         7090.5      7.40492e+7 
        7109.15        7.336e+7 
        7146.44      7.20056e+7 
        7221.02      6.93887e+7 
         7295.6      6.68895e+7 
        7346.84      6.52371e+7 
        7370.18      6.45032e+7 
        7393.51      6.37778e+7 
        7440.19      6.23584e+7 
        7533.55      5.96365e+7 
        7575.92        5.845e+7 
         7626.9      5.70617e+7 
        7677.88      5.57146e+7 
        7728.86      5.44077e+7 
        7779.84      5.31391e+7 
        7830.82      5.19073e+7 
         7881.8      5.07113e+7 
        7903.32      5.02168e+7 
        7932.78      4.95495e+7 
        7962.25      4.88932e+7 
        8021.18      4.76133e+7 
        8077.68      4.64258e+7 
        8097.18      4.60246e+7 
        8108.49      4.57937e+7 
        8155.67      4.48469e+7 
        8200.85      4.39628e+7 
        8216.85      4.36553e+7 
        8232.84      4.33502e+7 
        8264.83      4.27483e+7 
        8289.72      4.22874e+7 
        8328.82      4.15749e+7 
        8367.92      4.08762e+7 
        8437.95      3.96793e+7 
        8473.98      3.90736e+7 
        8502.48      3.85979e+7 
        8516.58      3.83676e+7 
        8530.98      3.81286e+7 
        8545.38      3.79187e+7 
        8574.18      3.75103e+7 
        8598.39      3.71437e+7 
         8628.6       3.6734e+7 
        8646.81      3.64462e+7 
        8665.01      3.61434e+7 
        8683.22      3.59351e+7 
        8701.43      3.56948e+7 
        8719.64      3.53809e+7 
        8737.85      3.50178e+7 
        8750.47      3.47655e+7 
        8763.09      3.46769e+7 
        8775.71      3.45911e+7 
        8786.57      3.44881e+7 
        8800.96      3.42968e+7 
        8815.35      3.40382e+7 
        8829.74      3.37344e+7 
        8844.13      3.33678e+7 
        8854.26      3.30807e+7 
        8867.04      3.28699e+7 
        8879.82      3.29468e+7 
        8896.85      3.29996e+7 
        8913.89      3.29534e+7 
        8930.92      3.27866e+7 
        8947.96      3.24998e+7 
        8964.99      3.20848e+7 
        8982.03      3.15221e+7 
        8999.07      3.08334e+7 
        9010.95        3.033e+7 
        9022.83        3.033e+7 
        9034.71      3.05939e+7 
         9046.6      3.08288e+7 
        9058.48      3.10114e+7 
        9082.24      3.11512e+7 
        9096.46      3.11321e+7 
         9109.5       3.1025e+7 
        9122.53      3.08546e+7 
        9135.57       3.0637e+7 
         9148.6      3.03468e+7 
        9161.64       2.9944e+7 
        9174.68      2.95096e+7 
        9187.71      2.89249e+7 
        9198.56      2.83685e+7 
        9213.79      2.74754e+7 
         9225.2      2.67549e+7 
        9236.62      2.68404e+7 
        9248.04      2.73337e+7 
        9259.45      2.77681e+7 
        9270.87      2.81177e+7 
        9286.09      2.84776e+7 
        9308.93       2.8754e+7 
        9324.15      2.88138e+7 
        9339.38      2.87897e+7 
         9354.6      2.87194e+7 
        9369.82      2.86092e+7 
        9384.08      2.84805e+7 
        9412.61      2.81271e+7 
        9426.87      2.79074e+7 
        9441.14      2.76409e+7 
         9455.4      2.73194e+7 
        9469.66      2.69155e+7 
        9483.93      2.63929e+7 
        9498.19      2.57059e+7 
        9512.45      2.47883e+7 
        9526.72      2.36339e+7 
        9540.98       2.2442e+7 
        9551.57      2.24027e+7 
        9570.26       2.3663e+7 
        9585.21       2.4497e+7 
        9600.17      2.50667e+7 
         9620.1      2.54711e+7 
        9640.04      2.56437e+7 
         9651.5      2.56728e+7 
        9668.45      2.56591e+7 
         9685.4      2.55843e+7 
        9702.35      2.54817e+7 
         9719.3      2.53597e+7 
         9753.2      2.50784e+7 
           9821      2.44528e+7 
        9856.79      2.41038e+7 
         9888.8      2.37122e+7 
        9904.81      2.34812e+7 
        9920.81      2.32231e+7 
        9936.82      2.29141e+7 
        9952.82      2.25556e+7 
        9968.82      2.21313e+7 
        9984.83       2.1589e+7 
        10000.8      2.09185e+7 
        10016.8      2.00679e+7 
        10032.8       1.8979e+7 
        10048.3      1.75811e+7 
        10059.2      1.83078e+7 
        10075.8      1.93301e+7 
        10092.3      2.00264e+7 
        10108.9      2.05326e+7 
        10125.5      2.08477e+7 
          10142      2.10317e+7 
        10166.9      2.11643e+7 
        10183.4      2.11817e+7 
        10195.9      2.11637e+7 
        10216.6      2.11023e+7 
        10237.2       2.1006e+7 
        10278.4      2.07575e+7 
        10319.7      2.04799e+7 
        10402.1      1.99058e+7 
        10484.6      1.93235e+7 
        10567.1      1.87681e+7 
        10649.6      1.82049e+7 
        10690.8      1.79128e+7 
        10732.1       1.7598e+7 
        10752.7      1.74238e+7 
        10773.3      1.72317e+7 
        10793.9      1.70202e+7 
        10814.5      1.67763e+7 
        10835.2      1.64777e+7 
        10845.5      1.63011e+7 
        10855.8      1.61022e+7 
        10866.1       1.5869e+7 
        10876.4      1.56012e+7 
        10886.7      1.52905e+7 
          10897      1.49224e+7 
        10907.3      1.45045e+7 
        10917.6      1.40013e+7 
        10927.9       1.3395e+7 
          10938      1.22275e+7 
        10951.2      1.34693e+7 
        10967.2       1.4168e+7 
          10980      1.45586e+7 
        10992.8       1.4865e+7 
          11012      1.51673e+7 
        11024.8      1.52954e+7 
        11037.6      1.53779e+7 
        11050.4      1.54279e+7 
        11063.2      1.54527e+7 
          11076      1.54575e+7 
        11088.8      1.54471e+7 
        11101.6      1.54262e+7 
        11127.2      1.53632e+7 
        11152.8      1.52762e+7 
        11178.4      1.51743e+7 
        11198.2      1.50894e+7 
        11229.6      1.49484e+7 
        11260.9      1.48032e+7 
        11323.6      1.45085e+7 
        11386.3      1.42158e+7 
          11449      1.39341e+7 
        11511.7      1.36513e+7 
        11574.4      1.33756e+7 
        11637.1      1.31068e+7 
        11699.8      1.28448e+7 
        11762.5      1.25892e+7 
        11825.3      1.23401e+7 
          11888       1.2097e+7 
        11950.7      1.18599e+7 
        12013.4      1.16286e+7 
        12076.1      1.13993e+7 
        12138.8      1.11783e+7 
        12201.5      1.09621e+7 
        12243.7      1.08189e+7 
        12264.2      1.07504e+7 
        12284.6      1.06822e+7 
        12325.5       1.0547e+7 
        12407.3      1.02799e+7 
        12489.1      1.00129e+7 
        12529.9      9.87613e+6 
        12570.8      9.73391e+6 
        12611.7      9.58088e+6 
        12652.6      9.40473e+6 
          12673        9.302e+6 
        12693.5      9.18278e+6 
        12713.9      9.03861e+6 
        12724.1       8.9537e+6 
        12734.4      8.85816e+6 
        12744.6      8.74918e+6 
        12754.8      8.62468e+6 
          12765      8.48195e+6 
        12775.2      8.31598e+6 
        12785.5      8.12598e+6 
        12795.7      7.89752e+6 
        12805.9      7.61104e+6 
        12816.1      7.00503e+6 
        12826.8      7.45412e+6 
        12839.6      7.78405e+6 
        12852.4      8.00783e+6 
        12865.2      8.17244e+6 
        12884.4      8.34715e+6 
        12897.2      8.42603e+6 
          12910      8.48123e+6 
        12922.8      8.51824e+6 
        12935.6      8.54073e+6 
        12948.4      8.55204e+6 
        12961.2      8.55453e+6 
          12974      8.55038e+6 
        12999.6      8.52795e+6 
        13025.2      8.49276e+6 
        13050.8      8.44919e+6 
        13101.9       8.3485e+6 
        13153.1       8.2392e+6 
        13204.3      8.12617e+6 
        13255.5      8.01229e+6 
          13305      7.90252e+6 
        13318.4      7.87311e+6 
        13331.7      7.84377e+6 
        13358.4       7.7854e+6 
        13411.7      7.66985e+6 
        13465.1      7.55613e+6 
        13518.5      7.44426e+6 
        13571.8      7.33433e+6 
        13625.2      7.22745e+6 
        13678.5      7.12117e+6 
        13731.9      7.01687e+6 
        13785.3      6.91446e+6 
        13838.6      6.81393e+6 
          13892      6.71522e+6 
        13945.4      6.61827e+6 
        13998.7      6.52308e+6 
        14052.1      6.42961e+6 
        14105.4      6.33779e+6 
        14158.8      6.24762e+6 
        14212.2      6.15903e+6 
        14265.5      6.07201e+6 
        14305.7      6.00751e+6 
        14318.9      5.98652e+6 
        14332.1      5.96563e+6 
        14358.4      5.92413e+6 
        14411.2      5.84217e+6 
        14457.6       5.7712e+6 
        14517.8      5.68082e+6 
        14550.5      5.63247e+6 
        14581.2      5.58754e+6 
        14597.2      5.56436e+6 
        14613.2      5.54127e+6 
        14645.2      5.49546e+6 
        14709.2      5.40527e+6 
        14773.2      5.31693e+6 
        14837.1      5.23037e+6 
        14901.1      5.14558e+6 
        14965.1      5.06252e+6 
        15029.1      4.98112e+6 
        15093.1      4.90132e+6 
        15157.1      4.82316e+6 
          15221      4.74654e+6 
          15285      4.67142e+6 
          15349      4.59782e+6 
          15413      4.52562e+6 
        15471.6      4.46078e+6 
        15482.4      4.44897e+6 
        15493.1      4.43747e+6 
        15514.7       4.4146e+6 
        15557.9       4.3693e+6 
        15644.2      4.28045e+6 
        15730.5      4.19381e+6 
        15816.8      4.10939e+6 
        15903.1      4.02705e+6 
        15989.4      3.94678e+6 
        16075.8      3.86849e+6 
        16162.1      3.79215e+6 
        16248.4      3.71767e+6 
        16289.9      3.68251e+6 
        16334.7        3.645e+6 
        16379.5      3.60799e+6 
        16469.1      3.53643e+6 
        16558.8      3.46662e+6 
        16648.4      3.39851e+6 
          16738       3.3321e+6 
        16827.7      3.26726e+6 
        16917.3      3.20398e+6 
        17006.9      3.14225e+6 
        17096.6      3.08198e+6 
        17186.2      3.02315e+6 
        17275.8       2.9657e+6 
        17327.7      2.93309e+6 
        17365.5      2.90961e+6 
        17403.2      2.88637e+6 
        17478.8      2.83975e+6 
        17554.3      2.79406e+6 
        17629.9      2.74928e+6 
        17705.4       2.7054e+6 
          17781      2.66237e+6 
        17856.5       2.6202e+6 
        17932.1      2.57885e+6 
        18007.6      2.53674e+6 
        18083.2      2.49653e+6 
        18158.7      2.45691e+6 
        18234.3       2.4177e+6 
        18309.8      2.37862e+6 
        18343.7      2.36098e+6 
        18385.3      2.33914e+6 
          18427      2.31681e+6 
        18468.6      2.29337e+6 
        18510.2       2.2682e+6 
        18551.8      2.23984e+6 
        18593.4      2.20584e+6 
        18614.2      2.18528e+6 
          18635      2.16105e+6 
        18655.8      2.13161e+6 
        18676.6       2.0951e+6 
          18687      2.07334e+6 
        18697.4      2.04875e+6 
        18707.8       2.0205e+6 
        18718.2       1.9878e+6 
        18728.6      1.94859e+6 
          18739      1.89551e+6 
        18749.1      1.73108e+6 
        18760.6      1.86922e+6 
        18770.9      1.92154e+6 
        18787.3       1.9705e+6 
        18803.8      2.00399e+6 
        18820.2      2.02781e+6 
        18836.6      2.04473e+6 
        18853.1      2.05632e+6 
        18869.5      2.06378e+6 
          18886      2.06805e+6 
        18918.8      2.06996e+6 
        18951.7      2.06623e+6 
        18984.6      2.05912e+6 
        19050.4      2.03935e+6 
        19116.1      2.01624e+6 
        19181.9       1.9919e+6 
        19247.6      1.96718e+6 
        19313.4      1.94242e+6 
        19379.1      1.91779e+6 
        19439.1      1.89553e+6 
        19450.7      1.89128e+6 
        19462.2      1.88703e+6 
        19485.3      1.87854e+6 
        19531.4      1.86168e+6 
        19623.7      1.82901e+6 
          19716      1.79629e+6 
        19808.3       1.7643e+6 
        19900.6      1.73301e+6 
        19992.9      1.70241e+6 
        20085.2      1.67249e+6 
        20177.5      1.64321e+6 
        20269.8      1.61458e+6 
        20362.1      1.58656e+6 
        20434.4      1.56504e+6 
        20454.4      1.55915e+6 
        20474.4      1.55329e+6 
        20514.4      1.54163e+6 
        20594.4      1.51865e+6 
        20674.4      1.49608e+6 
        20754.5      1.47394e+6 
        20834.5       1.4522e+6 
        20914.5      1.43087e+6 
        20994.5      1.40992e+6 
        21074.5      1.38935e+6 
        21154.5      1.36916e+6 
        21234.5      1.34933e+6 
        21314.6      1.32986e+6 
        21394.6      1.31074e+6 
        21474.6      1.29196e+6 
        21554.6      1.27352e+6 
        21630.6      1.25631e+6 
        21706.6      1.23937e+6 
        21782.6      1.22273e+6 
        21858.6      1.20636e+6 
        21934.6      1.19026e+6 
        22010.6      1.17443e+6 
        22086.6      1.15887e+6 
        22162.6      1.14356e+6 
        22238.6       1.1285e+6 
        22314.7      1.11369e+6 
        22390.7      1.09912e+6 
        22466.7      1.08479e+6 
        22542.7      1.07069e+6 
        22618.7      1.05682e+6 
        22694.7      1.04318e+6 
        22754.5      1.03259e+6 
        22770.7      1.02975e+6 
        22784.8      1.02727e+6 
        22800.8      1.02448e+6 
        22816.8      1.02171e+6 
        22848.8      1.01617e+6 
        22912.8      1.00522e+6 
        22976.8          994421 
        23040.8          983761 
        23104.8          973247 
        23168.7          962870 
        23232.7          952635 
        23296.7          942531 
        23360.7          932563 
        23424.7          922727 
        23488.6          913019 
        23552.6          903440 
        23616.6          893984 
        23680.6          884654 
        23744.6          875442 
        23808.6          866354 
        23872.5          857381 
        23936.5          848525 
        24000.5          839782 
        24064.5          831152 
        24128.5          822632 
        24192.5          814222 
        24256.4          805919 
        24320.4          797723 
        24384.4          789630 
        24448.4          781638 
        24512.4          773746 
        24576.3          765955 
        24640.3          758264 
        24704.3          750665 
        24768.3          743166 
        24832.3          735755 
        24896.3          728441 
        24960.2          721215 
        25004.4          716277 
        25024.2          714078 
          25044          711888 
        25083.6          707565 
        25162.8          699014 
        25241.9          690591 
        25321.1          682297 
        25400.2          674126 
        25479.4          666077 
        25558.5          658148 
        25637.7          650338 
        25716.9          642641 
          25796          635060 
        25875.2          627590 
        25954.3          620229 
        26033.5          612975 
        26112.7          605828 
        26191.8          598784 
          26271          591845 
        26350.1          585002 
        26429.3          578260 
        26508.4          571616 
        26587.6          565066 
        26666.8          558610 
        26745.9          552245 
        26825.1          545971 
        26904.2          539785 
        26983.4          533687 
        27062.6          527674 
        27141.7          521749 
        27220.9          515903 
        27299.2          510201 
        27377.5          504581 
        27455.8          499036 
        27534.2          493566 
        27612.5          488172 
        27690.8          482850 
        27769.1          477601 
        27847.5          472423 
        27925.8          467315 
        28004.1          462276 
        28082.4          457306 
        28160.8          452399 
        28239.1          447561 
        28317.4          442785 
        28395.7          438073 
          28474          433424 
        28552.4          428837 
        28630.7          424310 
          28709          419839 
        28787.3          415432 
        28865.7          411081 
          28944          406783 
        29022.3          402545 
        29100.6          398360 
          29179          394229 
        29257.3          390154 
        29335.6          386130 
        29413.9          382156 
        29492.3          378235 
        29570.6          374365 
        29648.9          370541 
        29727.2          366768 
        29805.5          363042 
        29883.9          359364 
        29932.6          357099 
        29962.2          355732 
        29991.8          354372 
