# Koester WD models
# teff = 18750 K (value for the effective temperature for the model. Temperatures are given in K)
# logg = 7.75 log(cm/s2) (value for Log(G) for the model.)
#
# column 1: WAVELENGTH (ANGSTROM), Wavelength in Angstrom
# column 2: FLUX (ERG/CM2/S/A), Flux in erg/cm2/s/A
         899.23      4.94857e+6 
        909.241      5.40046e+6 
        919.246      1.32312e+7 
        929.261      1.68237e+7 
        939.271      3.32365e+7 
        949.307       1.1236e+7 
        959.569      2.06531e+8 
        969.641      4.47743e+7 
        979.838      1.79319e+8 
        989.985      8.91405e+8 
        1000.04      2.10129e+9 
        1010.17      6.97823e+8 
        1020.17      8.75351e+7 
        1030.29      9.34749e+7 
        1040.39      9.66109e+8 
        1050.67      3.14951e+9 
        1060.91      3.82118e+9 
        1070.98      6.30829e+9 
        1081.01      8.01882e+9 
        1091.44     1.04669e+10 
        1102.48     1.03236e+10 
        1114.38      9.85467e+9 
        1124.73       9.3823e+9 
        1135.54      8.79322e+9 
        1146.89      7.99972e+9 
        1156.89      7.08168e+9 
        1166.89      5.88885e+9 
         1176.9      4.36414e+9 
        1187.48      2.46827e+9 
        1197.88       8.8678e+8 
        1207.91      2.35143e+8 
         1218.2      1.44784e+8 
        1228.37       4.4795e+8 
        1238.68       1.9003e+9 
         1248.8      3.88807e+9 
        1259.41      5.25441e+9 
        1269.41      5.95894e+9 
        1279.42      6.35252e+9 
        1289.42      6.54356e+9 
        1299.42       6.6051e+9 
        1309.42      6.61981e+9 
        1319.42      6.57696e+9 
        1329.42      6.48406e+9 
        1339.42      6.40313e+9 
        1349.42       6.3474e+9 
        1359.42      6.24696e+9 
        1369.42       6.0525e+9 
        1379.42      5.85916e+9 
        1389.42      5.63687e+9 
        1399.42      5.60517e+9 
        1409.42      5.71585e+9 
        1419.42      5.72869e+9 
        1429.42      5.65484e+9 
        1439.42      5.55829e+9 
        1454.42       5.4075e+9 
        1464.42      5.30788e+9 
        1474.42      5.21027e+9 
        1489.42      5.06817e+9 
        1504.42      4.93133e+9 
        1514.42      4.84292e+9 
        1529.42      4.71427e+9 
        1544.42      4.59034e+9 
        1559.42      4.47077e+9 
        1570.19      4.38758e+9 
        1584.41      4.28099e+9 
        1599.41      4.17263e+9 
        1614.41      4.06805e+9 
        1629.41      3.96714e+9 
        1644.41      3.86978e+9 
        1659.41      3.77572e+9 
        1670.17      3.71013e+9 
         1684.4      3.62593e+9 
         1699.4      3.54023e+9 
         1714.4      3.45742e+9 
         1729.4      3.37715e+9 
         1744.4      3.29939e+9 
        1759.39      3.22412e+9 
         1771.7      3.16412e+9 
        1784.39      3.10386e+9 
        1799.39      3.03467e+9 
           1824      2.92566e+9 
        1834.77      2.87966e+9 
        1845.54      2.83469e+9 
           1864      2.75983e+9 
        1876.29      2.71152e+9 
        1888.59      2.66441e+9 
        1906.98      2.59597e+9 
        1919.37      2.55122e+9 
        1931.76      2.50762e+9 
        1944.47      2.46393e+9 
        1956.53      2.42346e+9 
         1967.6      2.38709e+9 
        1992.71      2.30743e+9 
        2017.81      2.23131e+9 
        2042.42      2.15995e+9 
        2067.03      2.09167e+9 
        2091.64      2.02644e+9 
         2116.2      1.96407e+9 
           2129      1.93261e+9 
         2141.8      1.90181e+9 
        2165.47      1.84655e+9 
        2210.96      1.74635e+9 
        2225.89      1.71511e+9 
        2240.83      1.68464e+9 
        2263.91      1.63893e+9 
        2307.04      1.55799e+9 
        2319.23       1.5361e+9 
        2331.41      1.51465e+9 
        2349.21      1.48403e+9 
        2362.35      1.46195e+9 
         2375.5      1.44032e+9 
        2394.29      1.41013e+9 
        2409.27      1.38667e+9 
        2424.25      1.36374e+9 
        2452.24      1.32223e+9 
        2464.64      1.30437e+9 
        2480.05      1.28264e+9 
        2491.16      1.26726e+9 
        2510.01      1.24175e+9 
        2528.86      1.21692e+9 
        2559.23       1.1783e+9 
        2582.27      1.15013e+9 
        2619.97      1.10592e+9 
        2657.67      1.06391e+9 
        2695.37      1.02406e+9 
        2710.02      1.00909e+9 
        2733.07      9.86146e+8 
        2756.11      9.63881e+8 
        2802.19      9.21354e+8 
        2842.01       8.8657e+8 
        2854.55      8.75973e+8 
        2867.08      8.65562e+8 
        2892.16       8.4522e+8 
        2931.63      8.14448e+8 
         2942.3      8.06375e+8 
        2952.98      7.98404e+8 
        2974.34      7.82797e+8 
        3017.05      7.52748e+8 
        3051.42      7.29651e+8 
        3085.79      7.07499e+8 
        3120.16      6.86212e+8 
        3149.86      6.68481e+8 
        3170.22      6.56681e+8 
        3209.26      6.34796e+8 
        3248.29      6.13842e+8 
        3287.33      5.93802e+8 
        3306.01      5.84512e+8 
        3326.37      5.74597e+8 
        3346.73      5.64896e+8 
        3387.45       5.4615e+8 
        3445.17       5.2092e+8 
        3462.17      5.13779e+8 
        3495.92      4.99969e+8 
         3543.6      4.81257e+8 
        3591.28      4.63438e+8 
        3635.88      4.47517e+8 
        3647.12      4.43615e+8 
        3658.96       4.3954e+8 
        3671.11      4.35365e+8 
         3682.7      4.31441e+8 
        3692.77      4.28061e+8 
        3702.89      4.24693e+8 
        3712.93       4.2142e+8 
        3723.11      4.18187e+8 
        3733.34       4.1485e+8 
        3743.51      4.12491e+8 
        3753.66      4.09613e+8 
        3764.81      4.05947e+8 
        3775.47       4.0426e+8 
        3786.22      4.04059e+8 
        3796.45      3.86271e+8 
        3807.13      4.02469e+8 
        3817.36      4.06041e+8 
        3827.86      3.79925e+8 
        3837.98       3.5954e+8 
        3848.84       4.0367e+8 
        3858.91      4.19016e+8 
        3870.59      4.01059e+8 
        3881.42      3.47086e+8 
        3891.77      3.13664e+8 
        3902.49      3.80362e+8 
        3913.89      4.27184e+8 
        3924.94      4.43439e+8 
        3935.81      4.36474e+8 
        3946.58      4.01062e+8 
        3957.31      3.42286e+8 
        3968.08      2.62795e+8 
        3978.87      3.12139e+8 
        3990.75        3.834e+8 
        4001.38       4.2933e+8 
           4012      4.53571e+8 
        4023.86      4.63404e+8 
         4034.3      4.64079e+8 
           4048      4.54714e+8 
        4058.58      4.35598e+8 
        4068.85      4.02708e+8 
        4080.56      3.50344e+8 
        4092.03      2.82848e+8 
        4102.05      2.06588e+8 
        4112.76      2.87982e+8 
        4123.12      3.43068e+8 
        4133.78      3.86055e+8 
        4143.83      4.16057e+8 
        4158.83      4.39396e+8 
        4173.82      4.46763e+8 
        4188.82      4.47759e+8 
        4203.81      4.45795e+8 
        4216.52      4.42764e+8 
        4228.81      4.38758e+8 
        4243.81      4.32296e+8 
         4258.8      4.22645e+8 
         4273.8       4.0704e+8 
        4288.79      3.81713e+8 
        4301.29      3.52876e+8 
        4313.79       3.1351e+8 
        4326.14      2.61152e+8 
        4336.17      2.07894e+8 
        4346.95      2.19588e+8 
        4357.43      2.68328e+8 
        4368.77      3.08532e+8 
        4379.56      3.35613e+8 
        4393.77      3.58933e+8 
        4408.76      3.73463e+8 
        4423.76      3.79109e+8 
        4438.75      3.79731e+8 
        4453.75      3.78028e+8 
        4468.74      3.75317e+8 
        4483.74      3.72056e+8 
        4498.74       3.6855e+8 
        4513.73      3.64902e+8 
        4527.19      3.61563e+8 
        4538.73      3.58666e+8 
        4553.72      3.54887e+8 
        4568.72      3.51095e+8 
        4583.72      3.47303e+8 
        4596.53      3.44067e+8 
        4608.71      3.41017e+8 
         4623.7      3.37234e+8 
         4638.7      3.33442e+8 
         4653.7      3.29628e+8 
        4668.69      3.25761e+8 
        4683.69      3.21771e+8 
        4698.68      3.17615e+8 
        4713.68      3.13185e+8 
        4724.83      3.09618e+8 
        4738.67       3.0472e+8 
        4753.67      2.98728e+8 
        4768.67      2.91328e+8 
        4783.66      2.82085e+8 
        4798.66      2.69569e+8 
        4813.65      2.52327e+8 
        4828.65      2.28387e+8 
        4839.16      2.06009e+8 
        4849.39      1.79288e+8 
        4859.63      1.40994e+8 
        4870.47      1.69343e+8 
        4882.91      1.99795e+8 
        4893.63      2.19276e+8 
        4908.63      2.37588e+8 
         4921.7      2.47408e+8 
        4933.62      2.52957e+8 
        4948.62      2.56487e+8 
        4963.61      2.57788e+8 
        4978.61      2.57626e+8 
        4993.61      2.56606e+8 
         5008.6      2.55053e+8 
         5023.6      2.53139e+8 
        5038.59      2.51011e+8 
        5053.59       2.4876e+8 
        5068.59      2.46431e+8 
        5083.58      2.44068e+8 
        5098.58      2.41695e+8 
        5113.57      2.39324e+8 
        5128.57      2.36967e+8 
        5143.57      2.34625e+8 
        5158.56      2.32304e+8 
        5173.56      2.30004e+8 
        5188.55      2.27727e+8 
        5203.55      2.25474e+8 
        5218.55      2.23245e+8 
        5233.54       2.2104e+8 
        5248.54      2.18859e+8 
        5263.53      2.16703e+8 
        5278.53      2.14572e+8 
        5293.52      2.12466e+8 
        5308.52      2.10384e+8 
        5323.52      2.08326e+8 
        5338.51      2.06294e+8 
        5353.51      2.04285e+8 
        5368.51      2.02342e+8 
         5383.5      2.00378e+8 
         5398.5      1.98437e+8 
        5413.49      1.96521e+8 
        5428.49      1.94627e+8 
        5443.48      1.92756e+8 
        5458.48      1.90907e+8 
        5473.48      1.89081e+8 
        5488.47      1.87277e+8 
        5503.47      1.85494e+8 
        5518.47      1.83733e+8 
        5533.46      1.81993e+8 
        5548.46      1.80274e+8 
        5563.45      1.78575e+8 
        5578.45      1.76896e+8 
        5593.44      1.75237e+8 
        5608.44      1.73597e+8 
        5623.44      1.71977e+8 
        5638.43      1.70375e+8 
        5653.43      1.68792e+8 
        5668.43      1.67229e+8 
        5682.86      1.65739e+8 
        5693.42      1.64661e+8 
        5704.77      1.63511e+8 
        5715.23       1.6246e+8 
        5728.41      1.61149e+8 
         5743.4      1.59672e+8 
         5758.4      1.58213e+8 
         5773.4      1.56741e+8 
        5788.39      1.55314e+8 
        5803.39      1.53904e+8 
        5818.39       1.5251e+8 
        5833.38      1.51131e+8 
        5848.38      1.49769e+8 
        5863.37      1.48421e+8 
        5878.37      1.47089e+8 
        5893.36      1.45771e+8 
        5908.36      1.44468e+8 
        5923.36       1.4318e+8 
        5938.35      1.41905e+8 
        5953.35      1.40645e+8 
        5968.34      1.39398e+8 
        5983.34      1.38165e+8 
        5998.34      1.36945e+8 
        6013.33      1.35738e+8 
        6028.33      1.34544e+8 
        6043.32      1.33362e+8 
        6058.32      1.32194e+8 
        6073.32      1.31036e+8 
        6088.31       1.2989e+8 
        6103.31      1.28756e+8 
         6118.3      1.27633e+8 
         6133.3       1.2652e+8 
         6148.3      1.25418e+8 
        6163.29      1.24325e+8 
        6178.29      1.23242e+8 
        6193.28      1.22167e+8 
        6208.28      1.21101e+8 
        6223.28      1.20043e+8 
        6238.27      1.18991e+8 
        6252.16      1.18022e+8 
        6262.16      1.17329e+8 
        6273.26      1.16562e+8 
        6284.63      1.15778e+8 
        6295.99      1.14995e+8 
        6306.09        1.143e+8 
        6316.22      1.13601e+8 
        6328.25      1.12767e+8 
        6343.24      1.11726e+8 
        6358.24      1.10675e+8 
        6373.23      1.09606e+8 
        6388.23      1.08507e+8 
        6403.23      1.07362e+8 
        6418.22      1.06148e+8 
        6433.22      1.04825e+8 
        6448.22      1.03333e+8 
        6463.21      1.01587e+8 
        6478.21      9.94722e+7 
         6493.2      9.68035e+7 
         6508.2      9.32296e+7 
        6523.19       8.8274e+7 
        6537.09      8.18884e+7 
        6548.11       7.5206e+7 
        6558.19      6.66668e+7 
        6569.28      6.82577e+7 
        6579.79      7.55707e+7 
        6590.04      8.06092e+7 
        6603.34      8.52242e+7 
        6613.66      8.76297e+7 
        6623.98      8.92712e+7 
         6634.3      9.03506e+7 
        6644.62      9.10157e+7 
        6654.94       9.1387e+7 
        6665.26      9.15639e+7 
        6675.58      9.15746e+7 
         6685.9       9.1465e+7 
        6696.23      9.12652e+7 
        6711.48      9.08564e+7 
        6741.98      8.98024e+7 
        6772.48      8.85923e+7 
        6824.78      8.63979e+7 
        6877.08      8.41739e+7 
        6929.38      8.19811e+7 
        6981.68       7.9837e+7 
        7033.98      7.77506e+7 
         7063.4      7.66037e+7 
        7086.27      7.57259e+7 
        7109.15      7.48601e+7 
        7154.89      7.31652e+7 
        7246.38      6.99139e+7 
        7282.23      6.86887e+7 
        7337.87      6.68399e+7 
        7393.51      6.50564e+7 
        7449.15      6.33289e+7 
        7504.79      6.16585e+7 
        7560.43      6.00431e+7 
        7616.07      5.84801e+7 
        7665.55       5.7133e+7 
        7677.88      5.68031e+7 
        7690.22      5.64761e+7 
        7714.89      5.58286e+7 
        7764.22      5.45619e+7 
         7862.9      5.21341e+7 
        7960.91      4.98555e+7 
        7971.63      4.96139e+7 
        7982.34      4.93742e+7 
        8003.78      4.88986e+7 
        8046.64      4.79643e+7 
        8082.55       4.7199e+7 
        8105.88      4.67101e+7 
        8154.36      4.57139e+7 
        8200.85       4.4784e+7 
        8216.85      4.44696e+7 
        8232.84      4.41576e+7 
        8264.83      4.35422e+7 
        8289.72      4.30712e+7 
        8328.82      4.23433e+7 
        8367.92      4.16302e+7 
        8437.95      4.03955e+7 
        8473.98      3.97751e+7 
        8502.48      3.92922e+7 
        8516.58      3.90563e+7 
        8530.98      3.88159e+7 
        8545.38       3.8591e+7 
        8574.18      3.81427e+7 
        8598.39       3.7767e+7 
         8628.6      3.73108e+7 
        8646.81      3.70296e+7 
        8665.01      3.67475e+7 
        8685.59      3.64506e+7 
        8701.43      3.62166e+7 
        8750.47      3.54303e+7 
        8767.92      3.52015e+7 
        8815.35      3.45101e+7 
        8839.07      3.41381e+7 
        8850.92      3.39396e+7 
        8862.78      3.37552e+7 
        8874.64      3.36493e+7 
         8886.5      3.35566e+7 
        8898.36      3.34542e+7 
        8910.21      3.33358e+7 
        8933.93      3.30263e+7 
        8957.65      3.26471e+7 
        8981.36      3.21793e+7 
        8995.25      3.18737e+7 
        9014.91      3.14766e+7 
        9034.57      3.14319e+7 
        9054.23       3.1411e+7 
        9073.89      3.13319e+7 
        9087.39      3.12371e+7 
        9099.72      3.11272e+7 
        9112.05      3.09884e+7 
        9136.72      3.06184e+7 
        9161.38      3.01103e+7 
        9186.05      2.94718e+7 
        9210.71      2.87257e+7 
        9224.43       2.8309e+7 
        9238.16      2.82656e+7 
        9251.88      2.84083e+7 
         9265.6      2.85607e+7 
        9293.05      2.87593e+7 
        9311.35      2.88098e+7 
        9329.65      2.87803e+7 
        9347.95      2.86872e+7 
        9366.25      2.85424e+7 
        9384.08      2.83623e+7 
        9401.92      2.81303e+7 
        9419.76      2.78689e+7 
         9437.6      2.75476e+7 
        9455.44      2.71471e+7 
        9473.28      2.67027e+7 
        9491.12      2.61289e+7 
        9508.96      2.53832e+7 
        9525.48      2.44876e+7 
        9535.72      2.38994e+7 
        9545.97      2.33537e+7 
        9556.21      2.37248e+7 
        9566.45       2.4143e+7 
        9584.38      2.47836e+7 
        9594.62      2.50449e+7 
        9604.87      2.52232e+7 
        9615.11      2.53647e+7 
        9625.35      2.54682e+7 
         9635.6      2.55226e+7 
        9645.84      2.55759e+7 
        9664.21       2.5611e+7 
        9681.17      2.55766e+7 
        9698.12       2.5509e+7 
        9732.02      2.53078e+7 
        9765.93      2.50417e+7 
        9799.84      2.47358e+7 
        9833.74      2.43874e+7 
        9850.69      2.42293e+7 
        9867.65      2.40065e+7 
         9884.6      2.37552e+7 
        9901.55      2.34616e+7 
         9918.1      2.31616e+7 
        9935.46      2.27952e+7 
        9952.82       2.2357e+7 
        9970.18      2.18893e+7 
        9987.54      2.13241e+7 
        10004.9      2.06501e+7 
        10022.3      1.98561e+7 
        10034.8       1.9222e+7 
        10045.7      1.86161e+7 
        10056.7      1.87184e+7 
        10073.7      1.94075e+7 
        10093.2      2.00123e+7 
        10112.7      2.04631e+7 
        10132.2      2.07634e+7 
        10161.4      2.10394e+7 
        10180.9      2.11305e+7 
        10200.4      2.11606e+7 
        10218.8        2.116e+7 
        10237.2      2.11173e+7 
        10255.6      2.10456e+7 
          10274      2.09567e+7 
        10310.8      2.07425e+7 
        10347.7      2.05058e+7 
        10384.5      2.02602e+7 
        10458.2      1.97297e+7 
        10531.8      1.92187e+7 
        10605.5        1.871e+7 
        10642.3      1.84361e+7 
        10679.2       1.8145e+7 
          10716      1.78219e+7 
        10752.8       1.7453e+7 
        10771.2      1.72383e+7 
        10789.6      1.69974e+7 
        10808.1      1.67392e+7 
        10826.5      1.64423e+7 
        10844.9      1.60887e+7 
        10863.3       1.5697e+7 
        10881.7      1.52136e+7 
        10900.1      1.46379e+7 
        10918.6      1.39294e+7 
        10930.1      1.33608e+7 
        10941.2      1.29992e+7 
        10954.6       1.3653e+7 
        10972.4      1.42029e+7 
        10990.3      1.46046e+7 
        11008.2       1.4896e+7 
        11026.1      1.51004e+7 
          11044      1.52493e+7 
        11061.8      1.53458e+7 
        11079.7      1.53974e+7 
        11097.6      1.54272e+7 
        11115.5      1.54319e+7 
        11133.4      1.54144e+7 
        11151.2      1.53806e+7 
        11184.6      1.52875e+7 
        11222.7       1.5149e+7 
        11260.9      1.49902e+7 
        11337.2       1.4645e+7 
        11413.6      1.42931e+7 
        11489.9      1.39578e+7 
        11566.2       1.3615e+7 
        11642.5      1.32826e+7 
        11718.9      1.29603e+7 
        11795.2      1.26477e+7 
        11871.5      1.23445e+7 
        11947.9      1.20504e+7 
        12024.2      1.17569e+7 
        12100.5      1.14778e+7 
        12176.8      1.12059e+7 
        12221.7      1.10491e+7 
        12253.2        1.094e+7 
        12284.6      1.08314e+7 
        12347.6       1.0615e+7 
        12410.5      1.03975e+7 
        12473.5      1.01742e+7 
        12536.4      9.93745e+6 
        12567.9      9.80818e+6 
        12599.3       9.6674e+6 
        12630.8      9.51001e+6 
        12662.3       9.3255e+6 
          12678      9.22013e+6 
        12693.7      9.10399e+6 
        12709.5      8.97302e+6 
        12725.2      8.82382e+6 
          12741      8.65707e+6 
        12756.7      8.46238e+6 
        12772.4      8.23477e+6 
        12788.2      7.96362e+6 
        12800.4      7.70246e+6 
          12811      7.36088e+6 
        12822.5      7.20044e+6 
        12834.9      7.60979e+6 
        12845.5      7.79624e+6 
        12859.7      7.98433e+6 
        12880.9      8.19126e+6 
        12895.1      8.29186e+6 
        12909.3      8.36791e+6 
        12923.5      8.42814e+6 
        12937.6      8.47218e+6 
        12951.8      8.50253e+6 
          12966      8.52201e+6 
        12980.1      8.53357e+6 
        13008.5       8.5353e+6 
        13036.8      8.51557e+6 
        13065.2      8.48233e+6 
        13121.8      8.39053e+6 
        13178.5      8.27932e+6 
        13235.2      8.16051e+6 
        13275.4      8.07367e+6 
        13291.9      8.03786e+6 
        13308.4      8.00198e+6 
        13341.3      7.93023e+6 
        13407.1      7.78732e+6 
        13472.9      7.64604e+6 
        13538.7      7.50731e+6 
        13604.6      7.37131e+6 
        13670.4      7.24052e+6 
        13736.2      7.10971e+6 
        13802.1      6.98181e+6 
        13867.9      6.85678e+6 
        13933.7      6.73457e+6 
        13999.5      6.61503e+6 
        14065.4      6.49816e+6 
        14131.2      6.38384e+6 
          14197      6.27203e+6 
        14262.9      6.16267e+6 
        14325.3      6.06111e+6 
        14338.8      6.03937e+6 
        14352.4      6.01772e+6 
        14379.4      5.97471e+6 
        14409.5      5.92734e+6 
        14428.3      5.89806e+6 
        14457.6       5.8526e+6 
        14505.8      5.77899e+6 
        14581.2      5.66593e+6 
        14597.2       5.6423e+6 
        14613.2      5.61883e+6 
        14645.2      5.57224e+6 
        14709.2      5.48048e+6 
        14773.2      5.39063e+6 
        14837.1       5.3026e+6 
        14901.1      5.21636e+6 
        14965.1      5.13189e+6 
        15029.1       5.0491e+6 
        15093.1      4.96796e+6 
        15157.1      4.88848e+6 
          15221      4.81056e+6 
          15285      4.73419e+6 
          15349      4.65936e+6 
          15413      4.58597e+6 
        15471.6      4.52006e+6 
        15482.4      4.50803e+6 
        15493.1      4.49622e+6 
        15514.7      4.47262e+6 
        15557.9      4.42597e+6 
        15644.2      4.33442e+6 
        15730.5      4.24527e+6 
        15816.8      4.15837e+6 
        15903.1       4.0737e+6 
        15989.4      3.99117e+6 
        16075.8      3.91072e+6 
        16162.1       3.8323e+6 
        16248.4      3.75584e+6 
        16289.9      3.71977e+6 
        16334.7      3.68129e+6 
        16379.5       3.6433e+6 
        16469.1      3.57023e+6 
        16558.8      3.49898e+6 
        16648.4      3.42952e+6 
          16738      3.36176e+6 
        16827.7      3.29566e+6 
        16917.3      3.23116e+6 
        17006.9      3.16826e+6 
        17096.6      3.10686e+6 
        17186.2      3.04694e+6 
        17275.8      2.98847e+6 
        17327.7      2.95527e+6 
        17365.5      2.93138e+6 
        17403.2      2.90774e+6 
        17478.8      2.86106e+6 
        17554.3      2.81532e+6 
        17629.9      2.77049e+6 
        17705.4      2.72654e+6 
          17781      2.68346e+6 
        17856.5      2.64122e+6 
        17932.1      2.59981e+6 
        18007.6      2.55571e+6 
        18083.2      2.51489e+6 
        18158.7      2.47444e+6 
        18234.3      2.43405e+6 
        18309.8      2.39316e+6 
        18343.7       2.3744e+6 
        18385.3      2.35079e+6 
          18427      2.32625e+6 
        18468.6      2.29967e+6 
        18510.2      2.27025e+6 
        18551.8      2.23618e+6 
        18572.6      2.21665e+6 
        18593.4      2.19492e+6 
        18614.2      2.17046e+6 
          18635      2.14248e+6 
        18655.8       2.1099e+6 
        18676.6      2.07161e+6 
          18687      2.04967e+6 
        18697.4      2.02545e+6 
        18707.8      1.99823e+6 
        18718.2       1.9673e+6 
        18728.6      1.92901e+6 
          18739      1.87326e+6 
        18749.1       1.7145e+6 
        18760.3      1.84348e+6 
        18772.1       1.9065e+6 
        18785.5       1.9456e+6 
        18805.6      1.98439e+6 
          18819      2.00362e+6 
        18832.5      2.01902e+6 
        18845.9      2.03135e+6 
        18859.3      2.04125e+6 
        18886.2      2.05467e+6 
          18913      2.06185e+6 
        18939.8      2.06456e+6 
        18966.7      2.06386e+6 
        19020.4      2.05558e+6 
          19074      2.04173e+6 
        19127.7      2.02503e+6 
        19181.4      2.00681e+6 
        19235.1      1.98781e+6 
        19288.8      1.96836e+6 
        19342.4      1.94863e+6 
        19396.1      1.92898e+6 
        19448.9      1.90982e+6 
        19462.9      1.90472e+6 
        19476.8      1.89964e+6 
        19504.6      1.88949e+6 
        19560.3      1.87103e+6 
          19616      1.85074e+6 
        19671.7      1.83073e+6 
        19727.4      1.81098e+6 
        19783.1      1.79151e+6 
        19838.8      1.77229e+6 
        19894.4      1.75332e+6 
        19950.1      1.73461e+6 
        20005.8      1.71615e+6 
        20061.5      1.69793e+6 
        20117.2      1.67995e+6 
        20172.9      1.66221e+6 
        20228.6      1.64471e+6 
        20284.3      1.62742e+6 
          20340      1.61037e+6 
        20395.7      1.59354e+6 
        20428.3      1.58378e+6 
        20451.3      1.57693e+6 
        20474.4      1.57011e+6 
        20520.5      1.55656e+6 
        20612.7      1.52988e+6 
        20704.9      1.50376e+6 
        20797.1      1.47821e+6 
        20889.3      1.45319e+6 
        20981.5       1.4287e+6 
        21073.7      1.40472e+6 
        21165.9      1.38124e+6 
        21258.1      1.35825e+6 
        21350.3      1.33573e+6 
        21442.5      1.31368e+6 
        21534.7      1.29208e+6 
        21623.2      1.27176e+6 
          21638      1.26839e+6 
        21652.9      1.26502e+6 
        21682.6      1.25832e+6 
        21742.1      1.24505e+6 
        21801.5      1.23196e+6 
          21861      1.21904e+6 
        21920.5      1.20629e+6 
        21979.9       1.1937e+6 
        22039.4      1.18128e+6 
        22098.8      1.16901e+6 
        22158.3      1.15691e+6 
        22217.7      1.14497e+6 
        22277.2      1.13317e+6 
        22336.6      1.12153e+6 
        22396.1      1.11004e+6 
        22455.6      1.09869e+6 
          22515      1.08749e+6 
        22574.5      1.07643e+6 
        22633.9      1.06551e+6 
        22693.4      1.05473e+6 
        22718.8      1.05016e+6 
        22752.8      1.04409e+6 
        22784.8      1.03841e+6 
        22800.8      1.03559e+6 
        22816.8      1.03277e+6 
        22848.8      1.02718e+6 
        22912.8      1.01609e+6 
        22976.8      1.00516e+6 
        23040.8          994367 
        23104.8          983724 
        23168.7          973221 
        23232.7          962857 
        23296.7          952635 
        23360.7          942544 
        23424.7          932588 
        23488.6          922761 
        23552.6          913066 
        23616.6          903497 
        23680.6          894050 
        23744.6          884729 
        23808.6          875530 
        23872.5          866448 
        23936.5          857485 
        24000.5          848635 
        24064.5          839902 
        24128.5          831278 
        24192.5          822767 
        24256.4          814364 
        24320.4          806070 
        24384.4          797880 
        24448.4          789790 
        24512.4          781807 
        24576.3          773922 
        24640.3          766137 
        24704.3          758450 
        24768.3          750859 
        24832.3          743361 
        24896.3          735959 
        24960.2          728648 
        25004.4          723650 
        25024.2          721426 
          25044          719211 
        25083.6          714822 
        25162.8          706142 
        25241.9          697594 
        25321.1          689174 
        25400.2          680884 
        25479.4          672716 
        25558.5          664670 
        25637.7          656744 
        25716.9          648937 
          25796          641243 
        25875.2          633666 
        25954.3          626198 
        26033.5          618840 
        26112.7          611593 
        26191.8          604449 
          26271          597408 
        26350.1          590472 
        26429.3          583633 
        26508.4          576897 
        26587.6          570256 
        26666.8          563709 
        26745.9          557256 
        26825.1          550897 
        26904.2          544627 
        26983.4          538447 
        27062.6          532355 
        27141.7          526349 
        27220.9          520424 
        27299.2          514646 
        27377.5          508966 
        27455.8          503362 
        27534.2          497839 
        27612.5          492388 
        27690.8          487010 
        27769.1          481710 
        27847.5          476476 
        27925.8          471317 
        28004.1          466228 
        28082.4          461205 
        28160.8          456250 
        28239.1          451362 
        28317.4          446540 
        28395.7          441780 
          28474          437084 
        28552.4          432453 
        28630.7          427879 
          28709          423367 
        28787.3          418916 
        28865.7          414521 
          28944          410182 
        29022.3          405903 
        29100.6          401678 
          29179          397509 
        29257.3          393393 
        29335.6          389331 
        29413.9          385319 
        29492.3          381361 
        29570.6          377453 
        29648.9          373595 
        29727.2          369784 
        29805.5          366024 
        29883.9          362310 
        29932.6          360023 
        29962.2          358644 
        29991.8          357271 
