# Koester WD models
# teff = 18000 K (value for the effective temperature for the model. Temperatures are given in K)
# logg = 7.75 log(cm/s2) (value for Log(G) for the model.)
#
# column 1: WAVELENGTH (ANGSTROM), Wavelength in Angstrom
# column 2: FLUX (ERG/CM2/S/A), Flux in erg/cm2/s/A
         899.23      2.89399e+6 
        909.241      3.17577e+6 
        919.246       8.4873e+6 
        929.261      1.07839e+7 
        939.271      2.09068e+7 
        949.307      7.28928e+6 
        959.619      1.19783e+8 
        969.631      2.83595e+7 
        979.638      9.38168e+7 
        989.648      5.08153e+8 
        999.665      1.29609e+9 
        1009.81      4.13085e+8 
        1019.81      5.84735e+7 
        1029.88      5.49285e+7 
        1039.89      4.91785e+8 
        1049.92      1.93359e+9 
        1060.04      2.23703e+9 
         1070.1      4.62436e+9 
        1080.19      5.39565e+9 
        1090.29      8.28611e+9 
        1100.61       8.2857e+9 
        1111.85      7.94917e+9 
        1123.78      7.47932e+9 
        1134.38      6.98634e+9 
        1144.39      6.38959e+9 
        1154.39       5.6112e+9 
        1164.39      4.62081e+9 
         1174.4      3.40241e+9 
        1185.17      1.90661e+9 
        1195.19      7.44997e+8 
        1205.23      2.11469e+8 
        1215.24      1.55536e+7 
        1225.37       2.1717e+8 
        1235.44      8.04006e+8 
        1245.84      2.33019e+9 
        1257.16      3.77048e+9 
        1268.95      4.63511e+9 
        1279.42      5.06645e+9 
        1289.42      5.28695e+9 
        1299.42      5.37951e+9 
        1309.42      5.42619e+9 
        1319.42      5.41743e+9 
        1329.42      5.35252e+9 
        1339.42      5.29657e+9 
        1349.42      5.27037e+9 
        1359.42      5.19987e+9 
        1369.42       5.0295e+9 
        1379.42      4.85436e+9 
        1389.42      4.64861e+9 
        1399.42        4.638e+9 
        1409.42      4.78537e+9 
        1419.42      4.82797e+9 
        1429.42      4.77635e+9 
        1439.42      4.69992e+9 
        1449.85        4.615e+9 
        1461.52      4.51968e+9 
        1472.88      4.42848e+9 
        1484.42       4.3381e+9 
        1494.42      4.26176e+9 
        1509.42      4.15052e+9 
        1524.42      4.04314e+9 
        1539.42      3.93949e+9 
        1554.42      3.83947e+9 
        1566.72      3.76002e+9 
        1579.41      3.68047e+9 
        1594.41      3.58955e+9 
        1604.41      3.53074e+9 
        1619.41      3.44507e+9 
        1634.41      3.36238e+9 
        1649.41      3.28246e+9 
        1664.41      3.20518e+9 
        1676.33      3.14549e+9 
         1689.4      3.08197e+9 
         1704.4       3.0113e+9 
         1719.4       2.9429e+9 
         1734.4      2.87656e+9 
        1749.39      2.81227e+9 
        1764.39      2.74999e+9 
        1775.55      2.70495e+9 
        1789.39      2.65043e+9 
        1809.39      2.57432e+9 
           1824      2.52056e+9 
        1834.77      2.48194e+9 
        1845.54      2.44418e+9 
           1864      2.38128e+9 
        1876.29      2.34069e+9 
        1888.59      2.30109e+9 
        1906.98      2.24353e+9 
        1919.37      2.20587e+9 
        1931.76      2.16914e+9 
        1944.47       2.1323e+9 
        1956.53      2.09816e+9 
         1967.6      2.06747e+9 
        1992.71      2.00023e+9 
        2017.81      1.93595e+9 
        2042.42      1.87563e+9 
        2067.03      1.81783e+9 
        2091.64      1.76255e+9 
         2116.2      1.70965e+9 
           2129      1.68297e+9 
         2141.8      1.65684e+9 
        2165.47      1.60993e+9 
        2210.96      1.52474e+9 
        2225.89      1.49814e+9 
        2240.83      1.47219e+9 
        2263.91      1.43325e+9 
        2307.04      1.36424e+9 
        2319.23      1.34556e+9 
        2331.41      1.32725e+9 
        2349.21       1.3011e+9 
        2362.35      1.28222e+9 
         2375.5      1.26372e+9 
        2394.29      1.23789e+9 
        2409.27       1.2178e+9 
        2424.25      1.19817e+9 
        2452.24      1.16262e+9 
        2464.64      1.14732e+9 
        2480.05      1.12869e+9 
        2491.16      1.11549e+9 
        2510.01       1.0936e+9 
        2528.86      1.07228e+9 
        2559.23      1.03907e+9 
        2582.27      1.01484e+9 
        2619.97      9.76806e+8 
        2657.67      9.40621e+8 
        2695.37      9.06249e+8 
        2710.02      8.93334e+8 
        2733.07      8.73514e+8 
        2756.11      8.54271e+8 
        2802.19      8.17508e+8 
        2842.01      7.87393e+8 
        2854.55      7.78213e+8 
        2867.08      7.69191e+8 
        2892.16      7.51554e+8 
        2931.63      7.24844e+8 
         2942.3      7.17832e+8 
        2952.98      7.10911e+8 
        2974.34      6.97355e+8 
        3017.05       6.7123e+8 
        3051.42      6.51126e+8 
        3090.46      6.29264e+8 
        3120.16       6.1327e+8 
        3149.86      5.97798e+8 
        3170.22      5.87497e+8 
        3209.26      5.68383e+8 
        3248.29      5.50061e+8 
        3287.33      5.32522e+8 
        3306.01      5.24385e+8 
        3326.37      5.15696e+8 
        3346.73      5.07194e+8 
        3387.45      4.90751e+8 
        3445.17      4.68597e+8 
        3462.17       4.6232e+8 
        3495.92      4.50178e+8 
         3543.6      4.33706e+8 
        3591.28      4.18008e+8 
        3635.88      4.03962e+8 
        3647.12      4.00515e+8 
        3658.96      3.96918e+8 
        3671.11       3.9323e+8 
         3682.7      3.89762e+8 
        3692.77      3.86771e+8 
        3702.89      3.83793e+8 
        3712.93      3.80896e+8 
        3723.11      3.78034e+8 
        3733.34      3.75043e+8 
        3743.51      3.73048e+8 
        3753.66      3.70482e+8 
        3764.81      3.67177e+8 
        3775.47      3.65794e+8 
        3786.22      3.65999e+8 
        3796.45      3.48531e+8 
        3807.13      3.64877e+8 
        3817.36      3.68788e+8 
        3827.86      3.43464e+8 
        3837.98      3.23675e+8 
        3848.84      3.66881e+8 
        3858.91      3.82153e+8 
        3870.59      3.65081e+8 
        3881.42      3.13548e+8 
        3891.77      2.81855e+8 
        3902.49      3.45494e+8 
        3913.89       3.9077e+8 
        3924.94      4.06786e+8 
        3935.81      4.00333e+8 
        3946.58      3.66536e+8 
        3957.31      3.10912e+8 
        3968.08      2.36602e+8 
        3978.87      2.82812e+8 
        3990.75      3.50253e+8 
        4001.38      3.94537e+8 
           4012      4.18206e+8 
        4023.86       4.2802e+8 
         4034.3      4.28925e+8 
           4048      4.20087e+8 
        4058.58       4.0175e+8 
        4068.85       3.7019e+8 
        4080.56      3.20383e+8 
        4092.03      2.57164e+8 
        4102.05       1.8668e+8 
        4112.76      2.62112e+8 
        4123.12      3.13996e+8 
        4133.78       3.5521e+8 
        4143.83      3.84368e+8 
        4156.66      4.05256e+8 
        4168.82      4.13456e+8 
        4183.82      4.16355e+8 
        4198.82      4.15529e+8 
        4213.81      4.12742e+8 
        4224.95      4.09661e+8 
        4238.81      4.04587e+8 
         4253.8      3.96727e+8 
         4268.8      3.83921e+8 
        4283.79      3.62461e+8 
        4296.29      3.37941e+8 
        4308.79       3.0432e+8 
        4320.85      2.61493e+8 
        4331.09      2.16127e+8 
         4341.1       1.5991e+8 
        4351.76      2.22671e+8 
        4363.77      2.68509e+8 
        4376.27      3.02891e+8 
        4388.77      3.26138e+8 
        4403.76      3.43766e+8 
        4418.76       3.5221e+8 
        4433.75       3.5451e+8 
        4448.75      3.53633e+8 
        4463.75      3.51525e+8 
        4478.74      3.48714e+8 
        4493.74      3.45588e+8 
        4508.73      3.42289e+8 
        4523.35      3.38975e+8 
        4533.35      3.36672e+8 
        4543.73      3.34265e+8 
        4558.72      3.30769e+8 
        4573.72      3.27263e+8 
        4588.71      3.23751e+8 
        4600.89      3.20901e+8 
        4613.71      3.17923e+8 
         4628.7      3.14407e+8 
         4643.7      3.10872e+8 
        4658.69      3.07308e+8 
        4673.69      3.03654e+8 
        4688.69       2.9987e+8 
        4703.68      2.95879e+8 
         4715.6      2.92483e+8 
        4728.68       2.8841e+8 
        4743.67      2.83162e+8 
        4758.67      2.76996e+8 
        4773.66      2.69293e+8 
        4788.66      2.59421e+8 
        4803.66       2.4577e+8 
        4818.65      2.27338e+8 
        4831.15      2.06558e+8 
        4842.32      1.82728e+8 
        4853.38       1.5365e+8 
        4863.68      1.33141e+8 
        4874.75      1.66554e+8 
        4886.05      1.90295e+8 
        4896.13      2.06492e+8 
        4908.63      2.20692e+8 
         4921.7      2.30415e+8 
        4933.62       2.3603e+8 
        4948.62      2.39723e+8 
        4963.61      2.41234e+8 
        4978.61      2.41275e+8 
        4993.61      2.40456e+8 
         5008.6        2.391e+8 
         5023.6      2.37379e+8 
        5038.59      2.35437e+8 
        5053.59      2.33368e+8 
        5068.59      2.31217e+8 
        5083.58      2.29028e+8 
        5098.58      2.26826e+8 
        5113.57      2.24624e+8 
        5128.57      2.22432e+8 
        5143.57      2.20255e+8 
        5158.56      2.18095e+8 
        5173.56      2.15954e+8 
        5188.55      2.13834e+8 
        5203.55      2.11736e+8 
        5218.55      2.09659e+8 
        5233.54      2.07604e+8 
        5248.54      2.05572e+8 
        5263.53      2.03563e+8 
        5278.53      2.01577e+8 
        5293.52      1.99612e+8 
        5308.52       1.9767e+8 
        5323.52      1.95751e+8 
        5338.51      1.93854e+8 
        5353.51       1.9198e+8 
        5368.51       1.9017e+8 
         5383.5      1.88336e+8 
         5398.5      1.86524e+8 
        5413.49      1.84733e+8 
        5428.49      1.82964e+8 
        5443.48      1.81216e+8 
        5458.48       1.7949e+8 
        5473.48      1.77783e+8 
        5488.47      1.76098e+8 
        5503.47      1.74432e+8 
        5518.47      1.72787e+8 
        5533.46      1.71161e+8 
        5548.46      1.69554e+8 
        5563.45      1.67966e+8 
        5578.45      1.66397e+8 
        5593.44      1.64847e+8 
        5608.44      1.63314e+8 
        5623.44        1.618e+8 
        5638.43      1.60303e+8 
        5653.43      1.58823e+8 
        5668.43      1.57362e+8 
        5682.86       1.5597e+8 
        5693.42      1.54962e+8 
        5704.77      1.53887e+8 
        5715.23      1.52904e+8 
        5728.41      1.51677e+8 
         5743.4      1.50297e+8 
         5758.4      1.48932e+8 
         5773.4      1.47553e+8 
        5788.39      1.46218e+8 
        5803.39      1.44899e+8 
        5818.39      1.43594e+8 
        5833.38      1.42304e+8 
        5848.38      1.41029e+8 
        5863.37      1.39768e+8 
        5878.37       1.3852e+8 
        5893.36      1.37287e+8 
        5908.36      1.36067e+8 
        5923.36       1.3486e+8 
        5938.35      1.33667e+8 
        5953.35      1.32487e+8 
        5968.34      1.31319e+8 
        5983.34      1.30164e+8 
        5998.34      1.29021e+8 
        6013.33       1.2789e+8 
        6028.33      1.26772e+8 
        6043.32      1.25665e+8 
        6058.32      1.24569e+8 
        6073.32      1.23485e+8 
        6088.31      1.22411e+8 
        6103.31      1.21348e+8 
         6118.3      1.20295e+8 
         6133.3      1.19252e+8 
         6148.3      1.18218e+8 
        6163.29      1.17193e+8 
        6178.29      1.16177e+8 
        6193.28      1.15168e+8 
        6208.28      1.14167e+8 
        6223.28      1.13173e+8 
        6238.27      1.12184e+8 
        6252.16      1.11273e+8 
        6262.16      1.10621e+8 
        6273.26        1.099e+8 
        6284.63      1.09162e+8 
        6295.99      1.08425e+8 
        6306.09      1.07769e+8 
        6316.22      1.07109e+8 
        6328.25      1.06321e+8 
        6343.24      1.05336e+8 
        6358.24      1.04341e+8 
        6373.23      1.03325e+8 
        6388.23      1.02278e+8 
        6403.23      1.01185e+8 
        6418.22       1.0002e+8 
        6433.22      9.87453e+7 
        6448.22      9.73002e+7 
        6463.21      9.55965e+7 
        6478.21      9.35302e+7 
         6493.2      9.09177e+7 
         6508.2      8.74327e+7 
        6523.19      8.26349e+7 
        6537.09       7.6527e+7 
        6548.11      7.02067e+7 
        6558.19      6.22142e+7 
        6569.28      6.36895e+7 
        6579.79      7.05787e+7 
        6590.04      7.53699e+7 
        6603.34      7.98282e+7 
        6613.66      8.21944e+7 
        6623.98      8.38353e+7 
         6634.3      8.49355e+7 
        6644.62      8.56335e+7 
        6654.94      8.60413e+7 
        6665.26      8.62546e+7 
        6675.58      8.63043e+7 
         6685.9      8.62336e+7 
        6696.23      8.60712e+7 
        6711.48      8.57158e+7 
        6741.98      8.47611e+7 
        6772.48      8.36446e+7 
        6824.78      8.16019e+7 
        6877.08      7.95219e+7 
        6929.38      7.74663e+7 
        6981.68      7.54535e+7 
        7033.98      7.34941e+7 
         7063.4      7.24162e+7 
        7086.27      7.15912e+7 
        7109.15      7.07773e+7 
        7154.89      6.91835e+7 
        7246.38      6.61258e+7 
        7282.23      6.49738e+7 
        7337.87      6.32343e+7 
        7393.51      6.15564e+7 
        7449.15      5.99303e+7 
        7504.79      5.83576e+7 
        7560.43      5.68364e+7 
        7616.07      5.53649e+7 
        7665.55       5.4096e+7 
        7677.88      5.37853e+7 
        7690.22      5.34771e+7 
        7714.89      5.28673e+7 
        7764.22      5.16739e+7 
         7862.9      4.93862e+7 
        7960.91      4.72382e+7 
        7971.63      4.70108e+7 
        7982.34      4.67846e+7 
        8003.78       4.6336e+7 
        8046.64      4.54554e+7 
        8082.55      4.47335e+7 
        8105.88      4.42726e+7 
        8154.36      4.33329e+7 
        8200.85      4.24555e+7 
        8216.85      4.21589e+7 
        8232.84      4.18649e+7 
        8264.83      4.12843e+7 
        8289.72      4.08394e+7 
        8328.82      4.01527e+7 
        8367.92      3.94798e+7 
        8437.95      3.83145e+7 
        8473.98       3.7729e+7 
        8502.48      3.72731e+7 
        8516.58      3.70501e+7 
        8530.98      3.68229e+7 
        8545.38      3.66112e+7 
        8574.18      3.61893e+7 
        8598.39      3.58349e+7 
         8628.6      3.54051e+7 
        8646.81      3.51393e+7 
        8665.01      3.48726e+7 
        8701.43      3.43728e+7 
        8750.47      3.36245e+7 
        8783.66      3.32132e+7 
        8799.51      3.29955e+7 
        8815.35      3.27574e+7 
        8831.29      3.25205e+7 
        8847.03      3.22733e+7 
        8862.78      3.20336e+7 
        8878.53       3.1912e+7 
        8894.27      3.17951e+7 
        8910.02      3.16581e+7 
        8925.77      3.14904e+7 
        8941.51      3.12586e+7 
        8957.26      3.10078e+7 
        8988.75      3.03891e+7 
        9001.83      3.01077e+7 
        9014.91      2.98612e+7 
        9027.99      2.98331e+7 
        9041.06       2.9837e+7 
        9054.14      2.98317e+7 
        9067.21      2.97997e+7 
        9086.83      2.96886e+7 
        9099.72      2.95843e+7 
        9125.49      2.92777e+7 
        9138.38      2.90725e+7 
        9151.27      2.88387e+7 
        9164.16      2.85485e+7 
        9177.05      2.82393e+7 
        9189.94      2.78743e+7 
        9202.83      2.74865e+7 
        9228.19      2.67553e+7 
        9241.22      2.68346e+7 
        9254.24      2.69786e+7 
        9267.26       2.7131e+7 
        9280.28      2.72593e+7 
         9293.3      2.73351e+7 
        9306.32      2.73915e+7 
        9319.34      2.73997e+7 
        9332.36       2.7373e+7 
         9358.4      2.72294e+7 
        9384.08      2.69967e+7 
        9409.77      2.66702e+7 
        9422.61      2.64779e+7 
        9435.45       2.6253e+7 
        9448.29      2.59868e+7 
        9461.14      2.56957e+7 
        9473.98      2.53637e+7 
        9486.82      2.49614e+7 
        9499.66      2.44944e+7 
         9512.5      2.39156e+7 
        9525.35      2.32096e+7 
        9538.19      2.24921e+7 
        9548.88      2.21922e+7 
        9559.57      2.25956e+7 
         9576.1      2.32523e+7 
        9591.66      2.37159e+7 
        9607.21      2.40114e+7 
        9622.76      2.42065e+7 
        9638.32      2.43003e+7 
        9653.87      2.43767e+7 
        9668.45      2.43925e+7 
        9683.03      2.43625e+7 
        9712.19      2.42462e+7 
        9741.36      2.40621e+7 
        9770.52      2.38402e+7 
        9799.68      2.35885e+7 
        9828.84      2.33054e+7 
        9843.43      2.31472e+7 
        9858.01      2.30127e+7 
        9872.59      2.28192e+7 
        9887.17      2.26019e+7 
        9901.75      2.23517e+7 
        9916.33      2.20952e+7 
        9930.92      2.18035e+7 
         9945.5      2.14616e+7 
        9967.47      2.08899e+7 
        9982.11      2.04397e+7 
        9996.76      1.99353e+7 
        10011.4      1.93325e+7 
          10026      1.86549e+7 
        10037.7      1.80438e+7 
        10049.4       1.7563e+7 
        10059.6      1.78443e+7 
        10069.8      1.82545e+7 
          10080      1.86165e+7 
        10090.2       1.8916e+7 
        10100.4      1.91953e+7 
        10117.8      1.95409e+7 
        10129.5       1.9722e+7 
        10141.2      1.98408e+7 
        10152.8      1.99679e+7 
        10164.5      2.00617e+7 
        10176.1       2.0122e+7 
        10187.8       2.0156e+7 
        10199.4       2.0176e+7 
        10211.1      2.01883e+7 
        10231.7      2.01647e+7 
        10242.7      2.01339e+7 
        10253.8      2.00943e+7 
        10275.9       1.9997e+7 
        10320.2      1.97518e+7 
        10364.4      1.94789e+7 
        10452.9      1.88808e+7 
        10541.4      1.82959e+7 
        10585.7      1.80115e+7 
        10629.9      1.77007e+7 
        10674.2      1.73692e+7 
        10718.4      1.69946e+7 
        10740.6      1.67834e+7 
        10762.7      1.65473e+7 
        10784.8      1.62763e+7 
          10807      1.59744e+7 
        10829.1      1.56219e+7 
        10840.1      1.54171e+7 
        10851.2      1.51984e+7 
        10862.3      1.49629e+7 
        10873.3      1.46916e+7 
        10884.4      1.43972e+7 
        10895.5      1.40536e+7 
        10906.5      1.36881e+7 
        10917.6      1.32663e+7 
        10927.8      1.28059e+7 
          10938      1.19855e+7 
          10950      1.27895e+7 
          10966      1.33125e+7 
        10978.8      1.36429e+7 
          10998      1.40198e+7 
        11010.8      1.42142e+7 
        11023.6      1.43599e+7 
        11036.4      1.44752e+7 
        11049.2      1.45688e+7 
          11062      1.46347e+7 
        11074.8      1.46785e+7 
        11087.6      1.47072e+7 
        11113.2      1.47344e+7 
        11138.8      1.47152e+7 
        11164.4      1.46641e+7 
          11190       1.4594e+7 
        11221.4      1.44868e+7 
        11241.2      1.44116e+7 
        11260.9      1.43327e+7 
        11300.4      1.41663e+7 
        11379.4      1.38205e+7 
        11458.5      1.34903e+7 
        11537.5      1.31476e+7 
        11616.5      1.28157e+7 
        11695.5      1.24942e+7 
        11774.6      1.21828e+7 
        11853.6      1.18809e+7 
        11932.6      1.15883e+7 
        12011.6      1.13047e+7 
        12090.6      1.10198e+7 
        12169.7      1.07501e+7 
        12212.7      1.06058e+7 
        12248.7      1.04865e+7 
        12284.6      1.03678e+7 
        12356.5       1.0131e+7 
        12428.4       9.8914e+6 
        12500.3      9.64186e+6 
        12536.2      9.50838e+6 
        12572.2      9.36399e+6 
        12608.1      9.20418e+6 
          12644      9.01876e+6 
          12662       8.9121e+6 
          12680      8.79366e+6 
        12697.9      8.66099e+6 
        12715.9      8.50847e+6 
        12733.9      8.33417e+6 
        12751.9      8.13019e+6 
        12769.8      7.88822e+6 
        12787.8      7.59445e+6 
        12801.3      7.31614e+6 
        12812.5      6.94914e+6 
        12823.2      6.90579e+6 
        12833.9      7.23066e+6 
          12851       7.5069e+6 
        12868.2      7.70083e+6 
        12885.4      7.84559e+6 
        12902.5      7.95373e+6 
        12919.7      8.03258e+6 
        12936.8      8.08976e+6 
          12954      8.12733e+6 
        12971.1       8.1503e+6 
        12988.3      8.16173e+6 
        13005.5      8.16359e+6 
        13039.8      8.14461e+6 
        13074.1      8.10628e+6 
        13108.4      8.05542e+6 
          13177      7.93145e+6 
        13245.7      7.79486e+6 
        13308.4      7.66545e+6 
          13371       7.5353e+6 
        13433.7      7.40593e+6 
        13496.4      7.27832e+6 
        13559.1       7.1529e+6 
        13621.8      7.03283e+6 
        13684.5      6.91163e+6 
        13747.2      6.79303e+6 
        13809.9      6.67698e+6 
        13872.6      6.56338e+6 
        13935.3       6.4522e+6 
          13998      6.34335e+6 
        14060.6      6.23678e+6 
        14123.3      6.13245e+6 
          14186      6.03029e+6 
        14248.7      5.93026e+6 
        14290.8      5.86432e+6 
        14311.4      5.83227e+6 
        14332.1      5.80045e+6 
        14373.4      5.73736e+6 
        14454.3      5.61623e+6 
        14467.5      5.59684e+6 
        14480.7      5.57752e+6 
          14507      5.53913e+6 
        14536.2        5.497e+6 
        14559.7      5.46336e+6 
        14581.2      5.43279e+6 
        14597.2       5.4102e+6 
        14613.2      5.38774e+6 
        14645.2      5.34316e+6 
        14709.2      5.25538e+6 
        14773.2       5.1694e+6 
        14837.1      5.08517e+6 
        14901.1      5.00267e+6 
        14965.1      4.92181e+6 
        15029.1      4.84261e+6 
        15093.1      4.76495e+6 
        15157.1      4.68889e+6 
          15221      4.61431e+6 
          15285       4.5412e+6 
          15349      4.46958e+6 
          15413      4.39933e+6 
        15471.6      4.33621e+6 
        15482.4      4.32472e+6 
        15493.1      4.31338e+6 
        15514.7      4.29085e+6 
        15557.9      4.24618e+6 
        15644.2      4.15862e+6 
        15730.5      4.07329e+6 
        15816.8      3.99014e+6 
        15903.1      3.90912e+6 
        15989.4      3.83014e+6 
        16075.8      3.75314e+6 
        16162.1      3.67808e+6 
        16248.4      3.60488e+6 
        16289.9      3.57033e+6 
        16334.7      3.53351e+6 
        16379.5      3.49735e+6 
        16469.1      3.42726e+6 
        16558.8      3.35915e+6 
        16648.4       3.2927e+6 
          16738      3.22786e+6 
        16827.7      3.16465e+6 
        16917.3      3.10295e+6 
        17006.9      3.04276e+6 
        17096.6      2.98401e+6 
        17186.2      2.92668e+6 
        17275.8      2.87072e+6 
        17327.7      2.83894e+6 
        17365.5      2.81608e+6 
        17403.2      2.79344e+6 
        17478.8      2.74877e+6 
        17554.3      2.70498e+6 
        17629.9      2.66205e+6 
        17705.4      2.61997e+6 
          17781      2.57872e+6 
        17856.5      2.53827e+6 
        17932.1       2.4986e+6 
        18007.6       2.4562e+6 
        18083.2      2.41701e+6 
        18158.7      2.37814e+6 
        18234.3      2.33927e+6 
        18309.8      2.29981e+6 
        18343.7      2.28166e+6 
        18385.3      2.25877e+6 
          18427      2.23478e+6 
        18468.6      2.20885e+6 
        18510.2         2.18e+6 
        18551.8      2.14654e+6 
        18572.6      2.12732e+6 
        18593.4      2.10596e+6 
        18614.2      2.08195e+6 
          18635      2.05454e+6 
        18655.8      2.02272e+6 
        18676.6      1.98544e+6 
          18687      1.96416e+6 
        18697.4      1.94073e+6 
        18707.8      1.91456e+6 
        18718.2      1.88503e+6 
        18728.6      1.84893e+6 
          18739       1.7977e+6 
        18749.1       1.6516e+6 
        18760.3      1.77055e+6 
        18772.1      1.82755e+6 
        18785.5      1.86429e+6 
        18798.9      1.89054e+6 
        18812.3      1.91138e+6 
        18825.8      1.92825e+6 
        18839.2      1.94184e+6 
        18852.6      1.95285e+6 
          18866       1.9616e+6 
        18892.9      1.97356e+6 
        18919.7      1.97994e+6 
        18946.5      1.98229e+6 
        18973.4      1.98149e+6 
        19027.1      1.97352e+6 
        19080.7      1.96034e+6 
        19134.4      1.94446e+6 
        19188.1      1.92711e+6 
        19241.8      1.90899e+6 
        19295.5      1.89043e+6 
        19349.2      1.87169e+6 
        19402.8      1.85291e+6 
        19450.7      1.83621e+6 
        19546.4      1.80284e+6 
          19642      1.77133e+6 
        19737.7      1.73868e+6 
        19833.4      1.70678e+6 
        19929.1      1.67561e+6 
        20024.8      1.64514e+6 
        20120.5      1.61536e+6 
        20216.1      1.58625e+6 
        20311.8      1.55779e+6 
        20340.6      1.54935e+6 
        20407.5      1.52996e+6 
        20474.4      1.51087e+6 
        20541.3      1.49202e+6 
        20608.2      1.47346e+6 
        20675.1      1.45519e+6 
          20742      1.43719e+6 
        20808.9      1.41948e+6 
        20875.8      1.40203e+6 
        20942.7      1.38486e+6 
        21009.6      1.36794e+6 
        21076.5      1.35128e+6 
        21143.4      1.33488e+6 
        21210.2      1.31872e+6 
        21277.1       1.3028e+6 
          21344      1.28713e+6 
        21410.9      1.27169e+6 
        21477.8      1.25647e+6 
        21544.7      1.24149e+6 
        21592.6      1.23089e+6 
        21611.6      1.22673e+6 
        21630.6      1.22258e+6 
        21668.6      1.21431e+6 
        21744.6        1.198e+6 
        21820.5      1.18196e+6 
        21896.5      1.16618e+6 
        21972.5      1.15067e+6 
        22048.5      1.13541e+6 
        22124.4      1.12041e+6 
        22200.4      1.10565e+6 
        22276.4      1.09114e+6 
        22352.4      1.07686e+6 
        22428.3      1.06281e+6 
        22504.3        1.049e+6 
        22580.3       1.0354e+6 
        22656.3      1.02203e+6 
        22677.6      1.01831e+6 
        22732.2      1.00887e+6 
        22784.8          999881 
        22800.8          997167 
        22816.8          994462 
        22848.8          989077 
        22912.8          978421 
        22976.8          967903 
        23040.8          957529 
        23104.8          947294 
        23168.7          937194 
        23232.7          927229 
        23296.7          917395 
        23360.7          907694 
        23424.7          898119 
        23488.6          888669 
        23552.6          879344 
        23616.6          870139 
        23680.6          861057 
        23744.6          852091 
        23808.6          843244 
        23872.5          834511 
        23936.5          825887 
        24000.5          817376 
        24064.5          808976 
        24128.5          800682 
        24192.5          792495 
        24256.4          784412 
        24320.4          776432 
        24384.4          768553 
        24448.4          760774 
        24512.4          753093 
        24576.3          745509 
        24640.3          738020 
        24704.3          730624 
        24768.3          723320 
        24832.3          716107 
        24896.3          708985 
        24960.2          701951 
        25004.4          697141 
        25024.2          695002 
          25044          692872 
        25083.6          688650 
        25162.8          680299 
        25241.9          672078 
        25321.1          663979 
        25400.2          655999 
        25479.4          648142 
        25558.5          640401 
        25637.7          632776 
        25716.9          625265 
          25796          617863 
        25875.2          610572 
        25954.3          603387 
        26033.5          596309 
        26112.7          589331 
        26191.8          582461 
          26271          575684 
        26350.1          569012 
        26429.3          562433 
        26508.4          555949 
        26587.6          549556 
        26666.8          543257 
        26745.9          537049 
        26825.1          530929 
        26904.2          524894 
        26983.4          518947 
        27062.6          513082 
        27141.7          507301 
        27220.9          501599 
        27299.2          496039 
        27377.5          490572 
        27455.8          485178 
        27534.2          479863 
        27612.5          474616 
        27690.8          469442 
        27769.1          464340 
        27847.5          459304 
        27925.8          454337 
        28004.1          449439 
        28082.4          444604 
        28160.8          439836 
        28239.1          435133 
        28317.4          430489 
        28395.7          425909 
          28474          421388 
        28552.4          416927 
        28630.7          412526 
          28709          408184 
        28787.3          403896 
        28865.7          399667 
          28944          395492 
        29022.3          391370 
        29100.6          387305 
          29179          383290 
        29257.3          379328 
        29335.6          375417 
        29413.9          371556 
        29492.3          367742 
        29570.6          363979 
        29648.9          360265 
        29727.2          356596 
        29805.5          352977 
        29883.9          349402 
        29932.6          347199 
        29962.2          345871 
        29991.8          344548 
