# Koester WD models
# teff = 18750 K (value for the effective temperature for the model. Temperatures are given in K)
# logg = 8.75 log(cm/s2) (value for Log(G) for the model.)
#
# column 1: WAVELENGTH (ANGSTROM), Wavelength in Angstrom
# column 2: FLUX (ERG/CM2/S/A), Flux in erg/cm2/s/A
         899.23      5.13101e+6 
        909.241      5.59819e+6 
        919.241      1.02022e+7 
        929.261      1.32211e+7 
        939.271      2.80165e+7 
         949.28      8.18259e+6 
        959.289      9.64428e+7 
        969.297      4.17624e+7 
        979.305      9.09846e+7 
        989.312      2.83378e+8 
        999.319      5.93177e+8 
        1009.33      2.94137e+8 
        1019.33       7.9122e+7 
        1029.34      6.62414e+7 
        1039.34      3.07597e+8 
        1049.35      1.06026e+9 
        1059.36      1.22475e+9 
        1069.36        3.479e+9 
        1079.36      3.54061e+9 
        1089.37      8.96523e+9 
        1099.37      9.36682e+9 
        1109.38      8.99724e+9 
        1119.38      8.34643e+9 
        1129.38       7.6877e+9 
        1139.39      6.76671e+9 
        1149.39       5.6768e+9 
        1159.39      4.41818e+9 
        1169.39       3.0913e+9 
         1179.4      1.83807e+9 
         1189.4      8.94421e+8 
         1199.4      3.78653e+8 
         1209.4      1.63895e+8 
        1219.41      1.46615e+8 
        1229.41      3.07399e+8 
        1239.41       9.1589e+8 
        1249.41      2.09298e+9 
        1259.41      3.38547e+9 
        1269.41      4.46342e+9 
        1279.42      5.28912e+9 
        1289.42      5.85247e+9 
        1299.42      6.18536e+9 
        1309.42      6.43269e+9 
        1319.42      6.54202e+9 
        1329.42      6.52188e+9 
        1339.42      6.53147e+9 
        1349.42      6.60529e+9 
        1359.42      6.54611e+9 
        1369.42      6.21806e+9 
        1379.42      5.89708e+9 
        1389.42      5.50457e+9 
        1399.42      5.60184e+9 
        1409.42      6.10248e+9 
        1419.42      6.35821e+9 
        1429.42      6.34976e+9 
        1439.42      6.26251e+9 
        1454.42      6.10069e+9 
        1464.42      5.98894e+9 
        1474.42       5.8782e+9 
        1489.42      5.71572e+9 
        1504.42      5.55829e+9 
        1514.42        5.456e+9 
        1529.42      5.30659e+9 
        1544.42       5.1623e+9 
        1559.42      5.02316e+9 
        1570.19      4.92627e+9 
        1584.41      4.80233e+9 
        1599.41      4.67708e+9 
        1614.41      4.55701e+9 
        1629.41       4.4414e+9 
        1644.41      4.32959e+9 
        1659.41      4.22139e+9 
        1670.17       4.1458e+9 
         1684.4       4.0487e+9 
         1699.4      3.94986e+9 
         1714.4      3.85433e+9 
         1729.4      3.76187e+9 
         1744.4      3.67236e+9 
        1759.39      3.58581e+9 
         1771.7      3.51695e+9 
        1784.39       3.4478e+9 
        1799.39      3.36848e+9 
           1824      3.24357e+9 
        1834.77      3.19092e+9 
        1845.54      3.13952e+9 
           1864      3.05399e+9 
        1876.29      2.99888e+9 
        1888.59      2.94518e+9 
        1906.98      2.86724e+9 
        1919.37      2.81632e+9 
        1931.76      2.76673e+9 
        1944.47      2.71707e+9 
        1956.53      2.67111e+9 
         1967.6      2.62984e+9 
        1992.71      2.53954e+9 
        2017.81      2.45341e+9 
        2042.42      2.37276e+9 
        2067.03      2.29565e+9 
        2091.64       2.2221e+9 
         2116.2      2.15183e+9 
           2129      2.11644e+9 
         2141.8      2.08181e+9 
        2165.47      2.01971e+9 
        2210.96      1.90729e+9 
        2225.91      1.87224e+9 
        2240.86      1.83806e+9 
        2263.91      1.78698e+9 
        2306.93      1.69674e+9 
        2319.34      1.67186e+9 
        2331.75      1.64748e+9 
        2350.78      1.61101e+9 
        2362.35      1.58936e+9 
        2373.93      1.56811e+9 
        2384.89      1.54834e+9 
        2397.08      1.52673e+9 
        2409.27      1.50551e+9 
        2433.66      1.46428e+9 
        2451.59       1.4349e+9 
        2466.76      1.41067e+9 
        2488.39      1.37706e+9 
        2510.01      1.34454e+9 
         2547.3      1.29082e+9 
        2559.23      1.27422e+9 
        2571.17      1.25794e+9 
        2595.04      1.22619e+9 
        2627.89       1.1842e+9 
        2642.78      1.16578e+9 
        2657.67      1.14774e+9 
        2687.45      1.11281e+9 
        2717.24      1.07926e+9 
        2737.93      1.05672e+9 
        2756.11      1.03744e+9 
        2766.75      1.02638e+9 
        2810.65      9.82354e+8 
        2854.55      9.40759e+8 
        2898.45      9.01505e+8 
        2931.71      8.73174e+8 
        2942.34      8.64359e+8 
        2952.98      8.55657e+8 
        2974.26      8.38623e+8 
        3016.81       8.0585e+8 
        3051.42      7.80412e+8 
        3086.03      7.56049e+8 
        3120.64      7.32657e+8 
        3149.86      7.13628e+8 
        3168.31      7.01957e+8 
         3208.3      6.77488e+8 
        3229.85      6.64761e+8 
        3248.29      6.54108e+8 
        3288.29       6.3179e+8 
        3346.73      6.00905e+8 
        3365.18      5.91574e+8 
        3405.17       5.7198e+8 
        3445.17      5.53203e+8 
        3485.16      5.35224e+8 
        3506.71      5.25846e+8 
        3525.16      5.17983e+8 
         3543.6      5.10267e+8 
        3569.71      4.99611e+8 
        3580.49      4.95288e+8 
        3591.28         4.91e+8 
        3612.86      4.82564e+8 
        3635.88      4.73784e+8 
        3647.12      4.69574e+8 
        3658.96      4.65182e+8 
        3671.11      4.60667e+8 
         3682.7      4.56451e+8 
        3692.77      4.52813e+8 
        3702.89      4.49182e+8 
        3712.93       4.4561e+8 
        3723.11      4.42019e+8 
        3733.35      4.38419e+8 
        3743.66       4.3496e+8 
         3753.7      4.31567e+8 
        3764.81      4.27715e+8 
         3775.5      4.24486e+8 
        3786.22      4.21338e+8 
        3796.45      4.15626e+8 
        3807.84      4.16041e+8 
        3818.92      4.12918e+8 
        3830.45      4.02199e+8 
        3840.76      4.01803e+8 
        3851.98      4.09786e+8 
        3862.01      4.08608e+8 
        3872.59        3.964e+8 
         3884.4      3.70557e+8 
        3894.46       3.7237e+8 
        3906.57      3.99479e+8 
        3918.71      4.13255e+8 
        3928.89      4.13449e+8 
        3939.22      4.01266e+8 
        3951.72      3.69219e+8 
        3961.86      3.30087e+8 
        3972.06      3.03032e+8 
        3982.23       3.4397e+8 
        3993.87      3.84434e+8 
        4006.37      4.13723e+8 
        4018.86      4.26726e+8 
        4032.38      4.28969e+8 
        4043.86      4.22623e+8 
        4056.32      4.04141e+8 
        4066.35      3.78477e+8 
        4078.85      3.36584e+8 
        4090.29      2.89577e+8 
        4100.67      2.37185e+8 
        4111.66       2.7936e+8 
        4122.41       3.2108e+8 
        4133.78      3.56791e+8 
        4143.83      3.85238e+8 
        4158.83      4.12212e+8 
        4173.82      4.24825e+8 
        4188.82       4.2972e+8 
        4203.81      4.30156e+8 
        4216.52      4.28227e+8 
        4228.81      4.24341e+8 
        4243.81      4.16355e+8 
         4258.8      4.03148e+8 
         4273.8        3.823e+8 
        4288.79      3.52537e+8 
        4303.79       3.1589e+8 
        4314.07      2.86614e+8 
        4326.14      2.47203e+8 
        4336.17      2.06927e+8 
        4346.88      2.15338e+8 
        4357.43      2.51796e+8 
        4367.98      2.80892e+8 
        4378.77      3.06205e+8 
        4393.77      3.34558e+8 
        4408.76      3.55452e+8 
        4423.76       3.6854e+8 
        4438.75      3.74946e+8 
        4453.75      3.77217e+8 
        4468.74      3.77063e+8 
        4483.74       3.7553e+8 
        4498.74      3.73281e+8 
        4513.73      3.70554e+8 
        4527.19       3.6783e+8 
        4538.73      3.65352e+8 
        4553.72      3.61981e+8 
        4568.72      3.58478e+8 
        4583.72      3.54868e+8 
        4596.53      3.51708e+8 
        4608.71      3.48695e+8 
         4623.7      3.44821e+8 
         4638.7      3.40835e+8 
         4653.7      3.36706e+8 
        4668.69      3.32355e+8 
        4683.69      3.27627e+8 
        4698.68      3.22393e+8 
        4713.68      3.16384e+8 
        4724.83      3.11252e+8 
        4738.67      3.03865e+8 
        4753.67      2.94648e+8 
        4768.67      2.83718e+8 
        4783.66      2.70202e+8 
        4798.66      2.53781e+8 
        4813.65      2.33948e+8 
        4828.65      2.10936e+8 
        4839.16      1.92236e+8 
        4850.22       1.6939e+8 
        4860.28      1.31742e+8 
        4870.65      1.63511e+8 
        4882.91      1.86747e+8 
        4893.63      2.02893e+8 
        4908.63      2.20987e+8 
         4921.7      2.33496e+8 
        4933.62       2.4223e+8 
        4948.62      2.50154e+8 
        4963.61      2.55152e+8 
        4978.61      2.58062e+8 
        4993.61       2.5952e+8 
         5008.6      2.59803e+8 
         5023.6      2.59162e+8 
        5038.59      2.57889e+8 
        5053.59      2.56216e+8 
        5068.59      2.54269e+8 
        5083.58      2.52166e+8 
        5098.58      2.49981e+8 
        5113.57      2.47741e+8 
        5128.57      2.45472e+8 
        5143.57      2.43182e+8 
        5158.56      2.40887e+8 
        5173.56      2.38595e+8 
        5188.55      2.36312e+8 
        5203.55      2.34041e+8 
        5218.55      2.31784e+8 
        5233.54      2.29545e+8 
        5248.54      2.27323e+8 
        5263.53      2.25122e+8 
        5278.53      2.22939e+8 
        5293.52      2.20778e+8 
        5308.52      2.18639e+8 
        5323.52      2.16523e+8 
        5338.51      2.14428e+8 
        5353.51      2.12357e+8 
        5368.51      2.10451e+8 
         5383.5      2.08411e+8 
         5398.5      2.06395e+8 
        5413.49      2.04402e+8 
        5428.49      2.02434e+8 
        5443.48      2.00489e+8 
        5458.48      1.98566e+8 
        5473.48      1.96667e+8 
        5488.47       1.9479e+8 
        5503.47      1.92935e+8 
        5518.47      1.91102e+8 
        5533.46      1.89291e+8 
        5548.46      1.87502e+8 
        5563.45      1.85733e+8 
        5578.45      1.83984e+8 
        5593.44      1.82256e+8 
        5608.44      1.80548e+8 
        5623.44       1.7886e+8 
        5638.43      1.77191e+8 
        5653.43      1.75542e+8 
        5668.43      1.74078e+8 
        5682.86      1.72516e+8 
        5693.42      1.71387e+8 
        5704.77      1.70182e+8 
        5715.23       1.6908e+8 
        5728.41      1.67706e+8 
         5743.4      1.66159e+8 
         5758.4      1.64631e+8 
         5773.4      1.63017e+8 
        5788.39       1.6152e+8 
        5803.39       1.6004e+8 
        5818.39      1.58577e+8 
        5833.38      1.57131e+8 
        5848.38      1.55701e+8 
        5863.37      1.54286e+8 
        5878.37      1.52888e+8 
        5893.36      1.51504e+8 
        5908.36      1.50135e+8 
        5923.36       1.4878e+8 
        5938.35       1.4744e+8 
        5953.35      1.46114e+8 
        5968.34      1.44803e+8 
        5983.34      1.43504e+8 
        5998.34       1.4222e+8 
        6013.33      1.40948e+8 
        6028.33      1.39688e+8 
        6043.32      1.38442e+8 
        6058.32      1.37207e+8 
        6073.32       1.3598e+8 
        6088.31      1.34763e+8 
        6103.31      1.33555e+8 
         6118.3      1.32356e+8 
         6133.3      1.31164e+8 
         6148.3      1.29982e+8 
        6163.29      1.28805e+8 
        6178.29      1.27632e+8 
        6193.28      1.26462e+8 
        6208.28      1.25292e+8 
        6223.28       1.2412e+8 
        6238.27      1.22943e+8 
        6252.16      1.21849e+8 
        6262.16      1.21073e+8 
        6273.26      1.20205e+8 
        6284.63       1.1931e+8 
        6295.99      1.18407e+8 
        6306.09      1.17603e+8 
        6316.22      1.16786e+8 
        6328.25      1.15798e+8 
        6343.24      1.14536e+8 
        6358.24      1.13229e+8 
        6373.23      1.11863e+8 
        6388.23       1.1042e+8 
        6403.23      1.08865e+8 
        6418.22      1.07159e+8 
        6433.22      1.05251e+8 
        6448.22      1.03054e+8 
        6463.21      1.00479e+8 
        6478.21      9.74334e+7 
         6493.2      9.38488e+7 
         6508.2      8.95624e+7 
        6523.19      8.43709e+7 
         6536.1      7.89994e+7 
        6546.46      7.38237e+7 
        6556.87      6.66439e+7 
        6567.44      6.50105e+7 
         6577.7      7.20446e+7 
        6587.91      7.64862e+7 
        6598.17      8.00318e+7 
         6608.5      8.29346e+7 
        6618.82      8.52826e+7 
        6629.14      8.71591e+7 
        6644.62      8.92464e+7 
        6654.94       9.0263e+7 
        6665.26      9.10185e+7 
        6675.58      9.15441e+7 
         6685.9      9.18834e+7 
        6696.23      9.20584e+7 
        6711.48       9.2103e+7 
        6726.73      9.19594e+7 
        6741.98      9.16783e+7 
        6772.48      9.08476e+7 
        6802.98      8.98046e+7 
        6824.78      8.89831e+7 
        6868.37      8.72477e+7 
        6955.56      8.36713e+7 
        6976.35      8.28133e+7 
        7042.75      8.01097e+7 
        7109.15      7.74811e+7 
        7175.54      7.49474e+7 
        7241.94      7.25108e+7 
        7308.33       7.0169e+7 
        7355.95      6.85467e+7 
        7374.73      6.79335e+7 
        7393.51      6.73124e+7 
        7431.08      6.60916e+7 
        7506.22      6.37329e+7 
        7581.35      6.14781e+7 
         7635.1      5.99265e+7 
        7656.49      5.93224e+7 
        7677.88      5.87261e+7 
        7720.67      5.75565e+7 
        7806.23      5.53037e+7 
        7821.36      5.49169e+7 
         7891.8      5.31598e+7 
        7962.25      5.14728e+7 
        7982.84      5.09924e+7 
        8032.69      4.98527e+7 
        8082.55       4.8745e+7 
        8161.68      4.70491e+7 
        8182.26        4.662e+7 
        8200.85      4.62367e+7 
        8216.85        4.591e+7 
        8232.84      4.55864e+7 
        8264.83      4.49477e+7 
        8289.72      4.44586e+7 
        8328.82      4.37033e+7 
        8367.92      4.29638e+7 
        8437.95      4.16792e+7 
        8473.98      4.10358e+7 
        8502.48      4.05363e+7 
        8516.58      4.02916e+7 
        8530.98      4.00437e+7 
        8545.38      3.98012e+7 
        8574.18      3.93192e+7 
        8598.39      3.89206e+7 
         8628.6      3.84302e+7 
        8646.81      3.81374e+7 
        8665.01      3.78468e+7 
        8685.59      3.75235e+7 
        8701.43      3.72763e+7 
        8750.47      3.65066e+7 
        8767.92      3.62436e+7 
        8815.35      3.55295e+7 
        8862.78      3.48481e+7 
        8900.38      3.43527e+7 
        8957.65      3.35428e+7 
        8986.28      3.31234e+7 
        9014.91      3.27118e+7 
        9043.54      3.23861e+7 
        9072.17      3.20615e+7 
        9099.72      3.17254e+7 
        9154.81      3.09953e+7 
         9190.8      3.04464e+7 
         9209.9      3.01488e+7 
        9229.01      2.98835e+7 
        9248.11      2.96872e+7 
        9267.22      2.95724e+7 
        9305.43      2.93177e+7 
        9343.64      2.89839e+7 
        9379.63      2.85951e+7 
        9397.45       2.8376e+7 
        9415.28       2.8142e+7 
        9450.94      2.76065e+7 
        9468.76      2.73152e+7 
        9486.59      2.69895e+7 
        9498.52      2.67642e+7 
        9522.24      2.62363e+7 
         9534.1      2.59595e+7 
        9545.97      2.57064e+7 
        9557.83      2.57202e+7 
        9569.68       2.5796e+7 
        9581.55      2.58566e+7 
        9593.41      2.58931e+7 
        9605.27      2.58999e+7 
        9628.99      2.58866e+7 
        9668.45      2.57718e+7 
        9707.92      2.55531e+7 
        9747.38      2.52546e+7 
        9786.84      2.49061e+7 
        9826.31       2.4495e+7 
        9846.04      2.43044e+7 
        9865.77      2.40446e+7 
         9885.5      2.37604e+7 
        9905.23       2.3432e+7 
        9924.97      2.30792e+7 
        9936.58      2.28736e+7 
        9952.82      2.25414e+7 
        9969.06      2.21952e+7 
        10001.6      2.14271e+7 
        10018.7      2.09708e+7 
          10034      2.05634e+7 
        10049.4      2.03096e+7 
        10064.7      2.03518e+7 
          10080      2.05407e+7 
        10095.3      2.07243e+7 
          10126      2.09977e+7 
        10156.6      2.11709e+7 
        10187.3      2.12523e+7 
        10198.6      2.12676e+7 
        10217.9      2.12732e+7 
        10237.2      2.12402e+7 
        10256.5      2.11854e+7 
          10295       2.1031e+7 
        10333.6       2.0825e+7 
        10372.2      2.05958e+7 
        10410.7      2.03548e+7 
        10449.3      2.00273e+7 
        10526.4      1.94814e+7 
          10565      1.92238e+7 
        10603.6      1.89171e+7 
        10642.1      1.85885e+7 
        10680.7       1.8225e+7 
        10719.3      1.78053e+7 
        10757.8      1.73312e+7 
        10796.4      1.67864e+7 
        10815.7       1.6481e+7 
          10835      1.61711e+7 
        10854.2      1.58146e+7 
        10873.5      1.54268e+7 
        10886.1      1.51495e+7 
        10899.1      1.48386e+7 
        10912.1      1.44996e+7 
        10925.1        1.411e+7 
        10936.5       1.3606e+7 
          10947      1.38858e+7 
        10963.3      1.42511e+7 
        10982.8      1.45634e+7 
        10995.8      1.47144e+7 
        11008.8      1.48731e+7 
        11021.8      1.49876e+7 
        11034.8      1.50881e+7 
        11060.8      1.52323e+7 
        11086.8       1.5343e+7 
        11112.8      1.54081e+7 
        11138.8      1.54253e+7 
        11164.8      1.54323e+7 
        11190.8       1.5405e+7 
        11216.8      1.53514e+7 
        11260.9      1.52217e+7 
          11305      1.50567e+7 
        11349.1      1.48733e+7 
        11437.4      1.44875e+7 
        11525.6      1.41259e+7 
        11613.8      1.37293e+7 
          11702      1.33465e+7 
        11790.2      1.29768e+7 
        11878.5      1.26197e+7 
        11966.7      1.22747e+7 
        12054.9      1.19118e+7 
        12143.1      1.15795e+7 
        12178.1      1.14492e+7 
        12231.4      1.12516e+7 
        12284.6      1.10528e+7 
        12337.9      1.08503e+7 
        12391.2      1.06414e+7 
        12444.4       1.0421e+7 
        12497.7      1.01824e+7 
        12550.9      9.92093e+6 
        12577.6      9.77576e+6 
        12604.2      9.61764e+6 
        12630.8      9.44774e+6 
        12657.5      9.26371e+6 
        12684.1      9.05608e+6 
        12710.7      8.82788e+6 
          12724      8.69891e+6 
        12737.4      8.56329e+6 
        12750.7       8.4167e+6 
          12764      8.25453e+6 
        12777.3      8.07669e+6 
        12790.6      7.86818e+6 
        12803.9      7.60394e+6 
        12814.8      7.30712e+6 
        12827.5      7.44344e+6 
        12840.1      7.67943e+6 
        12852.7      7.83595e+6 
        12865.3      7.95844e+6 
        12877.9      8.05394e+6 
        12890.5      8.14159e+6 
        12903.1      8.21181e+6 
        12915.7      8.27329e+6 
        12940.9      8.36707e+6 
        12966.1      8.43499e+6 
        12991.3      8.47994e+6 
        13016.5      8.50288e+6 
        13041.7      8.51566e+6 
        13066.9      8.51475e+6 
        13092.1       8.5019e+6 
        13142.5      8.45139e+6 
        13192.9      8.37948e+6 
        13243.3      8.29223e+6 
          13279      8.22434e+6 
        13293.7      8.19544e+6 
        13308.4       8.1661e+6 
        13337.7      8.10644e+6 
        13396.3      7.98445e+6 
          13455       7.8607e+6 
        13513.7      7.73718e+6 
        13572.3      7.61462e+6 
          13631      7.50354e+6 
        13689.6      7.38227e+6 
        13748.3      7.26346e+6 
          13807        7.147e+6 
        13865.6      7.03286e+6 
        13924.3      6.92099e+6 
        13982.9      6.81132e+6 
        14041.6      6.70381e+6 
        14100.2      6.59841e+6 
        14158.9      6.49509e+6 
        14217.6      6.39377e+6 
        14276.2       6.2944e+6 
        14332.1      6.20157e+6 
        14387.9      6.11008e+6 
        14429.9      6.04241e+6 
        14443.8      6.02027e+6 
        14457.6      5.99821e+6 
        14485.4      5.95442e+6 
        14498.5      5.93381e+6 
        14540.9      5.86799e+6 
        14581.2      5.80617e+6 
        14597.2      5.78185e+6 
        14613.2      5.75769e+6 
        14645.2      5.70975e+6 
        14709.2      5.61535e+6 
        14773.2      5.52289e+6 
        14837.1      5.43235e+6 
        14901.1      5.34363e+6 
        14965.1      5.25673e+6 
        15029.1      5.17156e+6 
        15093.1      5.08815e+6 
        15157.1      5.00638e+6 
          15221      4.92627e+6 
          15285      4.84776e+6 
          15349      4.77079e+6 
          15413      4.69536e+6 
        15471.6       4.6276e+6 
        15482.4      4.61525e+6 
        15493.1      4.60297e+6 
        15514.7      4.57856e+6 
        15557.9      4.53018e+6 
        15644.2      4.43536e+6 
        15730.5        4.343e+6 
        15816.8      4.25306e+6 
        15903.1      4.16541e+6 
        15989.4      4.08002e+6 
        16075.8       3.9968e+6 
        16162.1      3.91571e+6 
        16248.4      3.83667e+6 
        16289.9      3.79938e+6 
        16334.7      3.75961e+6 
        16379.5      3.72034e+6 
        16469.1      3.64412e+6 
        16558.8      3.56985e+6 
        16648.4      3.49747e+6 
          16738      3.42691e+6 
        16827.7      3.35811e+6 
        16917.3      3.29107e+6 
        17006.9      3.22566e+6 
        17096.6      3.16189e+6 
        17186.2      3.09968e+6 
        17275.8        3.039e+6 
        17327.7      3.00458e+6 
        17365.5       2.9798e+6 
        17403.2      2.95529e+6 
        17478.8      2.90747e+6 
        17554.3      2.86061e+6 
        17629.9       2.8147e+6 
        17705.4       2.7697e+6 
          17781       2.7256e+6 
        17856.5      2.68237e+6 
        17932.1         2.64e+6 
        18007.6      2.58813e+6 
        18083.2      2.54479e+6 
        18158.7      2.50123e+6 
        18234.3      2.45684e+6 
        18309.8      2.41066e+6 
        18343.7       2.3889e+6 
        18385.3      2.36097e+6 
          18427      2.33116e+6 
        18468.6       2.2987e+6 
        18510.2      2.26256e+6 
        18551.8      2.22134e+6 
        18593.4      2.17367e+6 
        18614.2       2.1465e+6 
          18635      2.11671e+6 
        18655.8      2.08335e+6 
        18676.6        2.046e+6 
          18687      2.02492e+6 
        18697.4      2.00195e+6 
        18707.8      1.97591e+6 
        18718.2      1.94531e+6 
        18728.6      1.90643e+6 
          18739       1.8473e+6 
        18749.4      1.69398e+6 
        18760.8      1.82029e+6 
        18770.8      1.87883e+6 
        18780.9      1.91208e+6 
        18794.3      1.94241e+6 
        18807.7      1.96432e+6 
        18821.1      1.98189e+6 
        18834.6      1.99607e+6 
        18861.4      2.01813e+6 
        18888.2      2.03362e+6 
        18915.1      2.04432e+6 
        18941.9      2.05106e+6 
        18968.8      2.05475e+6 
        18995.6      2.05588e+6 
        19049.3      2.05214e+6 
          19103      2.04281e+6 
        19156.7      2.02987e+6 
        19210.3      2.01459e+6 
          19264      1.99781e+6 
        19317.7      1.98008e+6 
        19371.4      1.96177e+6 
        19399.4      1.95205e+6 
        19425.1      1.94312e+6 
        19450.7      1.93416e+6 
        19501.9      1.91607e+6 
        19553.1      1.90315e+6 
        19604.4      1.88428e+6 
        19655.6      1.86564e+6 
        19706.8      1.84723e+6 
          19758      1.82905e+6 
        19809.3      1.81108e+6 
        19860.5      1.79334e+6 
        19911.7      1.77581e+6 
          19963       1.7585e+6 
        20014.2       1.7414e+6 
        20065.4       1.7245e+6 
        20116.6       1.7078e+6 
        20167.9      1.69131e+6 
        20219.1      1.67502e+6 
        20270.3      1.65891e+6 
        20321.5      1.64301e+6 
        20372.8      1.62729e+6 
          20424      1.61176e+6 
        20474.4      1.59666e+6 
        20524.8      1.58166e+6 
        20575.2      1.56684e+6 
        20625.6      1.55219e+6 
          20676      1.53771e+6 
        20726.4       1.5234e+6 
        20776.8      1.50926e+6 
        20827.2      1.49528e+6 
        20877.5      1.48146e+6 
        20927.9      1.46779e+6 
        20978.3      1.45429e+6 
        21028.7      1.44094e+6 
        21079.1      1.42774e+6 
        21129.5      1.41469e+6 
        21179.9      1.40179e+6 
        21230.3      1.38904e+6 
        21280.7      1.37643e+6 
        21331.1      1.36396e+6 
        21381.5      1.35163e+6 
        21431.9      1.33944e+6 
        21482.3      1.32739e+6 
        21532.7      1.31547e+6 
        21583.1      1.30369e+6 
        21630.6      1.29269e+6 
        21725.7      1.27097e+6 
        21820.8       1.2497e+6 
        21915.9      1.22887e+6 
          22011      1.20848e+6 
        22106.1      1.18851e+6 
        22201.2      1.16894e+6 
        22296.3      1.14978e+6 
        22391.3        1.131e+6 
        22486.4       1.1126e+6 
        22581.5      1.09458e+6 
        22676.6      1.07692e+6 
        22756.6      1.06235e+6 
        22771.7      1.05962e+6 
        22784.8      1.05725e+6 
        22800.8      1.05438e+6 
        22816.8      1.05151e+6 
        22848.8      1.04581e+6 
        22912.8      1.03452e+6 
        22976.8      1.02338e+6 
        23040.8      1.01239e+6 
        23104.8      1.00155e+6 
        23168.7          990855 
        23232.7          980299 
        23296.7          969885 
        23360.7          959606 
        23424.7          949465 
        23488.6          939456 
        23552.6          929578 
        23616.6          919830 
        23680.6          910210 
        23744.6          900713 
        23808.6          891342 
        23872.5          882090 
        23936.5          872961 
        24000.5          863947 
        24064.5          855050 
        24128.5          846267 
        24192.5          837596 
        24256.4          829035 
        24320.4          820581 
        24384.4          812237 
        24448.4          803996 
        24512.4          795863 
        24576.3          787830 
        24640.3          779900 
        24704.3          772065 
        24768.3          764334 
        24832.3          756693 
        24896.3          749150 
        24960.2          741702 
        25004.4          736612 
        25024.2          734344 
          25044          732088 
        25083.6          727609 
        25162.8          718752 
        25241.9          710028 
        25321.1          701436 
        25400.2          692976 
        25479.4          684641 
        25558.5          676429 
        25637.7          668342 
        25716.9          660372 
          25796          652525 
        25875.2          644790 
        25954.3          637172 
        26033.5          629663 
        26112.7          622268 
        26191.8          614979 
          26271          607795 
        26350.1          600716 
        26429.3          593742 
        26508.4          586868 
        26587.6          580092 
        26666.8          573413 
        26745.9          566831 
        26825.1          560341 
        26904.2          553944 
        26983.4          547639 
        27062.6          541422 
        27141.7          535296 
        27220.9          529255 
        27299.2          523358 
        27377.5          517546 
        27455.8          511816 
        27534.2          506164 
        27612.5          500588 
        27690.8          495090 
        27769.1          489667 
        27847.5          484320 
        27925.8          479043 
        28004.1          473840 
        28082.4          468707 
        28160.8          463643 
        28239.1          458644 
        28317.4          453715 
        28395.7          448855 
          28474          444055 
        28552.4          439323 
        28630.7          434652 
          28709          430043 
        28787.3          425494 
        28865.7          421008 
          28944          416578 
        29022.3          412208 
        29100.6          407895 
          29179          403635 
        29257.3          399435 
        29335.6          395288 
        29413.9          391194 
        29492.3          387154 
        29570.6          383164 
        29648.9          379228 
        29727.2          375342 
        29805.5          371503 
        29883.9          367717 
        29932.6          365383 
        29962.2          363975 
        29991.8          362574 
