# Koester WD models
# teff = 18000 K (value for the effective temperature for the model. Temperatures are given in K)
# logg = 8 log(cm/s2) (value for Log(G) for the model.)
#
# column 1: WAVELENGTH (ANGSTROM), Wavelength in Angstrom
# column 2: FLUX (ERG/CM2/S/A), Flux in erg/cm2/s/A
         899.23      2.91534e+6 
        909.241      3.19949e+6 
        919.246      7.93695e+6 
        929.261      1.01798e+7 
        939.271      2.00404e+7 
        949.307      6.78122e+6 
        959.569      9.49308e+7 
        969.641      2.72085e+7 
        979.653       8.1076e+7 
        989.849      3.66866e+8 
        1000.04      9.24473e+8 
        1010.13      2.91771e+8 
        1020.22      5.16798e+7 
        1030.27      5.54752e+7 
         1040.3       4.0394e+8 
        1050.42      1.50728e+9 
        1060.52      1.83657e+9 
        1070.79      3.81129e+9 
        1081.13      5.46414e+9 
        1091.42      8.13528e+9 
         1101.7      8.12061e+9 
         1111.7      7.79303e+9 
        1122.83      7.30615e+9 
        1132.88      6.80884e+9 
        1142.93      6.15174e+9 
        1153.17      5.29082e+9 
        1163.48      4.21985e+9 
         1174.4      2.88613e+9 
        1185.17      1.52307e+9 
        1195.21      5.89755e+8 
        1205.28      1.90508e+8 
        1215.31      1.58795e+7 
        1225.37      1.97878e+8 
        1235.72      6.70655e+8 
        1246.17      1.98153e+9 
        1256.82      3.33172e+9 
        1267.84      4.27932e+9 
        1278.03      4.82539e+9 
        1289.11      5.17213e+9 
        1299.42      5.32359e+9 
        1309.42      5.41334e+9 
        1319.42      5.43282e+9 
        1329.42      5.37991e+9 
        1339.42      5.33832e+9 
        1349.42      5.33464e+9 
        1359.42       5.2721e+9 
        1369.42      5.07829e+9 
        1379.42       4.8788e+9 
        1389.42      4.64038e+9 
        1399.42      4.65182e+9 
        1409.42      4.86937e+9 
        1419.42      4.95313e+9 
        1429.42      4.91166e+9 
        1439.42       4.8362e+9 
        1449.85      4.74974e+9 
        1461.52      4.65172e+9 
        1472.88      4.55754e+9 
        1484.42      4.46411e+9 
        1494.42       4.3851e+9 
        1509.42      4.26996e+9 
        1524.42      4.15865e+9 
        1539.42      4.05118e+9 
        1554.42      3.94744e+9 
        1566.72      3.86498e+9 
        1579.41      3.78241e+9 
        1594.41       3.6882e+9 
        1604.41      3.62735e+9 
        1619.41      3.53885e+9 
        1634.41      3.45336e+9 
        1649.41      3.37074e+9 
        1664.41      3.29072e+9 
        1676.33      3.22896e+9 
         1689.4      3.16318e+9 
         1704.4      3.09007e+9 
         1719.4      3.01935e+9 
         1734.4      2.95076e+9 
        1749.39      2.88429e+9 
        1764.39       2.8199e+9 
        1775.55      2.77333e+9 
        1789.39      2.71699e+9 
        1809.39      2.63833e+9 
           1824      2.58282e+9 
        1834.77      2.54297e+9 
        1845.54      2.50401e+9 
           1864       2.4391e+9 
        1876.29      2.39721e+9 
        1888.59      2.35634e+9 
        1906.98      2.29696e+9 
        1919.37       2.2581e+9 
        1931.76      2.22022e+9 
        1944.47      2.18226e+9 
        1956.53      2.14708e+9 
         1967.6      2.11547e+9 
        1992.71       2.0462e+9 
        2017.81      1.97998e+9 
        2042.42      1.91786e+9 
        2067.03      1.85836e+9 
        2091.64      1.80149e+9 
         2116.2       1.7471e+9 
           2129      1.71964e+9 
         2141.8      1.69277e+9 
        2165.47      1.64452e+9 
        2210.96      1.55696e+9 
        2225.89      1.52964e+9 
        2240.83      1.50297e+9 
        2263.91      1.46299e+9 
        2307.04       1.3921e+9 
        2319.23      1.37293e+9 
        2331.41      1.35413e+9 
        2349.21      1.32728e+9 
        2362.35       1.3079e+9 
         2375.5      1.28892e+9 
        2394.29      1.26241e+9 
        2409.27      1.24181e+9 
        2424.25      1.22167e+9 
        2452.24      1.18519e+9 
        2464.64      1.16949e+9 
        2480.05      1.15039e+9 
        2491.16      1.13686e+9 
        2510.01      1.11441e+9 
        2528.86      1.09255e+9 
        2559.23      1.05851e+9 
        2582.27      1.03369e+9 
        2619.97      9.94704e+8 
        2657.67      9.57642e+8 
        2695.37      9.22438e+8 
        2710.02      9.09211e+8 
        2733.07      8.88923e+8 
        2756.11      8.69232e+8 
        2802.19      8.31608e+8 
        2842.01      8.00801e+8 
        2854.55      7.91414e+8 
        2867.08      7.82187e+8 
        2892.16      7.64145e+8 
        2931.63      7.36842e+8 
         2942.3      7.29676e+8 
        2952.98      7.22601e+8 
        2974.34      7.08746e+8 
        3017.05      6.82055e+8 
        3051.42      6.61519e+8 
        3090.46      6.39192e+8 
        3120.16      6.22855e+8 
        3149.86      6.07059e+8 
        3170.22      5.96548e+8 
        3209.26      5.77038e+8 
        3248.29      5.58346e+8 
        3287.33      5.40451e+8 
        3306.01      5.32151e+8 
        3326.37      5.23289e+8 
        3346.73      5.14618e+8 
        3387.45      4.97854e+8 
        3445.17      4.75273e+8 
        3462.17      4.68876e+8 
        3495.92      4.56502e+8 
         3543.6      4.39722e+8 
        3591.28      4.23741e+8 
        3635.88      4.09425e+8 
        3647.12      4.05919e+8 
        3658.96      4.02268e+8 
        3671.11      3.98511e+8 
         3682.7      3.94983e+8 
        3692.77      3.91939e+8 
        3702.89      3.88901e+8 
        3712.93      3.85926e+8 
        3723.11       3.8297e+8 
        3733.34       3.7995e+8 
        3743.51      3.77557e+8 
        3753.66      3.74855e+8 
        3764.81      3.71531e+8 
        3775.47      3.69674e+8 
        3786.22      3.68634e+8 
        3796.45      3.56203e+8 
        3807.13       3.6663e+8 
        3817.36      3.68204e+8 
        3827.86      3.48905e+8 
        3837.98      3.34357e+8 
        3848.84      3.66319e+8 
        3858.91      3.77019e+8 
        3868.96      3.65816e+8 
        3879.52      3.27809e+8 
        3889.58      2.82868e+8 
        3900.66      3.38042e+8 
        3912.26      3.79853e+8 
        3922.38      3.96387e+8 
        3933.45       3.9415e+8 
        3943.88      3.70699e+8 
        3954.55      3.23713e+8 
        3965.22      2.61978e+8 
        3976.38      2.69325e+8 
        3986.53      3.25161e+8 
        3996.95        3.716e+8 
        4008.87      4.04254e+8 
        4019.91      4.16946e+8 
        4030.96      4.20512e+8 
        4042.08      4.16591e+8 
        4053.86      4.01794e+8 
        4064.16      3.76243e+8 
        4076.21       3.3277e+8 
        4086.45      2.84383e+8 
        4097.26      2.23726e+8 
        4107.81      2.32302e+8 
        4118.84      2.88688e+8 
        4129.06      3.30706e+8 
        4139.92       3.6549e+8 
        4151.87      3.91647e+8 
        4163.83      4.05401e+8 
        4178.82      4.12001e+8 
        4193.82      4.13104e+8 
        4208.81      4.11423e+8 
         4221.1      4.08618e+8 
        4233.81       4.0432e+8 
         4248.8      3.96987e+8 
         4263.8      3.85005e+8 
         4278.8      3.65348e+8 
        4293.79      3.36003e+8 
        4308.79      2.96422e+8 
        4320.85       2.5552e+8 
        4331.09      2.13256e+8 
         4341.1      1.60519e+8 
        4351.76      2.19231e+8 
        4363.77       2.6206e+8 
        4376.27      2.95583e+8 
        4388.77      3.19764e+8 
        4403.76      3.39766e+8 
        4418.76      3.50181e+8 
        4433.75      3.53944e+8 
        4448.75      3.54039e+8 
        4463.75      3.52528e+8 
        4478.74      3.50065e+8 
        4493.74      3.47177e+8 
        4508.73      3.44052e+8 
        4523.35      3.40857e+8 
        4533.35      3.38617e+8 
        4543.73      3.36264e+8 
        4558.72       3.3282e+8 
        4573.72      3.29349e+8 
        4588.71      3.25855e+8 
        4600.89      3.23009e+8 
        4613.71      3.20028e+8 
         4628.7      3.16487e+8 
         4643.7      3.12905e+8 
        4658.69      3.09275e+8 
        4673.69      3.05509e+8 
        4688.69      3.01551e+8 
        4703.68       2.9731e+8 
         4715.6      2.93637e+8 
        4728.68      2.89153e+8 
        4743.67       2.8332e+8 
        4758.67      2.76458e+8 
        4773.66      2.67827e+8 
        4788.66      2.56808e+8 
        4803.66      2.41987e+8 
        4818.65      2.22749e+8 
        4833.65      1.97359e+8 
        4845.48      1.72112e+8 
        4855.74      1.44997e+8 
        4866.03      1.41446e+8 
        4876.95      1.68833e+8 
        4888.63      1.90812e+8 
        4903.63      2.11486e+8 
        4915.55      2.22851e+8 
        4928.62      2.31591e+8 
        4943.62      2.37532e+8 
        4958.61      2.40589e+8 
        4973.61      2.41748e+8 
        4988.61      2.41654e+8 
         5003.6      2.40878e+8 
         5018.6      2.39522e+8 
         5033.6      2.37814e+8 
        5048.59       2.3589e+8 
        5063.59      2.33833e+8 
        5078.58      2.31688e+8 
        5093.58      2.29515e+8 
        5108.57      2.27326e+8 
        5123.57      2.25138e+8 
        5138.57      2.22958e+8 
        5153.56      2.20789e+8 
        5168.56      2.18637e+8 
        5183.56      2.16502e+8 
        5198.55      2.14387e+8 
        5213.55      2.12293e+8 
        5228.54      2.10219e+8 
        5243.54      2.08168e+8 
        5258.53      2.06138e+8 
        5273.53       2.0413e+8 
        5288.53      2.02142e+8 
        5303.52      2.00176e+8 
        5318.52      1.98233e+8 
        5333.52      1.96312e+8 
        5348.51      1.94413e+8 
        5363.51      1.92597e+8 
         5378.5      1.90736e+8 
         5393.5      1.88898e+8 
        5408.49      1.87082e+8 
        5423.49      1.85288e+8 
        5438.49      1.83516e+8 
        5453.48      1.81764e+8 
        5468.48      1.80034e+8 
        5483.48      1.78324e+8 
        5498.47      1.76635e+8 
        5513.47      1.74966e+8 
        5528.46      1.73317e+8 
        5543.46      1.71687e+8 
        5558.45      1.70077e+8 
        5573.45      1.68485e+8 
        5588.45      1.66913e+8 
        5603.44      1.65359e+8 
        5618.44      1.63823e+8 
        5633.43      1.62304e+8 
        5648.43      1.60803e+8 
        5663.43       1.5932e+8 
        5673.98      1.58294e+8 
         5686.2      1.57107e+8 
        5698.42      1.55931e+8 
        5708.88      1.54932e+8 
        5723.41      1.53559e+8 
        5738.41      1.52158e+8 
         5753.4      1.50773e+8 
         5768.4      1.49363e+8 
        5783.39      1.48008e+8 
        5798.39      1.46669e+8 
        5813.39      1.45345e+8 
        5828.38      1.44035e+8 
        5843.38       1.4274e+8 
        5858.37       1.4146e+8 
        5873.37      1.40194e+8 
        5888.37      1.38941e+8 
        5903.36      1.37703e+8 
        5918.36      1.36478e+8 
        5933.35      1.35267e+8 
        5948.35      1.34069e+8 
        5963.35      1.32883e+8 
        5978.34      1.31711e+8 
        5993.34      1.30551e+8 
        6008.33      1.29403e+8 
        6023.33      1.28267e+8 
        6038.32      1.27143e+8 
        6053.32      1.26031e+8 
        6068.32       1.2493e+8 
        6083.31      1.23838e+8 
        6098.31      1.22757e+8 
        6113.31      1.21686e+8 
         6128.3      1.20625e+8 
         6143.3      1.19572e+8 
        6158.29      1.18529e+8 
        6173.29      1.17493e+8 
        6188.28      1.16464e+8 
        6203.28      1.15441e+8 
        6218.28      1.14424e+8 
        6233.27      1.13411e+8 
        6244.38      1.12661e+8 
        6256.04       1.1188e+8 
        6266.59      1.11178e+8 
        6278.26      1.10401e+8 
        6290.52      1.09583e+8 
        6302.31      1.08795e+8 
        6312.59      1.08105e+8 
        6323.25      1.07384e+8 
        6338.24      1.06361e+8 
        6353.24      1.05327e+8 
        6368.24      1.04266e+8 
        6383.23      1.03172e+8 
        6398.23      1.02024e+8 
        6413.22      1.00797e+8 
        6428.22      9.94531e+7 
        6443.22      9.79316e+7 
        6458.21      9.61444e+7 
        6473.21      9.39845e+7 
         6488.2      9.13327e+7 
         6503.2      8.79272e+7 
         6518.2      8.34423e+7 
        6532.67      7.77145e+7 
        6543.19       7.2448e+7 
        6553.54      6.59075e+7 
        6563.64       5.3594e+7 
        6574.47      6.69323e+7 
        6586.28      7.29352e+7 
        6598.17      7.73715e+7 
         6608.5      8.02278e+7 
        6618.82      8.23415e+7 
        6629.14      8.38667e+7 
        6644.62      8.53191e+7 
        6654.94      8.58889e+7 
        6665.26      8.62436e+7 
        6675.58      8.64089e+7 
         6685.9      8.64321e+7 
        6696.23      8.63451e+7 
        6706.55      8.61789e+7 
        6721.34      8.58402e+7 
        6741.06      8.52657e+7 
        6780.49      8.38881e+7 
        6815.08      8.25705e+7 
        6834.48      8.18115e+7 
        6853.88      8.10459e+7 
        6892.68      7.95134e+7 
        6970.27      7.64909e+7 
        6986.58      7.58666e+7 
        7047.86      7.35667e+7 
        7109.15      7.13427e+7 
        7170.43      6.91992e+7 
        7231.71      6.71339e+7 
        7292.99      6.51441e+7 
        7315.03      6.44463e+7 
        7354.27      6.32268e+7 
        7393.51      6.20408e+7 
           7472      5.97418e+7 
        7550.48      5.75486e+7 
        7580.06      5.67485e+7 
        7628.97      5.54551e+7 
        7677.88      5.41988e+7 
        7775.71      5.17926e+7 
        7873.53       4.9519e+7 
        7962.25      4.75647e+7 
        8019.38      4.63573e+7 
        8050.96      4.57064e+7 
        8082.55      4.50668e+7 
        8145.72      4.38211e+7 
        8200.85       4.2769e+7 
        8216.85      4.24696e+7 
        8232.84      4.21731e+7 
        8264.83      4.15875e+7 
        8289.72      4.11392e+7 
        8328.82      4.04464e+7 
        8367.92      3.97679e+7 
        8437.95      3.85913e+7 
        8473.98      3.80007e+7 
        8502.48      3.75414e+7 
        8516.58      3.73168e+7 
        8530.98      3.70884e+7 
        8545.38      3.68716e+7 
        8574.18      3.64393e+7 
        8598.39      3.60793e+7 
         8628.6      3.56395e+7 
        8646.81      3.53718e+7 
        8665.01      3.51045e+7 
        8685.59      3.48164e+7 
        8701.43      3.45914e+7 
        8750.47      3.38579e+7 
        8767.92      3.36295e+7 
        8815.35      3.29679e+7 
        8839.07      3.26336e+7 
        8862.78      3.22918e+7 
         8886.5      3.20678e+7 
        8910.21      3.18309e+7 
        8933.93      3.15259e+7 
        8957.65      3.11811e+7 
        8981.36      3.07814e+7 
        8995.25      3.05266e+7 
        9014.91      3.01969e+7 
        9034.57      3.00941e+7 
        9054.23      3.00136e+7 
        9087.39      2.97818e+7 
        9099.72      2.96643e+7 
        9112.05      2.95298e+7 
        9136.72      2.91872e+7 
        9161.38      2.87469e+7 
        9186.05      2.82147e+7 
        9210.71      2.76143e+7 
        9224.43      2.72907e+7 
        9238.16      2.72274e+7 
        9251.88      2.72779e+7 
         9265.6       2.7361e+7 
        9293.05       2.7458e+7 
        9311.35      2.74645e+7 
        9329.65      2.74123e+7 
        9347.95      2.73075e+7 
        9366.25      2.71596e+7 
        9384.08      2.69805e+7 
        9401.92      2.67558e+7 
        9419.76      2.65057e+7 
         9437.6      2.62045e+7 
        9455.44      2.58301e+7 
        9473.28      2.54348e+7 
        9491.12       2.4935e+7 
        9508.96       2.4312e+7 
         9526.8      2.35142e+7 
        9543.32      2.27701e+7 
        9556.56      2.29402e+7 
        9567.15      2.32768e+7 
        9577.74      2.35827e+7 
        9588.34      2.38144e+7 
        9598.93       2.4004e+7 
        9609.52      2.41307e+7 
        9620.12      2.42338e+7 
        9630.71      2.42952e+7 
         9641.3      2.43377e+7 
        9656.53      2.43882e+7 
        9668.45      2.43904e+7 
        9680.37      2.43663e+7 
        9704.22      2.42811e+7 
        9728.06      2.41508e+7 
        9751.91       2.3986e+7 
         9799.6      2.35899e+7 
        9823.45      2.33578e+7 
        9847.29       2.3138e+7 
        9871.14       2.2825e+7 
        9894.98      2.24491e+7 
        9918.83      2.20168e+7 
        9932.53       2.1739e+7 
        9942.67      2.15051e+7 
        9952.82      2.12496e+7 
        9962.96      2.09923e+7 
        9973.11      2.07278e+7 
        9983.25       2.0422e+7 
         9993.4      2.00927e+7 
        10003.5      1.97367e+7 
        10013.7      1.93465e+7 
        10023.8      1.89208e+7 
          10034      1.84797e+7 
        10045.5      1.79829e+7 
        10057.1      1.80401e+7 
        10072.4      1.85285e+7 
        10087.8       1.8953e+7 
        10103.2      1.93046e+7 
        10118.6      1.95707e+7 
          10134      1.97672e+7 
        10149.4      1.99223e+7 
        10164.7      2.00497e+7 
        10180.1      2.01244e+7 
        10195.5      2.01612e+7 
        10215.3      2.01961e+7 
        10226.3        2.019e+7 
        10237.2      2.01713e+7 
          10259      2.01054e+7 
        10280.9      2.00149e+7 
        10302.7      1.99037e+7 
        10346.4      1.96529e+7 
        10433.8       1.9108e+7 
        10521.2      1.84926e+7 
        10564.9      1.82161e+7 
        10608.5      1.79067e+7 
        10652.2      1.75793e+7 
        10695.9      1.72141e+7 
        10717.8      1.70098e+7 
        10739.6      1.67866e+7 
        10761.5      1.65436e+7 
        10783.3      1.62636e+7 
        10805.1      1.59529e+7 
          10827      1.56028e+7 
        10848.8      1.51841e+7 
        10859.8      1.49625e+7 
        10870.7      1.47082e+7 
        10881.6       1.4429e+7 
        10892.5      1.41329e+7 
        10903.5      1.38003e+7 
        10914.4       1.3424e+7 
        10925.3      1.29933e+7 
        10936.2      1.23715e+7 
        10948.8      1.28216e+7 
          10960      1.31802e+7 
          10975      1.35516e+7 
        10989.9      1.38506e+7 
        11004.9      1.40822e+7 
        11019.8      1.42689e+7 
        11034.7      1.44083e+7 
        11049.7      1.45257e+7 
        11064.6      1.46043e+7 
        11079.6      1.46586e+7 
        11109.4      1.47246e+7 
        11139.3      1.47228e+7 
        11169.2      1.46786e+7 
        11199.1      1.46064e+7 
          11229      1.45102e+7 
        11256.8      1.44078e+7 
        11273.2      1.43432e+7 
        11289.6      1.42764e+7 
        11322.4       1.4138e+7 
          11388      1.38539e+7 
        11453.5      1.35894e+7 
        11519.1      1.33023e+7 
        11584.7      1.30227e+7 
        11650.3      1.27504e+7 
        11715.9      1.24851e+7 
        11781.4      1.22267e+7 
          11847       1.1975e+7 
        11912.6      1.17296e+7 
        11978.2      1.14905e+7 
        12043.8      1.12456e+7 
        12109.3      1.10158e+7 
        12174.9      1.07912e+7 
        12196.3      1.07179e+7 
        12240.5      1.05693e+7 
        12284.6      1.04211e+7 
        12372.9      1.01235e+7 
        12461.2      9.81459e+6 
        12505.3      9.65138e+6 
        12549.5      9.47407e+6 
        12593.6      9.27452e+6 
        12615.7      9.16352e+6 
        12637.8      9.04179e+6 
        12659.8      8.90516e+6 
        12681.9      8.75138e+6 
          12704      8.57667e+6 
          12726      8.37146e+6 
        12737.1      8.25972e+6 
        12748.1       8.1361e+6 
        12759.1      7.99934e+6 
        12770.2       7.8515e+6 
        12781.2      7.68292e+6 
        12792.3      7.48937e+6 
        12803.3      7.25488e+6 
        12814.3      6.84855e+6 
        12824.4      6.95922e+6 
        12835.6      7.25017e+6 
        12848.4      7.44878e+6 
        12867.6      7.66388e+6 
        12880.4      7.77155e+6 
        12893.2      7.86177e+6 
          12906      7.93368e+6 
        12918.8      7.99403e+6 
        12931.6      8.04304e+6 
        12944.4      8.08084e+6 
        12957.2      8.10952e+6 
        12982.8      8.14631e+6 
        13008.4      8.15928e+6 
          13034      8.15416e+6 
        13059.5      8.13654e+6 
        13110.7      8.07499e+6 
        13161.9      7.99092e+6 
        13213.1      7.89589e+6 
        13264.3      7.79467e+6 
        13308.4      7.70488e+6 
        13396.5      7.52339e+6 
        13484.6      7.34294e+6 
        13572.7      7.16632e+6 
        13660.8      6.99774e+6 
        13748.9      6.82938e+6 
          13837      6.66608e+6 
        13925.1      6.50762e+6 
        14013.2      6.35384e+6 
        14101.4      6.20455e+6 
        14189.5      6.05963e+6 
        14223.1      6.00547e+6 
        14277.6      5.91892e+6 
        14332.1      5.83397e+6 
        14386.6       5.7504e+6 
        14424.5      5.69316e+6 
          14441      5.66834e+6 
        14457.6      5.64365e+6 
        14490.8      5.59464e+6 
        14531.2       5.5358e+6 
        14557.2      5.49826e+6 
        14581.2      5.46389e+6 
        14597.2      5.44114e+6 
        14613.2      5.41852e+6 
        14645.2      5.37366e+6 
        14709.2      5.28529e+6 
        14773.2      5.19871e+6 
        14837.1      5.11392e+6 
        14901.1      5.03085e+6 
        14965.1      4.94945e+6 
        15029.1      4.86972e+6 
        15093.1      4.79156e+6 
        15157.1        4.715e+6 
          15221      4.63994e+6 
          15285      4.56637e+6 
          15349      4.49424e+6 
          15413      4.42355e+6 
        15471.6      4.36003e+6 
        15482.4      4.34847e+6 
        15493.1      4.33703e+6 
        15514.7      4.31425e+6 
        15557.9      4.26917e+6 
        15644.2      4.18074e+6 
        15730.5      4.09459e+6 
        15816.8      4.01068e+6 
        15903.1      3.92891e+6 
        15989.4       3.8492e+6 
        16075.8      3.77151e+6 
        16162.1      3.69577e+6 
        16248.4      3.62194e+6 
        16289.9       3.5871e+6 
        16334.7      3.54994e+6 
        16379.5      3.51324e+6 
        16469.1      3.44265e+6 
        16558.8      3.37379e+6 
        16648.4      3.30668e+6 
          16738      3.24121e+6 
        16827.7      3.17734e+6 
        16917.3      3.11506e+6 
        17006.9      3.05429e+6 
        17096.6        2.995e+6 
        17186.2      2.93714e+6 
        17275.8      2.88067e+6 
        17327.7      2.84862e+6 
        17365.5      2.82555e+6 
        17403.2      2.80272e+6 
        17478.8      2.75789e+6 
        17554.3      2.71396e+6 
        17629.9      2.67089e+6 
        17705.4      2.62867e+6 
          17781      2.58728e+6 
        17856.5       2.5467e+6 
        17932.1      2.50691e+6 
        18007.6      2.46313e+6 
        18083.2      2.42354e+6 
        18158.7      2.38415e+6 
        18234.3      2.34457e+6 
        18309.8      2.30414e+6 
        18343.7       2.2854e+6 
        18385.3      2.26165e+6 
          18427      2.23658e+6 
        18468.6      2.20929e+6 
        18510.2      2.17879e+6 
        18551.8      2.14342e+6 
        18593.4      2.10087e+6 
        18614.2      2.07597e+6 
          18635      2.04792e+6 
        18655.8      2.01575e+6 
        18676.6       1.9786e+6 
          18687      1.95749e+6 
        18697.4      1.93437e+6 
        18707.8      1.90856e+6 
        18718.2      1.87943e+6 
        18728.6      1.84368e+6 
          18739      1.79123e+6 
        18749.1      1.64746e+6 
        18759.1      1.75289e+6 
        18770.8       1.8178e+6 
        18780.9      1.84785e+6 
          18801      1.88807e+6 
        18814.4      1.90783e+6 
        18827.9      1.92397e+6 
        18841.3      1.93707e+6 
        18854.7      1.94793e+6 
        18881.5      1.96366e+6 
        18908.4      1.97337e+6 
        18935.2      1.97862e+6 
        18962.1      1.98032e+6 
        18988.9      1.97931e+6 
        19015.7      1.97621e+6 
        19069.4      1.96562e+6 
        19123.1      1.95142e+6 
        19176.8      1.93518e+6 
        19230.5       1.9178e+6 
        19284.1      1.89976e+6 
        19337.8      1.88136e+6 
        19391.5       1.8628e+6 
        19439.7      1.84612e+6 
        19450.7      1.84233e+6 
        19461.6      1.83852e+6 
        19483.6      1.83089e+6 
        19527.4      1.81568e+6 
        19615.2      1.78749e+6 
        19702.9      1.75727e+6 
        19790.6      1.72768e+6 
        19878.4      1.69872e+6 
        19966.1      1.67035e+6 
        20053.8      1.64257e+6 
        20141.6      1.61536e+6 
        20229.3      1.58872e+6 
          20317      1.56262e+6 
        20335.2      1.55729e+6 
        20404.8      1.53705e+6 
        20474.4      1.51713e+6 
          20544      1.49745e+6 
        20613.6      1.47809e+6 
        20683.2      1.45904e+6 
        20752.8       1.4403e+6 
        20822.5      1.42185e+6 
        20892.1       1.4037e+6 
        20961.7      1.38584e+6 
        21031.3      1.36826e+6 
        21100.9      1.35095e+6 
        21170.5      1.33392e+6 
        21240.1      1.31716e+6 
        21309.7      1.30066e+6 
        21379.4      1.28441e+6 
          21449      1.26841e+6 
        21518.6      1.25267e+6 
        21545.8      1.24659e+6 
        21588.2      1.23717e+6 
        21630.6      1.22784e+6 
        21715.5       1.2094e+6 
        21800.3      1.19131e+6 
        21885.2      1.17356e+6 
          21970      1.15613e+6 
        22054.9      1.13903e+6 
        22139.7      1.12225e+6 
        22224.5      1.10577e+6 
        22309.4      1.08959e+6 
        22394.2       1.0737e+6 
        22479.1       1.0581e+6 
        22563.9      1.04279e+6 
        22648.8      1.02775e+6 
        22680.4      1.02221e+6 
        22733.6      1.01298e+6 
        22784.8      1.00419e+6 
        22800.8      1.00147e+6 
        22816.8          998750 
        22848.8          993343 
        22912.8          982634 
        22976.8          972068 
        23040.8          961648 
        23104.8          951362 
        23168.7          941218 
        23232.7          931206 
        23296.7          921325 
        23360.7          911577 
        23424.7          901958 
        23488.6          892464 
        23552.6          883095 
        23616.6          873847 
        23680.6          864720 
        23744.6          855713 
        23808.6          846826 
        23872.5          838048 
        23936.5          829387 
        24000.5          820838 
        24064.5          812397 
        24128.5          804066 
        24192.5          795841 
        24256.4          787720 
        24320.4          779702 
        24384.4          771786 
        24448.4          763969 
        24512.4          756254 
        24576.3          748632 
        24640.3          741108 
        24704.3          733678 
        24768.3          726339 
        24832.3          719095 
        24896.3          711938 
        24960.2          704873 
        25004.4          700041 
        25024.2          697892 
          25044          695750 
        25083.6          691505 
        25162.8          683111 
        25241.9          674846 
        25321.1          666703 
        25400.2          658682 
        25479.4          650784 
        25558.5          643002 
        25637.7          635337 
        25716.9          627784 
          25796          620342 
        25875.2          613013 
        25954.3          605790 
        26033.5          598674 
        26112.7          591662 
        26191.8          584754 
          26271          577946 
        26350.1          571236 
        26429.3          564623 
        26508.4          558104 
        26587.6          551683 
        26666.8          545349 
        26745.9          539110 
        26825.1          532959 
        26904.2          526892 
        26983.4          520914 
        27062.6          515020 
        27141.7          509211 
        27220.9          503481 
        27299.2          497892 
        27377.5          492398 
        27455.8          486978 
        27534.2          481631 
        27612.5          476360 
        27690.8          471160 
        27769.1          466033 
        27847.5          460972 
        27925.8          455980 
        28004.1          451057 
        28082.4          446200 
        28160.8          441409 
        28239.1          436681 
        28317.4          432016 
        28395.7          427414 
          28474          422871 
        28552.4          418388 
        28630.7          413968 
          28709          409604 
        28787.3          405297 
        28865.7          401046 
          28944          396852 
        29022.3          392712 
        29100.6          388624 
          29179          384594 
        29257.3          380613 
        29335.6          376683 
        29413.9          372803 
        29492.3          368974 
        29570.6          365194 
        29648.9          361462 
        29727.2          357780 
        29805.5          354142 
        29883.9          350551 
        29932.6          348340 
        29962.2          347005 
        29991.8          345676 
