# Koester WD models
# teff = 19000 K (value for the effective temperature for the model. Temperatures are given in K)
# logg = 7.75 log(cm/s2) (value for Log(G) for the model.)
#
# column 1: WAVELENGTH (ANGSTROM), Wavelength in Angstrom
# column 2: FLUX (ERG/CM2/S/A), Flux in erg/cm2/s/A
         899.23      5.86655e+6 
        909.241      6.39107e+6 
         919.25      1.52754e+7 
        929.271      1.92522e+7 
        939.271      3.85583e+7 
        949.307      1.29013e+7 
        959.569      2.46025e+8 
        969.641      5.18806e+7 
        979.838      2.15794e+8 
        989.985      1.05986e+9 
        1000.04      2.43655e+9 
         1010.2      8.33593e+8 
        1020.46      9.63932e+7 
        1030.56      1.14761e+8 
        1040.74      1.23002e+9 
        1051.11      3.65911e+9 
        1061.18      4.49571e+9 
        1071.56      6.91559e+9 
        1081.65      9.25793e+9 
        1091.66     1.12505e+10 
        1102.02     1.10944e+10 
        1112.69     1.06664e+10 
        1123.78     1.01319e+10 
        1134.38       9.5505e+9 
        1144.39      8.85602e+9 
        1154.39      7.96139e+9 
        1164.39      6.79759e+9 
         1174.4      5.29921e+9 
        1185.17      3.27241e+9 
        1195.56      1.36202e+9 
        1205.57       3.6593e+8 
        1215.69      3.01025e+7 
        1225.77      4.07597e+8 
        1236.09      1.62533e+9 
        1246.65      3.91402e+9 
        1257.16      5.49728e+9 
        1267.67      6.34272e+9 
        1279.42      6.81638e+9 
        1289.42      6.99598e+9 
        1299.42        7.046e+9 
        1309.42      7.04879e+9 
        1319.42      6.99369e+9 
        1329.42      6.89068e+9 
        1339.42      6.80045e+9 
        1349.42      6.73404e+9 
        1359.42      6.62285e+9 
        1369.42      6.41978e+9 
        1379.42      6.21938e+9 
        1389.42       5.9908e+9 
        1399.42      5.95124e+9 
        1409.42      6.04942e+9 
        1419.42        6.052e+9 
        1429.42      5.97019e+9 
        1439.42      5.86636e+9 
        1454.42       5.7052e+9 
        1464.42      5.59895e+9 
        1474.42      5.49493e+9 
        1489.42       5.3436e+9 
        1504.42      5.19792e+9 
        1514.42       5.1038e+9 
        1529.42      4.96698e+9 
        1544.42      4.83519e+9 
        1559.42      4.70812e+9 
        1570.19      4.61971e+9 
        1584.41      4.50649e+9 
        1599.41      4.39141e+9 
        1614.41      4.28033e+9 
        1629.41      4.17323e+9 
        1644.41      4.06984e+9 
        1659.41      3.97006e+9 
        1670.17      3.90044e+9 
         1684.4      3.81116e+9 
         1699.4      3.72034e+9 
         1714.4      3.63253e+9 
         1729.4      3.54752e+9 
         1744.4      3.46515e+9 
        1759.39      3.38538e+9 
         1771.7      3.32183e+9 
        1784.39      3.25802e+9 
        1799.39      3.18479e+9 
           1824      3.06944e+9 
        1834.77      3.02078e+9 
        1845.54      2.97322e+9 
           1864      2.89404e+9 
        1876.29      2.84295e+9 
        1888.59      2.79313e+9 
        1906.98      2.72078e+9 
        1919.37       2.6735e+9 
        1931.76      2.62745e+9 
        1944.47      2.58129e+9 
        1956.53      2.53854e+9 
         1967.6      2.50014e+9 
        1992.71      2.41601e+9 
        2017.81      2.33565e+9 
        2042.42      2.26035e+9 
        2067.03      2.18833e+9 
        2091.64      2.11954e+9 
         2116.2      2.05377e+9 
           2129      2.02059e+9 
         2141.8      1.98813e+9 
        2165.47      1.92988e+9 
        2210.96      1.82435e+9 
        2225.89      1.79145e+9 
        2240.83      1.75937e+9 
        2263.91      1.71125e+9 
        2307.04      1.62604e+9 
        2319.23      1.60302e+9 
        2331.41      1.58045e+9 
        2349.21      1.54825e+9 
        2362.35      1.52502e+9 
         2375.5      1.50228e+9 
        2394.29      1.47054e+9 
        2409.27      1.44587e+9 
        2424.25      1.42177e+9 
        2452.24      1.37814e+9 
        2464.64      1.35937e+9 
        2480.05      1.33654e+9 
        2491.16      1.32039e+9 
        2510.01       1.2936e+9 
        2528.86      1.26753e+9 
        2559.23      1.22698e+9 
        2582.27      1.19741e+9 
        2619.97      1.15102e+9 
        2657.67      1.10696e+9 
        2695.37      1.06516e+9 
        2710.02      1.04948e+9 
        2733.07      1.02543e+9 
        2756.11      1.00209e+9 
        2802.19      9.57532e+8 
        2842.01      9.21099e+8 
        2854.55      9.10006e+8 
        2867.08      8.99105e+8 
        2892.16      8.77811e+8 
        2931.63      8.45604e+8 
         2942.3      8.37156e+8 
        2952.98      8.28815e+8 
        2974.34      8.12485e+8 
        3017.05      7.81056e+8 
        3051.42      7.56907e+8 
        3085.79      7.33754e+8 
        3120.16      7.11511e+8 
        3149.86      6.92985e+8 
        3170.22      6.80661e+8 
        3209.26      6.57806e+8 
        3248.29      6.35931e+8 
        3287.33      6.15017e+8 
        3306.01      6.05322e+8 
        3326.37      5.94977e+8 
        3346.73      5.84858e+8 
        3387.45      5.65308e+8 
        3445.17      5.39003e+8 
        3462.17      5.31557e+8 
        3495.92      5.17169e+8 
         3543.6      4.97672e+8 
        3591.28      4.79115e+8 
        3635.88      4.62537e+8 
        3647.12      4.58475e+8 
        3658.96      4.54233e+8 
        3671.11      4.49892e+8 
         3682.7      4.45808e+8 
        3692.77      4.42292e+8 
        3702.89      4.38789e+8 
        3712.93      4.35384e+8 
        3723.11      4.32022e+8 
        3733.34      4.28557e+8 
        3743.51      4.26072e+8 
        3753.66      4.23078e+8 
        3764.81      4.19283e+8 
        3775.47      4.17486e+8 
        3786.22      4.17156e+8 
        3796.45      3.99265e+8 
        3807.13      4.15397e+8 
        3817.36      4.18834e+8 
        3827.86      3.92485e+8 
        3837.98      3.71908e+8 
        3848.84      4.16286e+8 
        3858.91       4.3163e+8 
        3870.59      4.13383e+8 
        3881.42      3.58663e+8 
        3891.77      3.24658e+8 
        3902.49      3.92325e+8 
        3913.89      4.39609e+8 
        3924.94      4.55933e+8 
        3935.81      4.48783e+8 
        3946.58      4.12849e+8 
        3957.31      3.53052e+8 
        3968.08      2.71815e+8 
        3978.87      3.22239e+8 
        3990.75      3.94719e+8 
        4001.38      4.41186e+8 
           4012        4.656e+8 
        4023.86      4.75445e+8 
         4034.3      4.76046e+8 
           4048      4.66489e+8 
        4058.58      4.47115e+8 
        4068.85      4.13767e+8 
        4080.56      3.60564e+8 
        4092.03      2.91662e+8 
        4102.05      2.13401e+8 
        4113.31      3.00321e+8 
        4123.84      3.56191e+8 
           4134      3.97327e+8 
        4145.79       4.3124e+8 
        4156.66      4.48063e+8 
        4168.82        4.561e+8 
        4183.82      4.58594e+8 
        4198.82      4.57275e+8 
        4213.81       4.5396e+8 
        4224.95      4.50482e+8 
        4238.81      4.44903e+8 
         4253.8      4.36468e+8 
         4268.8      4.23044e+8 
        4283.79      4.00707e+8 
        4296.29      3.75006e+8 
        4308.79      3.39411e+8 
        4320.85      2.93396e+8 
        4331.09       2.4374e+8 
         4341.1      1.80596e+8 
        4351.76      2.50773e+8 
        4363.38      2.99015e+8 
        4373.77      3.30634e+8 
        4386.27      3.56929e+8 
        4398.76      3.73413e+8 
        4413.76      3.84902e+8 
        4428.76       3.8842e+8 
        4443.75      3.87886e+8 
        4458.75      3.85668e+8 
        4473.74      3.82615e+8 
        4488.74      3.79149e+8 
        4503.74      3.75483e+8 
        4514.12      3.72876e+8 
        4527.19      3.69539e+8 
        4538.73      3.66567e+8 
        4553.72      3.62687e+8 
        4568.72      3.58798e+8 
        4583.72      3.54909e+8 
        4596.53      3.51591e+8 
        4608.71      3.48465e+8 
         4623.7      3.44589e+8 
         4638.7      3.40706e+8 
         4653.7      3.36801e+8 
        4668.69      3.32845e+8 
        4683.69      3.28771e+8 
        4698.68       3.2453e+8 
        4713.68      3.20021e+8 
        4724.83      3.16396e+8 
        4738.67      3.11425e+8 
        4753.67      3.05355e+8 
        4768.67      2.97872e+8 
        4783.66      2.88541e+8 
        4798.66      2.75906e+8 
        4813.65       2.5848e+8 
        4828.65       2.3422e+8 
        4839.16      2.11462e+8 
        4849.39      1.84176e+8 
        4859.63      1.44828e+8 
        4870.47      1.73974e+8 
        4882.91      2.05058e+8 
        4893.63      2.24831e+8 
        4908.63      2.43314e+8 
         4921.7      2.53161e+8 
        4933.62       2.5869e+8 
        4948.62      2.62167e+8 
        4963.61      2.63401e+8 
        4978.61      2.63167e+8 
        4993.61      2.62081e+8 
         5008.6      2.60464e+8 
         5023.6      2.58487e+8 
        5038.59      2.56296e+8 
        5053.59      2.53984e+8 
        5068.59      2.51593e+8 
        5083.58      2.49171e+8 
        5098.58      2.46739e+8 
        5113.57      2.44311e+8 
        5128.57      2.41897e+8 
        5143.57        2.395e+8 
        5158.56      2.37124e+8 
        5173.56       2.3477e+8 
        5188.55       2.3244e+8 
        5203.55      2.30135e+8 
        5218.55      2.27854e+8 
        5233.54      2.25597e+8 
        5248.54      2.23367e+8 
        5263.53      2.21162e+8 
        5278.53      2.18982e+8 
        5293.52      2.16827e+8 
        5308.52      2.14698e+8 
        5323.52      2.12595e+8 
        5338.51      2.10516e+8 
        5353.51      2.08462e+8 
        5368.51      2.06474e+8 
         5383.5      2.04465e+8 
         5398.5       2.0248e+8 
        5413.49       2.0052e+8 
        5428.49      1.98583e+8 
        5443.48       1.9667e+8 
        5458.48       1.9478e+8 
        5473.48      1.92913e+8 
        5488.47      1.91068e+8 
        5503.47      1.89246e+8 
        5518.47      1.87446e+8 
        5533.46      1.85667e+8 
        5548.46      1.83909e+8 
        5563.45      1.82172e+8 
        5578.45      1.80455e+8 
        5593.44      1.78759e+8 
        5608.44      1.77082e+8 
        5623.44      1.75426e+8 
        5638.43      1.73789e+8 
        5653.43      1.72171e+8 
        5668.43      1.70573e+8 
        5682.86       1.6905e+8 
        5693.42      1.67948e+8 
        5704.77      1.66773e+8 
        5715.23      1.65699e+8 
        5728.41      1.64359e+8 
         5743.4       1.6285e+8 
         5758.4      1.61359e+8 
         5773.4      1.59856e+8 
        5788.39      1.58398e+8 
        5803.39      1.56957e+8 
        5818.39      1.55533e+8 
        5833.38      1.54124e+8 
        5848.38      1.52732e+8 
        5863.37      1.51354e+8 
        5878.37      1.49993e+8 
        5893.36      1.48647e+8 
        5908.36      1.47315e+8 
        5923.36      1.45999e+8 
        5938.35      1.44696e+8 
        5953.35      1.43409e+8 
        5968.34      1.42135e+8 
        5983.34      1.40876e+8 
        5998.34      1.39629e+8 
        6013.33      1.38396e+8 
        6028.33      1.37176e+8 
        6043.32       1.3597e+8 
        6058.32      1.34776e+8 
        6073.32      1.33593e+8 
        6088.31      1.32423e+8 
        6103.31      1.31265e+8 
         6118.3      1.30118e+8 
         6133.3      1.28981e+8 
         6148.3      1.27856e+8 
        6163.29       1.2674e+8 
        6178.29      1.25634e+8 
        6193.28      1.24537e+8 
        6208.28       1.2345e+8 
        6223.28       1.2237e+8 
        6238.27      1.21296e+8 
        6252.16      1.20307e+8 
        6262.16      1.19601e+8 
        6273.26      1.18818e+8 
        6284.63      1.18019e+8 
        6295.99      1.17221e+8 
        6306.09      1.16512e+8 
        6316.22      1.15799e+8 
        6328.25      1.14949e+8 
        6343.24      1.13889e+8 
        6358.24      1.12819e+8 
        6373.23      1.11731e+8 
        6388.23      1.10613e+8 
        6403.23      1.09451e+8 
        6418.22      1.08218e+8 
        6433.22      1.06879e+8 
        6448.22      1.05373e+8 
        6463.21      1.03611e+8 
        6478.21      1.01478e+8 
         6493.2      9.87896e+7 
         6508.2      9.51865e+7 
        6523.19      9.01785e+7 
        6537.09      8.37015e+7 
        6548.11      7.68952e+7 
        6558.19      6.81638e+7 
        6569.28      6.97955e+7 
        6579.79      7.72587e+7 
        6590.04       8.2381e+7 
        6603.34      8.70457e+7 
        6613.66      8.94647e+7 
        6623.98      9.11062e+7 
         6634.3      9.21778e+7 
        6644.62      9.28331e+7 
        6654.94      9.31919e+7 
        6665.26      9.33559e+7 
        6675.58      9.33549e+7 
         6685.9       9.3233e+7 
        6696.23      9.30207e+7 
        6711.48       9.2595e+7 
        6741.98      9.15077e+7 
        6772.48      9.02661e+7 
        6824.78      8.80205e+7 
        6877.08      8.57479e+7 
        6929.38      8.35082e+7 
        6981.68      8.13192e+7 
        7033.98      7.91901e+7 
         7063.4      7.80199e+7 
        7086.27      7.71242e+7 
        7109.15      7.62408e+7 
        7154.89      7.45114e+7 
        7246.38      7.11945e+7 
        7282.23      6.99447e+7 
        7337.87      6.80588e+7 
        7393.51      6.62399e+7 
        7449.15       6.4478e+7 
        7504.79      6.27744e+7 
        7560.43      6.11269e+7 
        7616.07      5.95332e+7 
        7665.55      5.81597e+7 
        7677.88      5.78232e+7 
        7690.22      5.74896e+7 
        7714.89      5.68298e+7 
        7764.22       5.5538e+7 
         7862.9      5.30628e+7 
        7960.91      5.07399e+7 
        7971.63      5.04939e+7 
        7982.34      5.02491e+7 
        8003.78      4.97644e+7 
        8046.64      4.88122e+7 
        8082.55      4.80321e+7 
        8105.88      4.75339e+7 
        8154.36      4.65185e+7 
        8200.85      4.55704e+7 
        8216.85      4.52499e+7 
        8232.84      4.49323e+7 
        8264.83      4.43049e+7 
        8289.72      4.38249e+7 
        8328.82      4.30832e+7 
        8367.92      4.23565e+7 
        8437.95      4.10983e+7 
        8473.98      4.04662e+7 
        8502.48      3.99743e+7 
        8516.58      3.97336e+7 
        8530.98      3.94889e+7 
        8545.38      3.92595e+7 
        8574.18      3.88024e+7 
        8598.39      3.84192e+7 
         8628.6      3.79539e+7 
        8646.81      3.76677e+7 
        8665.01      3.73806e+7 
        8685.59      3.70774e+7 
        8701.43      3.68386e+7 
        8750.47      3.60394e+7 
        8767.92      3.58057e+7 
        8815.35      3.51016e+7 
        8839.07      3.47237e+7 
        8850.92      3.45226e+7 
        8862.78      3.43354e+7 
        8874.64      3.42261e+7 
         8886.5      3.41299e+7 
        8898.36      3.40244e+7 
        8910.21      3.39028e+7 
        8933.93      3.35871e+7 
        8957.65      3.32026e+7 
        8981.36      3.27301e+7 
        8995.25      3.24216e+7 
        9014.91      3.20213e+7 
        9034.57      3.19704e+7 
        9054.23       3.1944e+7 
        9087.39      3.17606e+7 
        9099.72      3.16475e+7 
        9112.05      3.15058e+7 
        9136.72      3.11307e+7 
        9161.38      3.06183e+7 
        9186.05      2.99764e+7 
        9210.71      2.92265e+7 
        9224.43      2.88076e+7 
        9238.16      2.87614e+7 
        9251.88      2.89003e+7 
         9265.6      2.90491e+7 
        9293.05        2.924e+7 
        9311.35      2.92856e+7 
        9329.65      2.92516e+7 
        9347.95      2.91544e+7 
        9366.25      2.90059e+7 
        9384.08      2.88223e+7 
        9401.92      2.85868e+7 
        9419.76      2.83221e+7 
         9437.6      2.79978e+7 
        9455.44      2.75943e+7 
        9473.28      2.71468e+7 
        9491.12      2.65701e+7 
        9508.96      2.58215e+7 
        9525.48       2.4922e+7 
        9535.72      2.43302e+7 
        9545.97      2.37794e+7 
        9556.21      2.41521e+7 
        9566.45      2.45703e+7 
        9584.38       2.5209e+7 
        9594.62      2.54684e+7 
        9604.87      2.56446e+7 
        9615.11      2.57842e+7 
        9625.35      2.58857e+7 
         9635.6      2.59382e+7 
        9645.84      2.59895e+7 
        9664.21      2.60211e+7 
        9681.17      2.59836e+7 
        9698.12       2.5913e+7 
        9732.02       2.5706e+7 
        9765.93      2.54343e+7 
        9799.84       2.5123e+7 
        9833.74      2.47694e+7 
        9850.69      2.46088e+7 
        9867.65      2.43835e+7 
         9884.6      2.41299e+7 
        9901.55      2.38339e+7 
         9918.1      2.35319e+7 
        9935.46      2.31628e+7 
        9952.82      2.27219e+7 
        9970.18      2.22511e+7 
        9987.54      2.16825e+7 
        10004.9      2.10039e+7 
        10022.3      2.02036e+7 
        10034.8      1.95631e+7 
        10045.7        1.895e+7 
        10056.7      1.90528e+7 
        10073.7      1.97473e+7 
        10093.2       2.0353e+7 
        10112.7      2.08045e+7 
        10132.2      2.11031e+7 
        10161.4      2.13757e+7 
        10180.9      2.14642e+7 
        10200.4      2.14914e+7 
        10218.8      2.14881e+7 
        10237.2      2.14429e+7 
        10255.6      2.13686e+7 
          10274      2.12772e+7 
        10310.8      2.10582e+7 
        10347.7      2.08168e+7 
        10384.5      2.05666e+7 
        10458.2      2.00277e+7 
        10531.8      1.95085e+7 
        10605.5      1.89918e+7 
        10642.3      1.87143e+7 
        10679.2      1.84195e+7 
          10716       1.8093e+7 
        10752.8      1.77209e+7 
        10771.2      1.75045e+7 
        10789.6       1.7262e+7 
        10808.1      1.70018e+7 
        10826.5      1.67029e+7 
        10844.9      1.63467e+7 
        10863.3       1.5952e+7 
        10881.7      1.54644e+7 
        10900.1      1.48833e+7 
        10918.6      1.41661e+7 
        10930.1       1.3588e+7 
        10941.2      1.32192e+7 
        10954.6      1.38849e+7 
        10972.4      1.44411e+7 
        10990.3      1.48453e+7 
        11008.2      1.51375e+7 
        11026.1      1.53417e+7 
          11044      1.54899e+7 
        11061.8      1.55852e+7 
        11079.7      1.56354e+7 
        11097.6      1.56636e+7 
        11115.5      1.56665e+7 
        11133.4      1.56474e+7 
        11151.2      1.56119e+7 
        11184.6      1.55157e+7 
        11222.7      1.53738e+7 
        11260.9      1.52117e+7 
        11337.2      1.48604e+7 
        11413.6      1.45027e+7 
        11489.9      1.41618e+7 
        11566.2      1.38136e+7 
        11642.5      1.34761e+7 
        11718.9      1.31489e+7 
        11795.2      1.28315e+7 
        11871.5      1.25236e+7 
        11947.9      1.22248e+7 
        12024.2       1.1927e+7 
        12100.5      1.16437e+7 
        12176.8      1.13677e+7 
        12221.7      1.12085e+7 
        12253.2      1.10978e+7 
        12284.6      1.09876e+7 
        12347.6      1.07681e+7 
        12410.5      1.05476e+7 
        12473.5      1.03216e+7 
        12536.4      1.00822e+7 
        12567.9      9.95153e+6 
        12599.3      9.80956e+6 
        12630.8      9.65094e+6 
        12662.3      9.46508e+6 
          12678      9.35887e+6 
        12693.7      9.24194e+6 
        12709.5       9.1099e+6 
        12725.2      8.95941e+6 
          12741      8.79115e+6 
        12756.7      8.59439e+6 
        12772.4      8.36427e+6 
        12788.2      8.08954e+6 
        12800.4      7.82389e+6 
          12811      7.47385e+6 
        12821.2      7.21624e+6 
        12831.8      7.65795e+6 
          12846      7.92646e+6 
        12860.1      8.11477e+6 
        12881.4      8.32211e+6 
        12895.6      8.42245e+6 
        12909.7      8.49795e+6 
        12923.9      8.55773e+6 
        12938.1      8.60105e+6 
        12952.2      8.63061e+6 
        12966.4      8.64934e+6 
        12980.6      8.66015e+6 
        13008.9      8.66021e+6 
        13037.3      8.63907e+6 
        13065.6      8.60438e+6 
        13122.3      8.50998e+6 
          13179      8.39644e+6 
        13235.7      8.27549e+6 
        13276.3      8.18617e+6 
        13292.3      8.15077e+6 
        13308.4       8.1153e+6 
        13340.4      8.04436e+6 
        13404.4      7.90308e+6 
        13468.5      7.76341e+6 
        13532.5      7.62612e+6 
        13596.6       7.4915e+6 
        13660.7      7.36207e+6 
        13724.7      7.23239e+6 
        13788.8      7.10556e+6 
        13852.8       6.9815e+6 
        13916.9      6.86014e+6 
        13980.9      6.74142e+6 
          14045      6.62524e+6 
        14109.1      6.51155e+6 
        14173.1       6.4003e+6 
        14237.2      6.29138e+6 
        14270.4      6.23584e+6 
        14301.2      6.18482e+6 
        14332.1      6.13431e+6 
        14393.7      6.03475e+6 
        14453.2      5.94069e+6 
        14464.8       5.9225e+6 
        14488.6      5.88555e+6 
          14524      5.83105e+6 
        14581.2      5.74437e+6 
        14597.2       5.7204e+6 
        14613.2      5.69659e+6 
        14645.2      5.64931e+6 
        14709.2      5.55625e+6 
        14773.2      5.46505e+6 
        14837.1      5.37577e+6 
        14901.1      5.28827e+6 
        14965.1      5.20254e+6 
        15029.1      5.11857e+6 
        15093.1      5.03629e+6 
        15157.1      4.95564e+6 
          15221       4.8766e+6 
          15285      4.79913e+6 
          15349       4.7232e+6 
          15413      4.64877e+6 
        15471.6      4.58189e+6 
        15482.4       4.5697e+6 
        15493.1       4.5577e+6 
        15514.7      4.53376e+6 
        15557.9      4.48641e+6 
        15644.2      4.39355e+6 
        15730.5      4.30307e+6 
        15816.8      4.21492e+6 
        15903.1      4.12903e+6 
        15989.4       4.0453e+6 
        16075.8      3.96372e+6 
        16162.1      3.88417e+6 
        16248.4       3.8066e+6 
        16289.9      3.77001e+6 
        16334.7      3.73099e+6 
        16379.5      3.69244e+6 
        16469.1       3.6183e+6 
        16558.8      3.54601e+6 
        16648.4      3.47551e+6 
          16738      3.40674e+6 
        16827.7      3.33967e+6 
        16917.3      3.27426e+6 
        17006.9      3.21042e+6 
        17096.6      3.14816e+6 
        17186.2      3.08736e+6 
        17275.8      3.02804e+6 
        17327.7      2.99437e+6 
        17365.5      2.97013e+6 
        17403.2      2.94615e+6 
        17478.8      2.89881e+6 
        17554.3      2.85241e+6 
        17629.9      2.80694e+6 
        17705.4      2.76236e+6 
          17781      2.71867e+6 
        17856.5      2.67583e+6 
        17932.1      2.63383e+6 
        18007.6      2.58919e+6 
        18083.2      2.54782e+6 
        18158.7      2.50684e+6 
        18234.3      2.46593e+6 
        18309.8      2.42455e+6 
        18343.7      2.40557e+6 
        18385.3      2.38172e+6 
          18427      2.35695e+6 
        18468.6      2.33016e+6 
        18510.2      2.30051e+6 
        18551.8      2.26625e+6 
        18572.6       2.2466e+6 
        18593.4      2.22474e+6 
        18614.2      2.20012e+6 
          18635      2.17195e+6 
        18655.8      2.13909e+6 
        18676.6      2.10044e+6 
          18687      2.07826e+6 
        18697.4      2.05374e+6 
        18707.8      2.02614e+6 
        18718.2       1.9947e+6 
        18728.6      1.95562e+6 
          18739      1.89822e+6 
        18749.1      1.73556e+6 
        18760.3      1.86755e+6 
        18772.1       1.9327e+6 
        18785.5       1.9727e+6 
        18805.6      2.01206e+6 
          18819      2.03148e+6 
        18832.5      2.04701e+6 
        18845.9      2.05938e+6 
        18859.3       2.0693e+6 
        18886.2      2.08266e+6 
          18913       2.0897e+6 
        18939.8      2.09223e+6 
        18966.7      2.09133e+6 
        19020.4      2.08267e+6 
          19074      2.06832e+6 
        19127.7      2.05126e+6 
        19181.4      2.03271e+6 
        19235.1      2.01338e+6 
        19288.8      1.99363e+6 
        19342.4      1.97372e+6 
        19396.1      1.95389e+6 
        19448.9      1.93433e+6 
        19462.9      1.92917e+6 
        19476.8      1.92401e+6 
        19504.6      1.91372e+6 
        19560.3      1.89495e+6 
          19616      1.87439e+6 
        19671.7      1.85411e+6 
        19727.4       1.8341e+6 
        19783.1      1.81436e+6 
        19838.8      1.79489e+6 
        19894.4      1.77567e+6 
        19950.1      1.75671e+6 
        20005.8        1.738e+6 
        20061.5      1.71954e+6 
        20117.2      1.70132e+6 
        20172.9      1.68334e+6 
        20228.6       1.6656e+6 
        20284.3      1.64809e+6 
          20340      1.63081e+6 
        20395.7      1.61376e+6 
        20428.3      1.60386e+6 
        20451.3      1.59692e+6 
        20474.4      1.59002e+6 
        20520.5      1.57628e+6 
        20612.7      1.54925e+6 
        20704.9      1.52279e+6 
        20797.1      1.49689e+6 
        20889.3      1.47155e+6 
        20981.5      1.44673e+6 
        21073.7      1.42243e+6 
        21165.9      1.39865e+6 
        21258.1      1.37535e+6 
        21350.3      1.35254e+6 
        21442.5       1.3302e+6 
        21534.7      1.30831e+6 
        21623.2      1.28773e+6 
          21638      1.28431e+6 
        21652.9       1.2809e+6 
        21682.6      1.27412e+6 
        21742.1      1.26068e+6 
        21801.5      1.24741e+6 
          21861      1.23433e+6 
        21920.5       1.2214e+6 
        21979.9      1.20866e+6 
        22039.4      1.19607e+6 
        22098.8      1.18365e+6 
        22158.3      1.17139e+6 
        22217.7      1.15929e+6 
        22277.2      1.14734e+6 
        22336.6      1.13555e+6 
        22396.1      1.12391e+6 
        22455.6      1.11242e+6 
          22515      1.10107e+6 
        22574.5      1.08987e+6 
        22633.9      1.07881e+6 
        22693.4      1.06788e+6 
        22718.8      1.06325e+6 
        22752.8       1.0571e+6 
        22784.8      1.05135e+6 
        22800.8      1.04849e+6 
        22816.8      1.04564e+6 
        22848.8      1.03997e+6 
        22912.8      1.02875e+6 
        22976.8      1.01767e+6 
        23040.8      1.00674e+6 
        23104.8          995957 
        23168.7          985320 
        23232.7          974824 
        23296.7          964466 
        23360.7          954246 
        23424.7          944162 
        23488.6          934209 
        23552.6          924389 
        23616.6          914697 
        23680.6          905131 
        23744.6          895690 
        23808.6          886372 
        23872.5          877174 
        23936.5          868097 
        24000.5          859134 
        24064.5          850288 
        24128.5          841557 
        24192.5          832937 
        24256.4          824426 
        24320.4          816022 
        24384.4          807725 
        24448.4          799535 
        24512.4          791449 
        24576.3          783466 
        24640.3          775581 
        24704.3          767796 
        24768.3          760105 
        24832.3          752515 
        24896.3          745016 
        24960.2          737611 
        25004.4          732550 
        25024.2          730298 
          25044          728055 
        25083.6          723609 
        25162.8          714819 
        25241.9          706161 
        25321.1          697635 
        25400.2          689237 
        25479.4          680965 
        25558.5          672816 
        25637.7          664789 
        25716.9          656882 
          25796          649091 
        25875.2          641416 
        25954.3          633854 
        26033.5          626402 
        26112.7          619063 
        26191.8          611828 
          26271          604700 
        26350.1          597675 
        26429.3          590751 
        26508.4          583928 
        26587.6          577205 
        26666.8          570576 
        26745.9          564042 
        26825.1          557601 
        26904.2          551252 
        26983.4          544994 
        27062.6          538824 
        27141.7          532742 
        27220.9          526745 
        27299.2          520892 
        27377.5          515140 
        27455.8          509466 
        27534.2          503871 
        27612.5          498351 
        27690.8          492906 
        27769.1          487537 
        27847.5          482241 
        27925.8          477013 
        28004.1          471861 
        28082.4          466775 
        28160.8          461758 
        28239.1          456806 
        28317.4          451924 
        28395.7          447105 
          28474          442349 
        28552.4          437658 
        28630.7          433028 
          28709          428460 
        28787.3          423952 
        28865.7          419503 
          28944          415111 
        29022.3          410776 
        29100.6          406500 
          29179          402278 
        29257.3          398112 
        29335.6          393997 
        29413.9          389938 
        29492.3          385929 
        29570.6          381971 
        29648.9          378066 
        29727.2          374208 
        29805.5          370400 
        29883.9          366643 
        29932.6          364327 
        29962.2          362929 
        29991.8          361541 
