# Koester WD models
# teff = 19000 K (value for the effective temperature for the model. Temperatures are given in K)
# logg = 7.25 log(cm/s2) (value for Log(G) for the model.)
#
# column 1: WAVELENGTH (ANGSTROM), Wavelength in Angstrom
# column 2: FLUX (ERG/CM2/S/A), Flux in erg/cm2/s/A
         899.23      5.80472e+6 
        909.241      6.32318e+6 
        919.246      1.72617e+7 
        929.261      2.15604e+7 
        939.281       4.3113e+7 
        949.319      1.51645e+7 
        959.489      4.49889e+8 
        969.631      5.77865e+7 
        979.653      3.15416e+8 
        989.763      1.96719e+9 
         999.85      4.19893e+9 
        1009.95      1.56061e+9 
        1020.08      1.24183e+8 
        1030.16      1.25462e+8 
        1040.23      1.92172e+9 
        1050.42      5.27213e+9 
        1060.62      5.90261e+9 
        1070.72      8.45786e+9 
        1081.03      9.69162e+9 
        1092.67     1.11847e+10 
        1104.37     1.09028e+10 
        1114.38     1.05342e+10 
        1124.73     1.01252e+10 
        1135.54      9.64057e+9 
        1149.39      8.85172e+9 
        1159.39      8.09017e+9 
        1169.39      7.06623e+9 
         1179.4      5.59191e+9 
         1189.4      3.53194e+9 
         1199.4      1.32034e+9 
         1209.4      2.58493e+8 
        1219.41      2.10856e+8 
        1229.41      8.35585e+8 
        1239.41      3.30712e+9 
        1249.41      5.33025e+9 
        1259.41      6.29905e+9 
        1269.41      6.73278e+9 
        1279.42       6.9241e+9 
        1289.46      6.97675e+9 
        1299.58      6.94769e+9 
        1309.75      6.88992e+9 
        1323.58      6.75348e+9 
        1334.35      6.63366e+9 
        1344.42      6.53809e+9 
        1354.42      6.43389e+9 
        1364.42      6.29657e+9 
        1375.85      6.10182e+9 
        1387.12      5.90132e+9 
        1397.12      5.79721e+9 
        1409.42      5.80557e+9 
        1419.42      5.76196e+9 
        1429.42       5.6718e+9 
        1439.42      5.57061e+9 
        1454.42      5.41796e+9 
        1464.42      5.31818e+9 
        1474.42       5.2207e+9 
        1489.42      5.07892e+9 
        1504.42       4.9426e+9 
        1514.42      4.85458e+9 
        1529.42      4.72656e+9 
        1544.42      4.60322e+9 
        1559.42      4.48431e+9 
        1570.19      4.40156e+9 
        1584.41      4.29547e+9 
        1599.41      4.18752e+9 
        1614.41      4.08332e+9 
        1629.41      3.98269e+9 
        1644.41      3.88558e+9 
        1659.41      3.79181e+9 
        1670.17       3.7264e+9 
         1684.4      3.64243e+9 
         1699.4      3.55697e+9 
         1714.4      3.47432e+9 
         1729.4      3.39424e+9 
         1744.4      3.31661e+9 
        1759.39      3.24143e+9 
         1771.7      3.18149e+9 
        1784.39      3.12131e+9 
        1799.39      3.05216e+9 
           1824      2.94318e+9 
        1834.77      2.89719e+9 
        1845.54      2.85222e+9 
           1864      2.77732e+9 
        1876.29      2.72898e+9 
        1888.59      2.68182e+9 
        1906.98       2.6133e+9 
        1919.37      2.56849e+9 
        1931.76      2.52482e+9 
        1944.47      2.48104e+9 
        1956.53      2.44048e+9 
         1967.6      2.40403e+9 
        1992.71      2.32418e+9 
        2017.81      2.24785e+9 
        2042.42      2.17627e+9 
        2067.03      2.10775e+9 
        2091.64      2.04228e+9 
         2116.2      1.97966e+9 
           2129      1.94806e+9 
         2141.8      1.91713e+9 
        2165.47      1.86163e+9 
        2210.96      1.76094e+9 
        2225.89      1.72954e+9 
        2240.83       1.6989e+9 
        2263.91      1.65296e+9 
        2307.04      1.57156e+9 
        2319.23      1.54954e+9 
        2331.41      1.52796e+9 
        2349.21      1.49715e+9 
        2362.35      1.47492e+9 
         2375.5      1.45316e+9 
        2394.29      1.42277e+9 
        2409.27      1.39916e+9 
        2424.25      1.37607e+9 
        2452.24      1.33428e+9 
        2464.64       1.3163e+9 
        2480.05      1.29441e+9 
        2491.16      1.27893e+9 
        2510.01      1.25322e+9 
        2528.86      1.22821e+9 
        2559.23       1.1893e+9 
        2582.27      1.16092e+9 
        2619.97      1.11636e+9 
        2657.67      1.07403e+9 
        2695.37      1.03386e+9 
        2710.02      1.01877e+9 
        2733.07       9.9564e+8 
        2756.11       9.7319e+8 
        2802.19       9.3031e+8 
        2842.01      8.95228e+8 
        2854.55      8.84544e+8 
        2867.08      8.74041e+8 
        2892.16      8.53524e+8 
        2931.63      8.22482e+8 
         2942.3      8.14339e+8 
        2952.98      8.06299e+8 
        2974.34       7.9055e+8 
        3017.05      7.60234e+8 
        3051.42       7.3693e+8 
        3085.79      7.14577e+8 
        3120.16      6.93095e+8 
        3149.86      6.75204e+8 
        3170.22      6.63294e+8 
        3209.26      6.41208e+8 
        3248.29      6.20062e+8 
        3287.33      5.99837e+8 
        3306.01      5.90456e+8 
        3326.37       5.8045e+8 
        3346.73      5.70658e+8 
        3387.45      5.51739e+8 
        3445.17      5.26273e+8 
        3462.17      5.19063e+8 
        3495.92      5.05124e+8 
         3543.6      4.86237e+8 
        3591.28      4.68254e+8 
        3635.88      4.52188e+8 
        3647.12      4.48249e+8 
        3658.96      4.44133e+8 
        3671.11      4.39924e+8 
         3682.7      4.35959e+8 
        3692.77      4.32563e+8 
        3702.89      4.29204e+8 
        3712.93      4.26019e+8 
        3723.11      4.22918e+8 
        3733.34      4.19412e+8 
        3743.51      4.18325e+8 
        3753.66      4.15438e+8 
        3764.81      4.11693e+8 
        3775.47      4.10905e+8 
        3785.73      4.16104e+8 
        3795.99      3.82256e+8 
        3807.45       4.1567e+8 
        3817.78      4.25026e+8 
        3827.86      3.83629e+8 
        3837.98      3.48337e+8 
        3848.84      4.21382e+8 
        3858.91      4.48001e+8 
        3870.59      4.26449e+8 
        3881.42      3.52242e+8 
        3891.77      3.05472e+8 
        3902.49      3.96909e+8 
        3912.64      4.52716e+8 
        3923.89      4.76762e+8 
        3934.66       4.7291e+8 
        3945.81      4.36417e+8 
        3956.32      3.70058e+8 
        3967.16      2.72309e+8 
        3977.86      3.16619e+8 
        3988.87       3.9995e+8 
        3998.89      4.51475e+8 
         4008.9      4.78904e+8 
        4018.94      4.89353e+8 
        4029.01      4.91989e+8 
        4039.29      4.89454e+8 
        4049.71      4.80818e+8 
        4060.76      4.60375e+8 
        4071.35      4.24885e+8 
        4082.28      3.69213e+8 
        4093.69      2.86993e+8 
        4103.79      2.32047e+8 
        4115.19      3.24058e+8 
        4125.26      3.80937e+8 
        4135.54      4.21272e+8 
        4145.79      4.45959e+8 
        4158.83      4.59656e+8 
        4173.82      4.62797e+8 
        4188.82      4.61387e+8 
        4203.81      4.58047e+8 
        4216.52      4.54347e+8 
        4228.81      4.50153e+8 
        4243.81      4.44099e+8 
         4258.8       4.3589e+8 
         4273.8      4.23217e+8 
        4288.79      4.02768e+8 
        4301.29      3.77249e+8 
        4313.79      3.38792e+8 
        4326.14      2.81142e+8 
        4336.17       2.1784e+8 
        4346.26      2.27213e+8 
        4357.43      2.89484e+8 
        4368.77      3.32622e+8 
        4379.56      3.57893e+8 
        4393.77      3.76492e+8 
        4408.76      3.85684e+8 
        4423.76       3.8788e+8 
        4438.75      3.86419e+8 
        4453.75       3.8346e+8 
        4468.74       3.7996e+8 
        4483.74      3.76196e+8 
        4498.74      3.72323e+8 
        4513.73      3.68393e+8 
        4527.19      3.64852e+8 
        4538.73      3.61814e+8 
        4553.72      3.57878e+8 
        4568.72       3.5396e+8 
        4583.72      3.50068e+8 
        4596.53      3.46766e+8 
        4608.71      3.43659e+8 
         4623.7      3.39839e+8 
         4638.7      3.36037e+8 
         4653.7      3.32239e+8 
        4668.69      3.28441e+8 
        4683.69      3.24605e+8 
        4698.68      3.20697e+8 
        4713.68      3.16651e+8 
        4724.83      3.13497e+8 
        4738.67      3.09309e+8 
        4753.67      3.04259e+8 
        4768.67      2.98282e+8 
        4783.66         2.91e+8 
        4798.66       2.8099e+8 
        4813.65      2.66448e+8 
        4826.15      2.48468e+8 
        4838.65       2.2191e+8 
        4848.69      1.92586e+8 
        4858.88      1.51793e+8 
        4870.47      1.78742e+8 
        4882.91      2.13759e+8 
        4893.63      2.33931e+8 
        4908.63      2.50388e+8 
         4921.7       2.5768e+8 
        4933.62      2.61059e+8 
        4948.62       2.6247e+8 
        4963.61      2.62257e+8 
        4978.61      2.61076e+8 
        4993.61      2.59322e+8 
         5008.6      2.57243e+8 
         5023.6      2.54978e+8 
        5038.59      2.52606e+8 
        5053.59      2.50183e+8 
        5068.59      2.47739e+8 
        5083.58      2.45293e+8 
        5098.58      2.42855e+8 
        5113.57      2.40431e+8 
        5128.57      2.38029e+8 
        5143.57       2.3565e+8 
        5158.56      2.33296e+8 
        5173.56      2.30967e+8 
        5188.55      2.28664e+8 
        5203.55      2.26388e+8 
        5218.55      2.24138e+8 
        5233.54      2.21915e+8 
        5248.54      2.19718e+8 
        5263.53      2.17547e+8 
        5278.53      2.15402e+8 
        5293.52      2.13283e+8 
        5308.52       2.1119e+8 
        5323.52      2.09122e+8 
        5338.51      2.07079e+8 
        5353.51      2.05061e+8 
        5368.51       2.0309e+8 
         5383.5      2.01119e+8 
         5398.5      1.99172e+8 
        5413.49      1.97249e+8 
        5428.49      1.95348e+8 
        5443.48      1.93471e+8 
        5458.48      1.91616e+8 
        5473.48      1.89784e+8 
        5488.47      1.87974e+8 
        5503.47      1.86185e+8 
        5518.47      1.84418e+8 
        5533.46      1.82673e+8 
        5548.46      1.80948e+8 
        5563.45      1.79243e+8 
        5578.45      1.77559e+8 
        5593.44      1.75895e+8 
        5608.44       1.7425e+8 
        5623.44      1.72624e+8 
        5638.43      1.71017e+8 
        5653.43       1.6943e+8 
        5668.43       1.6786e+8 
        5682.86      1.66366e+8 
        5693.42      1.65285e+8 
        5704.77      1.64131e+8 
        5715.23      1.63077e+8 
        5728.41      1.61762e+8 
         5743.4      1.60281e+8 
         5758.4      1.58818e+8 
         5773.4      1.57355e+8 
        5788.39      1.55924e+8 
        5803.39       1.5451e+8 
        5818.39      1.53113e+8 
        5833.38      1.51731e+8 
        5848.38      1.50364e+8 
        5863.37      1.49013e+8 
        5878.37      1.47678e+8 
        5893.36      1.46357e+8 
        5908.36       1.4505e+8 
        5923.36      1.43759e+8 
        5938.35      1.42481e+8 
        5953.35      1.41218e+8 
        5968.34      1.39968e+8 
        5983.34      1.38732e+8 
        5998.34       1.3751e+8 
        6013.33      1.36301e+8 
        6028.33      1.35105e+8 
        6043.32      1.33921e+8 
        6058.32      1.32751e+8 
        6073.32      1.31592e+8 
        6088.31      1.30446e+8 
        6103.31      1.29312e+8 
         6118.3       1.2819e+8 
         6133.3      1.27079e+8 
         6148.3      1.25979e+8 
        6163.29       1.2489e+8 
        6178.29      1.23811e+8 
        6193.28      1.22742e+8 
        6208.28      1.21684e+8 
        6223.28      1.20635e+8 
        6238.27      1.19594e+8 
        6252.16      1.18638e+8 
        6262.16      1.17954e+8 
        6273.26      1.17198e+8 
        6284.63      1.16427e+8 
        6295.99      1.15659e+8 
        6306.09       1.1498e+8 
        6316.22        1.143e+8 
        6328.25      1.13493e+8 
        6343.24      1.12489e+8 
        6358.24      1.11485e+8 
        6373.23      1.10473e+8 
        6388.23      1.09447e+8 
        6403.23      1.08396e+8 
        6418.22      1.07306e+8 
        6433.22       1.0615e+8 
        6448.22      1.04886e+8 
        6463.21       1.0345e+8 
        6478.21      1.01751e+8 
         6493.2      9.95941e+7 
         6508.2      9.66131e+7 
        6523.19      9.21592e+7 
        6537.09      8.58007e+7 
        6548.11      7.85112e+7 
        6558.19      6.89925e+7 
        6569.28      7.07468e+7 
        6579.79      7.89869e+7 
        6590.04      8.44159e+7 
        6603.34      8.88571e+7 
        6613.66      9.08772e+7 
        6623.98      9.20813e+7 
         6634.3       9.2747e+7 
        6644.62      9.30581e+7 
        6654.94        9.313e+7 
        6665.26      9.30537e+7 
         6685.9         9.26e+7 
        6701.62      9.20904e+7 
        6721.34       9.1344e+7 
         6736.2      9.07358e+7 
        6780.49      8.88248e+7 
        6824.78      8.68767e+7 
        6913.35      8.30467e+7 
        7001.93      7.93818e+7 
        7071.86      7.66203e+7 
         7090.5      7.59037e+7 
        7109.15      7.51953e+7 
        7146.44      7.38032e+7 
        7221.02      7.11134e+7 
         7295.6      6.85445e+7 
        7346.84      6.68465e+7 
        7370.18      6.60928e+7 
        7393.51      6.53473e+7 
        7440.19      6.38887e+7 
        7533.55      6.10917e+7 
        7575.92      5.98728e+7 
         7626.9      5.84465e+7 
        7677.88      5.70626e+7 
        7728.86      5.57202e+7 
        7779.84      5.44174e+7 
        7830.82      5.31523e+7 
         7881.8      5.19239e+7 
        7903.32      5.14162e+7 
        7932.78      5.07311e+7 
        7962.25      5.00572e+7 
        8021.18      4.87434e+7 
        8077.68      4.75241e+7 
        8097.18      4.71123e+7 
        8108.49      4.68751e+7 
        8155.67      4.59031e+7 
        8200.85      4.49958e+7 
        8216.85        4.468e+7 
        8232.84      4.43671e+7 
        8264.83      4.37492e+7 
        8289.72      4.32761e+7 
        8328.82       4.2545e+7 
        8367.92      4.18287e+7 
        8437.95      4.05947e+7 
        8473.98      3.99727e+7 
        8502.48       3.9486e+7 
        8516.58      3.92495e+7 
        8530.98       3.9006e+7 
        8545.38       3.8787e+7 
        8574.18      3.83551e+7 
        8598.39      3.79809e+7 
         8628.6       3.7543e+7 
        8646.81      3.72555e+7 
        8665.01      3.69608e+7 
        8701.43      3.64632e+7 
        8725.22      3.60579e+7 
        8737.85       3.5823e+7 
        8750.47      3.55946e+7 
        8763.09      3.54639e+7 
        8775.71      3.53366e+7 
        8786.57      3.52085e+7 
        8800.96      3.50024e+7 
        8815.35      3.47526e+7 
        8825.48      3.45713e+7 
        8844.13      3.41777e+7 
        8862.78      3.37831e+7 
        8881.43      3.37416e+7 
        8900.08       3.3692e+7 
        8918.73      3.35601e+7 
        8937.38      3.33094e+7 
        8956.03      3.29613e+7 
        8974.68      3.24875e+7 
        8993.33       3.1907e+7 
        9009.05      3.13814e+7 
        9020.76       3.1258e+7 
        9038.33      3.14712e+7 
        9050.03      3.15922e+7 
        9061.74      3.16673e+7 
        9073.45      3.17015e+7 
        9085.16      3.16767e+7 
        9099.72      3.16019e+7 
        9114.27      3.14455e+7 
        9128.83      3.12295e+7 
        9143.39      3.09505e+7 
        9157.94      3.05723e+7 
         9172.5      3.01325e+7 
        9187.05      2.95643e+7 
        9201.61      2.89295e+7 
        9216.17      2.82086e+7 
        9229.01      2.76555e+7 
        9241.85      2.79623e+7 
        9261.12      2.85029e+7 
        9273.96      2.87865e+7 
        9286.81       2.9009e+7 
        9299.65      2.91418e+7 
        9312.49      2.92345e+7 
        9325.34      2.92581e+7 
        9338.18      2.92305e+7 
        9363.87       2.9082e+7 
        9384.08      2.88976e+7 
         9404.3      2.86448e+7 
        9424.52      2.83407e+7 
        9444.74      2.79465e+7 
        9454.85      2.77049e+7 
        9464.96      2.74406e+7 
        9475.07      2.71162e+7 
        9485.17      2.67435e+7 
        9495.28      2.62993e+7 
        9505.39        2.574e+7 
         9515.5      2.50825e+7 
        9525.61      2.43296e+7 
        9535.72      2.35619e+7 
        9545.97      2.27637e+7 
        9556.21      2.33914e+7 
        9566.46       2.3994e+7 
        9585.67      2.49839e+7 
        9595.91      2.53553e+7 
        9606.16       2.5613e+7 
        9616.41      2.57929e+7 
        9626.65      2.59246e+7 
         9636.9      2.59953e+7 
        9647.14      2.60429e+7 
        9666.82      2.60538e+7 
        9679.86      2.60117e+7 
        9692.89      2.59463e+7 
        9718.96      2.57814e+7 
        9745.03      2.55737e+7 
        9771.11      2.53466e+7 
        9823.25       2.4847e+7 
        9849.32      2.45958e+7 
        9875.39      2.42732e+7 
        9901.46      2.38875e+7 
        9914.89      2.36646e+7 
        9927.53      2.34264e+7 
        9940.18      2.31487e+7 
        9952.82       2.2844e+7 
        9965.46      2.25055e+7 
         9978.1      2.21018e+7 
        9990.75      2.16351e+7 
        10003.4      2.10728e+7 
          10016      2.04336e+7 
        10028.7      1.96583e+7 
        10041.3      1.87341e+7 
          10052      1.82443e+7 
        10066.6      1.92016e+7 
        10080.5       1.9875e+7 
        10094.3      2.03773e+7 
        10108.1      2.07746e+7 
        10128.8      2.11603e+7 
        10142.6      2.13075e+7 
        10156.4      2.14103e+7 
        10170.3        2.148e+7 
        10184.1      2.15026e+7 
        10197.9       2.1494e+7 
        10213.9      2.14635e+7 
        10225.5      2.14236e+7 
        10237.2      2.13731e+7 
        10260.5      2.12478e+7 
        10307.1      2.09501e+7 
        10353.7      2.06276e+7 
        10446.9      1.99567e+7 
        10540.2      1.93048e+7 
        10633.4      1.86589e+7 
          10680      1.83178e+7 
        10726.6      1.79452e+7 
        10749.9      1.77359e+7 
        10773.2      1.74998e+7 
        10796.5       1.7234e+7 
        10819.8      1.69226e+7 
        10831.5      1.67376e+7 
        10843.1      1.65301e+7 
        10854.8      1.62986e+7 
        10866.5      1.60272e+7 
        10878.1       1.5713e+7 
        10889.8      1.53473e+7 
        10901.4      1.49247e+7 
        10913.1      1.44277e+7 
        10924.7       1.3822e+7 
        10934.9      1.30769e+7 
        10946.4      1.34365e+7 
        10956.7      1.39497e+7 
        10970.4      1.44504e+7 
        10984.1      1.48235e+7 
        10997.8      1.51131e+7 
        11011.5      1.53241e+7 
        11025.2      1.54712e+7 
        11038.9      1.55705e+7 
        11052.6      1.56354e+7 
        11066.3        1.567e+7 
          11080      1.56809e+7 
        11093.7      1.56776e+7 
        11121.2       1.5636e+7 
        11148.6      1.55587e+7 
          11176      1.54583e+7 
        11200.6      1.53569e+7 
        11230.8      1.52234e+7 
        11260.9      1.50845e+7 
        11321.2      1.47991e+7 
        11381.4      1.45135e+7 
        11441.7      1.42401e+7 
          11502      1.39616e+7 
        11562.2        1.369e+7 
        11622.5      1.34249e+7 
        11682.8      1.31662e+7 
          11743      1.29137e+7 
        11803.3      1.26673e+7 
        11863.5      1.24267e+7 
        11923.8      1.21918e+7 
        11984.1      1.19624e+7 
        12044.3      1.17339e+7 
        12104.6      1.15142e+7 
        12164.9      1.12993e+7 
        12225.1      1.10887e+7 
        12284.6      1.08844e+7 
        12344.1      1.06829e+7 
        12403.6      1.04829e+7 
        12463.1      1.02822e+7 
        12522.6      1.00764e+7 
        12582.1      9.85568e+6 
        12611.9      9.73426e+6 
        12641.6      9.59816e+6 
        12671.4       9.4397e+6 
        12686.3      9.34825e+6 
        12701.1      9.24476e+6 
          12716       9.1256e+6 
        12730.9      8.98722e+6 
        12745.8      8.82398e+6 
        12760.6      8.62923e+6 
        12775.5      8.39383e+6 
        12790.4      8.10911e+6 
        12802.1      7.82436e+6 
        12813.3      7.37998e+6 
        12823.7       7.4064e+6 
        12834.9      7.77459e+6 
        12847.7      8.01882e+6 
        12860.5      8.19664e+6 
        12879.7      8.39349e+6 
        12892.5      8.48645e+6 
        12905.3      8.55519e+6 
        12918.1      8.60463e+6 
        12930.9      8.63875e+6 
        12943.7      8.66008e+6 
        12956.5      8.67127e+6 
        12982.1      8.67164e+6 
        13007.7      8.65207e+6 
        13033.3      8.61899e+6 
        13084.5      8.52942e+6 
        13135.7      8.42503e+6 
          13187      8.31316e+6 
        13238.2       8.1988e+6 
        13270.4      8.12642e+6 
        13289.4      8.08382e+6 
        13308.4      8.04135e+6 
        13346.3      7.95674e+6 
        13422.2      7.78967e+6 
        13498.1      7.62606e+6 
        13573.9      7.46628e+6 
        13649.8      7.31184e+6 
        13725.7      7.15963e+6 
        13801.6      7.01138e+6 
        13877.5      6.86692e+6 
        13953.4      6.72618e+6 
        14029.2      6.58905e+6 
        14105.1      6.45538e+6 
          14181      6.32506e+6 
        14256.9      6.19805e+6 
        14332.1      6.07534e+6 
        14356.8      6.03556e+6 
        14407.2      5.95567e+6 
        14457.6      5.87707e+6 
          14508      5.79976e+6 
        14533.7      5.76096e+6 
        14558.4      5.72373e+6 
        14581.2       5.6898e+6 
        14597.2      5.66611e+6 
        14613.2      5.64258e+6 
        14645.2      5.59584e+6 
        14709.2      5.50385e+6 
        14773.2      5.41372e+6 
        14837.1      5.32544e+6 
        14901.1      5.23895e+6 
        14965.1      5.15422e+6 
        15029.1      5.07119e+6 
        15093.1      4.98982e+6 
        15157.1      4.91009e+6 
          15221      4.83193e+6 
          15285      4.75533e+6 
          15349      4.68028e+6 
          15413      4.60667e+6 
        15471.6      4.54054e+6 
        15482.4      4.52848e+6 
        15493.1       4.5167e+6 
        15514.7      4.49323e+6 
        15557.9       4.4468e+6 
        15644.2      4.35566e+6 
        15730.5      4.26685e+6 
        15816.8       4.1803e+6 
        15903.1      4.09595e+6 
        15989.4       4.0137e+6 
        16075.8      3.93353e+6 
        16162.1      3.85533e+6 
        16248.4      3.77905e+6 
        16289.9      3.74308e+6 
        16334.7      3.70469e+6 
        16379.5      3.66677e+6 
        16469.1      3.59379e+6 
        16558.8      3.52261e+6 
        16648.4      3.45314e+6 
          16738      3.38541e+6 
        16827.7      3.31931e+6 
        16917.3      3.25482e+6 
        17006.9      3.19186e+6 
        17096.6      3.13044e+6 
        17186.2      3.07048e+6 
        17275.8      3.01194e+6 
        17327.7      2.97871e+6 
        17365.5      2.95479e+6 
        17403.2      2.93111e+6 
        17478.8      2.88385e+6 
        17554.3      2.83754e+6 
        17629.9      2.79215e+6 
        17705.4      2.74766e+6 
          17781      2.70404e+6 
        17856.5      2.66129e+6 
        17932.1      2.61937e+6 
        18007.6      2.57624e+6 
        18083.2      2.53534e+6 
        18158.7        2.495e+6 
        18234.3      2.45498e+6 
        18309.8      2.41494e+6 
        18343.7       2.3968e+6 
        18385.3      2.37424e+6 
          18427      2.35102e+6 
        18468.6      2.32647e+6 
        18510.2      2.29981e+6 
        18551.8      2.26948e+6 
        18572.6      2.25217e+6 
        18593.4       2.2328e+6 
        18614.2      2.21073e+6 
          18635      2.18489e+6 
        18655.8      2.15389e+6 
        18676.6       2.1161e+6 
          18687      2.09393e+6 
        18697.4      2.06914e+6 
        18707.8      2.04101e+6 
        18718.2      2.00848e+6 
        18728.6      1.96882e+6 
          18739      1.91395e+6 
        18749.1      1.74548e+6 
        18760.3       1.8841e+6 
        18772.1       1.9459e+6 
        18785.5      1.98639e+6 
        18798.9      2.01529e+6 
        18812.3      2.03743e+6 
        18825.8      2.05468e+6 
        18839.2      2.06794e+6 
        18852.6        2.078e+6 
          18866      2.08535e+6 
        18892.9      2.09373e+6 
        18919.7      2.09613e+6 
        18946.5      2.09463e+6 
        18973.4      2.09039e+6 
        19000.2      2.08424e+6 
        19053.9      2.06842e+6 
        19107.6      2.05006e+6 
        19161.3      2.03052e+6 
        19214.9      2.01045e+6 
        19268.6      1.99015e+6 
        19322.3      1.96981e+6 
          19376      1.94953e+6 
        19408.7      1.93725e+6 
        19429.7      1.92938e+6 
        19450.7      1.92156e+6 
        19492.7       1.9059e+6 
        19576.7      1.87586e+6 
        19660.7      1.84522e+6 
        19744.7      1.81521e+6 
        19828.7      1.78579e+6 
        19912.7      1.75698e+6 
        19996.7      1.72874e+6 
        20080.7      1.70106e+6 
        20164.7      1.67393e+6 
        20248.7      1.64734e+6 
        20332.7      1.62128e+6 
          20359      1.61322e+6 
        20416.7      1.59573e+6 
        20474.4      1.57847e+6 
        20532.1      1.56142e+6 
        20589.8      1.54459e+6 
        20647.5        1.528e+6 
        20705.2      1.51162e+6 
        20762.9      1.49546e+6 
        20820.5      1.47952e+6 
        20878.2      1.46379e+6 
        20935.9      1.44826e+6 
        20993.6      1.43295e+6 
        21051.3      1.41783e+6 
          21109      1.40291e+6 
        21166.7      1.38819e+6 
        21224.4      1.37366e+6 
        21282.1      1.35932e+6 
        21339.8      1.34516e+6 
        21397.5      1.33119e+6 
        21455.2       1.3174e+6 
        21512.9      1.30379e+6 
        21570.5      1.29036e+6 
        21625.9      1.27763e+6 
        21644.9      1.27329e+6 
        21663.9      1.26897e+6 
        21701.9      1.26039e+6 
          21778      1.24343e+6 
          21854      1.22676e+6 
        21930.1      1.21037e+6 
        22006.1      1.19425e+6 
        22082.1       1.1784e+6 
        22158.2      1.16281e+6 
        22234.2      1.14747e+6 
        22310.3      1.13239e+6 
        22386.3      1.11756e+6 
        22462.4      1.10296e+6 
        22538.4      1.08861e+6 
        22614.5      1.07448e+6 
        22690.5      1.06059e+6 
        22746.3      1.05054e+6 
        22766.6      1.04692e+6 
        22784.8      1.04367e+6 
        22800.8      1.04083e+6 
        22816.8        1.038e+6 
        22848.8      1.03238e+6 
        22912.8      1.02124e+6 
        22976.8      1.01026e+6 
        23040.8          999419 
        23104.8          988725 
        23168.7          978173 
        23232.7          967764 
        23296.7          957491 
        23360.7          947354 
        23424.7          937351 
        23488.6          927477 
        23552.6          917735 
        23616.6          908121 
        23680.6          898634 
        23744.6          889269 
        23808.6          880023 
        23872.5          870900 
        23936.5          861896 
        24000.5          853005 
        24064.5          844231 
        24128.5          835569 
        24192.5          827018 
        24256.4          818573 
        24320.4          810239 
        24384.4          802011 
        24448.4          793887 
        24512.4          785863 
        24576.3          777943 
        24640.3          770121 
        24704.3          762395 
        24768.3          754771 
        24832.3          747237 
        24896.3          739801 
        24960.2          732453 
        25004.4          727433 
        25024.2          725199 
          25044          722975 
        25083.6          718570 
        25162.8          709868 
        25241.9          701295 
        25321.1          692853 
        25400.2          684537 
        25479.4          676344 
        25558.5          668273 
        25637.7          660325 
        25716.9          652493 
          25796          644777 
        25875.2          637175 
        25954.3          629685 
        26033.5          622302 
        26112.7          615030 
        26191.8          607864 
          26271          600801 
        26350.1          593843 
        26429.3          586981 
        26508.4          580221 
        26587.6          573557 
        26666.8          566991 
        26745.9          560517 
        26825.1          554136 
        26904.2          547843 
        26983.4          541642 
        27062.6          535528 
        27141.7          529500 
        27220.9          523556 
        27299.2          517756 
        27377.5          512045 
        27455.8          506415 
        27534.2          500861 
        27612.5          495382 
        27690.8          489978 
        27769.1          484647 
        27847.5          479388 
        27925.8          474201 
        28004.1          469084 
        28082.4          464035 
        28160.8          459056 
        28239.1          454139 
        28317.4          449292 
        28395.7          444507 
          28474          439785 
        28552.4          435129 
        28630.7          430530 
          28709          425994 
        28787.3          421517 
        28865.7          417100 
          28944          412739 
        29022.3          408432 
        29100.6          404185 
          29179          399994 
        29257.3          395853 
        29335.6          391769 
        29413.9          387735 
        29492.3          383755 
        29570.6          379822 
        29648.9          375942 
        29727.2          372112 
        29805.5          368330 
        29883.9          364594 
        29932.6          362295 
        29962.2          360909 
        29991.8          359527 
