# Koester WD models
# teff = 19750 K (value for the effective temperature for the model. Temperatures are given in K)
# logg = 7.25 log(cm/s2) (value for Log(G) for the model.)
#
# column 1: WAVELENGTH (ANGSTROM), Wavelength in Angstrom
# column 2: FLUX (ERG/CM2/S/A), Flux in erg/cm2/s/A
         899.23      9.43169e+6 
        909.241       1.0224e+7 
        919.246      2.59244e+7 
        929.261      3.25029e+7 
        939.281       6.6958e+7 
        949.319      2.24135e+7 
        959.489      7.39166e+8 
        969.631      8.96639e+7 
        979.633      5.40486e+8 
        989.662      3.05349e+9 
         999.85      6.02617e+9 
        1010.31      2.34866e+9 
        1020.48      1.77443e+8 
        1030.54      2.20199e+8 
        1040.67      3.21985e+9 
        1051.02      7.40181e+9 
        1061.11      8.34043e+9 
        1071.29     1.07884e+10 
        1081.33     1.23021e+10 
        1091.38     1.35952e+10 
        1104.37     1.32128e+10 
        1114.38     1.27765e+10 
        1124.73     1.22981e+10 
        1135.54     1.17467e+10 
        1149.39     1.08713e+10 
        1159.39     1.00414e+10 
        1169.39       8.9307e+9 
         1179.4      7.30348e+9 
         1189.4      4.90233e+9 
         1199.4      2.01241e+9 
         1209.4       3.8219e+8 
        1219.41      3.03467e+8 
        1229.41      1.29037e+9 
        1239.41      4.54607e+9 
        1249.41      6.80968e+9 
        1259.41      7.79247e+9 
        1269.41      8.19528e+9 
        1279.42      8.34784e+9 
        1289.42      8.36072e+9 
        1299.42       8.2955e+9 
        1309.42      8.20282e+9 
        1319.42      8.07817e+9 
        1329.42      7.93136e+9 
        1339.42      7.79489e+9 
        1349.42      7.67208e+9 
        1359.42      7.52597e+9 
        1369.42      7.33307e+9 
        1379.42      7.14492e+9 
        1389.42      6.94311e+9 
        1399.42      6.84939e+9 
        1409.42      6.82869e+9 
        1419.42      6.75763e+9 
        1429.42      6.64406e+9 
        1439.42      6.52078e+9 
        1454.42      6.33637e+9 
        1464.42       6.2163e+9 
        1474.42      6.09909e+9 
        1489.42        5.929e+9 
        1504.42      5.76555e+9 
        1514.42      5.66008e+9 
        1529.42      5.50693e+9 
        1544.42      5.35934e+9 
        1559.42      5.21718e+9 
        1570.19      5.11838e+9 
        1584.41      4.99187e+9 
        1599.41      4.86322e+9 
        1614.41      4.73903e+9 
        1629.41      4.61927e+9 
        1644.41      4.50366e+9 
        1659.41      4.39214e+9 
        1670.17      4.31441e+9 
         1684.4      4.21476e+9 
         1699.4      4.11338e+9 
         1714.4       4.0154e+9 
         1729.4      3.92052e+9 
         1744.4      3.82856e+9 
        1759.39      3.73956e+9 
         1771.7      3.66866e+9 
        1784.39      3.59753e+9 
        1799.39      3.51591e+9 
           1824      3.38733e+9 
        1834.77      3.33307e+9 
        1845.54      3.28007e+9 
           1864       3.1918e+9 
        1876.29      3.13486e+9 
        1888.59      3.07933e+9 
        1906.98      2.99874e+9 
        1919.37       2.9461e+9 
        1931.76       2.8948e+9 
        1944.47      2.84339e+9 
        1956.53      2.79579e+9 
         1967.6      2.75302e+9 
        1992.71      2.65933e+9 
        2017.81      2.56987e+9 
        2042.42      2.48611e+9 
        2067.03        2.406e+9 
        2091.64      2.32949e+9 
         2116.2      2.25635e+9 
           2129      2.21947e+9 
         2141.8      2.18338e+9 
        2165.47      2.11866e+9 
        2210.96      2.00145e+9 
        2225.89      1.96492e+9 
        2240.83       1.9293e+9 
        2263.91      1.87588e+9 
        2307.04      1.78132e+9 
        2319.23      1.75579e+9 
        2331.41      1.73076e+9 
        2349.21      1.69504e+9 
        2362.35       1.6693e+9 
         2375.5      1.64409e+9 
        2394.29       1.6089e+9 
        2409.27      1.58156e+9 
        2424.25      1.55484e+9 
        2452.24      1.50651e+9 
        2464.64      1.48573e+9 
        2480.05      1.46045e+9 
        2491.16      1.44257e+9 
        2510.01      1.41291e+9 
        2528.86      1.38406e+9 
        2559.23      1.33919e+9 
        2582.27      1.30648e+9 
        2619.97      1.25518e+9 
        2657.67      1.20649e+9 
        2695.37      1.16033e+9 
        2710.02      1.14302e+9 
        2733.07      1.11646e+9 
        2756.11       1.0907e+9 
        2802.19      1.04154e+9 
        2842.01      1.00138e+9 
        2854.55      9.89149e+8 
        2867.08      9.77139e+8 
        2892.16      9.53678e+8 
        2931.63      9.18209e+8 
         2942.3      9.08904e+8 
        2952.98      8.99724e+8 
        2974.34      8.81754e+8 
        3017.05      8.47181e+8 
        3051.42      8.20628e+8 
        3085.79      7.95181e+8 
        3120.16      7.70743e+8 
        3149.86      7.50401e+8 
        3170.22      7.36867e+8 
        3209.26      7.11791e+8 
        3227.93      7.00179e+8 
        3248.29      6.87801e+8 
        3287.33      6.64874e+8 
        3346.73      6.31837e+8 
        3367.09      6.21014e+8 
        3406.13      6.00921e+8 
        3445.17      5.81653e+8 
        3484.21      5.63184e+8 
        3502.89      5.54607e+8 
        3523.25      5.45453e+8 
         3543.6      5.36487e+8 
        3577.35      5.22054e+8 
        3591.28      5.16233e+8 
        3605.22       5.1049e+8 
         3627.2      5.01609e+8 
        3638.96      4.96928e+8 
        3651.32      4.92068e+8 
         3663.4      4.87368e+8 
        3673.95      4.83265e+8 
        3685.83      4.78716e+8 
        3695.99      4.74883e+8 
        3706.05      4.71226e+8 
        3716.83      4.67532e+8 
           3727      4.64425e+8 
        3737.83      4.61242e+8 
        3748.27      4.55814e+8 
        3758.93      4.58226e+8 
        3768.97      4.44381e+8 
        3780.73      4.58283e+8 
        3791.97      4.39129e+8 
        3803.25      4.38745e+8 
        3813.55      4.66614e+8 
        3824.13      4.43316e+8 
        3834.39       3.7303e+8 
        3844.42      4.33785e+8 
        3854.64      4.81336e+8 
        3865.56      4.81575e+8 
        3876.37      4.29443e+8 
         3887.1      3.30178e+8 
        3898.89      4.04028e+8 
        3910.14      4.81028e+8 
        3921.39      5.13214e+8 
        3933.45      5.13129e+8 
        3943.88      4.83083e+8 
        3954.55      4.17694e+8 
        3964.68      3.26509e+8 
        3974.78      3.17543e+8 
        3984.88      4.05818e+8 
        3996.36      4.76344e+8 
         4008.8       5.1573e+8 
        4018.86      5.26324e+8 
        4029.01      5.28809e+8 
        4039.29      5.25956e+8 
        4049.71      5.16864e+8 
        4060.76      4.95668e+8 
        4071.35      4.58858e+8 
        4082.28      4.00745e+8 
        4093.69      3.13689e+8 
        4103.79      2.54421e+8 
        4115.19      3.52813e+8 
        4125.26      4.12362e+8 
        4135.54      4.53907e+8 
        4145.79      4.79002e+8 
        4158.83      4.92652e+8 
        4173.82      4.95486e+8 
        4188.82      4.93676e+8 
        4203.81      4.89916e+8 
        4216.52       4.8586e+8 
        4228.81      4.81323e+8 
        4243.81      4.74849e+8 
         4258.8      4.66222e+8 
         4273.8      4.53071e+8 
        4288.79      4.31997e+8 
        4301.29      4.05693e+8 
        4313.79      3.65772e+8 
        4326.14      3.05174e+8 
        4336.17      2.37536e+8 
        4346.26      2.47576e+8 
        4357.43       3.1369e+8 
        4367.98      3.56159e+8 
        4378.77      3.83026e+8 
        4393.77      4.03255e+8 
        4408.76      4.12255e+8 
        4423.76      4.14147e+8 
        4438.75      4.12359e+8 
        4453.75       4.0907e+8 
        4468.74      4.05243e+8 
        4483.74      4.01159e+8 
        4498.74      3.96965e+8 
        4513.73      3.92724e+8 
        4527.19      3.88904e+8 
        4538.73      3.85634e+8 
        4553.72      3.81399e+8 
        4568.72      3.77186e+8 
        4583.72      3.73004e+8 
        4596.53      3.69454e+8 
        4608.71      3.66118e+8 
         4623.7      3.62018e+8 
         4638.7      3.57944e+8 
         4653.7      3.53875e+8 
        4668.69       3.4981e+8 
        4683.69      3.45713e+8 
        4698.68      3.41551e+8 
        4713.68      3.37253e+8 
        4724.83       3.3392e+8 
        4738.67      3.29512e+8 
        4753.67      3.24228e+8 
        4768.67      3.18011e+8 
        4783.66      3.10479e+8 
        4798.66      3.00186e+8 
        4813.65      2.85244e+8 
        4826.15      2.66705e+8 
        4838.65      2.39054e+8 
        4848.69      2.08129e+8 
        4858.88      1.64312e+8 
        4870.47      1.93316e+8 
        4882.91      2.30239e+8 
        4893.63      2.51128e+8 
        4908.63      2.67856e+8 
         4921.7      2.75104e+8 
        4933.62      2.78368e+8 
        4948.62      2.79583e+8 
        4963.61      2.79163e+8 
        4978.61      2.77782e+8 
        4993.61      2.75832e+8 
         5008.6       2.7356e+8 
         5023.6      2.71105e+8 
        5038.59      2.68548e+8 
        5053.59      2.65942e+8 
        5068.59      2.63317e+8 
        5083.58      2.60693e+8 
        5098.58      2.58081e+8 
        5113.57      2.55485e+8 
        5128.57      2.52914e+8 
        5143.57      2.50368e+8 
        5158.56       2.4785e+8 
        5173.56      2.45359e+8 
        5188.55      2.42897e+8 
        5203.55      2.40463e+8 
        5218.55      2.38058e+8 
        5233.54      2.35681e+8 
        5248.54      2.33333e+8 
        5263.53      2.31013e+8 
        5278.53      2.28721e+8 
        5293.52      2.26457e+8 
        5308.52       2.2422e+8 
        5323.52      2.22011e+8 
        5338.51      2.19829e+8 
        5353.51      2.17674e+8 
        5368.51      2.15567e+8 
         5383.5      2.13461e+8 
         5398.5      2.11381e+8 
        5413.49      2.09327e+8 
        5428.49      2.07298e+8 
        5443.48      2.05293e+8 
        5458.48      2.03313e+8 
        5473.48      2.01357e+8 
        5488.47      1.99424e+8 
        5503.47      1.97515e+8 
        5518.47      1.95629e+8 
        5533.46      1.93767e+8 
        5548.46      1.91926e+8 
        5563.45      1.90107e+8 
        5578.45       1.8831e+8 
        5593.44      1.86534e+8 
        5608.44      1.84779e+8 
        5623.44      1.83046e+8 
        5638.43      1.81332e+8 
        5653.43      1.79638e+8 
        5668.43      1.77965e+8 
        5682.86      1.76372e+8 
        5693.42      1.75219e+8 
        5704.77      1.73989e+8 
        5715.23      1.72865e+8 
        5728.41      1.71462e+8 
         5743.4      1.69884e+8 
         5758.4      1.68323e+8 
         5773.4      1.66765e+8 
        5788.39      1.65241e+8 
        5803.39      1.63734e+8 
        5818.39      1.62243e+8 
        5833.38      1.60771e+8 
        5848.38      1.59314e+8 
        5863.37      1.57874e+8 
        5878.37      1.56451e+8 
        5893.36      1.55043e+8 
        5908.36      1.53652e+8 
        5923.36      1.52275e+8 
        5938.35      1.50914e+8 
        5953.35      1.49568e+8 
        5968.34      1.48238e+8 
        5983.34      1.46921e+8 
        5998.34      1.45619e+8 
        6013.33      1.44332e+8 
        6028.33      1.43058e+8 
        6043.32      1.41798e+8 
        6058.32      1.40552e+8 
        6073.32      1.39319e+8 
        6088.31      1.38099e+8 
        6103.31      1.36892e+8 
         6118.3      1.35698e+8 
         6133.3      1.34516e+8 
         6148.3      1.33346e+8 
        6163.29      1.32187e+8 
        6178.29       1.3104e+8 
        6193.28      1.29903e+8 
        6208.28      1.28778e+8 
        6223.28      1.27663e+8 
        6238.27      1.26557e+8 
        6252.16      1.25541e+8 
        6262.16      1.24814e+8 
        6273.26      1.24011e+8 
        6284.63      1.23193e+8 
        6295.99      1.22378e+8 
        6306.09      1.21657e+8 
        6316.22      1.20935e+8 
        6328.25       1.2008e+8 
        6343.24      1.19017e+8 
        6358.24      1.17953e+8 
        6373.23      1.16883e+8 
        6388.23        1.158e+8 
        6403.23      1.14694e+8 
        6418.22      1.13549e+8 
        6433.22       1.1234e+8 
        6448.22      1.11025e+8 
        6463.21      1.09541e+8 
        6478.21      1.07791e+8 
         6493.2      1.05583e+8 
         6508.2      1.02538e+8 
        6523.19      9.79762e+7 
        6537.09      9.14009e+7 
        6548.11      8.37615e+7 
        6558.19      7.36273e+7 
        6569.28      7.55066e+7 
        6579.79      8.42296e+7 
        6590.04      8.98756e+7 
        6603.34       9.4414e+7 
        6613.66      9.64381e+7 
        6623.98        9.762e+7 
         6634.3      9.82539e+7 
        6644.62      9.85266e+7 
        6654.94      9.85621e+7 
        6665.26        9.845e+7 
         6685.9       9.7925e+7 
        6701.62       9.7363e+7 
        6721.34      9.65525e+7 
         6736.2      9.58977e+7 
        6780.49      9.38526e+7 
        6824.78      9.17766e+7 
        6913.35      8.77035e+7 
        7001.93      8.38111e+7 
        7071.86        8.088e+7 
         7090.5      8.01194e+7 
        7109.15      7.93679e+7 
        7146.44      7.78911e+7 
        7221.02      7.50379e+7 
         7295.6      7.23138e+7 
        7346.84      7.05134e+7 
        7370.18      6.97141e+7 
        7393.51      6.89237e+7 
        7440.19      6.73774e+7 
        7533.55      6.44133e+7 
        7575.92      6.31221e+7 
         7626.9       6.1611e+7 
        7677.88      6.01452e+7 
        7728.86      5.87236e+7 
        7779.84      5.73438e+7 
        7830.82      5.60045e+7 
         7881.8      5.47039e+7 
        7903.32      5.41667e+7 
        7932.78      5.34413e+7 
        7962.25      5.27279e+7 
        8021.18      5.13374e+7 
        8077.68      5.00471e+7 
        8097.18      4.96114e+7 
        8108.49      4.93604e+7 
        8155.67      4.83321e+7 
        8200.85      4.73724e+7 
        8216.85      4.70384e+7 
        8232.84      4.67073e+7 
        8264.83      4.60539e+7 
        8289.72      4.55537e+7 
        8328.82      4.47806e+7 
        8367.92      4.40231e+7 
        8437.95      4.27181e+7 
        8473.98      4.20606e+7 
        8502.48      4.15466e+7 
        8516.58      4.12962e+7 
        8530.98      4.10396e+7 
        8545.38      4.08071e+7 
        8574.18      4.03475e+7 
        8598.39      3.99516e+7 
         8628.6       3.9486e+7 
        8646.81      3.91826e+7 
        8665.01      3.88725e+7 
        8701.43      3.83422e+7 
        8725.22      3.79181e+7 
        8737.85       3.7674e+7 
        8750.47      3.74355e+7 
        8763.09      3.72935e+7 
        8775.71      3.71544e+7 
        8786.57      3.70164e+7 
        8800.96      3.67981e+7 
        8815.35       3.6538e+7 
        8825.48      3.63501e+7 
        8844.13      3.59458e+7 
        8862.78      3.55399e+7 
        8881.43      3.54802e+7 
        8900.08      3.54117e+7 
        8918.73      3.52625e+7 
        8937.38      3.49967e+7 
        8956.03      3.46367e+7 
        8971.75      3.42311e+7 
        8993.33       3.3567e+7 
        9004.12      3.31978e+7 
        9014.91      3.28805e+7 
         9025.7      3.29544e+7 
        9036.49      3.30778e+7 
        9047.27       3.3178e+7 
        9058.06      3.32487e+7 
        9068.85      3.32911e+7 
        9079.64      3.32751e+7 
        9090.43      3.32352e+7 
         9118.3      3.29449e+7 
        9136.87      3.26242e+7 
        9155.45      3.21796e+7 
        9174.03      3.16041e+7 
        9192.61      3.08631e+7 
        9211.18      2.99744e+7 
        9224.55      2.92949e+7 
        9235.69      2.92661e+7 
        9246.83      2.95932e+7 
        9257.97      2.99002e+7 
        9271.34      3.01908e+7 
        9289.17      3.04886e+7 
         9315.9      3.06822e+7 
        9333.73      3.06617e+7 
        9351.55      3.05749e+7 
        9367.82      3.04461e+7 
        9384.08      3.02842e+7 
        9400.35      3.00739e+7 
        9416.62      2.98359e+7 
        9432.89      2.95486e+7 
        9449.15      2.91957e+7 
        9465.42      2.87698e+7 
        9481.68      2.82101e+7 
        9497.95      2.74871e+7 
        9514.22       2.6486e+7 
        9530.49      2.52496e+7 
        9542.09      2.43381e+7 
        9552.74      2.44499e+7 
        9563.38      2.50803e+7 
        9574.02      2.56958e+7 
        9590.47      2.64393e+7 
        9605.95       2.6877e+7 
        9629.16      2.72025e+7 
        9644.64      2.72803e+7 
        9660.12      2.72974e+7 
        9685.11       2.7211e+7 
        9701.76      2.71115e+7 
        9718.42      2.69914e+7 
        9751.73       2.6706e+7 
        9785.05       2.6392e+7 
        9818.36      2.60543e+7 
        9851.67      2.57106e+7 
        9884.99      2.52688e+7 
        9901.64      2.50052e+7 
         9918.3      2.47175e+7 
        9934.95      2.43767e+7 
         9950.4      2.40052e+7 
        9969.75      2.34688e+7 
        9989.09      2.27775e+7 
        10008.4      2.18774e+7 
          10023       2.1059e+7 
        10037.5      2.00456e+7 
        10048.2      1.91568e+7 
        10058.3      1.96869e+7 
        10071.7      2.04901e+7 
        10089.5      2.12432e+7 
        10107.3      2.17844e+7 
        10125.2      2.21316e+7 
          10143      2.23304e+7 
        10169.8      2.24873e+7 
        10187.6      2.25031e+7 
        10205.5      2.24768e+7 
        10237.2      2.23533e+7 
        10268.9       2.2165e+7 
        10300.6      2.19486e+7 
        10364.1      2.14863e+7 
        10427.5      2.10181e+7 
          10491      2.05347e+7 
        10554.4      2.00806e+7 
        10617.9      1.96149e+7 
        10681.3       1.9134e+7 
        10713.1      1.88749e+7 
        10744.8      1.85922e+7 
        10776.5      1.82645e+7 
        10792.4       1.8078e+7 
        10808.3      1.78767e+7 
        10824.1      1.76436e+7 
          10840      1.73702e+7 
        10855.8      1.70506e+7 
        10871.7      1.66556e+7 
        10887.6      1.61768e+7 
        10903.4      1.55838e+7 
        10915.3       1.5045e+7 
        10927.2      1.43666e+7 
        10937.6      1.32452e+7 
        10950.2      1.43283e+7 
        10961.5      1.48561e+7 
        10976.7      1.53555e+7 
        10991.8      1.57286e+7 
          11007      1.59897e+7 
        11022.1      1.61726e+7 
        11037.3      1.62872e+7 
        11052.4      1.63579e+7 
        11067.6      1.63914e+7 
        11082.7      1.63958e+7 
          11113      1.63589e+7 
        11143.3      1.62743e+7 
        11173.6      1.61578e+7 
        11207.5      1.60089e+7 
        11234.2      1.58827e+7 
        11260.9      1.57529e+7 
        11314.3      1.54874e+7 
        11367.7      1.52215e+7 
        11421.1      1.49586e+7 
        11474.6      1.47069e+7 
          11528      1.44517e+7 
        11581.4       1.4202e+7 
        11634.8      1.39577e+7 
        11688.2      1.37186e+7 
        11741.6      1.34846e+7 
          11795      1.32556e+7 
        11848.4      1.30314e+7 
        11901.8      1.28119e+7 
        11955.3       1.2597e+7 
        12008.7      1.23867e+7 
        12062.1       1.2176e+7 
        12115.5      1.19735e+7 
        12168.9      1.17748e+7 
        12222.3      1.15797e+7 
        12266.8      1.14196e+7 
        12284.6      1.13561e+7 
        12302.4      1.12928e+7 
          12338       1.1167e+7 
        12409.3      1.09172e+7 
        12480.5      1.06664e+7 
        12551.7      1.04046e+7 
        12587.3      1.02644e+7 
        12622.9      1.01107e+7 
        12658.6      9.93215e+6 
        12676.4      9.82854e+6 
        12694.2      9.71088e+6 
          12712      9.57284e+6 
        12729.8      9.40791e+6 
        12747.6      9.20685e+6 
        12765.4      8.95734e+6 
        12783.2      8.64372e+6 
        12796.7      8.33992e+6 
        12807.4      8.01266e+6 
        12817.5      7.24869e+6 
        12827.6      7.92611e+6 
        12840.4      8.26358e+6 
        12853.2      8.48211e+6 
          12866      8.64604e+6 
        12878.8      8.77283e+6 
        12891.6      8.86862e+6 
        12904.4      8.93893e+6 
        12917.2      8.98891e+6 
          12930      9.02291e+6 
        12942.8      9.04377e+6 
        12955.6      9.05413e+6 
        12968.4      9.05624e+6 
          12994      9.04307e+6 
        13019.6      9.01332e+6 
        13045.2      8.97236e+6 
        13096.3      8.87211e+6 
        13147.5      8.75945e+6 
        13198.7      8.64108e+6 
        13249.9      8.52091e+6 
        13293.8      8.41768e+6 
        13308.4      8.38359e+6 
        13322.9      8.34963e+6 
        13351.9      8.28196e+6 
        13410.1        8.148e+6 
        13468.2      8.01618e+6 
        13526.3      7.88669e+6 
        13584.5      7.75958e+6 
        13642.6      7.63633e+6 
        13700.7      7.51384e+6 
        13758.8       7.3938e+6 
          13817      7.27615e+6 
        13875.1      7.16082e+6 
        13933.2      7.04779e+6 
        13991.4      6.93698e+6 
        14049.5      6.82835e+6 
        14107.6      6.72181e+6 
        14165.7      6.61736e+6 
        14223.9      6.51494e+6 
          14282      6.41447e+6 
        14332.1      6.32949e+6 
        14382.1      6.24589e+6 
        14406.8      6.20524e+6 
        14432.2      6.16368e+6 
        14457.6      6.12246e+6 
        14508.5      6.04106e+6 
        14535.4      5.99846e+6 
        14559.3      5.96101e+6 
        14581.2      5.92696e+6 
        14597.2      5.90224e+6 
        14613.2      5.87767e+6 
        14645.2      5.82888e+6 
        14709.2      5.73284e+6 
        14773.2      5.63875e+6 
        14837.1      5.54661e+6 
        14901.1      5.45632e+6 
        14965.1      5.36788e+6 
        15029.1      5.28124e+6 
        15093.1      5.19632e+6 
        15157.1       5.1131e+6 
          15221      5.03154e+6 
          15285      4.95159e+6 
          15349      4.87327e+6 
          15413      4.79646e+6 
        15471.6      4.72744e+6 
        15482.4      4.71487e+6 
        15493.1      4.70256e+6 
        15514.7      4.67808e+6 
        15557.9      4.62955e+6 
        15644.2      4.53435e+6 
        15730.5      4.44165e+6 
        15816.8      4.35126e+6 
        15903.1      4.26317e+6 
        15989.4      4.17731e+6 
        16075.8      4.09359e+6 
        16162.1      4.01197e+6 
        16248.4      3.93236e+6 
        16289.9      3.89479e+6 
        16334.7      3.85473e+6 
        16379.5      3.81518e+6 
        16469.1      3.73894e+6 
        16558.8      3.66454e+6 
        16648.4      3.59203e+6 
          16738      3.52129e+6 
        16827.7      3.45226e+6 
        16917.3      3.38491e+6 
        17006.9      3.31919e+6 
        17096.6      3.25507e+6 
        17186.2      3.19249e+6 
        17275.8      3.13139e+6 
        17327.7       3.0967e+6 
        17365.5      3.07174e+6 
        17403.2      3.04703e+6 
        17478.8      2.99776e+6 
        17554.3      2.94948e+6 
        17629.9      2.90216e+6 
        17705.4      2.85578e+6 
          17781      2.81032e+6 
        17856.5      2.76576e+6 
        17932.1      2.72208e+6 
        18007.6      2.67729e+6 
        18083.2      2.63472e+6 
        18158.7      2.59274e+6 
        18234.3      2.55114e+6 
        18309.8      2.50957e+6 
        18343.7      2.49076e+6 
        18385.3      2.46741e+6 
          18427      2.44344e+6 
        18468.6      2.41817e+6 
        18510.2      2.39087e+6 
        18551.8       2.3599e+6 
        18593.4      2.32264e+6 
        18614.2       2.3002e+6 
          18635      2.27393e+6 
        18655.8      2.24231e+6 
        18676.6      2.20359e+6 
          18687      2.18076e+6 
        18697.4      2.15514e+6 
        18707.8      2.12587e+6 
        18718.2      2.09202e+6 
        18728.6       2.0501e+6 
          18739      1.99022e+6 
        18749.1      1.80806e+6 
        18760.3      1.95728e+6 
        18772.1      2.02598e+6 
        18782.1      2.05983e+6 
        18795.6      2.09234e+6 
          18809      2.11668e+6 
        18822.4      2.13546e+6 
        18835.8      2.14983e+6 
        18849.2      2.16064e+6 
        18862.7      2.16852e+6 
        18876.1      2.17393e+6 
        18902.9      2.17926e+6 
        18929.8      2.17943e+6 
        18956.6      2.17616e+6 
        19010.3      2.16326e+6 
          19064       2.1457e+6 
        19117.7      2.12604e+6 
        19171.3      2.10539e+6 
          19225      2.08434e+6 
        19278.7      2.06312e+6 
        19332.4       2.0419e+6 
        19386.1      2.02078e+6 
        19428.8      2.00408e+6 
        19439.7      1.99982e+6 
        19450.7      1.99558e+6 
        19472.5      1.98708e+6 
        19516.3      1.97017e+6 
        19603.8      1.93758e+6 
        19691.3      1.90462e+6 
        19778.7      1.87236e+6 
        19866.2      1.84078e+6 
        19953.7      1.80985e+6 
        20041.2      1.77958e+6 
        20128.7      1.74993e+6 
        20216.2       1.7209e+6 
        20303.6      1.69246e+6 
        20391.1      1.66461e+6 
        20474.4      1.63862e+6 
        20557.7       1.6131e+6 
        20640.9      1.58808e+6 
        20724.2      1.56354e+6 
        20807.5      1.53947e+6 
        20890.8      1.51586e+6 
        20974.1       1.4927e+6 
        21057.3      1.46998e+6 
        21140.6      1.44769e+6 
        21223.9      1.42582e+6 
        21307.2      1.40437e+6 
        21390.4      1.38331e+6 
        21473.7      1.36265e+6 
          21557      1.34237e+6 
        21630.6      1.32476e+6 
        21704.2      1.30742e+6 
        21777.8      1.29037e+6 
        21851.5      1.27359e+6 
        21925.1      1.25709e+6 
        21998.7      1.24085e+6 
        22072.3      1.22487e+6 
        22145.9      1.20915e+6 
        22219.5      1.19368e+6 
        22293.1      1.17846e+6 
        22366.7      1.16347e+6 
        22440.3      1.14873e+6 
          22514      1.13422e+6 
        22587.6      1.11994e+6 
        22661.2      1.10588e+6 
        22682.7       1.1018e+6 
        22734.8      1.09204e+6 
        22784.8      1.08275e+6 
        22800.8      1.07981e+6 
        22816.8      1.07687e+6 
        22848.8      1.07103e+6 
        22912.8      1.05946e+6 
        22976.8      1.04804e+6 
        23040.8      1.03679e+6 
        23104.8      1.02567e+6 
        23168.7      1.01471e+6 
        23232.7       1.0039e+6 
        23296.7          993227 
        23360.7          982696 
        23424.7          972307 
        23488.6          962053 
        23552.6          951934 
        23616.6          941947 
        23680.6          932092 
        23744.6          922362 
        23808.6          912761 
        23872.5          903286 
        23936.5          893934 
        24000.5          884701 
        24064.5          875584 
        24128.5          866589 
        24192.5          857705 
        24256.4          848937 
        24320.4          840282 
        24384.4          831734 
        24448.4          823298 
        24512.4          814967 
        24576.3          806739 
        24640.3          798618 
        24704.3          790597 
        24768.3          782678 
        24832.3          774855 
        24896.3          767133 
        24960.2          759505 
        25004.4          754290 
        25024.2          751972 
          25044          749659 
        25083.6          745088 
        25162.8          736050 
        25241.9          727147 
        25321.1          718379 
        25400.2          709742 
        25479.4          701235 
        25558.5          692853 
        25637.7          684600 
        25716.9          676467 
          25796          668456 
        25875.2          660561 
        25954.3          652785 
        26033.5          645120 
        26112.7          637571 
        26191.8          630128 
          26271          622796 
        26350.1          615570 
        26429.3          608448 
        26508.4          601430 
        26587.6          594512 
        26666.8          587695 
        26745.9          580972 
        26825.1          574346 
        26904.2          567815 
        26983.4          561377 
        27062.6          555031 
        27141.7          548773 
        27220.9          542603 
        27299.2          536584 
        27377.5          530656 
        27455.8          524809 
        27534.2          519045 
        27612.5          513358 
        27690.8          507747 
        27769.1          502215 
        27847.5          496758 
        27925.8          491373 
        28004.1          486064 
        28082.4          480824 
        28160.8          475653 
        28239.1          470554 
        28317.4          465521 
        28395.7          460557 
          28474          455657 
        28552.4          450822 
        28630.7          446053 
          28709          441344 
        28787.3          436700 
        28865.7          432114 
          28944          427590 
        29022.3          423122 
        29100.6          418715 
          29179          414367 
        29257.3          410072 
        29335.6          405831 
        29413.9          401646 
        29492.3          397518 
        29570.6          393440 
        29648.9          389413 
        29727.2          385439 
        29805.5          381515 
        29883.9          377641 
        29932.6          375257 
        29962.2          373815 
        29991.8          372382 
