# Koester WD models
# teff = 19000 K (value for the effective temperature for the model. Temperatures are given in K)
# logg = 8.25 log(cm/s2) (value for Log(G) for the model.)
#
# column 1: WAVELENGTH (ANGSTROM), Wavelength in Angstrom
# column 2: FLUX (ERG/CM2/S/A), Flux in erg/cm2/s/A
         899.23      5.94499e+6 
        909.241      6.47614e+6 
        919.245       1.3371e+7 
        929.285      1.69142e+7 
        939.381      3.63822e+7 
        949.407      1.35118e+7 
        959.569      1.55919e+8 
        969.927      4.40596e+7 
        979.992      1.60184e+8 
        990.063      5.78578e+8 
        1000.18      1.31667e+9 
        1010.38      4.72967e+8 
        1020.57      8.40684e+7 
        1030.69      1.02537e+8 
         1040.7      7.17134e+8 
        1050.79      2.26996e+9 
        1060.95      2.85832e+9 
        1071.35      5.23257e+9 
        1081.68      7.99045e+9 
        1091.69     1.09222e+10 
        1101.69     1.08745e+10 
         1111.7     1.04331e+10 
        1122.33      9.80852e+9 
        1132.46      9.15847e+9 
        1143.63      8.19472e+9 
        1154.39      6.99488e+9 
        1164.39       5.6123e+9 
         1174.4      4.01543e+9 
        1185.17      2.21795e+9 
        1195.21      9.22133e+8 
        1205.28      3.06273e+8 
         1215.3      2.61636e+7 
        1225.37      3.15592e+8 
        1235.81      1.04302e+9 
        1245.81      2.72631e+9 
        1257.21      4.57677e+9 
        1267.21        5.663e+9 
        1277.22      6.34614e+9 
        1288.02      6.77912e+9 
        1298.22      6.96793e+9 
        1309.42      7.08574e+9 
        1319.42      7.09007e+9 
        1329.42      7.01386e+9 
        1339.42       6.9574e+9 
        1349.42      6.93846e+9 
        1359.42      6.83953e+9 
        1369.42      6.58157e+9 
        1379.42      6.32792e+9 
        1389.42      6.02765e+9 
        1399.42      6.03933e+9 
        1409.42      6.28567e+9 
        1419.42      6.37401e+9 
        1429.42       6.3125e+9 
        1439.42      6.20914e+9 
        1449.85      6.09211e+9 
        1461.52      5.95988e+9 
        1472.88      5.83325e+9 
        1484.42      5.70777e+9 
        1494.42      5.60181e+9 
        1509.42      5.44752e+9 
        1524.42      5.29867e+9 
        1539.42       5.1552e+9 
        1554.42        5.017e+9 
        1566.72      4.90745e+9 
        1579.41      4.79787e+9 
        1594.41      4.67287e+9 
        1604.41       4.5921e+9 
        1619.41      4.47463e+9 
        1634.41      4.36135e+9 
        1649.41      4.25208e+9 
        1664.41      4.14656e+9 
        1676.33      4.06519e+9 
         1689.4      3.97867e+9 
         1704.4      3.88257e+9 
         1719.4      3.78967e+9 
         1734.4      3.69973e+9 
        1749.39      3.61267e+9 
        1764.39      3.52848e+9 
        1775.55      3.46769e+9 
        1789.39      3.39418e+9 
        1809.39       3.2917e+9 
           1824      3.21944e+9 
        1834.77      3.16761e+9 
        1845.54      3.11698e+9 
           1864      3.03272e+9 
        1876.29      2.97842e+9 
        1888.59       2.9255e+9 
        1906.98      2.84866e+9 
        1919.37      2.79844e+9 
        1931.76      2.74953e+9 
        1944.47      2.70052e+9 
        1956.53      2.65515e+9 
         1967.6      2.61441e+9 
        1992.71      2.52524e+9 
        2017.81      2.44017e+9 
        2042.42      2.36048e+9 
        2067.03      2.28426e+9 
        2091.64      2.21152e+9 
         2116.2      2.14201e+9 
           2129      2.10699e+9 
         2141.8      2.07273e+9 
        2165.47      2.01127e+9 
        2210.96      1.89994e+9 
        2225.89      1.86526e+9 
        2240.83      1.83145e+9 
        2263.91      1.78076e+9 
        2307.04      1.69109e+9 
        2319.23      1.66687e+9 
        2331.41      1.64313e+9 
        2349.21      1.60924e+9 
        2362.35      1.58482e+9 
         2375.5      1.56091e+9 
        2394.29      1.52755e+9 
        2409.27      1.50163e+9 
        2424.25      1.47631e+9 
        2452.24      1.43051e+9 
        2464.64       1.4108e+9 
        2480.05      1.38685e+9 
        2491.16       1.3699e+9 
        2510.01      1.34178e+9 
        2528.86      1.31444e+9 
        2559.23      1.27192e+9 
        2582.27      1.24092e+9 
        2619.97      1.19232e+9 
        2657.67      1.14618e+9 
        2695.37      1.10244e+9 
        2710.02      1.08603e+9 
        2733.07      1.06086e+9 
        2756.11      1.03646e+9 
        2802.19      9.89888e+8 
        2842.01      9.51827e+8 
        2854.55      9.40238e+8 
        2867.08      9.28856e+8 
        2892.16      9.06626e+8 
        2931.63      8.73011e+8 
         2942.3      8.64196e+8 
        2952.98      8.55497e+8 
        2974.34      8.38469e+8 
        3017.05      8.05702e+8 
        3051.42      7.80535e+8 
        3085.79      7.56417e+8 
        3120.16      7.33251e+8 
        3149.86      7.13965e+8 
        3170.22      7.01138e+8 
        3209.26      6.77365e+8 
        3227.93      6.66357e+8 
        3248.29      6.54636e+8 
        3287.33      6.32896e+8 
        3346.73      6.01565e+8 
        3367.09      5.91301e+8 
        3406.13      5.72244e+8 
        3445.17      5.53966e+8 
        3484.21      5.36443e+8 
        3502.89      5.28306e+8 
        3523.25      5.19623e+8 
         3543.6      5.11115e+8 
        3577.35      4.97415e+8 
        3591.28      4.91882e+8 
        3605.22      4.86422e+8 
         3627.2       4.7799e+8 
        3638.96      4.73548e+8 
        3651.32      4.68936e+8 
         3663.4      4.64481e+8 
        3673.95      4.60576e+8 
        3685.83      4.56263e+8 
        3695.99        4.526e+8 
        3706.05      4.49009e+8 
        3716.83      4.45214e+8 
           3727      4.41717e+8 
        3737.83      4.38089e+8 
        3748.27      4.34319e+8 
        3758.93       4.3163e+8 
        3768.97      4.26704e+8 
        3780.73      4.26104e+8 
        3792.84      4.18297e+8 
        3803.25      4.17499e+8 
        3816.49      4.20216e+8 
         3826.8      4.06692e+8 
        3836.97      3.91464e+8 
        3848.84      4.16324e+8 
        3858.91      4.22978e+8 
        3868.96      4.12237e+8 
        3881.42      3.72367e+8 
        3891.77      3.50649e+8 
        3902.49      3.95417e+8 
        3913.89      4.27668e+8 
        3926.39      4.38208e+8 
        3937.35      4.27464e+8 
        3947.73      3.96268e+8 
        3958.88      3.43521e+8 
        3969.05      2.82177e+8 
        3979.58      3.30841e+8 
        3990.75      3.86143e+8 
        4001.37      4.24922e+8 
        4013.86      4.50021e+8 
        4025.34      4.57937e+8 
        4035.85      4.57394e+8 
        4047.59      4.47969e+8 
        4058.85       4.2677e+8 
        4071.35      3.85354e+8 
        4082.28      3.39122e+8 
        4093.69      2.78598e+8 
        4103.79      2.38963e+8 
        4114.23      2.99382e+8 
        4125.26      3.48742e+8 
        4135.54      3.85225e+8 
        4146.66      4.16783e+8 
        4158.83      4.37099e+8 
        4173.82      4.48095e+8 
        4188.82      4.51331e+8 
        4203.81      4.50617e+8 
        4216.52      4.48117e+8 
        4228.81       4.4407e+8 
        4243.81      4.36694e+8 
         4258.8      4.25026e+8 
         4273.8      4.06255e+8 
        4288.79      3.76969e+8 
        4303.79      3.38749e+8 
        4314.07      3.06324e+8 
        4326.14      2.59835e+8 
        4336.17      2.12522e+8 
        4346.95      2.22982e+8 
        4357.43       2.6588e+8 
        4367.98      3.00173e+8 
        4378.77      3.27819e+8 
        4393.77      3.56115e+8 
        4408.76      3.75031e+8 
        4423.76      3.84434e+8 
        4438.75      3.87698e+8 
        4453.75      3.87688e+8 
        4468.74      3.85979e+8 
        4483.74      3.83296e+8 
        4498.74       3.8017e+8 
        4513.73      3.76768e+8 
        4527.19       3.7356e+8 
        4538.73      3.70736e+8 
        4553.72      3.66998e+8 
        4568.72      3.63203e+8 
        4583.72      3.59367e+8 
        4596.53      3.56062e+8 
        4608.71      3.52939e+8 
         4623.7      3.49012e+8 
         4638.7      3.45041e+8 
         4653.7      3.41007e+8 
        4668.69      3.36848e+8 
        4683.69      3.32443e+8 
        4698.68      3.27731e+8 
        4713.68      3.22535e+8 
        4724.83      3.18212e+8 
        4738.67      3.12109e+8 
        4753.67      3.04614e+8 
        4768.67      2.95394e+8 
        4783.66      2.83772e+8 
        4798.66      2.68756e+8 
        4813.65      2.49283e+8 
        4828.65      2.24786e+8 
        4839.16       2.0366e+8 
        4849.39       1.7942e+8 
        4859.63      1.42931e+8 
        4870.41      1.70126e+8 
        4882.91      1.97657e+8 
        4893.63      2.15983e+8 
        4908.63      2.35048e+8 
         4921.7      2.46841e+8 
        4933.62      2.54322e+8 
        4948.62      2.60114e+8 
        4963.61       2.6315e+8 
        4978.61       2.6425e+8 
        4993.61      2.64206e+8 
         5008.6      2.63356e+8 
         5023.6      2.61883e+8 
        5038.59       2.6002e+8 
        5053.59      2.57923e+8 
        5068.59      2.55659e+8 
        5083.58      2.53312e+8 
        5098.58      2.50931e+8 
        5113.57      2.48534e+8 
        5128.57      2.46135e+8 
        5143.57      2.43742e+8 
        5158.56      2.41362e+8 
        5173.56      2.38997e+8 
        5188.55      2.36651e+8 
        5203.55      2.34326e+8 
        5218.55      2.32022e+8 
        5233.54      2.29742e+8 
        5248.54      2.27484e+8 
        5263.53       2.2525e+8 
        5278.53       2.2304e+8 
        5293.52      2.20852e+8 
        5308.52      2.18689e+8 
        5323.52      2.16551e+8 
        5338.51      2.14438e+8 
        5353.51      2.12348e+8 
        5368.51       2.1036e+8 
         5383.5      2.08313e+8 
         5398.5      2.06289e+8 
        5413.49      2.04291e+8 
        5428.49      2.02316e+8 
        5443.48      2.00364e+8 
        5458.48      1.98437e+8 
        5473.48      1.96532e+8 
        5488.47      1.94651e+8 
        5503.47      1.92791e+8 
        5518.47      1.90955e+8 
        5533.46       1.8914e+8 
        5548.46      1.87347e+8 
        5563.45      1.85575e+8 
        5578.45      1.83824e+8 
        5593.44      1.82094e+8 
        5608.44      1.80383e+8 
        5623.44      1.78693e+8 
        5638.43      1.77023e+8 
        5653.43      1.75372e+8 
        5668.43      1.73769e+8 
        5682.86      1.72213e+8 
        5693.42      1.71087e+8 
        5704.77      1.69886e+8 
        5715.23      1.68788e+8 
        5728.41      1.67418e+8 
         5743.4      1.65876e+8 
         5758.4      1.64352e+8 
         5773.4      1.62792e+8 
        5788.39      1.61301e+8 
        5803.39      1.59828e+8 
        5818.39      1.58372e+8 
        5833.38      1.56932e+8 
        5848.38      1.55508e+8 
        5863.37        1.541e+8 
        5878.37      1.52708e+8 
        5893.36      1.51331e+8 
        5908.36       1.4997e+8 
        5923.36      1.48623e+8 
        5938.35      1.47291e+8 
        5953.35      1.45973e+8 
        5968.34      1.44671e+8 
        5983.34      1.43382e+8 
        5998.34      1.42106e+8 
        6013.33      1.40845e+8 
        6028.33      1.39596e+8 
        6043.32       1.3836e+8 
        6058.32      1.37138e+8 
        6073.32      1.35926e+8 
        6088.31      1.34724e+8 
        6103.31      1.33534e+8 
         6118.3      1.32355e+8 
         6133.3      1.31185e+8 
         6148.3      1.30025e+8 
        6163.29      1.28874e+8 
        6178.29       1.2773e+8 
        6193.28      1.26593e+8 
        6208.28      1.25461e+8 
        6223.28      1.24334e+8 
        6238.27      1.23208e+8 
        6252.16      1.22169e+8 
        6262.16      1.21429e+8 
        6273.26      1.20609e+8 
        6284.63      1.19767e+8 
        6295.99      1.18922e+8 
        6306.09       1.1817e+8 
        6316.22      1.17409e+8 
        6328.25      1.16498e+8 
        6343.24       1.1535e+8 
        6358.24      1.14177e+8 
        6373.23      1.12969e+8 
        6388.23      1.11712e+8 
        6403.23       1.1038e+8 
        6418.22      1.08941e+8 
        6433.22      1.07346e+8 
        6448.22      1.05514e+8 
        6463.21      1.03342e+8 
        6478.21      1.00717e+8 
         6493.2      9.74971e+7 
         6508.2      9.34077e+7 
        6523.19      8.81308e+7 
         6536.1      8.23421e+7 
        6546.46      7.66059e+7 
        6556.87      6.88229e+7 
        6567.07      6.67318e+7 
        6577.95      7.48287e+7 
        6588.18      7.97713e+7 
        6603.34      8.51362e+7 
        6613.66      8.77645e+7 
        6623.98      8.97258e+7 
         6634.3      9.11593e+7 
        6644.62      9.21724e+7 
        6654.94      9.28708e+7 
        6665.26      9.33245e+7 
        6675.58      9.35664e+7 
         6685.9      9.36471e+7 
        6696.23      9.35981e+7 
        6706.55      9.34548e+7 
        6721.34      9.31303e+7 
        6741.06      9.25488e+7 
        6780.49       9.1104e+7 
        6815.08      8.96928e+7 
        6834.48      8.88731e+7 
        6853.88      8.80441e+7 
        6892.68      8.63819e+7 
        6970.27      8.30895e+7 
        6986.58      8.24074e+7 
        7047.86      7.98929e+7 
        7109.15      7.74591e+7 
        7170.43       7.5113e+7 
        7231.71      7.28523e+7 
        7292.99      7.06748e+7 
        7315.03      6.99114e+7 
        7354.27      6.85772e+7 
        7393.51      6.72816e+7 
           7472      6.47674e+7 
        7550.48      6.23729e+7 
        7580.06      6.14951e+7 
        7628.97      6.00823e+7 
        7677.88      5.87098e+7 
        7775.71      5.60821e+7 
        7873.53      5.36028e+7 
        7962.25      5.14697e+7 
        8019.38      5.01527e+7 
        8050.96       4.9443e+7 
        8082.55      4.87456e+7 
        8145.72      4.73875e+7 
        8200.85      4.62408e+7 
        8216.85      4.59144e+7 
        8232.84      4.55911e+7 
        8264.83       4.4953e+7 
        8289.72      4.44645e+7 
        8328.82      4.37102e+7 
        8367.92      4.29713e+7 
        8437.95      4.16892e+7 
        8473.98      4.10465e+7 
        8502.48       4.0547e+7 
        8516.58      4.03025e+7 
        8530.98      4.00544e+7 
        8545.38      3.98153e+7 
        8574.18      3.93393e+7 
        8598.39      3.89444e+7 
         8628.6      3.84603e+7 
        8646.81      3.81685e+7 
        8665.01      3.78785e+7 
        8685.59      3.75596e+7 
        8701.43       3.7314e+7 
        8750.47      3.65326e+7 
        8767.92      3.62757e+7 
        8815.35      3.55581e+7 
        8862.78      3.48585e+7 
        8900.38      3.44114e+7 
        8957.65      3.35968e+7 
        8986.28      3.31265e+7 
        9000.59      3.28846e+7 
        9014.91      3.26616e+7 
        9029.22      3.25299e+7 
        9043.54      3.24156e+7 
        9057.85      3.22953e+7 
        9072.17      3.21639e+7 
        9086.49      3.20138e+7 
        9099.72       3.1863e+7 
        9126.18       3.1524e+7 
        9152.64      3.11113e+7 
         9179.1      3.06203e+7 
        9204.06      3.01033e+7 
        9216.53       2.9843e+7 
        9229.01      2.96328e+7 
        9241.49      2.95948e+7 
        9253.96      2.95499e+7 
        9266.44      2.95519e+7 
        9278.92      2.95476e+7 
        9297.63      2.95047e+7 
        9322.58      2.93974e+7 
        9347.54       2.9215e+7 
         9360.9      2.90903e+7 
        9372.49      2.89669e+7 
        9384.08      2.88339e+7 
        9407.27      2.85236e+7 
        9430.46       2.8168e+7 
        9453.65      2.77149e+7 
        9476.83      2.72275e+7 
        9488.54      2.69258e+7 
        9500.02      2.66174e+7 
        9511.51      2.62524e+7 
        9522.99      2.58297e+7 
        9534.48      2.53877e+7 
        9544.53      2.50246e+7 
        9554.58      2.51187e+7 
        9564.63      2.53273e+7 
        9577.55      2.55886e+7 
        9589.04      2.57524e+7 
        9600.52      2.58733e+7 
        9612.01      2.59571e+7 
        9623.49      2.60145e+7 
        9646.47      2.60613e+7 
        9668.45      2.60483e+7 
        9690.44      2.59635e+7 
        9712.42      2.58526e+7 
         9756.4      2.55301e+7 
        9800.37      2.51292e+7 
        9844.34       2.4637e+7 
        9866.33      2.43882e+7 
        9888.32      2.40477e+7 
         9910.3       2.3647e+7 
        9932.29      2.32115e+7 
        9952.82      2.27231e+7 
        9973.35      2.22063e+7 
        9993.88      2.15945e+7 
        10014.4      2.08949e+7 
        10031.9      2.02249e+7 
          10045      1.97577e+7 
        10055.9      1.97348e+7 
        10066.8      1.99862e+7 
        10077.8      2.02527e+7 
        10088.7      2.04916e+7 
        10099.6      2.07084e+7 
        10110.5      2.08765e+7 
        10121.5       2.1031e+7 
        10134.6      2.11616e+7 
          10152      2.13173e+7 
        10169.5      2.14258e+7 
          10187      2.14842e+7 
        10204.5      2.15176e+7 
        10221.9      2.15215e+7 
        10237.2      2.14942e+7 
        10267.7      2.13909e+7 
        10298.2      2.12412e+7 
        10328.7      2.10635e+7 
        10389.7      2.06724e+7 
        10450.7      2.02114e+7 
        10511.7      1.97788e+7 
        10572.7      1.93556e+7 
        10633.7       1.8877e+7 
        10664.2      1.86175e+7 
        10694.7      1.83327e+7 
        10725.2      1.80143e+7 
        10755.7        1.766e+7 
        10786.2      1.72464e+7 
        10801.5      1.70162e+7 
        10816.7      1.67715e+7 
          10832      1.65048e+7 
        10847.2      1.61969e+7 
        10862.5      1.58834e+7 
        10877.7      1.55088e+7 
          10893      1.51118e+7 
        10908.2      1.46475e+7 
        10923.2       1.4116e+7 
        10934.4      1.35657e+7 
        10945.1      1.37029e+7 
          10960      1.41828e+7 
        10974.9      1.45224e+7 
        10989.9      1.47997e+7 
        11004.8      1.50179e+7 
        11019.7      1.51946e+7 
        11034.6      1.53296e+7 
        11049.5      1.54451e+7 
        11064.5      1.55215e+7 
        11079.4      1.55797e+7 
        11109.2      1.56522e+7 
        11139.1       1.5654e+7 
        11168.9      1.56188e+7 
        11196.4      1.55577e+7 
        11228.6      1.54554e+7 
        11260.9      1.53338e+7 
        11325.5      1.50554e+7 
          11390      1.47602e+7 
        11454.5      1.44889e+7 
        11519.1      1.41866e+7 
        11583.6      1.38921e+7 
        11648.2      1.36052e+7 
        11712.7      1.33256e+7 
        11777.3      1.30532e+7 
        11841.8      1.27877e+7 
        11906.4      1.25288e+7 
        11970.9      1.22765e+7 
        12035.5      1.20154e+7 
          12100      1.17721e+7 
        12164.6      1.15336e+7 
        12229.1      1.12988e+7 
        12284.6      1.10979e+7 
        12340.2       1.0896e+7 
        12395.7      1.06909e+7 
        12451.2      1.04774e+7 
        12506.7      1.02515e+7 
        12562.2      1.00014e+7 
          12590      9.86017e+6 
        12617.8      9.70617e+6 
        12645.5      9.53549e+6 
        12673.3       9.3382e+6 
        12701.1      9.11272e+6 
        12714.9      8.98417e+6 
        12728.8      8.84289e+6 
        12742.7      8.69203e+6 
        12756.6      8.52119e+6 
        12770.5      8.33436e+6 
        12784.3      8.11586e+6 
        12798.2        7.846e+6 
        12808.6      7.56131e+6 
        12818.8      7.26873e+6 
        12829.8      7.58663e+6 
        12844.7      7.86765e+6 
        12856.6      8.02309e+6 
        12874.5       8.1951e+6 
        12886.4      8.28806e+6 
        12898.4      8.36502e+6 
        12910.3      8.42742e+6 
        12934.1      8.52864e+6 
          12958      8.59254e+6 
        12981.8      8.63187e+6 
        13005.7      8.64928e+6 
        13029.5      8.65028e+6 
        13053.4      8.63919e+6 
        13077.2      8.61896e+6 
        13124.9      8.55525e+6 
        13172.6      8.47319e+6 
        13220.3      8.38108e+6 
        13308.4      8.19598e+6 
        13396.4      8.00443e+6 
        13484.4      7.81308e+6 
        13572.4      7.62537e+6 
        13660.4      7.44683e+6 
        13748.4      7.26732e+6 
        13836.4      7.09315e+6 
        13924.4       6.9242e+6 
        14012.4      6.76024e+6 
        14100.4      6.60108e+6 
        14188.4      6.44658e+6 
        14220.7      6.39094e+6 
        14276.4      6.29657e+6 
        14332.1      6.20389e+6 
        14387.7      6.11279e+6 
        14429.2      6.04603e+6 
        14443.4      6.02334e+6 
        14457.6      6.00076e+6 
        14486.1      5.95586e+6 
        14502.8      5.92976e+6 
          14543       5.8674e+6 
        14581.2       5.8089e+6 
        14597.2      5.78461e+6 
        14613.2      5.76049e+6 
        14645.2      5.71261e+6 
        14709.2       5.6183e+6 
        14773.2      5.52594e+6 
        14837.1      5.43546e+6 
        14901.1      5.34683e+6 
        14965.1         5.26e+6 
        15029.1      5.17493e+6 
        15093.1      5.09158e+6 
        15157.1       5.0099e+6 
          15221      4.92985e+6 
          15285       4.8514e+6 
          15349       4.7745e+6 
          15413       4.6991e+6 
        15471.6       4.6314e+6 
        15482.4      4.61905e+6 
        15493.1       4.6068e+6 
        15514.7      4.58248e+6 
        15557.9      4.53426e+6 
        15644.2      4.43976e+6 
        15730.5      4.34771e+6 
        15816.8      4.25802e+6 
        15903.1      4.17065e+6 
        15989.4      4.08552e+6 
        16075.8      4.00251e+6 
        16162.1      3.92165e+6 
        16248.4      3.84283e+6 
        16289.9       3.8056e+6 
        16334.7      3.76595e+6 
        16379.5      3.72681e+6 
        16469.1      3.65113e+6 
        16558.8      3.57739e+6 
        16648.4      3.50548e+6 
          16738      3.43539e+6 
        16827.7      3.36706e+6 
        16917.3       3.3004e+6 
        17006.9       3.2354e+6 
        17096.6      3.17197e+6 
        17186.2       3.1101e+6 
        17275.8      3.04973e+6 
        17327.7      3.01548e+6 
        17365.5      2.99082e+6 
        17403.2      2.96643e+6 
        17478.8      2.91869e+6 
        17554.3      2.87192e+6 
        17629.9      2.82607e+6 
        17705.4      2.78113e+6 
          17781      2.73708e+6 
        17856.5       2.6939e+6 
        17932.1      2.65156e+6 
        18007.6      2.60418e+6 
        18083.2      2.56189e+6 
        18158.7      2.51973e+6 
        18234.3      2.47728e+6 
        18309.8      2.43378e+6 
        18343.7      2.41357e+6 
        18385.3      2.38785e+6 
          18427      2.36064e+6 
        18468.6      2.33105e+6 
        18510.2      2.29802e+6 
        18551.8      2.25986e+6 
        18593.4      2.21434e+6 
        18614.2       2.1879e+6 
          18635      2.15833e+6 
        18655.8      2.12471e+6 
        18676.6      2.08633e+6 
          18687      2.06451e+6 
        18697.4      2.04047e+6 
        18707.8      2.01328e+6 
        18718.2      1.98216e+6 
        18728.6      1.94319e+6 
          18739      1.88335e+6 
        18749.4      1.71521e+6 
        18760.8      1.85576e+6 
        18770.8       1.9152e+6 
        18780.9      1.94848e+6 
        18794.3      1.97909e+6 
        18814.4      2.01198e+6 
        18827.9      2.02845e+6 
        18841.3      2.04172e+6 
        18854.7      2.05286e+6 
        18881.5      2.06926e+6 
        18908.4      2.07971e+6 
        18935.2      2.08559e+6 
        18962.1      2.08785e+6 
        18988.9      2.08728e+6 
        19015.7      2.08451e+6 
        19069.4      2.07421e+6 
        19123.1      2.05991e+6 
        19176.8      2.04328e+6 
        19230.5      2.02528e+6 
        19284.1      2.00647e+6 
        19337.8      1.98721e+6 
        19391.5      1.96775e+6 
        19439.7      1.95021e+6 
        19450.7      1.94622e+6 
        19461.6       1.9422e+6 
        19483.6      1.93417e+6 
        19527.4      1.91815e+6 
        19615.2      1.88879e+6 
        19702.9      1.85683e+6 
        19790.6      1.82554e+6 
        19878.4       1.7949e+6 
        19966.1       1.7649e+6 
        20053.8      1.73552e+6 
        20141.6      1.70675e+6 
        20229.3      1.67857e+6 
          20317      1.65096e+6 
        20335.2      1.64533e+6 
        20404.8      1.62392e+6 
        20474.4      1.60285e+6 
          20544      1.58204e+6 
        20613.6      1.56156e+6 
        20683.2       1.5414e+6 
        20752.8      1.52157e+6 
        20822.5      1.50206e+6 
        20892.1      1.48286e+6 
        20961.7      1.46397e+6 
        21031.3      1.44537e+6 
        21100.9      1.42707e+6 
        21170.5      1.40905e+6 
        21240.1      1.39132e+6 
        21309.7      1.37386e+6 
        21379.4      1.35668e+6 
          21449      1.33976e+6 
        21518.6      1.32311e+6 
        21545.8      1.31667e+6 
        21588.2      1.30671e+6 
        21630.6      1.29684e+6 
        21715.5      1.27734e+6 
        21800.3       1.2582e+6 
        21885.2      1.23942e+6 
          21970      1.22098e+6 
        22054.9      1.20289e+6 
        22139.7      1.18513e+6 
        22224.5       1.1677e+6 
        22309.4      1.15058e+6 
        22394.2      1.13378e+6 
        22479.1      1.11728e+6 
        22563.9      1.10108e+6 
        22648.8      1.08517e+6 
        22680.4      1.07931e+6 
        22733.6      1.06955e+6 
        22784.8      1.06026e+6 
        22800.8      1.05737e+6 
        22816.8       1.0545e+6 
        22848.8      1.04877e+6 
        22912.8      1.03744e+6 
        22976.8      1.02627e+6 
        23040.8      1.01524e+6 
        23104.8      1.00436e+6 
        23168.7          993626 
        23232.7          983036 
        23296.7          972584 
        23360.7          962273 
        23424.7          952097 
        23488.6          942054 
        23552.6          932145 
        23616.6          922365 
        23680.6          912711 
        23744.6          903186 
        23808.6          893783 
        23872.5          884503 
        23936.5          875342 
        24000.5          866300 
        24064.5          857375 
        24128.5          848563 
        24192.5          839864 
        24256.4          831275 
        24320.4          822799 
        24384.4          814426 
        24448.4          806161 
        24512.4          798002 
        24576.3          789944 
        24640.3          781990 
        24704.3          774132 
        24768.3          766376 
        24832.3          758713 
        24896.3          751149 
        24960.2          743678 
        25004.4          738570 
        25024.2          736298 
          25044          734033 
        25083.6          729544 
        25162.8          720663 
        25241.9          711916 
        25321.1          703302 
        25400.2          694820 
        25479.4          686463 
        25558.5          678232 
        25637.7          670124 
        25716.9          662138 
          25796          654268 
        25875.2          646515 
        25954.3          638877 
        26033.5          631353 
        26112.7          623939 
        26191.8          616632 
          26271          609431 
        26350.1          602338 
        26429.3          595348 
        26508.4          588455 
        26587.6          581663 
        26666.8          574971 
        26745.9          568371 
        26825.1          561868 
        26904.2          555459 
        26983.4          549138 
        27062.6          542908 
        27141.7          536766 
        27220.9          530709 
        27299.2          524803 
        27377.5          518991 
        27455.8          513258 
        27534.2          507606 
        27612.5          502030 
        27690.8          496529 
        27769.1          491106 
        27847.5          485756 
        27925.8          480478 
        28004.1          475273 
        28082.4          470136 
        28160.8          465069 
        28239.1          460071 
        28317.4          455141 
        28395.7          450275 
          28474          445475 
        28552.4          440737 
        28630.7          436066 
          28709          431451 
        28787.3          426902 
        28865.7          422409 
          28944          417976 
        29022.3          413603 
        29100.6          409287 
          29179          405024 
        29257.3          400820 
        29335.6          396667 
        29413.9          392570 
        29492.3          388524 
        29570.6          384531 
        29648.9          380591 
        29727.2          376699 
        29805.5          372857 
        29883.9          369065 
        29932.6          366728 
        29962.2          365320 
        29991.8          363916 
