# Koester WD models
# teff = 20000 K (value for the effective temperature for the model. Temperatures are given in K)
# logg = 8.5 log(cm/s2) (value for Log(G) for the model.)
#
# column 1: WAVELENGTH (ANGSTROM), Wavelength in Angstrom
# column 2: FLUX (ERG/CM2/S/A), Flux in erg/cm2/s/A
         899.23      1.15186e+7 
        909.241      1.24602e+7 
        919.241      2.17335e+7 
        929.261      2.78044e+7 
        939.271      5.86752e+7 
         949.28      1.72709e+7 
        959.289      2.43487e+8 
        969.297      8.72219e+7 
        979.305      2.20881e+8 
        989.312      8.44005e+8 
        999.319       1.7647e+9 
        1009.33      8.70205e+8 
        1019.33      1.69244e+8 
        1029.34      1.34389e+8 
        1039.34      8.79206e+8 
        1049.35      3.00561e+9 
        1059.36      3.39449e+9 
        1069.36      7.68855e+9 
        1079.36      7.71484e+9 
        1089.37     1.40919e+10 
        1099.37      1.4297e+10 
        1109.38     1.37923e+10 
        1119.38     1.30337e+10 
        1129.38     1.22565e+10 
        1139.39       1.121e+10 
        1149.39      9.93375e+9 
        1159.39      8.34382e+9 
        1169.39      6.45233e+9 
         1179.4      4.30687e+9 
         1189.4       2.2733e+9 
         1199.4      8.87484e+8 
         1209.4      3.05574e+8 
        1219.41      2.65217e+8 
        1229.41      6.57554e+8 
        1239.41       2.2208e+9 
        1249.41      4.50815e+9 
        1259.41      6.35695e+9 
        1269.41      7.56923e+9 
        1279.42       8.3419e+9 
        1289.42      8.77686e+9 
        1299.42      8.98188e+9 
        1309.42      9.09086e+9 
        1319.42        9.076e+9 
        1329.42      8.97437e+9 
        1339.42      8.90101e+9 
        1349.42       8.8624e+9 
        1359.42      8.71497e+9 
        1369.42      8.38007e+9 
        1379.42      8.05775e+9 
        1389.42      7.68258e+9 
        1399.42      7.69583e+9 
        1409.42      7.97861e+9 
        1419.42      8.07361e+9 
        1429.42      7.98813e+9 
        1439.42      7.85075e+9 
        1449.85      7.69602e+9 
        1461.52      7.52151e+9 
        1472.88      7.35456e+9 
        1484.42       7.1895e+9 
        1494.42      7.05039e+9 
        1509.42      6.84804e+9 
        1524.42      6.65314e+9 
        1539.42      6.46543e+9 
        1554.42      6.28479e+9 
        1566.72      6.14172e+9 
        1579.41      5.99897e+9 
        1594.41      5.83633e+9 
        1604.41      5.73124e+9 
        1619.41      5.57849e+9 
        1634.41      5.43125e+9 
        1649.41      5.28941e+9 
        1664.41      5.15262e+9 
        1676.33      5.04738e+9 
         1689.4      4.93563e+9 
         1704.4       4.8116e+9 
         1719.4      4.69181e+9 
         1734.4      4.57589e+9 
        1749.39      4.46383e+9 
        1764.39      4.35557e+9 
        1775.55      4.27747e+9 
        1789.39      4.18322e+9 
        1809.39      4.05196e+9 
           1824      3.95957e+9 
        1834.77      3.89328e+9 
        1845.54      3.82856e+9 
           1864      3.72097e+9 
        1876.29      3.65169e+9 
        1888.59      3.58424e+9 
        1906.98      3.48651e+9 
        1919.37      3.42267e+9 
        1931.76      3.36053e+9 
        1944.47      3.29833e+9 
        1956.53      3.24074e+9 
         1967.6      3.18909e+9 
        1992.71      3.07615e+9 
        2017.81      2.96858e+9 
        2042.42      2.86804e+9 
        2067.03      2.77198e+9 
        2091.64      2.68039e+9 
         2116.2        2.593e+9 
           2129      2.54901e+9 
         2141.8      2.50602e+9 
        2165.47      2.42902e+9 
        2189.15      2.35516e+9 
        2210.96      2.28976e+9 
        2225.91      2.24638e+9 
        2240.86      2.20412e+9 
        2263.91      2.14098e+9 
        2306.93      2.02963e+9 
        2319.34      1.99896e+9 
        2331.75      1.96892e+9 
        2350.78      1.92402e+9 
        2362.35      1.89736e+9 
        2373.93       1.8712e+9 
        2384.89      1.84689e+9 
        2397.08      1.82032e+9 
        2409.27      1.79425e+9 
        2433.66      1.74362e+9 
        2451.59      1.70757e+9 
        2466.76      1.67787e+9 
        2488.39      1.63669e+9 
        2510.01      1.59685e+9 
         2547.3      1.53113e+9 
        2559.23      1.51084e+9 
        2571.17      1.49095e+9 
        2595.04      1.45218e+9 
        2627.89      1.40095e+9 
        2642.78      1.37851e+9 
        2657.67      1.35653e+9 
        2687.45        1.314e+9 
        2717.24       1.2732e+9 
        2737.93      1.24581e+9 
        2756.11      1.22239e+9 
        2766.75      1.20897e+9 
        2810.65      1.15558e+9 
        2854.55      1.10521e+9 
        2898.45      1.05776e+9 
        2931.71      1.02351e+9 
        2942.34      1.01287e+9 
        2952.98      1.00237e+9 
        2974.26      9.81848e+8 
        3016.81      9.42362e+8 
        3051.42      9.11747e+8 
        3086.03      8.82448e+8 
        3120.64       8.5435e+8 
        3149.86      8.31517e+8 
        3168.31      8.17524e+8 
         3208.3       7.8821e+8 
        3229.85      7.72976e+8 
        3248.29      7.60231e+8 
        3288.29      7.33549e+8 
        3346.73      6.96676e+8 
        3365.18      6.85552e+8 
        3405.17      6.62204e+8 
        3445.17      6.39861e+8 
        3485.16      6.18485e+8 
        3506.71      6.07348e+8 
        3525.16      5.98015e+8 
         3543.6      5.88857e+8 
        3569.71      5.76221e+8 
        3580.49      5.71101e+8 
        3591.28      5.66021e+8 
        3612.86       5.5604e+8 
        3635.88      5.45648e+8 
        3647.12      5.40668e+8 
        3658.96      5.35475e+8 
        3671.11      5.30147e+8 
         3682.7      5.25164e+8 
        3692.77       5.2087e+8 
        3702.89      5.16585e+8 
        3712.93      5.12372e+8 
        3723.11      5.08146e+8 
        3733.35      5.03915e+8 
        3743.66      4.99909e+8 
         3753.7       4.9597e+8 
        3764.81      4.91455e+8 
         3775.5      4.87811e+8 
        3786.22      4.84342e+8 
        3796.45      4.76655e+8 
        3807.84      4.78697e+8 
        3818.92      4.75282e+8 
        3830.45        4.603e+8 
        3840.76       4.6041e+8 
        3851.98      4.73174e+8 
        3862.01      4.72668e+8 
        3872.59      4.56649e+8 
         3884.4      4.21049e+8 
        3894.46      4.23506e+8 
        3904.96      4.56561e+8 
        3916.39      4.78116e+8 
        3928.22      4.81452e+8 
        3938.89      4.67296e+8 
        3950.65      4.30637e+8 
        3962.28      3.74748e+8 
        3972.79      3.45563e+8 
        3984.18      4.02878e+8 
        3996.37      4.53417e+8 
        4008.87      4.84236e+8 
        4023.86      4.97572e+8 
         4035.9      4.96658e+8 
        4048.86      4.84459e+8 
        4061.35      4.57366e+8 
        4073.85      4.12918e+8 
         4085.7      3.59317e+8 
        4096.49      2.98583e+8 
        4106.79      2.95697e+8 
        4117.22      3.50115e+8 
        4127.52      3.93594e+8 
        4138.14      4.29591e+8 
        4148.55      4.57165e+8 
        4158.83        4.745e+8 
        4169.58      4.84189e+8 
        4180.32      4.89115e+8 
         4192.1      4.90673e+8 
        4203.81      4.89931e+8 
        4216.52      4.87274e+8 
        4228.81        4.828e+8 
        4243.81      4.74396e+8 
         4258.8      4.61073e+8 
         4273.8       4.3998e+8 
        4288.79      4.08332e+8 
        4303.79      3.67862e+8 
        4314.07      3.34259e+8 
        4326.14      2.87236e+8 
        4336.17       2.3842e+8 
        4346.88      2.48759e+8 
        4357.43      2.92742e+8 
        4367.98      3.27084e+8 
        4378.77      3.55594e+8 
        4393.77      3.85668e+8 
        4408.76       4.0633e+8 
        4423.76      4.17565e+8 
        4438.75      4.22076e+8 
        4453.75      4.22723e+8 
        4468.74      4.21269e+8 
        4483.74      4.18627e+8 
        4498.74      4.15413e+8 
        4513.73      4.11831e+8 
        4527.19      4.08413e+8 
        4538.73      4.05379e+8 
        4553.72      4.01335e+8 
        4568.72       3.9721e+8 
        4583.72      3.93023e+8 
        4596.53        3.894e+8 
        4608.71      3.85967e+8 
         4623.7      3.81634e+8 
         4638.7      3.77233e+8 
         4653.7      3.72744e+8 
        4668.69      3.68091e+8 
        4683.69      3.63137e+8 
        4698.68      3.57787e+8 
        4713.68      3.51821e+8 
        4724.83      3.46822e+8 
        4738.67      3.39726e+8 
        4753.67      3.30989e+8 
        4768.67      3.20417e+8 
        4783.66      3.07167e+8 
        4798.66      2.90478e+8 
        4813.65      2.69364e+8 
        4828.65       2.4362e+8 
        4839.16      2.21888e+8 
        4850.22      1.94715e+8 
        4860.28      1.49755e+8 
        4870.65      1.87716e+8 
        4882.91      2.15321e+8 
        4893.63      2.33986e+8 
        4908.63      2.53871e+8 
         4921.7      2.66674e+8 
        4933.62      2.75031e+8 
        4948.62      2.81888e+8 
        4963.61      2.85685e+8 
        4978.61      2.87373e+8 
        4993.61      2.87727e+8 
         5008.6       2.8709e+8 
         5023.6      2.85684e+8 
        5038.59      2.83782e+8 
        5053.59      2.81576e+8 
        5068.59      2.79159e+8 
        5083.58      2.76633e+8 
        5098.58      2.74058e+8 
        5113.57      2.71457e+8 
        5128.57      2.68846e+8 
        5143.57      2.66234e+8 
        5158.56      2.63631e+8 
        5173.56      2.61042e+8 
        5188.55      2.58473e+8 
        5203.55      2.55924e+8 
        5218.55      2.53397e+8 
        5233.54      2.50894e+8 
        5248.54      2.48415e+8 
        5263.53      2.45961e+8 
        5278.53      2.43533e+8 
        5293.52      2.41129e+8 
        5308.52      2.38752e+8 
        5323.52      2.36402e+8 
        5338.51      2.34079e+8 
        5353.51      2.31783e+8 
        5368.51      2.29615e+8 
         5383.5      2.27362e+8 
         5398.5      2.25136e+8 
        5413.49      2.22937e+8 
        5428.49      2.20764e+8 
        5443.48      2.18618e+8 
        5458.48      2.16498e+8 
        5473.48      2.14404e+8 
        5488.47      2.12334e+8 
        5503.47       2.1029e+8 
        5518.47       2.0827e+8 
        5533.46      2.06274e+8 
        5548.46      2.04303e+8 
        5563.45      2.02354e+8 
        5578.45       2.0043e+8 
        5593.44      1.98527e+8 
        5608.44      1.96647e+8 
        5623.44       1.9479e+8 
        5638.43      1.92954e+8 
        5653.43       1.9114e+8 
        5668.43      1.89424e+8 
        5682.86      1.87711e+8 
        5693.42      1.86472e+8 
        5704.77      1.85151e+8 
        5715.23      1.83943e+8 
        5728.41      1.82437e+8 
         5743.4      1.80741e+8 
         5758.4      1.79065e+8 
         5773.4      1.77336e+8 
        5788.39      1.75697e+8 
        5803.39      1.74077e+8 
        5818.39      1.72475e+8 
        5833.38      1.70891e+8 
        5848.38      1.69326e+8 
        5863.37      1.67778e+8 
        5878.37      1.66247e+8 
        5893.36      1.64734e+8 
        5908.36      1.63237e+8 
        5923.36      1.61757e+8 
        5938.35      1.60293e+8 
        5953.35      1.58846e+8 
        5968.34      1.57413e+8 
        5983.34      1.55996e+8 
        5998.34      1.54595e+8 
        6013.33      1.53208e+8 
        6028.33      1.51835e+8 
        6043.32      1.50477e+8 
        6058.32      1.49133e+8 
        6073.32      1.47801e+8 
        6088.31       1.4648e+8 
        6103.31       1.4517e+8 
         6118.3      1.43872e+8 
         6133.3      1.42584e+8 
         6148.3      1.41307e+8 
        6163.29      1.40038e+8 
        6178.29      1.38777e+8 
        6193.28      1.37522e+8 
        6208.28      1.36272e+8 
        6223.28      1.35025e+8 
        6238.27      1.33777e+8 
        6252.16      1.32623e+8 
        6262.16      1.31804e+8 
        6273.26      1.30892e+8 
        6284.63      1.29957e+8 
        6295.99      1.29018e+8 
        6306.09      1.28181e+8 
        6316.22      1.27335e+8 
        6328.25      1.26318e+8 
        6343.24      1.25033e+8 
        6358.24      1.23714e+8 
        6373.23      1.22353e+8 
        6388.23       1.2093e+8 
        6403.23      1.19416e+8 
        6418.22      1.17774e+8 
        6433.22      1.15952e+8 
        6448.22      1.13864e+8 
        6463.21      1.11394e+8 
        6478.21       1.0843e+8 
         6493.2      1.04847e+8 
         6508.2        1.004e+8 
        6523.19      9.47878e+7 
         6536.1      8.87534e+7 
        6546.46      8.27885e+7 
        6556.87      7.44595e+7 
        6567.09      7.20923e+7 
        6577.55       8.0645e+7 
        6587.91      8.58676e+7 
        6598.17       8.9858e+7 
         6608.5      9.30025e+7 
        6618.82      9.54325e+7 
        6629.14       9.7276e+7 
        6644.62      9.91729e+7 
        6654.94       1.0001e+8 
        6665.26      1.00576e+8 
        6675.58       1.0091e+8 
         6685.9      1.01061e+8 
        6696.23      1.01063e+8 
        6706.55      1.00955e+8 
        6721.34      1.00661e+8 
        6741.06      1.00089e+8 
        6760.77      9.93821e+7 
        6780.49      9.85964e+7 
        6815.08      9.70941e+7 
        6834.48      9.62204e+7 
        6853.88      9.53297e+7 
        6892.68      9.35378e+7 
        6970.27      8.99692e+7 
        6986.58      8.92275e+7 
        7047.86      8.64906e+7 
        7109.15      8.38378e+7 
        7170.43      8.12802e+7 
        7231.71       7.8816e+7 
        7292.99      7.64422e+7 
        7315.03      7.56103e+7 
        7354.27      7.41564e+7 
        7393.51      7.27458e+7 
           7472       7.0006e+7 
        7550.48      6.73941e+7 
        7580.06      6.64419e+7 
        7628.97      6.49034e+7 
        7677.88      6.34093e+7 
        7775.71      6.05501e+7 
        7873.53      5.78505e+7 
        7962.25      5.55311e+7 
        8019.38      5.40995e+7 
        8050.96      5.33279e+7 
        8082.55      5.25702e+7 
        8145.72      5.10945e+7 
        8200.85      4.98489e+7 
        8216.85      4.94945e+7 
        8232.84      4.91436e+7 
        8264.83      4.84509e+7 
        8289.72      4.79206e+7 
        8328.82      4.71016e+7 
        8367.92      4.62998e+7 
        8437.95      4.49078e+7 
        8473.98      4.42107e+7 
        8502.48      4.36688e+7 
        8516.58      4.34039e+7 
        8530.98      4.31353e+7 
        8545.38      4.28736e+7 
        8574.18      4.23531e+7 
        8598.39      4.19224e+7 
         8628.6      4.13933e+7 
        8646.81      4.10763e+7 
        8665.01      4.07619e+7 
        8685.59      4.04128e+7 
        8701.43      4.01455e+7 
        8750.47      3.93085e+7 
        8767.92      3.90255e+7 
        8815.35      3.82511e+7 
        8862.78      3.75081e+7 
        8900.38      3.69869e+7 
        8957.65      3.61092e+7 
        8986.28      3.56392e+7 
        9014.91      3.51767e+7 
        9043.54      3.48503e+7 
        9072.17      3.45226e+7 
        9099.72      3.41702e+7 
        9127.26      3.37922e+7 
        9154.81      3.33615e+7 
        9182.36      3.28793e+7 
         9209.9      3.23656e+7 
        9229.01      3.20515e+7 
        9248.11      3.18803e+7 
        9267.22      3.17964e+7 
        9305.43      3.15812e+7 
        9343.64      3.12534e+7 
        9379.63      3.08429e+7 
        9397.45      3.06028e+7 
        9415.28      3.03439e+7 
        9450.94      2.97299e+7 
        9468.76      2.93905e+7 
        9486.59      2.89994e+7 
        9498.52      2.87246e+7 
        9522.24      2.80568e+7 
         9534.1      2.76908e+7 
        9545.97      2.73566e+7 
        9557.83      2.74423e+7 
        9569.68      2.75901e+7 
        9581.55      2.77091e+7 
        9593.41      2.77903e+7 
         9611.2       2.7848e+7 
        9634.92      2.78498e+7 
        9648.82      2.78411e+7 
        9668.45       2.7781e+7 
        9688.08      2.76809e+7 
        9727.33       2.7414e+7 
        9766.58      2.70705e+7 
        9805.83      2.66695e+7 
        9845.09      2.61915e+7 
        9864.71      2.59644e+7 
        9884.34      2.56596e+7 
        9894.36      2.54853e+7 
        9923.59      2.49258e+7 
        9952.82      2.42859e+7 
        9967.43      2.39347e+7 
        9982.05      2.35591e+7 
        9996.66      2.31415e+7 
        10011.3      2.26834e+7 
        10031.6      2.20072e+7 
        10044.9      2.16161e+7 
        10058.2      2.15974e+7 
        10075.9      2.18981e+7 
        10093.7      2.21982e+7 
        10111.4      2.24297e+7 
        10129.1      2.26028e+7 
        10146.8      2.27275e+7 
        10164.5      2.28277e+7 
        10182.3      2.28764e+7 
          10200      2.29016e+7 
        10233.6      2.28716e+7 
        10247.9      2.28228e+7 
        10262.1      2.27718e+7 
        10290.6      2.26329e+7 
        10319.2      2.24635e+7 
        10347.7      2.22785e+7 
        10404.7      2.18855e+7 
        10461.7      2.14123e+7 
        10518.7      2.09782e+7 
        10575.8      2.05533e+7 
        10632.8      2.00671e+7 
        10661.3      1.98042e+7 
        10689.8      1.95185e+7 
        10718.3      1.92004e+7 
        10746.8      1.88481e+7 
        10775.3      1.84679e+7 
        10803.9      1.80224e+7 
        10818.1      1.77842e+7 
        10832.4       1.7533e+7 
        10846.6      1.72427e+7 
        10860.9      1.69525e+7 
        10875.1      1.66171e+7 
        10889.4      1.62638e+7 
        10903.7      1.58597e+7 
        10917.9      1.54025e+7 
          10928      1.50118e+7 
        10938.1      1.43696e+7 
        10952.6      1.50536e+7 
        10967.7      1.54206e+7 
        10977.8       1.5611e+7 
        10987.9      1.57808e+7 
          10998      1.59119e+7 
        11008.1      1.60506e+7 
        11028.3      1.62416e+7 
        11048.4      1.63977e+7 
        11068.6      1.64922e+7 
        11088.8      1.65632e+7 
          11109      1.66054e+7 
        11129.1       1.6612e+7 
        11169.5       1.6581e+7 
        11209.9      1.64848e+7 
        11239.5      1.63828e+7 
        11250.2      1.63417e+7 
        11260.9      1.62992e+7 
        11282.3      1.62079e+7 
        11325.1      1.60124e+7 
        11410.6      1.56006e+7 
        11496.2      1.52108e+7 
        11581.7      1.47923e+7 
        11667.2      1.43881e+7 
        11752.8      1.39975e+7 
        11838.3        1.362e+7 
        11923.9      1.32551e+7 
        12009.4      1.29023e+7 
          12095      1.25374e+7 
        12180.5      1.21989e+7 
        12247.5      1.19378e+7 
          12266      1.18654e+7 
        12284.6       1.1793e+7 
        12321.8      1.16472e+7 
        12396.1        1.135e+7 
        12470.5      1.10347e+7 
        12507.6      1.08652e+7 
        12544.8       1.0685e+7 
          12582      1.04852e+7 
        12619.1      1.02603e+7 
        12637.7      1.01393e+7 
        12656.3       1.0007e+7 
        12674.9       9.8613e+6 
        12693.5      9.70325e+6 
        12712.1      9.53109e+6 
        12730.6      9.33543e+6 
        12749.2      9.11913e+6 
        12767.8      8.87019e+6 
        12786.4      8.57105e+6 
        12800.3      8.27194e+6 
        12810.5      7.95379e+6 
        12821.4      7.77051e+6 
        12832.8      8.12821e+6 
          12848      8.39757e+6 
        12863.1      8.57611e+6 
        12878.3      8.70849e+6 
        12893.5      8.82008e+6 
        12908.7      8.90516e+6 
        12923.9      8.97782e+6 
        12939.1      9.03227e+6 
        12954.2      9.07474e+6 
        12984.6       9.1305e+6 
          13015      9.15061e+6 
        13045.3      9.14935e+6 
        13075.7      9.12991e+6 
        13106.1       9.0951e+6 
        13136.4      9.04948e+6 
        13197.2      8.93953e+6 
        13207.4      8.91908e+6 
        13257.9      8.81273e+6 
        13308.4      8.70036e+6 
        13358.8      8.58528e+6 
        13409.3      8.46914e+6 
        13459.7      8.35299e+6 
        13510.2      8.23773e+6 
        13560.6      8.12375e+6 
        13611.1      8.01122e+6 
        13661.5      7.90635e+6 
          13712      7.79602e+6 
        13762.5      7.68757e+6 
        13812.9      7.58104e+6 
        13863.4      7.47633e+6 
        13913.8      7.37341e+6 
        13964.3      7.27228e+6 
        14014.7      7.17285e+6 
        14065.2      7.07512e+6 
        14115.6      6.97905e+6 
        14166.1      6.88461e+6 
        14216.5      6.79175e+6 
          14267      6.70045e+6 
        14302.9      6.63652e+6 
        14317.5      6.61066e+6 
        14332.1      6.58497e+6 
        14361.3      6.53379e+6 
        14381.8      6.49813e+6 
        14419.7      6.43291e+6 
        14457.6      6.36851e+6 
        14483.7      6.32469e+6 
        14533.5      6.24212e+6 
        14581.2      6.16412e+6 
        14597.2       6.1383e+6 
        14613.2      6.11257e+6 
        14645.2      6.06155e+6 
        14709.2      5.96111e+6 
        14773.2      5.86271e+6 
        14837.1      5.76636e+6 
        14901.1      5.67199e+6 
        14965.1       5.5795e+6 
        15029.1      5.48893e+6 
        15093.1      5.40018e+6 
        15157.1      5.31322e+6 
          15221      5.22799e+6 
          15285      5.14448e+6 
          15349      5.06261e+6 
          15413      4.98238e+6 
        15471.6      4.91031e+6 
        15482.4      4.89718e+6 
        15493.1      4.88414e+6 
        15514.7      4.85819e+6 
        15557.9      4.80683e+6 
        15644.2      4.70607e+6 
        15730.5      4.60796e+6 
        15816.8       4.5124e+6 
        15903.1      4.41931e+6 
        15989.4      4.32861e+6 
        16075.8      4.24021e+6 
        16162.1      4.15407e+6 
        16248.4      4.07012e+6 
        16289.9      4.03051e+6 
        16334.7      3.98825e+6 
        16379.5      3.94656e+6 
        16469.1      3.86573e+6 
        16558.8      3.78697e+6 
        16648.4      3.71022e+6 
          16738      3.63539e+6 
        16827.7      3.56244e+6 
        16917.3      3.49131e+6 
        17006.9      3.42195e+6 
        17096.6      3.35431e+6 
        17186.2      3.28834e+6 
        17275.8        3.224e+6 
        17327.7      3.18749e+6 
        17365.5       3.1612e+6 
        17403.2      3.13521e+6 
        17478.8      3.08442e+6 
        17554.3      3.03465e+6 
        17629.9      2.98588e+6 
        17705.4      2.93809e+6 
          17781      2.89125e+6 
        17856.5      2.84533e+6 
        17932.1      2.80033e+6 
        18007.6      2.74884e+6 
        18083.2      2.70365e+6 
        18158.7      2.65852e+6 
        18234.3      2.61294e+6 
        18309.8      2.56607e+6 
        18343.7      2.54422e+6 
        18385.3      2.51636e+6 
          18427      2.48681e+6 
        18468.6      2.45472e+6 
        18510.2      2.41895e+6 
        18551.8      2.37783e+6 
        18593.4      2.32929e+6 
        18614.2      2.30121e+6 
          18635      2.26998e+6 
        18655.8      2.23455e+6 
        18676.6      2.19431e+6 
          18687      2.17138e+6 
        18697.4      2.14607e+6 
        18707.8      2.11706e+6 
        18718.2      2.08286e+6 
        18728.6      2.03908e+6 
          18739      1.97169e+6 
        18749.4      1.80293e+6 
        18760.8      1.94159e+6 
        18770.8      2.00859e+6 
        18780.9      2.04662e+6 
        18794.3      2.08096e+6 
        18807.7      2.10575e+6 
        18821.1      2.12509e+6 
        18834.6       2.1405e+6 
          18848      2.15316e+6 
        18861.4      2.16381e+6 
        18888.2      2.17943e+6 
        18915.1      2.18941e+6 
        18941.9      2.19493e+6 
        18968.8      2.19699e+6 
        18995.6      2.19629e+6 
        19022.5      2.19341e+6 
        19076.1      2.18286e+6 
        19129.8      2.16819e+6 
        19183.5      2.15101e+6 
        19237.2       2.1323e+6 
        19290.9      2.11269e+6 
        19344.5      2.09256e+6 
        19398.2      2.07217e+6 
        19450.7      2.05214e+6 
        19503.1      2.03199e+6 
        19555.6      2.01559e+6 
          19608      1.99502e+6 
        19660.5      1.97472e+6 
        19712.9      1.95467e+6 
        19765.4      1.93487e+6 
        19817.9      1.91533e+6 
        19870.3      1.89603e+6 
        19922.8      1.87697e+6 
        19975.2      1.85815e+6 
        20027.7      1.83956e+6 
        20080.1       1.8212e+6 
        20132.6      1.80308e+6 
          20185      1.78517e+6 
        20237.5      1.76749e+6 
        20289.9      1.75002e+6 
        20342.4      1.73277e+6 
        20394.9      1.71573e+6 
        20420.2      1.70757e+6 
        20447.3       1.6989e+6 
        20474.4      1.69029e+6 
        20528.6      1.67316e+6 
        20582.7      1.65624e+6 
        20636.9      1.63953e+6 
        20691.1      1.62303e+6 
        20745.2      1.60674e+6 
        20799.4      1.59065e+6 
        20853.6      1.57476e+6 
        20907.8      1.55908e+6 
        20961.9      1.54358e+6 
        21016.1      1.52827e+6 
        21070.3      1.51316e+6 
        21124.5      1.49823e+6 
        21178.6      1.48348e+6 
        21232.8      1.46891e+6 
          21287      1.45452e+6 
        21341.1      1.44031e+6 
        21395.3      1.42627e+6 
        21449.5       1.4124e+6 
        21503.7      1.39869e+6 
        21557.8      1.38515e+6 
        21593.4      1.37636e+6 
          21612      1.37178e+6 
        21630.6      1.36722e+6 
        21667.9      1.35813e+6 
        21742.4      1.34018e+6 
        21816.8      1.32252e+6 
        21891.3      1.30515e+6 
        21965.8      1.28806e+6 
        22040.3      1.27125e+6 
        22114.8      1.25472e+6 
        22189.3      1.23846e+6 
        22263.8      1.22245e+6 
        22338.3       1.2067e+6 
        22412.8      1.19121e+6 
        22487.3      1.17596e+6 
        22561.8      1.16095e+6 
        22636.3      1.14619e+6 
        22710.8      1.13165e+6 
        22783.7      1.11765e+6 
        22800.8      1.11438e+6 
        22816.8      1.11134e+6 
        22848.8       1.1053e+6 
        22912.8      1.09334e+6 
        22976.8      1.08154e+6 
        23040.8      1.06989e+6 
        23104.8      1.05841e+6 
        23168.7      1.04707e+6 
        23232.7      1.03589e+6 
        23296.7      1.02486e+6 
        23360.7      1.01397e+6 
        23424.7      1.00322e+6 
        23488.6          992621 
        23552.6          982159 
        23616.6          971833 
        23680.6          961642 
        23744.6          951585 
        23808.6          941658 
        23872.5          931862 
        23936.5          922193 
        24000.5          912645 
        24064.5          903224 
        24128.5          893921 
        24192.5          884742 
        24256.4          875675 
        24320.4          866728 
        24384.4          857894 
        24448.4          849169 
        24512.4          840558 
        24576.3          832054 
        24640.3          823656 
        24704.3          815366 
        24768.3          807179 
        24832.3          799096 
        24896.3          791110 
        24960.2          783227 
        25004.4          777836 
        25024.2          775439 
          25044          773052 
        25083.6          768311 
        25162.8          758937 
        25241.9          749703 
        25321.1          740612 
        25400.2          731655 
        25479.4          722836 
        25558.5          714147 
        25637.7          705589 
        25716.9          697160 
          25796          688854 
        25875.2          680673 
        25954.3          672612 
        26033.5          664670 
        26112.7          656844 
        26191.8          649135 
          26271          641535 
        26350.1          634049 
        26429.3          626672 
        26508.4          619400 
        26587.6          612234 
        26666.8          605171 
        26745.9          598210 
        26825.1          591348 
        26904.2          584584 
        26983.4          577918 
        27062.6          571346 
        27141.7          564865 
        27220.9          558478 
        27299.2          552245 
        27377.5          546106 
        27455.8          540055 
        27534.2          534086 
        27612.5          528199 
        27690.8          522393 
        27769.1          516669 
        27847.5          511021 
        27925.8          505451 
        28004.1          499956 
        28082.4          494534 
        28160.8          489187 
        28239.1          483912 
        28317.4          478706 
        28395.7          473573 
          28474          468509 
        28552.4          463511 
        28630.7          458578 
          28709          453712 
        28787.3          448908 
        28865.7          444171 
          28944          439493 
        29022.3          434881 
        29100.6          430326 
          29179          425830 
        29257.3          421394 
        29335.6          417015 
        29413.9          412695 
        29492.3          408429 
        29570.6          404216 
        29648.9          400060 
        29727.2          395957 
        29805.5          391907 
        29883.9          387905 
        29932.6          385445 
        29962.2          383959 
        29991.8          382479 
