# Koester WD models
# teff = 20000 K (value for the effective temperature for the model. Temperatures are given in K)
# logg = 8.25 log(cm/s2) (value for Log(G) for the model.)
#
# column 1: WAVELENGTH (ANGSTROM), Wavelength in Angstrom
# column 2: FLUX (ERG/CM2/S/A), Flux in erg/cm2/s/A
         899.23      1.13686e+7 
        909.241         1.23e+7 
        919.245      2.30525e+7 
        929.285       2.8966e+7 
        939.381      6.36031e+7 
        949.407      2.29612e+7 
        959.619      2.97651e+8 
        969.781      7.96067e+7 
         979.84      2.96641e+8 
        989.951      1.11966e+9 
         1000.1      2.38361e+9 
         1010.1      9.85907e+8 
        1020.24       1.5501e+8 
        1030.29      1.66324e+8 
        1040.47      1.34134e+9 
        1050.55      3.98831e+9 
        1060.64       4.7221e+9 
        1070.83      8.25494e+9 
        1080.88     1.05601e+10 
        1091.49     1.45599e+10 
        1101.49     1.44295e+10 
        1114.38     1.36818e+10 
        1124.73     1.29561e+10 
        1135.54     1.20628e+10 
        1146.89     1.08513e+10 
        1156.89      9.47636e+9 
        1166.89      7.73931e+9 
         1176.9      5.62775e+9 
        1187.48      3.18212e+9 
        1197.88      1.24405e+9 
        1207.91      3.81873e+8 
         1218.4      2.43055e+8 
        1228.57      6.92253e+8 
        1238.68      2.48349e+9 
         1248.8      5.02042e+9 
        1259.41       6.9269e+9 
        1269.41      7.97965e+9 
        1279.42       8.5991e+9 
        1289.42      8.91581e+9 
        1299.42      9.03824e+9 
        1309.42      9.08146e+9 
        1319.42      9.02686e+9 
        1329.42      8.90453e+9 
        1339.42      8.80504e+9 
        1349.42      8.73363e+9 
        1359.42      8.58019e+9 
        1369.42      8.28328e+9 
        1379.42       7.9963e+9 
        1389.42      7.66756e+9 
        1399.42      7.64334e+9 
        1409.42       7.8263e+9 
        1419.42      7.86196e+9 
        1429.42      7.76152e+9 
        1439.42      7.62323e+9 
        1454.42      7.40486e+9 
        1464.42      7.26038e+9 
        1474.42      7.11894e+9 
        1489.42      6.91333e+9 
        1504.42      6.71553e+9 
        1514.42      6.58776e+9 
        1529.42      6.40209e+9 
        1544.42       6.2234e+9 
        1559.42      6.05146e+9 
        1570.19      5.93214e+9 
        1584.41      5.77953e+9 
        1599.41      5.62452e+9 
        1614.41      5.47514e+9 
        1629.41      5.33116e+9 
        1644.41      5.19242e+9 
        1659.41      5.05875e+9 
        1670.17       4.9657e+9 
         1684.4      4.84653e+9 
         1699.4      4.72533e+9 
         1714.4      4.60825e+9 
         1729.4      4.49499e+9 
         1744.4      4.38544e+9 
        1759.39      4.27957e+9 
         1771.7      4.19538e+9 
        1784.39      4.11099e+9 
        1799.39      4.01426e+9 
           1824      3.86196e+9 
        1834.77      3.79781e+9 
        1845.54      3.73513e+9 
           1864      3.63099e+9 
        1876.29      3.56389e+9 
        1888.59      3.49857e+9 
        1906.98      3.40385e+9 
        1919.37      3.34196e+9 
        1931.76      3.28174e+9 
        1944.47      3.22142e+9 
        1956.53      3.16559e+9 
         1967.6      3.11548e+9 
        1992.71      3.00592e+9 
        2017.81      2.90152e+9 
        2042.42       2.8039e+9 
        2067.03      2.71062e+9 
        2091.64      2.62164e+9 
         2116.2      2.53673e+9 
           2129      2.49397e+9 
         2141.8      2.45218e+9 
        2165.47      2.37729e+9 
        2189.15      2.30545e+9 
        2210.96      2.24181e+9 
        2225.89      2.19965e+9 
        2240.83      2.15856e+9 
        2263.91      2.09703e+9 
        2307.04      1.98832e+9 
        2319.23      1.95899e+9 
        2331.41      1.93024e+9 
        2349.21      1.88926e+9 
        2362.35      1.85973e+9 
         2375.5      1.83083e+9 
        2394.29      1.79053e+9 
        2409.27      1.75924e+9 
        2424.25      1.72869e+9 
        2452.24      1.67348e+9 
        2464.64      1.64975e+9 
        2480.05      1.62091e+9 
        2491.16      1.60051e+9 
        2510.01      1.56669e+9 
        2528.86      1.53383e+9 
        2559.23      1.48276e+9 
        2582.27      1.44556e+9 
        2619.97       1.3873e+9 
        2657.67      1.33206e+9 
        2695.37      1.27976e+9 
        2710.02      1.26015e+9 
        2733.07       1.2301e+9 
        2756.11      1.20098e+9 
        2802.19      1.14548e+9 
        2842.01      1.10018e+9 
        2854.55       1.0864e+9 
        2867.08      1.07287e+9 
        2892.16      1.04646e+9 
        2931.63      1.00656e+9 
         2942.3      9.96105e+8 
        2952.98      9.85791e+8 
        2974.34      9.65609e+8 
        3017.05       9.2682e+8 
        3051.42       8.9706e+8 
        3085.79      8.68566e+8 
        3120.16      8.41224e+8 
        3149.86      8.18482e+8 
        3170.22      8.03368e+8 
        3209.26       7.7538e+8 
        3227.93       7.6243e+8 
        3248.29      7.48632e+8 
        3287.33      7.23088e+8 
        3346.73      6.86325e+8 
        3367.09      6.74299e+8 
        3406.13      6.51981e+8 
        3445.17      6.30596e+8 
        3484.21      6.10138e+8 
        3502.89      6.00638e+8 
        3523.25      5.90497e+8 
         3543.6      5.80551e+8 
        3577.35      5.64582e+8 
        3591.28      5.58154e+8 
        3605.22      5.51799e+8 
         3627.2      5.41981e+8 
        3638.96      5.36813e+8 
        3651.32      5.31451e+8 
         3663.4       5.2627e+8 
        3673.95      5.21737e+8 
        3685.83      5.16729e+8 
        3695.99      5.12479e+8 
        3706.05       5.0831e+8 
        3716.83      5.03908e+8 
           3727      4.99846e+8 
        3737.83      4.95627e+8 
        3748.27      4.91298e+8 
        3758.93      4.88053e+8 
        3768.97      4.82633e+8 
        3780.73      4.81424e+8 
        3792.84       4.7307e+8 
        3803.25      4.71814e+8 
        3816.49      4.73812e+8 
         3826.8      4.59785e+8 
        3836.97      4.44048e+8 
        3848.84      4.68829e+8 
        3858.91      4.75097e+8 
        3868.96      4.63621e+8 
        3881.42      4.22064e+8 
        3891.77      3.99243e+8 
        3904.25      4.51921e+8 
        3916.39      4.82888e+8 
        3928.22      4.88533e+8 
        3938.89      4.73696e+8 
        3950.65      4.31922e+8 
        3962.28      3.67444e+8 
         3972.8      3.33298e+8 
        3983.56      3.96767e+8 
        3993.87      4.46436e+8 
        4006.37      4.86812e+8 
        4018.86       5.0366e+8 
        4032.38      5.07135e+8 
        4043.86      5.00493e+8 
        4056.27      4.79878e+8 
        4066.35      4.48993e+8 
        4078.85      3.96837e+8 
        4090.29      3.35337e+8 
        4100.34      2.64965e+8 
        4111.66      3.22098e+8 
        4122.41      3.77173e+8 
        4133.78       4.2147e+8 
        4143.83      4.54014e+8 
        4158.83      4.81612e+8 
        4173.82      4.92514e+8 
        4188.82      4.95373e+8 
        4203.81      4.94176e+8 
        4216.52      4.91226e+8 
        4228.81      4.86718e+8 
        4243.81      4.78741e+8 
         4258.8      4.66382e+8 
         4273.8      4.46706e+8 
        4288.79      4.16035e+8 
        4303.79      3.75584e+8 
        4314.07      3.40879e+8 
        4326.14      2.90555e+8 
        4336.17      2.38401e+8 
        4346.95       2.4994e+8 
        4357.43      2.96817e+8 
        4367.98      3.33562e+8 
        4378.77      3.62772e+8 
        4393.77      3.92112e+8 
        4408.76      4.11244e+8 
        4423.76      4.20446e+8 
        4438.75      4.23342e+8 
        4453.75      4.22899e+8 
        4468.74      4.20747e+8 
        4483.74      4.17624e+8 
        4498.74      4.14062e+8 
        4513.73      4.10226e+8 
        4527.19      4.06638e+8 
        4538.73      4.03487e+8 
        4553.72      3.99334e+8 
        4568.72      3.95131e+8 
        4583.72      3.90893e+8 
        4596.53      3.87252e+8 
        4608.71      3.83808e+8 
         4623.7      3.79501e+8 
         4638.7      3.75153e+8 
         4653.7      3.70749e+8 
        4668.69      3.66228e+8 
        4683.69      3.61472e+8 
        4698.68      3.56417e+8 
        4713.68      3.50878e+8 
        4724.83      3.46307e+8 
        4738.67      3.39886e+8 
        4753.67      3.32044e+8 
        4768.67      3.22447e+8 
        4783.66      3.10352e+8 
        4798.66       2.9469e+8 
        4813.65      2.74228e+8 
        4828.65      2.48194e+8 
        4839.16      2.25479e+8 
        4849.39      1.99059e+8 
         4859.6      1.58193e+8 
        4869.65      1.86571e+8 
        4880.32      2.13254e+8 
        4893.63      2.38279e+8 
        4908.63      2.58264e+8 
         4921.7      2.70382e+8 
        4933.62      2.77903e+8 
        4948.62      2.83569e+8 
        4963.61      2.86371e+8 
        4978.61      2.87205e+8 
        4993.61      2.86882e+8 
         5008.6      2.85751e+8 
         5023.6      2.84005e+8 
        5038.59      2.81877e+8 
        5053.59       2.7952e+8 
        5068.59      2.77002e+8 
        5083.58      2.74407e+8 
        5098.58      2.71783e+8 
        5113.57      2.69147e+8 
        5128.57      2.66514e+8 
        5143.57      2.63889e+8 
        5158.56       2.6128e+8 
        5173.56      2.58691e+8 
        5188.55      2.56124e+8 
        5203.55      2.53581e+8 
        5218.55      2.51062e+8 
        5233.54      2.48569e+8 
        5248.54      2.46102e+8 
        5263.53      2.43663e+8 
        5278.53      2.41249e+8 
        5293.52       2.3886e+8 
        5308.52      2.36499e+8 
        5323.52      2.34166e+8 
        5338.51       2.3186e+8 
        5353.51      2.29581e+8 
        5368.51      2.27404e+8 
         5383.5      2.25172e+8 
         5398.5      2.22966e+8 
        5413.49      2.20788e+8 
        5428.49      2.18636e+8 
        5443.48       2.1651e+8 
        5458.48      2.14411e+8 
        5473.48      2.12336e+8 
        5488.47      2.10287e+8 
        5503.47      2.08262e+8 
        5518.47      2.06262e+8 
        5533.46      2.04286e+8 
        5548.46      2.02333e+8 
        5563.45      2.00404e+8 
        5578.45      1.98498e+8 
        5593.44      1.96615e+8 
        5608.44      1.94753e+8 
        5623.44      1.92914e+8 
        5638.43      1.91097e+8 
        5653.43      1.89301e+8 
        5668.43      1.87555e+8 
        5682.86      1.85863e+8 
        5693.42      1.84638e+8 
        5704.77      1.83331e+8 
        5715.23      1.82138e+8 
        5728.41      1.80648e+8 
         5743.4      1.78972e+8 
         5758.4      1.77315e+8 
         5773.4      1.75624e+8 
        5788.39      1.74004e+8 
        5803.39      1.72403e+8 
        5818.39       1.7082e+8 
        5833.38      1.69255e+8 
        5848.38      1.67708e+8 
        5863.37      1.66178e+8 
        5878.37      1.64666e+8 
        5893.36       1.6317e+8 
        5908.36      1.61692e+8 
        5923.36      1.60229e+8 
        5938.35      1.58784e+8 
        5953.35      1.57354e+8 
        5968.34      1.55939e+8 
        5983.34       1.5454e+8 
        5998.34      1.53156e+8 
        6013.33      1.51786e+8 
        6028.33      1.50432e+8 
        6043.32      1.49092e+8 
        6058.32      1.47765e+8 
        6073.32      1.46451e+8 
        6088.31      1.45149e+8 
        6103.31       1.4386e+8 
         6118.3      1.42582e+8 
         6133.3      1.41316e+8 
         6148.3       1.4006e+8 
        6163.29      1.38814e+8 
        6178.29      1.37577e+8 
        6193.28      1.36347e+8 
        6208.28      1.35125e+8 
        6223.28      1.33908e+8 
        6238.27      1.32694e+8 
        6252.16      1.31574e+8 
        6262.16      1.30777e+8 
        6273.26      1.29892e+8 
        6284.63      1.28987e+8 
        6295.99      1.28079e+8 
        6306.09      1.27271e+8 
        6316.22      1.26456e+8 
        6328.25      1.25481e+8 
        6343.24      1.24253e+8 
        6358.24      1.23003e+8 
        6373.23      1.21721e+8 
        6388.23       1.2039e+8 
        6403.23      1.18987e+8 
        6418.22      1.17478e+8 
        6433.22      1.15814e+8 
        6448.22      1.13912e+8 
        6463.21      1.11668e+8 
        6478.21      1.08955e+8 
         6493.2       1.0562e+8 
         6508.2      1.01363e+8 
        6523.19      9.58126e+7 
         6536.1      8.96497e+7 
        6546.46      8.34567e+7 
        6556.87      7.48978e+7 
        6567.07      7.25378e+7 
        6577.95       8.1503e+7 
        6588.18      8.68273e+7 
        6603.34      9.24907e+7 
        6613.66       9.5211e+7 
        6623.98      9.72072e+7 
         6634.3      9.86388e+7 
        6649.78      9.99985e+7 
         6660.1      1.00527e+8 
        6670.42      1.00821e+8 
        6680.74      1.00927e+8 
        6691.06      1.00888e+8 
        6701.39      1.00738e+8 
        6711.48      1.00513e+8 
        6731.66      9.99023e+7 
        6751.84      9.91502e+7 
        6772.02      9.83161e+7 
        6799.98      9.70824e+7 
        6812.38      9.65192e+7 
        6824.78      9.59483e+7 
        6849.58      9.47947e+7 
        6899.18      9.24825e+7 
        6998.37      8.79432e+7 
           7086      8.41042e+7 
        7097.57       8.3611e+7 
        7109.15      8.31212e+7 
         7132.3      8.21526e+7 
         7178.6      8.02558e+7 
        7271.19      7.66197e+7 
        7334.07      7.42663e+7 
        7363.79      7.31925e+7 
        7393.51        7.213e+7 
        7452.96      7.00635e+7 
         7512.4      6.80708e+7 
        7571.84      6.61484e+7 
        7584.68      6.57422e+7 
        7631.28      6.42936e+7 
        7677.88      6.28853e+7 
        7771.08      6.01838e+7 
        7864.28      5.76262e+7 
        7952.71      5.53241e+7 
        7971.79      5.48425e+7 
        7990.87      5.43662e+7 
        8029.04      5.34294e+7 
        8082.55      5.21492e+7 
        8136.06      5.09076e+7 
         8176.3      4.99984e+7 
        8189.57      4.97028e+7 
        8200.85      4.94537e+7 
        8216.85      4.91028e+7 
        8232.84      4.87575e+7 
        8264.83      4.80711e+7 
        8289.72      4.75455e+7 
        8328.82       4.6734e+7 
        8367.92      4.59395e+7 
        8437.95      4.45607e+7 
        8473.98      4.38698e+7 
        8502.48      4.33329e+7 
        8516.58      4.30703e+7 
        8530.98      4.28036e+7 
        8545.38      4.25463e+7 
        8574.18      4.20339e+7 
        8598.39      4.16088e+7 
         8628.6      4.10876e+7 
        8646.81      4.07741e+7 
        8665.01      4.04625e+7 
        8685.59      4.01194e+7 
        8701.43      3.98552e+7 
        8750.47      3.90183e+7 
        8767.92      3.87415e+7 
        8815.35      3.79721e+7 
        8862.78      3.72228e+7 
        8900.38       3.6735e+7 
        8957.65      3.58625e+7 
        8986.28      3.53662e+7 
        9000.59      3.51114e+7 
        9014.91      3.48751e+7 
        9029.22      3.47284e+7 
        9043.54       3.4599e+7 
        9057.85      3.44639e+7 
        9072.17      3.43172e+7 
        9086.49      3.41519e+7 
        9099.72      3.39883e+7 
        9126.18      3.36254e+7 
        9152.64      3.31916e+7 
         9179.1      3.26823e+7 
        9204.06      3.21482e+7 
        9216.53      3.18777e+7 
        9229.01      3.16575e+7 
        9241.49      3.16085e+7 
        9253.96      3.15516e+7 
        9266.44       3.1541e+7 
        9278.92      3.15234e+7 
        9297.63      3.14609e+7 
        9322.58      3.13273e+7 
        9347.54      3.11228e+7 
         9360.9      3.09869e+7 
        9372.49      3.08554e+7 
        9384.08      3.07132e+7 
        9407.27       3.0385e+7 
        9430.46      3.00107e+7 
        9453.65      2.95426e+7 
        9476.83      2.90394e+7 
        9488.54        2.873e+7 
        9500.02      2.84149e+7 
        9511.51      2.80427e+7 
        9522.99      2.76125e+7 
        9534.48      2.71612e+7 
        9545.97      2.67501e+7 
        9557.45      2.69305e+7 
        9568.94      2.71722e+7 
        9586.17      2.74546e+7 
        9597.65      2.75783e+7 
        9609.14      2.76555e+7 
        9632.11      2.77323e+7 
        9655.08      2.77476e+7 
        9668.45      2.77188e+7 
        9695.19      2.75952e+7 
        9721.94      2.74246e+7 
        9748.68      2.72069e+7 
        9775.43      2.69631e+7 
        9802.17       2.6691e+7 
        9828.92      2.63869e+7 
        9855.66      2.60824e+7 
        9882.41      2.56759e+7 
        9909.15      2.51827e+7 
         9935.9      2.46334e+7 
        9952.82      2.42118e+7 
        9969.74      2.37765e+7 
        9986.67      2.32827e+7 
        10003.6      2.27287e+7 
        10020.5      2.20974e+7 
        10031.5      2.16579e+7 
        10043.4      2.11997e+7 
        10055.3      2.11135e+7 
        10067.3       2.1394e+7 
        10085.1      2.18165e+7 
        10097.1      2.20605e+7 
          10109      2.22448e+7 
        10120.9      2.24152e+7 
        10132.8      2.25334e+7 
        10156.7      2.27277e+7 
        10171.6      2.28013e+7 
        10204.4      2.28662e+7 
        10237.2      2.28231e+7 
          10270      2.26911e+7 
        10302.8      2.25075e+7 
        10335.6      2.22956e+7 
        10401.2      2.18378e+7 
        10466.7      2.13103e+7 
        10532.3      2.08126e+7 
        10597.9      2.03154e+7 
        10630.7      2.00408e+7 
        10663.5      1.97512e+7 
        10696.3      1.94315e+7 
        10729.1      1.90718e+7 
        10761.9      1.86721e+7 
        10794.7      1.81929e+7 
        10811.1      1.79302e+7 
        10827.5      1.76463e+7 
        10843.9      1.73146e+7 
        10860.3      1.69682e+7 
        10876.7      1.65591e+7 
        10893.1       1.6115e+7 
        10909.5      1.55869e+7 
        10919.8      1.52064e+7 
          10932      1.46383e+7 
        10943.4      1.45422e+7 
        10955.6      1.50052e+7 
        10967.9      1.53373e+7 
        10986.2      1.57154e+7 
        10998.4      1.58995e+7 
        11010.6       1.6075e+7 
        11022.8      1.62042e+7 
          11035      1.63124e+7 
        11059.4      1.64735e+7 
        11083.9        1.656e+7 
        11108.3      1.66107e+7 
        11132.7      1.66081e+7 
        11157.1        1.658e+7 
        11181.6      1.65268e+7 
          11206      1.64532e+7 
        11248.8      1.62893e+7 
        11260.9      1.62377e+7 
          11273      1.61838e+7 
        11297.3      1.60722e+7 
        11345.9      1.58384e+7 
          11443      1.53886e+7 
        11540.1      1.49064e+7 
        11637.2      1.44429e+7 
        11734.3      1.39972e+7 
        11831.4      1.35686e+7 
        11928.5      1.31561e+7 
        12025.6      1.27451e+7 
        12122.7       1.2358e+7 
          12155      1.22318e+7 
        12219.8      1.19817e+7 
        12284.6       1.1734e+7 
        12349.4      1.14854e+7 
        12414.2       1.1232e+7 
          12479      1.09662e+7 
        12543.8       1.0677e+7 
        12576.2       1.0515e+7 
        12608.6      1.03365e+7 
          12641      1.01362e+7 
        12673.4      9.90139e+6 
        12689.6      9.76957e+6 
        12705.8       9.6249e+6 
          12722      9.46182e+6 
        12738.2      9.28388e+6 
        12754.4      9.08134e+6 
        12770.6      8.85279e+6 
        12786.8      8.57696e+6 
          12803      8.20578e+6 
        12814.3      7.74478e+6 
        12824.4      7.85433e+6 
        12834.5      8.16874e+6 
        12844.7      8.35676e+6 
        12855.3      8.50662e+6 
        12870.3      8.66857e+6 
          12893      8.84638e+6 
          12908      8.93268e+6 
        12923.1      9.00453e+6 
        12938.2      9.05853e+6 
        12953.2      9.09824e+6 
        12983.4      9.14653e+6 
        13013.5      9.15922e+6 
        13043.7      9.14841e+6 
        13073.8      9.12073e+6 
          13104      9.07952e+6 
        13134.1      9.02862e+6 
        13194.4      8.91034e+6 
        13254.7      8.77934e+6 
        13308.4      8.65688e+6 
          13362      8.53257e+6 
        13415.7      8.40794e+6 
        13469.4      8.28397e+6 
        13523.1      8.16148e+6 
        13576.8      8.04075e+6 
        13630.5      7.92684e+6 
        13684.2      7.80896e+6 
        13737.9      7.69326e+6 
        13791.5      7.57966e+6 
        13845.2      7.46819e+6 
        13898.9      7.35874e+6 
        13952.6       7.2513e+6 
        14006.3      7.14577e+6 
          14060      7.04219e+6 
        14113.7       6.9405e+6 
        14167.4       6.8406e+6 
          14221      6.74249e+6 
        14274.7      6.64613e+6 
        14324.8      6.55792e+6 
        14339.4      6.53235e+6 
          14354       6.5069e+6 
        14383.3      6.45638e+6 
          14426      6.38346e+6 
        14441.8      6.35676e+6 
        14457.6      6.33021e+6 
        14489.2       6.2775e+6 
        14521.7      6.22397e+6 
        14552.5      6.17376e+6 
        14581.2      6.12727e+6 
        14597.2       6.1016e+6 
        14613.2      6.07606e+6 
        14645.2      6.02542e+6 
        14709.2      5.92567e+6 
        14773.2      5.82797e+6 
        14837.1      5.73228e+6 
        14901.1      5.63856e+6 
        14965.1      5.54673e+6 
        15029.1      5.45676e+6 
        15093.1      5.36864e+6 
        15157.1      5.28224e+6 
          15221      5.19761e+6 
          15285      5.11467e+6 
          15349      5.03337e+6 
          15413      4.95369e+6 
        15471.6       4.8821e+6 
        15482.4      4.86906e+6 
        15493.1      4.85612e+6 
        15514.7      4.83039e+6 
        15557.9      4.77943e+6 
        15644.2      4.67953e+6 
        15730.5       4.5822e+6 
        15816.8      4.48742e+6 
        15903.1      4.39506e+6 
        15989.4      4.30508e+6 
        16075.8      4.21737e+6 
        16162.1      4.13192e+6 
        16248.4       4.0486e+6 
        16289.9       4.0093e+6 
        16334.7      3.96739e+6 
        16379.5      3.92602e+6 
        16469.1        3.846e+6 
        16558.8      3.76799e+6 
        16648.4        3.692e+6 
          16738      3.61789e+6 
        16827.7      3.54563e+6 
        16917.3      3.47517e+6 
        17006.9      3.40643e+6 
        17096.6      3.33942e+6 
        17186.2      3.27404e+6 
        17275.8      3.21024e+6 
        17327.7      3.17405e+6 
        17365.5        3.148e+6 
        17403.2      3.12223e+6 
        17478.8      3.07178e+6 
        17554.3      3.02234e+6 
        17629.9      2.97389e+6 
        17705.4      2.92641e+6 
          17781      2.87987e+6 
        17856.5      2.83425e+6 
        17932.1      2.78952e+6 
        18007.6      2.74007e+6 
        18083.2      2.69557e+6 
        18158.7      2.65127e+6 
        18234.3      2.60677e+6 
        18309.8      2.56131e+6 
        18343.7      2.54024e+6 
        18385.3      2.51353e+6 
          18427      2.48536e+6 
        18468.6      2.45486e+6 
        18510.2      2.42087e+6 
        18551.8      2.38165e+6 
        18593.4       2.3348e+6 
        18614.2      2.30746e+6 
          18635      2.27676e+6 
        18655.8      2.24165e+6 
        18676.6      2.20132e+6 
          18687      2.17823e+6 
        18697.4      2.15265e+6 
        18707.8      2.12347e+6 
        18718.2      2.08955e+6 
        18728.6      2.04633e+6 
          18739      1.97917e+6 
        18749.4      1.80228e+6 
        18760.8       1.9489e+6 
        18770.8      2.01592e+6 
        18780.9      2.05343e+6 
        18794.3      2.08725e+6 
        18807.7      2.11227e+6 
        18821.1      2.13179e+6 
        18834.6      2.14729e+6 
          18848      2.15987e+6 
        18861.4      2.17028e+6 
        18888.2      2.18513e+6 
        18915.1      2.19406e+6 
        18941.9      2.19846e+6 
        18968.8      2.19931e+6 
        18995.6      2.19741e+6 
        19022.5      2.19342e+6 
        19076.1        2.181e+6 
        19129.8      2.16488e+6 
        19183.5      2.14665e+6 
        19237.2       2.1272e+6 
        19290.9      2.10704e+6 
        19344.5      2.08652e+6 
        19398.2      2.06584e+6 
        19450.7      2.04561e+6 
        19503.1       2.0253e+6 
        19555.6      2.00791e+6 
          19608      1.98739e+6 
        19660.5      1.96713e+6 
        19712.9      1.94713e+6 
        19765.4      1.92738e+6 
        19817.9      1.90788e+6 
        19870.3      1.88862e+6 
        19922.8      1.86961e+6 
        19975.2      1.85083e+6 
        20027.7      1.83229e+6 
        20080.1      1.81398e+6 
        20132.6       1.7959e+6 
          20185      1.77804e+6 
        20237.5       1.7604e+6 
        20289.9      1.74297e+6 
        20342.4      1.72576e+6 
        20394.9      1.70877e+6 
        20420.2      1.70062e+6 
        20447.3      1.69198e+6 
        20474.4      1.68339e+6 
        20528.6       1.6663e+6 
        20582.7      1.64944e+6 
        20636.9      1.63278e+6 
        20691.1      1.61633e+6 
        20745.2      1.60009e+6 
        20799.4      1.58405e+6 
        20853.6      1.56821e+6 
        20907.8      1.55257e+6 
        20961.9      1.53712e+6 
        21016.1      1.52186e+6 
        21070.3      1.50679e+6 
        21124.5      1.49191e+6 
        21178.6      1.47721e+6 
        21232.8      1.46268e+6 
          21287      1.44834e+6 
        21341.1      1.43417e+6 
        21395.3      1.42018e+6 
        21449.5      1.40635e+6 
        21503.7      1.39269e+6 
        21557.8       1.3792e+6 
        21593.4      1.37043e+6 
          21612      1.36587e+6 
        21630.6      1.36132e+6 
        21667.9      1.35227e+6 
        21742.4      1.33438e+6 
        21816.8      1.31679e+6 
        21891.3      1.29949e+6 
        21965.8      1.28247e+6 
        22040.3      1.26573e+6 
        22114.8      1.24926e+6 
        22189.3      1.23305e+6 
        22263.8      1.21711e+6 
        22338.3      1.20143e+6 
        22412.8      1.18599e+6 
        22487.3      1.17081e+6 
        22561.8      1.15586e+6 
        22636.3      1.14115e+6 
        22710.8      1.12668e+6 
        22783.7      1.11273e+6 
        22800.8      1.10947e+6 
        22816.8      1.10645e+6 
        22848.8      1.10043e+6 
        22912.8      1.08852e+6 
        22976.8      1.07677e+6 
        23040.8      1.06518e+6 
        23104.8      1.05375e+6 
        23168.7      1.04246e+6 
        23232.7      1.03133e+6 
        23296.7      1.02035e+6 
        23360.7      1.00951e+6 
        23424.7          998810 
        23488.6          988257 
        23552.6          977840 
        23616.6          967560 
        23680.6          957416 
        23744.6          947404 
        23808.6          937524 
        23872.5          927769 
        23936.5          918143 
        24000.5          908640 
        24064.5          899259 
        24128.5          890001 
        24192.5          880859 
        24256.4          871836 
        24320.4          862926 
        24384.4          854133 
        24448.4          845450 
        24512.4          836876 
        24576.3          828413 
        24640.3          820053 
        24704.3          811800 
        24768.3          803651 
        24832.3          795602 
        24896.3          787654 
        24960.2          779806 
        25004.4          774440 
        25024.2          772056 
          25044          769678 
        25083.6          764959 
        25162.8          755628 
        25241.9          746442 
        25321.1          737395 
        25400.2          728482 
        25479.4          719704 
        25558.5          711059 
        25637.7          702545 
        25716.9          694154 
          25796          685891 
        25875.2          677748 
        25954.3          669725 
        26033.5          661824 
        26112.7          654036 
        26191.8          646364 
          26271          638802 
        26350.1          631350 
        26429.3          624008 
        26508.4          616773 
        26587.6          609642 
        26666.8          602611 
        26745.9          595684 
        26825.1          588857 
        26904.2          582125 
        26983.4          575490 
        27062.6          568949 
        27141.7          562502 
        27220.9          556144 
        27299.2          549942 
        27377.5          543838 
        27455.8          537822 
        27534.2          531887 
        27612.5          526031 
        27690.8          520260 
        27769.1          514565 
        27847.5          508947 
        27925.8          503409 
        28004.1          497942 
        28082.4          492551 
        28160.8          487236 
        28239.1          481989 
        28317.4          476812 
        28395.7          471707 
          28474          466668 
        28552.4          461695 
        28630.7          456791 
          28709          451950 
        28787.3          447171 
        28865.7          442459 
          28944          437806 
        29022.3          433216 
        29100.6          428686 
          29179          424216 
        29257.3          419802 
        29335.6          415444 
        29413.9          411147 
        29492.3          406902 
        29570.6          402711 
        29648.9          398577 
        29727.2          394493 
        29805.5          390462 
        29883.9          386482 
        29932.6          384031 
        29962.2          382555 
        29991.8          381081 
