# Koester WD models
# teff = 20000 K (value for the effective temperature for the model. Temperatures are given in K)
# logg = 8.75 log(cm/s2) (value for Log(G) for the model.)
#
# column 1: WAVELENGTH (ANGSTROM), Wavelength in Angstrom
# column 2: FLUX (ERG/CM2/S/A), Flux in erg/cm2/s/A
         899.23      1.17029e+7 
        909.241      1.26569e+7 
        919.241      2.06277e+7 
        929.261      2.61869e+7 
        939.271      5.61409e+7 
         949.28      1.64406e+7 
        959.289      2.09442e+8 
        969.297      8.36669e+7 
        979.305      1.97439e+8 
        989.312      6.54604e+8 
        999.319       1.3196e+9 
        1009.33       6.9318e+8 
        1019.33      1.59197e+8 
        1029.34      1.28678e+8 
        1039.34      7.14759e+8 
        1049.35      2.38002e+9 
        1059.36      2.71162e+9 
        1069.36      6.58503e+9 
        1079.36      6.64975e+9 
        1089.37     1.35833e+10 
        1099.37     1.39274e+10 
        1109.38     1.34107e+10 
        1119.38     1.25861e+10 
        1129.38     1.17424e+10 
        1139.39     1.05912e+10 
        1149.39      9.20279e+9 
        1159.39      7.52091e+9 
        1169.39      5.61692e+9 
         1179.4      3.61066e+9 
         1189.4       1.8707e+9 
         1199.4      7.66954e+8 
         1209.4      2.92515e+8 
        1219.41      2.56134e+8 
        1229.41       5.9039e+8 
        1239.41       1.8532e+9 
        1249.41      3.88037e+9 
        1259.41      5.72926e+9 
        1269.41       7.0667e+9 
        1279.42      7.98819e+9 
        1289.42      8.55104e+9 
        1299.42      8.85065e+9 
        1309.42      9.03886e+9 
        1319.42      9.07349e+9 
        1329.42      8.99881e+9 
        1339.42      8.95948e+9 
        1349.42      8.96359e+9 
        1359.42      8.82514e+9 
        1369.42      8.44419e+9 
        1379.42      8.08033e+9 
        1389.42      7.65091e+9 
        1399.42      7.71088e+9 
        1409.42      8.11935e+9 
        1419.42      8.29314e+9 
        1429.42      8.22928e+9 
        1439.42      8.09472e+9 
        1449.85      7.93777e+9 
        1461.52       7.7586e+9 
        1472.88      7.58635e+9 
        1484.42      7.41557e+9 
        1494.42      7.27137e+9 
        1509.42      7.06148e+9 
        1524.42       6.8591e+9 
        1539.42      6.66429e+9 
        1554.42      6.47686e+9 
        1566.72      6.32824e+9 
        1579.41      6.17992e+9 
        1594.41      6.01087e+9 
        1604.41      5.90189e+9 
        1619.41      5.74355e+9 
        1634.41      5.59109e+9 
        1649.41      5.44422e+9 
        1664.41      5.30241e+9 
        1676.33      5.19324e+9 
         1689.4      5.07722e+9 
         1704.4      4.94854e+9 
         1719.4      4.82436e+9 
         1734.4      4.70425e+9 
        1749.39      4.58823e+9 
        1764.39      4.47611e+9 
        1775.55      4.39518e+9 
        1789.39      4.29751e+9 
        1809.39      4.16154e+9 
           1824      4.06588e+9 
        1834.77       3.9973e+9 
        1845.54      3.93035e+9 
           1864      3.81914e+9 
        1876.29      3.74751e+9 
        1888.59      3.67774e+9 
        1906.98      3.57661e+9 
        1919.37       3.5106e+9 
        1931.76      3.44642e+9 
        1944.47      3.38214e+9 
        1956.53      3.32271e+9 
         1967.6      3.26939e+9 
        1992.71      3.15284e+9 
        2017.81      3.04176e+9 
        2042.42      2.93796e+9 
        2067.03      2.83891e+9 
        2091.64      2.74451e+9 
         2116.2      2.65447e+9 
           2129      2.60913e+9 
         2141.8      2.56481e+9 
        2165.47      2.48543e+9 
        2189.15      2.40937e+9 
        2210.96      2.34204e+9 
        2225.91       2.2974e+9 
        2240.86      2.25391e+9 
        2263.91      2.18895e+9 
        2306.93      2.07434e+9 
        2319.34      2.04279e+9 
        2331.75      2.01191e+9 
        2350.78      1.96574e+9 
        2362.35      1.93834e+9 
        2373.93      1.91146e+9 
        2384.89      1.88648e+9 
        2397.08      1.85918e+9 
        2409.27      1.83239e+9 
        2433.66      1.78035e+9 
        2451.59      1.74333e+9 
        2466.76      1.71282e+9 
        2488.39      1.67054e+9 
        2510.01      1.62965e+9 
         2547.3      1.56219e+9 
        2559.23      1.54138e+9 
        2571.17      1.52096e+9 
        2595.04      1.48118e+9 
        2627.89      1.42863e+9 
        2642.78      1.40561e+9 
        2657.67      1.38308e+9 
        2687.45      1.33949e+9 
        2717.24      1.29767e+9 
        2737.93      1.26961e+9 
        2756.11       1.2456e+9 
        2766.75      1.23185e+9 
        2810.65      1.17715e+9 
        2854.55      1.12558e+9 
        2898.45      1.07699e+9 
        2931.71      1.04196e+9 
        2942.34      1.03107e+9 
        2952.98      1.02033e+9 
        2974.26      9.99306e+8 
        3016.81      9.58911e+8 
        3051.42      9.27609e+8 
        3086.03       8.9765e+8 
        3120.64       8.6893e+8 
        3149.86      8.45594e+8 
        3168.31      8.31291e+8 
         3208.3      8.01339e+8 
        3229.85      7.85778e+8 
        3248.29      7.72763e+8 
        3288.29      7.45513e+8 
        3346.73       7.0787e+8 
        3365.18      6.96513e+8 
        3405.17      6.72681e+8 
        3445.17      6.49879e+8 
        3485.16      6.28067e+8 
        3506.71      6.16704e+8 
        3525.16      6.07182e+8 
         3543.6      5.97845e+8 
        3569.71      5.84961e+8 
        3580.49       5.7974e+8 
        3591.28       5.7456e+8 
        3612.86      5.64375e+8 
        3635.88      5.53781e+8 
        3647.12      5.48701e+8 
        3658.96      5.43411e+8 
        3671.11      5.37976e+8 
         3682.7      5.32899e+8 
        3692.77      5.28526e+8 
        3702.89      5.24162e+8 
        3712.93      5.19871e+8 
        3723.11       5.1556e+8 
        3733.35      5.11244e+8 
        3743.66      5.07075e+8 
         3753.7      5.03004e+8 
        3764.81      4.98417e+8 
         3775.5      4.94487e+8 
        3786.22      4.90635e+8 
        3796.45      4.84327e+8 
        3807.84      4.83991e+8 
        3818.92      4.80155e+8 
        3830.45       4.6877e+8 
        3840.76      4.67884e+8 
        3851.98      4.75332e+8 
        3862.01      4.73539e+8 
        3872.59      4.60507e+8 
         3884.4      4.33392e+8 
        3894.46      4.35032e+8 
        3908.89      4.66275e+8 
        3919.07      4.76441e+8 
        3929.34      4.75766e+8 
        3939.89       4.6156e+8 
        3951.72      4.28278e+8 
        3961.86      3.86121e+8 
        3972.06      3.56668e+8 
        3982.23      4.00644e+8 
        3993.87      4.43546e+8 
        4006.37      4.74073e+8 
        4018.86      4.87305e+8 
        4032.38      4.89184e+8 
        4043.86      4.82077e+8 
        4056.35      4.61946e+8 
        4068.85      4.25284e+8 
        4082.28      3.73699e+8 
        4093.57      3.19258e+8 
        4103.79      2.83452e+8 
        4116.69      3.47554e+8 
        4127.38      3.89369e+8 
        4138.83      4.26091e+8 
           4151      4.54937e+8 
        4163.83      4.73036e+8 
        4178.82      4.82571e+8 
        4193.82      4.85238e+8 
        4208.81      4.84053e+8 
         4221.1      4.80912e+8 
        4233.81      4.75445e+8 
         4248.8        4.651e+8 
         4263.8      4.48491e+8 
         4278.8      4.23383e+8 
        4293.79      3.88185e+8 
        4308.79      3.45226e+8 
        4320.85      3.04631e+8 
        4331.09      2.63889e+8 
         4341.1      2.10441e+8 
        4351.76      2.69214e+8 
        4363.77      3.09524e+8 
        4378.77      3.49066e+8 
        4393.77      3.79159e+8 
        4408.76      4.00716e+8 
        4423.76      4.13867e+8 
        4438.75      4.19959e+8 
        4453.75      4.21749e+8 
        4468.74       4.2108e+8 
        4483.74       4.1901e+8 
        4498.74      4.16214e+8 
        4513.73      4.12944e+8 
        4527.19      4.09736e+8 
        4538.73      4.06846e+8 
        4553.72       4.0295e+8 
        4568.72      3.98929e+8 
        4583.72      3.94813e+8 
        4596.53      3.91223e+8 
        4608.71      3.87808e+8 
         4623.7       3.8345e+8 
         4638.7      3.78986e+8 
         4653.7       3.7439e+8 
        4668.69       3.6958e+8 
        4683.69      3.64403e+8 
        4698.68      3.58729e+8 
        4713.68      3.52289e+8 
        4724.83      3.46838e+8 
        4738.67      3.39025e+8 
        4753.67      3.29295e+8 
        4768.67      3.17766e+8 
        4783.66      3.03471e+8 
        4798.66      2.85979e+8 
        4813.65      2.64595e+8 
        4828.65      2.39423e+8 
        4839.16      2.18703e+8 
        4850.22      1.93064e+8 
        4860.28      1.49258e+8 
        4870.65      1.86296e+8 
        4882.91      2.12306e+8 
        4893.63      2.30042e+8 
        4908.63      2.49541e+8 
         4921.7      2.62724e+8 
        4933.62      2.71729e+8 
        4948.62      2.79679e+8 
        4963.61       2.8449e+8 
        4978.61      2.87117e+8 
        4993.61      2.88236e+8 
         5008.6      2.88167e+8 
         5023.6      2.87172e+8 
        5038.59      2.85549e+8 
        5053.59      2.83536e+8 
        5068.59       2.8126e+8 
        5083.58      2.78836e+8 
        5098.58      2.76335e+8 
        5113.57      2.73788e+8 
        5128.57      2.71216e+8 
        5143.57      2.68628e+8 
        5158.56      2.66041e+8 
        5173.56      2.63462e+8 
        5188.55      2.60896e+8 
        5203.55      2.58346e+8 
        5218.55      2.55815e+8 
        5233.54      2.53305e+8 
        5248.54      2.50818e+8 
        5263.53      2.48354e+8 
        5278.53      2.45914e+8 
        5293.52      2.43497e+8 
        5308.52      2.41116e+8 
        5323.52      2.38752e+8 
        5338.51      2.36413e+8 
        5353.51        2.341e+8 
        5368.51      2.31952e+8 
         5383.5      2.29677e+8 
         5398.5      2.27421e+8 
        5413.49      2.25202e+8 
        5428.49      2.23009e+8 
        5443.48      2.20843e+8 
        5458.48      2.18702e+8 
        5473.48      2.16596e+8 
        5488.47      2.14507e+8 
        5503.47      2.12442e+8 
        5518.47      2.10403e+8 
        5533.46      2.08388e+8 
        5548.46      2.06396e+8 
        5563.45      2.04428e+8 
        5578.45      2.02483e+8 
        5593.44      2.00561e+8 
        5608.44      1.98661e+8 
        5623.44      1.96784e+8 
        5638.43       1.9493e+8 
        5653.43      1.93096e+8 
        5668.43      1.91447e+8 
        5682.86      1.89713e+8 
        5693.42      1.88458e+8 
        5704.77       1.8712e+8 
        5715.23      1.85898e+8 
        5728.41      1.84373e+8 
         5743.4      1.82655e+8 
         5758.4      1.80959e+8 
         5773.4      1.79183e+8 
        5788.39      1.77523e+8 
        5803.39      1.75881e+8 
        5818.39      1.74259e+8 
        5833.38      1.72655e+8 
        5848.38      1.71069e+8 
        5863.37      1.69501e+8 
        5878.37      1.67951e+8 
        5893.36      1.66417e+8 
        5908.36      1.64901e+8 
        5923.36      1.63401e+8 
        5938.35      1.61917e+8 
        5953.35      1.60449e+8 
        5968.34      1.58997e+8 
        5983.34       1.5756e+8 
        5998.34      1.56138e+8 
        6013.33      1.54731e+8 
        6028.33      1.53338e+8 
        6043.32      1.51959e+8 
        6058.32      1.50594e+8 
        6073.32      1.49239e+8 
        6088.31      1.47896e+8 
        6103.31      1.46563e+8 
         6118.3      1.45241e+8 
         6133.3      1.43927e+8 
         6148.3      1.42624e+8 
        6163.29      1.41329e+8 
        6178.29       1.4004e+8 
        6193.28      1.38755e+8 
        6208.28      1.37473e+8 
        6223.28       1.3619e+8 
        6238.27      1.34903e+8 
        6252.16      1.33711e+8 
        6262.16      1.32863e+8 
        6273.26      1.31918e+8 
        6284.63      1.30944e+8 
        6295.99      1.29965e+8 
        6306.09      1.29093e+8 
        6316.22      1.28209e+8 
        6328.25      1.27143e+8 
        6343.24      1.25786e+8 
        6358.24      1.24385e+8 
        6373.23      1.22928e+8 
        6388.23      1.21395e+8 
        6403.23      1.19751e+8 
        6418.22      1.17958e+8 
        6433.22       1.1596e+8 
        6448.22      1.13661e+8 
        6463.21      1.10972e+8 
        6478.21      1.07777e+8 
         6493.2      1.03989e+8 
         6508.2      9.94176e+7 
        6523.19      9.38111e+7 
         6536.1      8.79363e+7 
        6546.46      8.21925e+7 
        6556.87      7.40367e+7 
        6567.09       7.1649e+7 
        6577.95      8.03186e+7 
        6588.18      8.52182e+7 
        6603.34      9.06042e+7 
        6613.66      9.33864e+7 
        6623.98      9.55845e+7 
         6634.3      9.72939e+7 
        6644.62      9.86064e+7 
        6654.94      9.96051e+7 
        6665.26      1.00323e+8 
        6675.58      1.00799e+8 
         6685.9       1.0108e+8 
        6696.23      1.01195e+8 
        6706.55      1.01188e+8 
        6721.34      1.01013e+8 
        6741.06      1.00564e+8 
        6760.77      9.99469e+7 
        6780.49      9.92281e+7 
        6815.08      9.78056e+7 
        6834.48      9.69549e+7 
        6853.88      9.60866e+7 
        6892.68      9.43225e+7 
        6970.27      9.07666e+7 
        6986.58      9.00233e+7 
        7047.86      8.72728e+7 
        7109.15      8.45999e+7 
        7170.43      8.20194e+7 
        7231.71      7.95316e+7 
        7292.99      7.71343e+7 
        7315.03      7.62939e+7 
        7354.27      7.48252e+7 
        7393.51      7.34039e+7 
           7472      7.06353e+7 
        7550.48      6.79966e+7 
        7580.06      6.70347e+7 
        7628.97      6.54802e+7 
        7677.88       6.3971e+7 
        7775.71       6.1082e+7 
        7873.53      5.83548e+7 
        7962.25      5.60118e+7 
        8019.38       5.4566e+7 
        8050.96      5.37866e+7 
        8082.55      5.30213e+7 
        8145.72      5.15309e+7 
        8200.85       5.0273e+7 
        8216.85      4.99152e+7 
        8232.84      4.95608e+7 
        8264.83      4.88612e+7 
        8289.72      4.83255e+7 
        8328.82      4.74987e+7 
        8367.92      4.66891e+7 
        8437.95      4.52826e+7 
        8473.98      4.45789e+7 
        8502.48      4.40322e+7 
        8516.58      4.37646e+7 
        8530.98      4.34935e+7 
        8545.38      4.32277e+7 
        8574.18      4.27002e+7 
        8598.39      4.22638e+7 
         8628.6      4.17273e+7 
        8646.81      4.14065e+7 
        8665.01      4.10889e+7 
        8685.59      4.07351e+7 
        8701.43      4.04643e+7 
        8750.47      3.96246e+7 
        8767.92      3.93371e+7 
        8815.35      3.85574e+7 
        8862.78      3.78128e+7 
        8900.38      3.72671e+7 
        8957.65      3.63837e+7 
        8986.28      3.59298e+7 
        9014.91       3.5484e+7 
        9043.54      3.51217e+7 
        9072.17      3.47617e+7 
        9099.72      3.43926e+7 
        9154.81      3.36028e+7 
         9190.8      3.30181e+7 
         9209.9      3.27012e+7 
        9229.01      3.24165e+7 
        9248.11      3.21982e+7 
        9267.22      3.20612e+7 
        9305.43      3.17618e+7 
        9343.64      3.13859e+7 
        9379.63        3.096e+7 
        9397.45      3.07233e+7 
        9415.28       3.0472e+7 
        9450.94      2.99031e+7 
        9486.59      2.92546e+7 
        9498.52       2.9019e+7 
        9522.24      2.84699e+7 
         9534.1      2.81807e+7 
        9545.97      2.79151e+7 
        9557.83      2.79196e+7 
        9569.68      2.79868e+7 
        9581.55       2.8037e+7 
        9593.41      2.80623e+7 
        9605.27      2.80578e+7 
        9628.99      2.80221e+7 
        9668.45      2.78717e+7 
        9707.92      2.76186e+7 
        9747.38      2.72868e+7 
        9786.84       2.6906e+7 
        9826.31      2.64636e+7 
        9846.04      2.62572e+7 
        9865.77      2.59824e+7 
         9885.5      2.56831e+7 
        9905.23      2.53392e+7 
        9924.97      2.49708e+7 
        9936.58      2.47561e+7 
        9952.82      2.44101e+7 
        9969.06      2.40498e+7 
        10001.6      2.32516e+7 
        10018.7      2.27768e+7 
          10034      2.23503e+7 
        10049.4      2.20844e+7 
        10064.7      2.21176e+7 
          10080      2.23045e+7 
        10095.3      2.24832e+7 
          10126      2.27419e+7 
        10156.6      2.28976e+7 
        10187.3      2.29592e+7 
        10198.6      2.29671e+7 
        10217.9      2.29595e+7 
        10237.2      2.29132e+7 
        10256.5      2.28449e+7 
          10295       2.2664e+7 
        10333.6      2.24323e+7 
        10372.2      2.21782e+7 
        10410.7      2.19129e+7 
        10449.3      2.15636e+7 
        10526.4      2.09732e+7 
          10565      2.06937e+7 
        10603.6      2.03665e+7 
        10642.1      2.00182e+7 
        10680.7      1.96355e+7 
        10719.3      1.91963e+7 
        10757.8      1.87018e+7 
        10796.4      1.81337e+7 
        10815.7       1.7815e+7 
          10835      1.74912e+7 
        10854.2      1.71184e+7 
        10873.5      1.67125e+7 
        10886.1      1.64215e+7 
        10899.1      1.60941e+7 
        10912.1      1.57346e+7 
        10925.1      1.53164e+7 
        10936.5       1.4773e+7 
          10947      1.50731e+7 
        10963.3      1.54628e+7 
        10982.8      1.57872e+7 
        10995.8      1.59404e+7 
        11008.8      1.61012e+7 
        11021.8      1.62152e+7 
        11034.8      1.63145e+7 
        11060.8      1.64531e+7 
        11086.8      1.65565e+7 
        11112.8       1.6612e+7 
        11138.8      1.66182e+7 
        11164.8      1.66134e+7 
        11190.8      1.65742e+7 
        11216.8      1.65086e+7 
        11260.9      1.63588e+7 
          11305      1.61745e+7 
        11349.1      1.59726e+7 
        11437.4      1.55517e+7 
        11525.6      1.51557e+7 
        11613.8      1.47278e+7 
          11702      1.43149e+7 
        11790.2      1.39163e+7 
        11878.5      1.35313e+7 
        11966.7      1.31594e+7 
        12054.9      1.27721e+7 
        12143.1      1.24153e+7 
        12178.1      1.22757e+7 
        12231.4      1.20641e+7 
        12284.6       1.1852e+7 
        12337.9      1.16365e+7 
        12391.2      1.14152e+7 
        12444.4      1.11831e+7 
        12497.7       1.0933e+7 
        12550.9      1.06599e+7 
        12577.6      1.05085e+7 
        12604.2      1.03438e+7 
        12630.8      1.01665e+7 
        12657.5      9.97402e+6 
        12684.1       9.7564e+6 
        12710.7      9.51623e+6 
          12724      9.37998e+6 
        12737.4      9.23603e+6 
        12750.7      9.07996e+6 
          12764      8.90591e+6 
        12777.3      8.71384e+6 
        12790.6      8.48579e+6 
        12803.9      8.19136e+6 
        12814.8      7.87644e+6 
        12825.9      7.96686e+6 
        12841.7      8.30251e+6 
        12854.3      8.46804e+6 
        12873.2      8.65044e+6 
        12885.8       8.7478e+6 
        12898.4      8.82656e+6 
          12911      8.89278e+6 
        12936.2       8.9974e+6 
        12961.4      9.06805e+6 
        12986.6      9.11514e+6 
        13011.8      9.13817e+6 
          13037      9.14847e+6 
        13062.2      9.14496e+6 
        13087.4      9.12893e+6 
        13137.8      9.07019e+6 
        13188.2      8.98942e+6 
        13238.6      8.89316e+6 
        13269.6      8.82875e+6 
          13289      8.78713e+6 
        13308.4      8.74472e+6 
        13347.1      8.65839e+6 
        13424.7      8.48227e+6 
        13502.2      8.30549e+6 
        13579.8      8.13076e+6 
        13657.4      7.96761e+6 
        13734.9       7.7975e+6 
        13812.5       7.6319e+6 
          13890      7.47068e+6 
        13967.6      7.31369e+6 
        14045.1      7.16079e+6 
        14122.7      7.01185e+6 
        14200.3      6.86674e+6 
        14223.6      6.82385e+6 
        14277.8      6.72536e+6 
        14332.1       6.6286e+6 
        14386.3      6.53326e+6 
        14423.5      6.46888e+6 
        14440.6      6.43961e+6 
        14457.6      6.41048e+6 
        14491.8      6.35274e+6 
        14536.9      6.27744e+6 
        14560.1       6.2392e+6 
        14581.2      6.20455e+6 
        14597.2      6.17851e+6 
        14613.2      6.15259e+6 
        14645.2      6.10119e+6 
        14709.2      5.99997e+6 
        14773.2      5.90082e+6 
        14837.1      5.80375e+6 
        14901.1      5.70865e+6 
        14965.1       5.6155e+6 
        15029.1      5.52424e+6 
        15093.1      5.43483e+6 
        15157.1      5.34721e+6 
          15221      5.26135e+6 
          15285      5.17722e+6 
          15349      5.09478e+6 
          15413      5.01395e+6 
        15471.6      4.94135e+6 
        15482.4      4.92812e+6 
        15493.1      4.91496e+6 
        15514.7      4.88879e+6 
        15557.9      4.83698e+6 
        15644.2      4.73539e+6 
        15730.5      4.63646e+6 
        15816.8       4.5401e+6 
        15903.1      4.44623e+6 
        15989.4      4.35478e+6 
        16075.8      4.26565e+6 
        16162.1      4.17882e+6 
        16248.4      4.09419e+6 
        16289.9      4.05426e+6 
        16334.7      4.01169e+6 
        16379.5      3.96965e+6 
        16469.1        3.888e+6 
        16558.8      3.80843e+6 
        16648.4      3.73089e+6 
          16738      3.65534e+6 
        16827.7      3.58167e+6 
        16917.3      3.50985e+6 
        17006.9      3.43982e+6 
        17096.6      3.37156e+6 
        17186.2      3.30496e+6 
        17275.8      3.24002e+6 
        17327.7      3.20317e+6 
        17365.5      3.17665e+6 
        17403.2      3.15042e+6 
        17478.8       3.0992e+6 
        17554.3      3.04902e+6 
        17629.9      2.99985e+6 
        17705.4      2.95167e+6 
          17781      2.90445e+6 
        17856.5      2.85817e+6 
        17932.1      2.81282e+6 
        18007.6      2.75866e+6 
        18083.2      2.71261e+6 
        18158.7      2.66642e+6 
        18234.3      2.61953e+6 
        18309.8      2.57097e+6 
        18343.7      2.54818e+6 
        18385.3      2.51899e+6 
          18427      2.48794e+6 
        18468.6      2.45419e+6 
        18510.2      2.41665e+6 
        18551.8      2.37373e+6 
        18593.4      2.32384e+6 
        18614.2      2.29523e+6 
          18635      2.26367e+6 
        18655.8      2.22809e+6 
        18676.6      2.18791e+6 
          18687      2.16503e+6 
        18697.4      2.13992e+6 
        18707.8      2.11115e+6 
        18718.2      2.07683e+6 
        18728.6      2.03244e+6 
          18739      1.96536e+6 
        18749.4      1.80459e+6 
        18759.9      1.92732e+6 
          18770      1.99783e+6 
          18780      2.03772e+6 
        18793.5      2.07335e+6 
        18806.9      2.09835e+6 
        18820.3      2.11787e+6 
        18833.7      2.13344e+6 
        18847.1      2.14628e+6 
          18874       2.1661e+6 
        18900.8      2.17957e+6 
        18927.7      2.18821e+6 
        18954.5      2.19295e+6 
        18981.3      2.19479e+6 
        19008.2      2.19413e+6 
        19061.9      2.18712e+6 
        19115.6      2.17501e+6 
        19169.2      2.15965e+6 
        19222.9      2.14223e+6 
        19276.6      2.12352e+6 
        19330.3      2.10402e+6 
          19384      2.08406e+6 
        19424.6      2.06876e+6 
        19437.6      2.06384e+6 
        19450.7      2.05892e+6 
        19476.7      2.04901e+6 
        19528.9      2.02918e+6 
          19581       2.0138e+6 
        19633.1      1.99343e+6 
        19685.3      1.97332e+6 
        19737.4      1.95345e+6 
        19789.5      1.93384e+6 
        19841.6      1.91447e+6 
        19893.8      1.89534e+6 
        19945.9      1.87645e+6 
          19998      1.85779e+6 
        20050.2      1.83936e+6 
        20102.3      1.82116e+6 
        20154.4      1.80319e+6 
        20206.5      1.78543e+6 
        20258.7      1.76789e+6 
        20310.8      1.75057e+6 
        20362.9      1.73345e+6 
        20415.1      1.71655e+6 
          20460      1.70214e+6 
        20474.4      1.69756e+6 
        20488.8      1.69297e+6 
        20517.6      1.68383e+6 
        20575.2      1.66574e+6 
        20632.8      1.64789e+6 
        20690.4      1.63029e+6 
          20748      1.61291e+6 
        20805.6      1.59576e+6 
        20863.2      1.57885e+6 
        20920.8      1.56215e+6 
        20978.5      1.54567e+6 
        21036.1      1.52941e+6 
        21093.7      1.51336e+6 
        21151.3      1.49752e+6 
        21208.9      1.48189e+6 
        21266.5      1.46646e+6 
        21324.1      1.45123e+6 
        21381.7       1.4362e+6 
        21439.3      1.42136e+6 
        21496.9       1.4067e+6 
        21554.5      1.39224e+6 
        21593.6      1.38253e+6 
        21612.1      1.37797e+6 
        21630.6      1.37342e+6 
        21667.6      1.36436e+6 
        21741.6      1.34646e+6 
        21815.5      1.32886e+6 
        21889.5      1.31154e+6 
        21963.5       1.2945e+6 
        22037.4      1.27773e+6 
        22111.4      1.26124e+6 
        22185.4      1.24501e+6 
        22259.3      1.22904e+6 
        22333.3      1.21332e+6 
        22407.3      1.19786e+6 
        22481.3      1.18264e+6 
        22555.2      1.16765e+6 
        22629.2      1.15291e+6 
        22703.2       1.1384e+6 
        22767.4      1.12598e+6 
        22784.8      1.12264e+6 
        22800.8      1.11958e+6 
        22816.8      1.11653e+6 
        22848.8      1.11045e+6 
        22912.8      1.09844e+6 
        22976.8      1.08658e+6 
        23040.8      1.07488e+6 
        23104.8      1.06334e+6 
        23168.7      1.05195e+6 
        23232.7      1.04072e+6 
        23296.7      1.02963e+6 
        23360.7       1.0187e+6 
        23424.7       1.0079e+6 
        23488.6          997251 
        23552.6          986740 
        23616.6          976369 
        23680.6          966131 
        23744.6          956027 
        23808.6          946056 
        23872.5          936213 
        23936.5          926497 
        24000.5          916908 
        24064.5          907443 
        24128.5          898097 
        24192.5          888873 
        24256.4          879765 
        24320.4          870774 
        24384.4          861899 
        24448.4          853134 
        24512.4          844482 
        24576.3          835937 
        24640.3          827502 
        24704.3          819170 
        24768.3          810946 
        24832.3          802821 
        24896.3          794801 
        24960.2          786878 
        25004.4          781465 
        25024.2          779055 
          25044          776655 
        25083.6          771892 
        25162.8          762471 
        25241.9          753194 
        25321.1          744058 
        25400.2          735057 
        25479.4          726195 
        25558.5          717464 
        25637.7          708866 
        25716.9          700393 
          25796          692049 
        25875.2          683827 
        25954.3          675728 
        26033.5          667749 
        26112.7          659885 
        26191.8          652135 
          26271          644501 
        26350.1          636980 
        26429.3          629563 
        26508.4          622258 
        26587.6          615055 
        26666.8          607958 
        26745.9          600962 
        26825.1          594066 
        26904.2          587270 
        26983.4          580569 
        27062.6          573963 
        27141.7          567453 
        27220.9          561032 
        27299.2          554771 
        27377.5          548594 
        27455.8          542506 
        27534.2          536502 
        27612.5          530580 
        27690.8          524740 
        27769.1          518979 
        27847.5          513295 
        27925.8          507694 
        28004.1          502165 
        28082.4          496714 
        28160.8          491333 
        28239.1          486030 
        28317.4          480792 
        28395.7          475628 
          28474          470535 
        28552.4          465509 
        28630.7          460548 
          28709          455653 
        28787.3          450825 
        28865.7          446059 
          28944          441356 
        29022.3          436716 
        29100.6          432135 
          29179          427615 
        29257.3          423154 
        29335.6          418752 
        29413.9          414404 
        29492.3          410116 
        29570.6          405881 
        29648.9          401703 
        29727.2          397575 
        29805.5          393503 
        29883.9          389482 
        29932.6          387007 
        29962.2          385511 
        29991.8          384025 
