# Koester WD models
# teff = 20000 K (value for the effective temperature for the model. Temperatures are given in K)
# logg = 8 log(cm/s2) (value for Log(G) for the model.)
#
# column 1: WAVELENGTH (ANGSTROM), Wavelength in Angstrom
# column 2: FLUX (ERG/CM2/S/A), Flux in erg/cm2/s/A
         899.23       1.1269e+7 
        909.241       1.2194e+7 
        919.246      2.45094e+7 
        929.261       3.1337e+7 
        939.271      6.45201e+7 
        949.307      2.04858e+7 
        959.633      3.71075e+8 
        969.705      8.51595e+7 
        979.709      3.37985e+8 
        989.832      1.48813e+9 
        1000.01      3.17313e+9 
        1010.08      1.27691e+9 
        1020.08      1.70781e+8 
        1030.19      1.74478e+8 
        1040.29      1.66064e+9 
        1050.58      4.92269e+9 
        1060.76      5.78081e+9 
         1070.9      9.28997e+9 
        1081.28      1.1796e+10 
        1091.79     1.47025e+10 
        1101.79     1.44932e+10 
        1114.38      1.3805e+10 
        1124.73     1.31445e+10 
        1135.54     1.23443e+10 
        1146.89     1.12719e+10 
        1156.89     1.00478e+10 
        1166.89      8.45861e+9 
         1176.9      6.41557e+9 
        1187.48      3.81845e+9 
        1197.88      1.50572e+9 
        1207.91      4.12325e+8 
        1218.09       2.4175e+8 
        1228.27      7.75185e+8 
        1238.56      2.94011e+9 
         1249.3        5.769e+9 
        1259.41      7.41642e+9 
        1269.41       8.2934e+9 
        1279.42      8.76718e+9 
        1289.42      8.98015e+9 
        1299.42      9.03374e+9 
        1309.42      9.02385e+9 
        1319.42      8.93837e+9 
        1329.42      8.80105e+9 
        1339.42      8.68223e+9 
        1349.42      8.58644e+9 
        1359.42      8.42949e+9 
        1369.42      8.16352e+9 
        1379.42      7.90557e+9 
        1389.42      7.61588e+9 
        1399.42      7.56257e+9 
        1409.42      7.66775e+9 
        1419.42      7.65936e+9 
        1429.42      7.54893e+9 
        1439.42      7.41127e+9 
        1454.42      7.19852e+9 
        1464.42      7.05856e+9 
        1474.42      6.92175e+9 
        1489.42      6.72276e+9 
        1504.42      6.53147e+9 
        1514.42      6.40803e+9 
        1529.42      6.22887e+9 
        1544.42      6.05655e+9 
        1559.42      5.89058e+9 
        1570.19      5.77535e+9 
        1584.41      5.62779e+9 
        1599.41      5.47796e+9 
        1614.41      5.33354e+9 
        1629.41      5.19447e+9 
        1644.41      5.06041e+9 
        1659.41      4.93114e+9 
        1670.17       4.8411e+9 
         1684.4      4.72568e+9 
         1699.4       4.6084e+9 
         1714.4      4.49515e+9 
         1729.4       4.3856e+9 
         1744.4      4.27963e+9 
        1759.39      4.17712e+9 
         1771.7      4.09557e+9 
        1784.39      4.01373e+9 
        1799.39      3.91992e+9 
           1824      3.77236e+9 
        1834.77      3.71019e+9 
        1845.54      3.64946e+9 
           1864      3.54846e+9 
        1876.29      3.48334e+9 
        1888.59      3.41991e+9 
        1906.98      3.32789e+9 
        1919.37      3.26782e+9 
        1931.76      3.20936e+9 
        1944.47       3.1508e+9 
        1956.53      3.09661e+9 
         1967.6      3.04795e+9 
        1992.71      2.94146e+9 
        2017.81      2.83991e+9 
        2042.42      2.74495e+9 
        2067.03      2.65423e+9 
        2091.64      2.56771e+9 
         2116.2      2.48505e+9 
           2129      2.44341e+9 
         2141.8      2.40268e+9 
        2165.47      2.32971e+9 
        2189.15      2.25974e+9 
        2210.96      2.19775e+9 
        2225.89      2.15667e+9 
        2240.83      2.11663e+9 
        2263.91      2.05662e+9 
        2307.04      1.95056e+9 
        2319.23      1.92194e+9 
        2331.41      1.89391e+9 
        2349.21      1.85393e+9 
        2362.35      1.82511e+9 
         2375.5      1.79692e+9 
        2394.29      1.75757e+9 
        2409.27      1.72702e+9 
        2424.25      1.69718e+9 
        2452.24      1.64324e+9 
        2464.64      1.62007e+9 
        2480.05       1.5919e+9 
        2491.16      1.57198e+9 
        2510.01      1.53895e+9 
        2528.86      1.50684e+9 
        2559.23      1.45692e+9 
        2582.27      1.42055e+9 
        2619.97      1.36358e+9 
        2657.67      1.30957e+9 
        2695.37      1.25841e+9 
        2710.02      1.23922e+9 
        2733.07      1.20982e+9 
        2756.11      1.18132e+9 
        2802.19      1.12698e+9 
        2842.01      1.08264e+9 
        2854.55      1.06914e+9 
        2867.08      1.05589e+9 
        2892.16      1.03002e+9 
        2931.63       9.9094e+8 
         2942.3      9.80695e+8 
        2952.98      9.70589e+8 
        2974.34      9.50812e+8 
        3017.05      9.12799e+8 
        3051.42      8.83629e+8 
        3085.79      8.55694e+8 
        3120.16      8.28887e+8 
        3149.86      8.06585e+8 
        3170.22       7.9176e+8 
        3209.26      7.64306e+8 
        3227.93      7.51601e+8 
        3248.29      7.38061e+8 
        3287.33      7.12997e+8 
        3346.73      6.76916e+8 
        3367.09      6.65107e+8 
        3406.13      6.43191e+8 
        3445.17      6.22192e+8 
        3484.21      6.02077e+8 
        3502.89      5.92743e+8 
        3523.25      5.82781e+8 
         3543.6       5.7303e+8 
        3577.35      5.57334e+8 
        3591.28      5.51004e+8 
        3605.22      5.44758e+8 
         3627.2      5.35107e+8 
        3638.96      5.30028e+8 
        3651.32      5.24753e+8 
         3663.4      5.19657e+8 
        3673.95      5.15202e+8 
        3685.83      5.10276e+8 
        3695.99      5.06095e+8 
        3706.05      5.02008e+8 
        3716.83      4.97707e+8 
           3727      4.93786e+8 
        3737.83      4.89743e+8 
        3748.27      4.85379e+8 
        3758.93      4.82819e+8 
        3768.97      4.76514e+8 
        3780.73      4.77249e+8 
        3792.84      4.66922e+8 
        3803.25      4.66724e+8 
        3814.26      4.73293e+8 
        3825.02      4.58377e+8 
        3835.09      4.28595e+8 
        3845.91      4.60539e+8 
        3855.94      4.77814e+8 
        3867.22      4.69351e+8 
        3877.63      4.33172e+8 
        3888.04      3.75323e+8 
        3898.89      4.24853e+8 
        3910.02      4.73287e+8 
        3920.63      4.94851e+8 
         3930.9      4.95825e+8 
        3941.96      4.73551e+8 
        3952.78      4.23964e+8 
        3963.98      3.49955e+8 
        3973.99      3.32402e+8 
         3984.1      3.98712e+8 
        3994.48      4.54048e+8 
        4005.08      4.92061e+8 
        4018.05      5.12177e+8 
        4028.86      5.16745e+8 
        4043.86      5.10182e+8 
        4056.35      4.89671e+8 
        4068.85       4.4878e+8 
        4080.56      3.94961e+8 
        4092.03      3.25485e+8 
        4102.05       2.4794e+8 
        4112.76       3.3031e+8 
        4123.12      3.86413e+8 
        4133.78      4.30056e+8 
        4143.83      4.62398e+8 
        4158.83      4.88464e+8 
        4173.82      4.97603e+8 
        4188.82      4.99278e+8 
        4203.81      4.97374e+8 
        4216.52      4.94097e+8 
        4228.81      4.89554e+8 
        4243.81      4.81986e+8 
         4258.8      4.70617e+8 
         4273.8       4.5249e+8 
        4288.79      4.23518e+8 
        4303.79       3.8383e+8 
        4314.07      3.48352e+8 
        4326.14      2.94849e+8 
        4336.17      2.39018e+8 
        4346.95      2.51446e+8 
        4357.43      3.01769e+8 
        4367.98      3.40813e+8 
        4378.77      3.70328e+8 
        4393.77      3.98213e+8 
        4408.76      4.15221e+8 
        4423.76      4.22387e+8 
        4438.75      4.23795e+8 
        4453.75      4.22371e+8 
        4468.74       4.1961e+8 
        4483.74      4.16101e+8 
        4498.74      4.12262e+8 
        4513.73      4.08231e+8 
        4527.19      4.04515e+8 
        4538.73      4.01282e+8 
        4553.72      3.97047e+8 
        4568.72       3.9279e+8 
        4583.72      3.88524e+8 
        4596.53      3.84873e+8 
        4608.71       3.8143e+8 
         4623.7      3.77148e+8 
         4638.7       3.7285e+8 
         4653.7      3.68521e+8 
        4668.69      3.64111e+8 
        4683.69       3.5953e+8 
        4698.68      3.54727e+8 
        4713.68      3.49562e+8 
        4724.83      3.45365e+8 
        4738.67      3.39556e+8 
        4753.67        3.325e+8 
        4768.67      3.23823e+8 
        4783.66      3.12932e+8 
        4798.66      2.98487e+8 
        4813.65      2.79028e+8 
        4828.65      2.53058e+8 
        4839.16      2.29458e+8 
        4849.39      2.01516e+8 
         4859.6      1.59328e+8 
        4869.65      1.88367e+8 
        4880.32      2.16711e+8 
        4891.13      2.38612e+8 
        4903.63      2.56996e+8 
        4915.55      2.69049e+8 
        4928.62      2.77922e+8 
        4943.62      2.83587e+8 
        4958.61      2.86165e+8 
        4973.61      2.86779e+8 
        4988.61      2.86127e+8 
         5003.6      2.84805e+8 
         5018.6      2.82914e+8 
         5033.6      2.80687e+8 
        5048.59      2.78257e+8 
        5063.59      2.75704e+8 
        5078.58      2.73074e+8 
        5093.58      2.70425e+8 
        5108.57      2.67767e+8 
        5123.57      2.65119e+8 
        5138.57      2.62485e+8 
        5153.56      2.59871e+8 
        5168.56      2.57278e+8 
        5183.56      2.54711e+8 
        5198.55      2.52168e+8 
        5213.55      2.49653e+8 
        5228.54      2.47164e+8 
        5243.54      2.44701e+8 
        5258.53      2.42267e+8 
        5273.53       2.3986e+8 
        5288.53       2.3748e+8 
        5303.52      2.35128e+8 
        5318.52      2.32803e+8 
        5333.52      2.30506e+8 
        5348.51      2.28237e+8 
        5363.51      2.26052e+8 
         5378.5      2.23831e+8 
         5393.5      2.21638e+8 
        5408.49      2.19471e+8 
        5423.49      2.17331e+8 
        5438.49      2.15218e+8 
        5453.48      2.13129e+8 
        5468.48      2.11067e+8 
        5483.48      2.09029e+8 
        5498.47      2.07016e+8 
        5513.47      2.05028e+8 
        5528.46      2.03063e+8 
        5543.46      2.01122e+8 
        5558.45      1.99204e+8 
        5573.45      1.97309e+8 
        5588.45      1.95436e+8 
        5603.44      1.93585e+8 
        5618.44      1.91757e+8 
        5633.43      1.89949e+8 
        5648.43      1.88164e+8 
        5663.43      1.86399e+8 
        5673.98      1.85178e+8 
         5686.2      1.83766e+8 
        5698.42      1.82368e+8 
        5708.88      1.81181e+8 
        5723.41      1.79549e+8 
        5738.41      1.77885e+8 
         5753.4      1.76239e+8 
         5768.4      1.74574e+8 
        5783.39      1.72965e+8 
        5798.39      1.71375e+8 
        5813.39      1.69803e+8 
        5828.38       1.6825e+8 
        5843.38      1.66714e+8 
        5858.37      1.65195e+8 
        5873.37      1.63694e+8 
        5888.37       1.6221e+8 
        5903.36      1.60742e+8 
        5918.36      1.59291e+8 
        5933.35      1.57856e+8 
        5948.35      1.56436e+8 
        5963.35      1.55033e+8 
        5978.34      1.53645e+8 
        5993.34      1.52272e+8 
        6008.33      1.50914e+8 
        6023.33       1.4957e+8 
        6038.32       1.4824e+8 
        6053.32      1.46925e+8 
        6068.32      1.45623e+8 
        6083.31      1.44333e+8 
        6098.31      1.43057e+8 
        6113.31      1.41793e+8 
         6128.3       1.4054e+8 
         6143.3        1.393e+8 
        6158.29       1.3807e+8 
        6173.29      1.36851e+8 
        6188.28       1.3564e+8 
        6203.28      1.34439e+8 
        6218.28      1.33246e+8 
        6233.27      1.32058e+8 
        6244.38      1.31181e+8 
        6256.04      1.30268e+8 
        6266.59      1.29448e+8 
        6278.26      1.28541e+8 
        6290.52      1.27589e+8 
        6302.31      1.26674e+8 
        6312.59      1.25875e+8 
        6323.25      1.25041e+8 
        6338.24      1.23864e+8 
        6353.24      1.22677e+8 
        6368.24      1.21467e+8 
        6383.23      1.20227e+8 
        6398.23      1.18937e+8 
        6413.22      1.17573e+8 
        6428.22      1.16096e+8 
        6443.22      1.14446e+8 
        6458.21       1.1253e+8 
        6473.21       1.1023e+8 
         6488.2      1.07406e+8 
         6503.2      1.03755e+8 
         6518.2      9.88637e+7 
        6532.67      9.24492e+7 
        6543.19      8.63925e+7 
        6553.54      7.86768e+7 
        6563.64      6.28193e+7 
        6574.47      7.98621e+7 
        6586.28      8.68434e+7 
        6598.17      9.18061e+7 
         6608.5      9.48921e+7 
        6618.82      9.70925e+7 
        6629.14      9.86162e+7 
        6644.62      9.99802e+7 
        6654.94      1.00463e+8 
        6665.26      1.00721e+8 
        6675.58      1.00784e+8 
         6685.9      1.00706e+8 
        6696.23      1.00519e+8 
        6711.48      1.00106e+8 
        6741.98        9.899e+7 
        6772.48      9.76784e+7 
        6802.98      9.62851e+7 
        6824.78      9.52685e+7 
        6868.37      9.32173e+7 
        6955.56      8.91798e+7 
        6976.35      8.82376e+7 
        7042.75      8.52964e+7 
        7109.15      8.24643e+7 
        7175.54      7.97452e+7 
        7241.94      7.71352e+7 
        7308.33      7.46304e+7 
        7355.95      7.28963e+7 
        7374.73      7.22312e+7 
        7393.51      7.15683e+7 
        7431.08      7.02655e+7 
        7506.22      6.77484e+7 
        7581.35      6.53432e+7 
         7635.1      6.36886e+7 
        7656.49      6.30445e+7 
        7677.88      6.24084e+7 
        7720.67      6.11612e+7 
        7806.23      5.87588e+7 
        7821.36      5.83466e+7 
         7891.8      5.64733e+7 
        7962.25       5.4675e+7 
        7982.84      5.41633e+7 
        8032.69      5.29487e+7 
        8082.55      5.17678e+7 
        8161.68      4.99611e+7 
        8182.26       4.9504e+7 
        8200.85      4.90959e+7 
        8216.85      4.87478e+7 
        8232.84      4.84031e+7 
        8264.83      4.77227e+7 
        8289.72      4.72018e+7 
        8328.82      4.63972e+7 
        8367.92      4.56093e+7 
        8437.95      4.42434e+7 
        8473.98      4.35582e+7 
        8502.48      4.30254e+7 
        8516.58      4.27649e+7 
        8530.98      4.25001e+7 
        8545.38      4.22472e+7 
        8574.18      4.17439e+7 
        8598.39      4.13248e+7 
         8628.6      4.08127e+7 
        8646.81       4.0502e+7 
        8665.01      4.01929e+7 
        8685.59      3.98564e+7 
        8701.43      3.95954e+7 
        8750.47      3.87547e+7 
        8767.92      3.84867e+7 
        8815.35      3.77233e+7 
        8839.07      3.73403e+7 
        8862.78      3.69542e+7 
         8886.5      3.66765e+7 
        8910.21      3.63875e+7 
        8933.93      3.60338e+7 
        8957.65      3.56451e+7 
        8995.25      3.49282e+7 
        9014.91      3.45657e+7 
        9034.57      3.44196e+7 
        9054.23      3.42939e+7 
        9087.39      3.39923e+7 
        9099.72      3.38503e+7 
        9112.05      3.36933e+7 
        9136.72      3.33087e+7 
        9161.38      3.28328e+7 
        9186.05      3.22682e+7 
        9210.71      3.16393e+7 
        9224.43      3.12966e+7 
        9238.16      3.12097e+7 
        9251.88       3.1231e+7 
         9265.6      3.12832e+7 
        9293.05      3.13227e+7 
        9311.35      3.12918e+7 
        9329.65      3.12057e+7 
        9347.95      3.10692e+7 
        9366.25      3.08912e+7 
        9384.08      3.06839e+7 
        9401.92       3.0432e+7 
        9419.76      3.01553e+7 
         9437.6      2.98285e+7 
        9455.44      2.94288e+7 
        9473.28      2.90094e+7 
        9491.12      2.84847e+7 
        9508.96      2.78406e+7 
         9526.8      2.70135e+7 
        9543.32       2.6228e+7 
        9556.56      2.63913e+7 
        9567.15      2.67211e+7 
        9577.74      2.70155e+7 
        9588.34      2.72323e+7 
        9598.93      2.74031e+7 
        9609.52      2.75146e+7 
        9620.12      2.76016e+7 
        9630.71      2.76468e+7 
         9651.9      2.76988e+7 
        9668.45      2.76859e+7 
           9685      2.76234e+7 
        9701.56      2.75402e+7 
        9734.67      2.73094e+7 
        9767.78      2.70219e+7 
        9800.89      2.66939e+7 
           9834      2.63204e+7 
        9850.55       2.6152e+7 
         9867.1      2.59179e+7 
        9883.66      2.56562e+7 
        9900.21      2.53536e+7 
        9913.83      2.50952e+7 
        9933.32      2.46834e+7 
        9952.82      2.41853e+7 
        9972.32       2.3656e+7 
        9991.81      2.30141e+7 
        10011.3      2.22692e+7 
        10030.3      2.14171e+7 
        10042.2      2.08437e+7 
        10054.1      2.06702e+7 
        10068.4      2.11397e+7 
        10087.4      2.16926e+7 
        10106.4      2.21058e+7 
          10135      2.25066e+7 
          10154      2.26808e+7 
          10173      2.27892e+7 
          10185       2.2822e+7 
        10211.1      2.28457e+7 
        10237.2      2.27927e+7 
        10263.3      2.26811e+7 
        10289.4      2.25359e+7 
        10341.5      2.21901e+7 
        10393.7      2.18174e+7 
        10445.9      2.13992e+7 
        10498.1      2.10069e+7 
        10550.3      2.06303e+7 
        10602.5       2.0221e+7 
        10654.6      1.97895e+7 
        10706.8      1.93028e+7 
        10732.9      1.90289e+7 
          10759      1.87247e+7 
        10785.1      1.83706e+7 
        10811.2      1.79697e+7 
        10824.2      1.77468e+7 
        10837.3      1.74949e+7 
        10850.3      1.72192e+7 
        10863.4      1.69279e+7 
        10876.4      1.65863e+7 
        10889.5      1.62199e+7 
        10902.5      1.57919e+7 
        10915.5      1.53015e+7 
        10926.8      1.47907e+7 
        10937.4      1.39777e+7 
        10948.6      1.46576e+7 
        10959.9      1.50631e+7 
        10971.2      1.53788e+7 
        10982.5      1.56321e+7 
        10993.7       1.5842e+7 
          11005      1.60216e+7 
        11016.3      1.61689e+7 
        11027.5      1.62778e+7 
        11038.8      1.63788e+7 
        11050.1      1.64584e+7 
        11061.3      1.65143e+7 
        11072.6      1.65553e+7 
        11095.2       1.6606e+7 
        11117.7      1.66174e+7 
        11140.2      1.65921e+7 
        11162.8      1.65442e+7 
        11185.3      1.64791e+7 
        11199.9      1.64291e+7 
        11230.4      1.63084e+7 
        11260.9      1.61742e+7 
        11321.9      1.58819e+7 
          11383      1.55795e+7 
          11444      1.52976e+7 
          11505      1.49939e+7 
        11566.1      1.46976e+7 
        11627.1      1.44087e+7 
        11688.1      1.41268e+7 
        11749.2      1.38517e+7 
        11810.2      1.35833e+7 
        11871.2      1.33214e+7 
        11932.3      1.30657e+7 
        11993.3      1.28161e+7 
        12054.3      1.25611e+7 
        12115.4      1.23209e+7 
        12176.4      1.20853e+7 
        12190.3      1.20325e+7 
        12237.4      1.18539e+7 
        12284.6      1.16763e+7 
          12379      1.13215e+7 
        12473.4      1.09554e+7 
        12520.6      1.07609e+7 
        12567.7      1.05484e+7 
        12591.3      1.04312e+7 
        12614.9      1.03057e+7 
        12638.5      1.01675e+7 
        12662.1      1.00113e+7 
        12685.7      9.83375e+6 
        12709.3      9.62829e+6 
        12721.1      9.51026e+6 
        12732.9      9.38369e+6 
        12744.7       9.2453e+6 
        12756.5      9.08988e+6 
        12768.3      8.91967e+6 
        12780.1      8.72285e+6 
        12791.9      8.49075e+6 
        12803.7       8.1972e+6 
          12814      7.73762e+6 
          12826      7.91625e+6 
        12838.8      8.27417e+6 
        12851.6      8.48287e+6 
        12864.4      8.63929e+6 
        12877.2      8.76127e+6 
          12890      8.86262e+6 
        12902.8       8.9421e+6 
        12915.6      9.00594e+6 
        12928.4      9.05809e+6 
        12941.2      9.09702e+6 
          12954      9.12507e+6 
        12979.6      9.15853e+6 
        13005.2      9.16654e+6 
        13030.8      9.15419e+6 
        13056.4      9.12878e+6 
        13107.5      9.05156e+6 
        13158.7      8.95169e+6 
        13209.9      8.84104e+6 
        13261.1      8.72471e+6 
        13308.4      8.61481e+6 
        13402.9      8.39405e+6 
        13497.4      8.17603e+6 
        13591.9      7.96353e+6 
        13686.4      7.76014e+6 
        13780.9      7.55924e+6 
        13875.4      7.36477e+6 
        13969.9      7.17694e+6 
        14064.4      6.99463e+6 
        14158.9       6.8181e+6 
        14174.8      6.78898e+6 
        14253.5      6.64711e+6 
        14332.1      6.50891e+6 
        14363.7      6.45421e+6 
        14410.7      6.37379e+6 
        14457.6        6.295e+6 
        14519.9      6.19274e+6 
        14551.5      6.14134e+6 
        14581.2      6.09368e+6 
        14597.2      6.06817e+6 
        14613.2      6.04279e+6 
        14645.2      5.99246e+6 
        14709.2      5.89335e+6 
        14773.2      5.79627e+6 
        14837.1      5.70121e+6 
        14901.1      5.60806e+6 
        14965.1      5.51683e+6 
        15029.1      5.42742e+6 
        15093.1      5.33983e+6 
        15157.1        5.254e+6 
          15221       5.1699e+6 
          15285      5.08746e+6 
          15349      5.00669e+6 
          15413      4.92749e+6 
        15471.6      4.85634e+6 
        15482.4      4.84339e+6 
        15493.1      4.83058e+6 
        15514.7      4.80503e+6 
        15557.9      4.75449e+6 
        15644.2       4.6554e+6 
        15730.5      4.55886e+6 
        15816.8       4.4648e+6 
        15903.1      4.37319e+6 
        15989.4      4.28391e+6 
        16075.8      4.19689e+6 
        16162.1      4.11209e+6 
        16248.4      4.02941e+6 
        16289.9      3.99042e+6 
        16334.7      3.94879e+6 
        16379.5      3.90776e+6 
        16469.1       3.8285e+6 
        16558.8      3.75128e+6 
        16648.4      3.67598e+6 
          16738      3.60256e+6 
        16827.7      3.53096e+6 
        16917.3      3.46112e+6 
        17006.9      3.39301e+6 
        17096.6      3.32657e+6 
        17186.2      3.26176e+6 
        17275.8      3.19852e+6 
        17327.7      3.16261e+6 
        17365.5      3.13679e+6 
        17403.2      3.11123e+6 
        17478.8      3.06102e+6 
        17554.3      3.01182e+6 
        17629.9       2.9636e+6 
        17705.4      2.91634e+6 
          17781      2.87001e+6 
        17856.5       2.8246e+6 
        17932.1      2.78009e+6 
        18007.6      2.73215e+6 
        18083.2      2.68815e+6 
        18158.7       2.6445e+6 
        18234.3      2.60085e+6 
        18309.8      2.55654e+6 
        18343.7      2.53614e+6 
        18385.3      2.51042e+6 
          18427      2.48348e+6 
        18468.6      2.45444e+6 
        18510.2      2.42221e+6 
        18551.8      2.38502e+6 
        18593.4       2.3402e+6 
        18614.2      2.31382e+6 
          18635      2.28387e+6 
        18655.8       2.2492e+6 
        18676.6      2.20877e+6 
          18687      2.18551e+6 
        18697.4      2.15974e+6 
        18707.8      2.13048e+6 
        18718.2      2.09676e+6 
        18728.6      2.05389e+6 
          18739      1.98753e+6 
        18749.4      1.80293e+6 
        18760.8      1.95727e+6 
        18770.8      2.02353e+6 
        18780.9      2.06068e+6 
        18794.3      2.09413e+6 
        18807.7      2.11923e+6 
        18821.1      2.13893e+6 
        18834.6      2.15451e+6 
          18848        2.167e+6 
        18861.4      2.17706e+6 
        18888.2      2.19089e+6 
        18915.1       2.1985e+6 
        18941.9      2.20153e+6 
        18968.8      2.20105e+6 
        19022.5      2.19283e+6 
        19076.1      2.17861e+6 
        19129.8      2.16121e+6 
        19183.5      2.14206e+6 
        19237.2      2.12197e+6 
        19290.9      2.10135e+6 
        19344.5       2.0805e+6 
        19398.2      2.05958e+6 
        19450.7      2.03919e+6 
        19503.1      2.01876e+6 
        19555.6      2.00061e+6 
          19608      1.98013e+6 
        19660.5      1.95991e+6 
        19712.9      1.93995e+6 
        19765.4      1.92025e+6 
        19817.9      1.90078e+6 
        19870.3      1.88157e+6 
        19922.8      1.86259e+6 
        19975.2      1.84386e+6 
        20027.7      1.82535e+6 
        20080.1      1.80708e+6 
        20132.6      1.78904e+6 
          20185      1.77122e+6 
        20237.5      1.75362e+6 
        20289.9      1.73624e+6 
        20342.4      1.71907e+6 
        20394.9      1.70211e+6 
        20420.2      1.69398e+6 
        20447.3      1.68536e+6 
        20474.4      1.67679e+6 
        20528.6      1.65976e+6 
        20582.7      1.64294e+6 
        20636.9      1.62633e+6 
        20691.1      1.60993e+6 
        20745.2      1.59374e+6 
        20799.4      1.57775e+6 
        20853.6      1.56196e+6 
        20907.8      1.54637e+6 
        20961.9      1.53097e+6 
        21016.1      1.51576e+6 
        21070.3      1.50074e+6 
        21124.5       1.4859e+6 
        21178.6      1.47125e+6 
        21232.8      1.45677e+6 
          21287      1.44248e+6 
        21341.1      1.42835e+6 
        21395.3       1.4144e+6 
        21449.5      1.40062e+6 
        21503.7      1.38701e+6 
        21557.8      1.37356e+6 
        21593.4      1.36482e+6 
          21612      1.36027e+6 
        21630.6      1.35574e+6 
        21667.9      1.34672e+6 
        21742.4      1.32891e+6 
        21816.8      1.31139e+6 
        21891.3      1.29415e+6 
        21965.8       1.2772e+6 
        22040.3      1.26052e+6 
        22114.8      1.24411e+6 
        22189.3      1.22798e+6 
        22263.8       1.2121e+6 
        22338.3      1.19647e+6 
        22412.8       1.1811e+6 
        22487.3      1.16597e+6 
        22561.8      1.15109e+6 
        22636.3      1.13643e+6 
        22710.8      1.12202e+6 
        22783.7      1.10813e+6 
        22800.8      1.10488e+6 
        22816.8      1.10187e+6 
        22848.8      1.09588e+6 
        22912.8      1.08403e+6 
        22976.8      1.07233e+6 
        23040.8      1.06078e+6 
        23104.8       1.0494e+6 
        23168.7      1.03816e+6 
        23232.7      1.02708e+6 
        23296.7      1.01614e+6 
        23360.7      1.00535e+6 
        23424.7          994700 
        23488.6          984192 
        23552.6          973821 
        23616.6          963589 
        23680.6          953489 
        23744.6          943521 
        23808.6          933681 
        23872.5          923971 
        23936.5          914386 
        24000.5          904926 
        24064.5          895586 
        24128.5          886369 
        24192.5          877268 
        24256.4          868286 
        24320.4          859414 
        24384.4          850658 
        24448.4          842013 
        24512.4          833477 
        24576.3          825048 
        24640.3          816729 
        24704.3          808511 
        24768.3          800396 
        24832.3          792382 
        24896.3          784471 
        24960.2          776655 
        25004.4          771314 
        25024.2          768939 
          25044          766571 
        25083.6          761874 
        25162.8          752591 
        25241.9          743448 
        25321.1          734445 
        25400.2          725576 
        25479.4          716839 
        25558.5          708238 
        25637.7          699761 
        25716.9          691411 
          25796          683186 
        25875.2          675084 
        25954.3          667101 
        26033.5          659235 
        26112.7          651485 
        26191.8          643847 
          26271          636323 
        26350.1          628909 
        26429.3          621602 
        26508.4          614401 
        26587.6          607301 
        26666.8          600308 
        26745.9          593412 
        26825.1          586617 
        26904.2          579916 
        26983.4          573312 
        27062.6          566803 
        27141.7          560385 
        27220.9          554058 
        27299.2          547884 
        27377.5          541815 
        27455.8          535827 
        27534.2          529921 
        27612.5          524096 
        27690.8          518353 
        27769.1          512686 
        27847.5          507097 
        27925.8          501587 
        28004.1          496149 
        28082.4          490783 
        28160.8          485492 
        28239.1          480271 
        28317.4          475119 
        28395.7          470036 
          28474          465022 
        28552.4          460074 
        28630.7          455192 
          28709          450376 
        28787.3          445622 
        28865.7          440929 
          28944          436301 
        29022.3          431730 
        29100.6          427222 
          29179          422770 
        29257.3          418378 
        29335.6          414040 
        29413.9          409761 
        29492.3          405536 
        29570.6          401367 
        29648.9          397248 
        29727.2          393183 
        29805.5          389171 
        29883.9          385210 
        29932.6          382772 
        29962.2          381298 
        29991.8          379834 
