# Koester WD models
# teff = 20000 K (value for the effective temperature for the model. Temperatures are given in K)
# logg = 7 log(cm/s2) (value for Log(G) for the model.)
#
# column 1: WAVELENGTH (ANGSTROM), Wavelength in Angstrom
# column 2: FLUX (ERG/CM2/S/A), Flux in erg/cm2/s/A
         899.23      1.09733e+7 
        909.241      1.18762e+7 
        919.268      3.15947e+7 
        929.325      3.72844e+7 
        939.449      9.01445e+7 
          949.5      3.52666e+7 
         959.69      1.21693e+9 
        969.736      1.06563e+8 
        979.762      8.96884e+8 
        989.809      4.53253e+9 
        1000.04      8.15686e+9 
        1010.07      3.62766e+9 
        1020.15      2.57376e+8 
        1030.29      2.71732e+8 
        1040.47       4.4527e+9 
        1050.53      9.14939e+9 
        1060.73      9.83249e+9 
        1070.73     1.22581e+10 
        1080.96     1.31761e+10 
        1092.44     1.42216e+10 
        1104.37     1.38148e+10 
        1114.38     1.33829e+10 
        1124.73     1.29192e+10 
        1135.54     1.23993e+10 
        1149.39      1.1604e+10 
        1159.39     1.08724e+10 
        1169.39      9.90073e+9 
         1179.4      8.44715e+9 
         1189.4      6.12337e+9 
         1199.4      2.79901e+9 
         1209.4      4.84632e+8 
        1219.41      3.68411e+8 
        1229.41      1.80642e+9 
        1239.41       5.6215e+9 
        1249.41       7.6931e+9 
        1259.41      8.46289e+9 
        1269.41      8.72989e+9 
        1279.42       8.7936e+9 
        1289.42      8.74883e+9 
        1299.42      8.64595e+9 
        1309.42      8.52352e+9 
        1319.42      8.37831e+9 
        1329.42      8.21859e+9 
        1339.42      8.06818e+9 
        1349.42      7.92907e+9 
        1359.42        7.774e+9 
        1369.42        7.586e+9 
        1379.42      7.40288e+9 
        1389.42      7.21074e+9 
        1399.42      7.10016e+9 
        1409.42      7.04386e+9 
        1419.42       6.9515e+9 
        1429.42       6.8291e+9 
        1439.42      6.70067e+9 
        1454.42      6.51045e+9 
        1464.42      6.38701e+9 
        1474.42      6.26663e+9 
        1489.42      6.09183e+9 
        1504.42      5.92379e+9 
        1514.42      5.81537e+9 
        1529.42      5.65795e+9 
        1544.42       5.5064e+9 
        1559.42      5.36053e+9 
        1570.19      5.25909e+9 
        1584.41      5.12912e+9 
        1599.41      4.99686e+9 
        1614.41      4.86922e+9 
        1629.41      4.74607e+9 
        1644.41      4.62735e+9 
        1659.41      4.51284e+9 
        1670.17      4.43301e+9 
         1684.4      4.33059e+9 
         1699.4      4.22635e+9 
         1714.4      4.12554e+9 
         1729.4      4.02796e+9 
         1744.4      3.93349e+9 
        1759.39      3.84204e+9 
         1771.7      3.76919e+9 
        1784.39      3.69608e+9 
        1799.39      3.61211e+9 
           1824      3.47982e+9 
        1834.77      3.42402e+9 
        1845.54      3.36948e+9 
           1864      3.27872e+9 
        1876.29       3.2202e+9 
        1888.59      3.16314e+9 
        1906.98      3.08025e+9 
        1919.37      3.02607e+9 
        1931.76      2.97326e+9 
        1944.47      2.92035e+9 
        1956.53      2.87136e+9 
         1967.6      2.82735e+9 
        1992.71      2.73099e+9 
        2017.81      2.63901e+9 
        2042.42      2.55282e+9 
        2067.03      2.47035e+9 
        2091.64      2.39161e+9 
         2116.2      2.31635e+9 
           2129      2.27841e+9 
         2141.8       2.2413e+9 
        2165.47      2.17473e+9 
        2210.96      2.05408e+9 
        2225.89      2.01649e+9 
        2240.83      1.97983e+9 
        2263.91      1.92487e+9 
        2307.04      1.82763e+9 
        2319.23      1.80135e+9 
        2331.41       1.7756e+9 
        2349.21      1.73885e+9 
        2362.35      1.71235e+9 
         2375.5      1.68641e+9 
        2394.29      1.65021e+9 
        2409.27      1.62209e+9 
        2424.25      1.59462e+9 
        2452.24      1.54492e+9 
        2464.64      1.52355e+9 
        2480.05      1.49755e+9 
        2491.16      1.47916e+9 
        2510.01      1.44864e+9 
        2528.86      1.41897e+9 
        2559.23      1.37283e+9 
        2582.27      1.33919e+9 
        2619.97      1.28646e+9 
        2657.67      1.23641e+9 
        2695.37      1.18895e+9 
        2710.02      1.17114e+9 
        2733.07      1.14384e+9 
        2756.11      1.11737e+9 
        2802.19      1.06686e+9 
        2842.01      1.02559e+9 
        2854.55      1.01302e+9 
        2867.08      1.00068e+9 
        2892.16      9.76577e+8 
        2931.63       9.4014e+8 
         2942.3      9.30584e+8 
        2952.98      9.21156e+8 
        2974.34      9.02699e+8 
        3017.05      8.67199e+8 
        3051.42      8.39933e+8 
        3085.79      8.13804e+8 
        3120.16      7.88719e+8 
        3149.86      7.67834e+8 
        3170.22      7.53948e+8 
        3209.26      7.28215e+8 
        3227.93      7.16299e+8 
        3248.29      7.03597e+8 
        3287.33       6.8007e+8 
        3346.73      6.46178e+8 
        3367.09      6.35079e+8 
        3406.13       6.1447e+8 
        3445.17       5.9471e+8 
        3484.21      5.75766e+8 
        3502.89      5.66973e+8 
        3523.25      5.57586e+8 
         3543.6      5.48393e+8 
        3577.35      5.33596e+8 
        3591.28       5.2763e+8 
        3605.22      5.21746e+8 
         3627.2      5.12639e+8 
        3638.96      5.07845e+8 
        3651.32      5.02862e+8 
         3663.4      4.98043e+8 
        3673.95      4.93843e+8 
        3685.83      4.89181e+8 
        3695.99      4.85279e+8 
        3706.05      4.81625e+8 
        3716.83      4.78031e+8 
           3727      4.75169e+8 
        3737.83       4.7215e+8 
        3748.27      4.65399e+8 
        3758.93      4.70931e+8 
        3768.97      4.51318e+8 
        3780.73      4.73297e+8 
        3790.88      4.53605e+8 
        3801.15      4.33634e+8 
        3811.57      4.83761e+8 
        3821.92      4.71635e+8 
        3832.15      3.92171e+8 
        3842.82      4.31897e+8 
        3853.33      4.99557e+8 
        3863.87      5.09981e+8 
        3875.11      4.57667e+8 
         3885.2      3.56184e+8 
        3896.68      3.96114e+8 
        3907.37      4.87971e+8 
        3918.89       5.3403e+8 
        3929.56      5.41296e+8 
        3940.04      5.23317e+8 
        3950.65      4.69291e+8 
        3961.24      3.75273e+8 
        3971.39      2.85276e+8 
        3982.23      4.03402e+8 
        3992.62      4.79197e+8 
        4003.87      5.26877e+8 
        4016.33      5.44564e+8 
        4028.72       5.4735e+8 
        4038.86      5.44388e+8 
        4048.99       5.3648e+8 
        4059.12      5.20056e+8 
        4071.35      4.81129e+8 
        4082.28       4.2239e+8 
        4093.69      3.28017e+8 
        4103.79      2.62383e+8 
        4115.19       3.7127e+8 
        4125.26      4.33694e+8 
        4135.54      4.74016e+8 
        4146.66      4.97283e+8 
        4158.83      5.06616e+8 
        4173.82      5.07477e+8 
        4188.82      5.04587e+8 
        4203.81      5.00192e+8 
        4216.52        4.958e+8 
        4228.81      4.91113e+8 
        4243.81      4.84672e+8 
         4258.8      4.76529e+8 
         4273.8      4.64695e+8 
        4288.79      4.46109e+8 
        4301.29      4.22038e+8 
        4313.79      3.83742e+8 
        4326.14      3.21083e+8 
        4336.17       2.4696e+8 
        4346.26      2.58087e+8 
        4357.43      3.30075e+8 
        4367.98      3.73127e+8 
        4378.77      3.98159e+8 
        4389.88      4.12299e+8 
        4400.99       4.1917e+8 
        4413.76      4.22243e+8 
        4428.76      4.21357e+8 
        4443.75      4.18209e+8 
        4458.75      4.14282e+8 
        4473.74      4.10066e+8 
        4488.74      4.05727e+8 
        4503.74      4.01342e+8 
        4514.12      3.98301e+8 
        4527.19      3.94477e+8 
        4538.73      3.91116e+8 
        4553.72      3.86774e+8 
        4568.72      3.82467e+8 
        4583.72      3.78201e+8 
        4596.53      3.74585e+8 
        4608.71      3.71189e+8 
         4623.7      3.67026e+8 
         4638.7      3.62895e+8 
         4653.7      3.58789e+8 
        4668.69      3.54692e+8 
        4683.69      3.50599e+8 
        4698.68      3.46464e+8 
        4713.68      3.42242e+8 
        4724.83      3.39009e+8 
        4738.67      3.34796e+8 
        4753.67      3.29826e+8 
        4768.67      3.24156e+8 
        4783.66      3.17408e+8 
        4798.66      3.08272e+8 
        4813.65      2.94812e+8 
        4826.15      2.77432e+8 
        4836.81      2.54864e+8 
        4847.02      2.23603e+8 
        4857.32      1.79254e+8 
        4867.63      1.89489e+8 
        4878.64      2.29338e+8 
        4888.81       2.5337e+8 
        4898.98       2.6825e+8 
        4913.63      2.79388e+8 
        4925.16      2.83302e+8 
        4938.62      2.84938e+8 
        4953.62      2.84642e+8 
        4968.61       2.8331e+8 
        4983.61      2.81349e+8 
         4998.6      2.79019e+8 
         5013.6      2.76493e+8 
         5028.6      2.73865e+8 
        5043.59      2.71184e+8 
        5058.59      2.68488e+8 
        5073.58      2.65795e+8 
        5088.58      2.63117e+8 
        5103.58      2.60457e+8 
        5118.57      2.57821e+8 
        5133.57      2.55214e+8 
        5148.56      2.52636e+8 
        5163.56      2.50086e+8 
        5178.56      2.47566e+8 
        5193.55      2.45076e+8 
        5208.55      2.42616e+8 
        5223.54      2.40186e+8 
        5238.54      2.37786e+8 
        5253.54      2.35415e+8 
        5268.53      2.33072e+8 
        5283.53      2.30759e+8 
        5298.52      2.28474e+8 
        5313.52      2.26217e+8 
        5328.52      2.23987e+8 
        5343.51      2.21785e+8 
        5358.51       2.1961e+8 
         5373.5      2.17477e+8 
         5388.5      2.15353e+8 
         5403.5      2.13256e+8 
        5418.49      2.11184e+8 
        5433.49      2.09137e+8 
        5448.48      2.07115e+8 
        5463.48      2.05118e+8 
        5478.48      2.03145e+8 
        5493.47      2.01196e+8 
        5508.47      1.99271e+8 
        5523.46      1.97369e+8 
        5538.46      1.95489e+8 
        5553.46      1.93632e+8 
        5568.45      1.91798e+8 
        5583.45      1.89985e+8 
        5598.44      1.88193e+8 
        5613.44      1.86423e+8 
        5628.44      1.84674e+8 
        5643.43      1.82945e+8 
        5658.43      1.81237e+8 
        5673.42      1.79549e+8 
         5686.2      1.78126e+8 
        5698.42      1.76778e+8 
        5708.88      1.75635e+8 
        5723.41      1.74062e+8 
        5738.41      1.72457e+8 
         5753.4      1.70871e+8 
         5768.4      1.69292e+8 
        5783.39      1.67743e+8 
        5798.39      1.66211e+8 
        5813.39      1.64696e+8 
        5828.38      1.63199e+8 
        5843.38      1.61719e+8 
        5858.37      1.60255e+8 
        5873.37      1.58808e+8 
        5888.37      1.57378e+8 
        5903.36      1.55964e+8 
        5918.36      1.54566e+8 
        5933.35      1.53183e+8 
        5948.35      1.51816e+8 
        5963.35      1.50463e+8 
        5978.34      1.49126e+8 
        5993.34      1.47803e+8 
        6008.33      1.46495e+8 
        6023.33      1.45202e+8 
        6038.32      1.43922e+8 
        6053.32      1.42656e+8 
        6068.32      1.41404e+8 
        6083.31      1.40165e+8 
        6098.31       1.3894e+8 
        6113.31      1.37728e+8 
         6128.3      1.36528e+8 
         6143.3      1.35341e+8 
        6158.29      1.34166e+8 
        6173.29      1.33003e+8 
        6188.28      1.31852e+8 
        6203.28      1.30712e+8 
        6218.28      1.29583e+8 
        6233.27      1.28465e+8 
        6244.38      1.27643e+8 
        6256.04      1.26785e+8 
        6266.59      1.26015e+8 
        6278.26      1.25167e+8 
        6290.52       1.2428e+8 
        6302.31      1.23434e+8 
        6312.59      1.22699e+8 
        6323.25      1.21939e+8 
        6338.24      1.20875e+8 
        6353.24      1.19815e+8 
        6368.24      1.18753e+8 
        6383.23      1.17687e+8 
        6398.23      1.16608e+8 
        6413.22      1.15507e+8 
        6428.22      1.14365e+8 
        6443.22      1.13155e+8 
        6458.21      1.11831e+8 
        6473.21      1.10328e+8 
         6488.2      1.08507e+8 
         6503.2      1.06076e+8 
         6518.2      1.02471e+8 
        6532.67      9.68267e+7 
        6543.19      9.04392e+7 
        6553.54      8.13204e+7 
        6563.64      6.48635e+7 
        6574.47      8.28699e+7 
        6586.28      9.09846e+7 
        6598.17      9.57614e+7 
         6608.5       9.8095e+7 
        6618.82      9.93887e+7 
        6629.14      1.00035e+8 
        6644.62      1.00309e+8 
        6654.94      1.00217e+8 
        6665.26      9.99997e+7 
         6685.9      9.93306e+7 
        6701.62       9.8696e+7 
        6721.34       9.7821e+7 
         6736.2      9.71299e+7 
        6780.49      9.50099e+7 
        6824.78      9.28828e+7 
        6913.35       8.8739e+7 
        7001.93      8.47919e+7 
        7071.86      8.18231e+7 
         7090.5      8.10531e+7 
        7109.15      8.02919e+7 
        7146.44      7.87965e+7 
        7221.02      7.59084e+7 
         7295.6      7.31514e+7 
        7346.84      7.13292e+7 
        7370.18        7.052e+7 
        7393.51      6.97201e+7 
        7440.19      6.81556e+7 
        7533.55       6.5156e+7 
        7575.92      6.38491e+7 
         7626.9      6.23201e+7 
        7677.88      6.08366e+7 
        7728.86      5.93981e+7 
        7779.84       5.8002e+7 
        7830.82      5.66467e+7 
         7881.8       5.5331e+7 
        7903.32      5.47875e+7 
        7932.78      5.40536e+7 
        7962.25       5.3332e+7 
        8021.18      5.19249e+7 
        8077.68      5.06195e+7 
        8097.18      5.01788e+7 
        8108.49      4.99249e+7 
        8155.67      4.88844e+7 
        8200.85      4.79134e+7 
        8216.85      4.75753e+7 
        8232.84      4.72404e+7 
        8264.83      4.65795e+7 
        8289.72      4.60733e+7 
        8328.82      4.52911e+7 
        8367.92      4.45245e+7 
        8437.95      4.32088e+7 
        8473.98      4.25444e+7 
        8502.48      4.20232e+7 
        8516.58      4.17703e+7 
        8530.98      4.15089e+7 
        8545.38      4.12764e+7 
        8574.18      4.08228e+7 
        8598.39        4.042e+7 
         8628.6      3.99639e+7 
        8646.81      3.96507e+7 
        8665.01       3.9323e+7 
        8683.22      3.90861e+7 
        8701.43      3.88191e+7 
        8719.64      3.84817e+7 
        8737.85      3.80975e+7 
        8750.47      3.78307e+7 
        8763.09      3.77211e+7 
        8775.71       3.7614e+7 
        8786.57      3.74937e+7 
        8800.96      3.72813e+7 
        8815.35      3.70054e+7 
        8829.74      3.66885e+7 
        8844.13      3.63108e+7 
        8854.26      3.60158e+7 
        8867.04        3.579e+7 
        8879.82       3.5844e+7 
        8896.85      3.58647e+7 
        8913.89        3.579e+7 
        8930.92       3.5598e+7 
        8947.96      3.52908e+7 
        8964.99       3.4861e+7 
        8982.03      3.42877e+7 
        8999.07      3.35912e+7 
        9010.95      3.30759e+7 
        9022.83      3.30634e+7 
        9034.71      3.33078e+7 
         9046.6      3.35192e+7 
        9058.48      3.36791e+7 
        9074.32      3.37866e+7 
        9087.02      3.37787e+7 
        9099.72      3.37181e+7 
        9112.42      3.35814e+7 
        9125.11      3.33917e+7 
        9137.81      3.31535e+7 
        9150.51      3.28447e+7 
         9163.2      3.24404e+7 
         9175.9      3.19877e+7 
         9188.6      3.14054e+7 
         9201.3      3.07318e+7 
           9214      2.99607e+7 
        9224.38      2.92804e+7 
        9238.27       2.9384e+7 
        9256.81      3.01326e+7 
        9275.34      3.06689e+7 
        9293.87      3.09867e+7 
        9321.66      3.11798e+7 
        9340.19      3.11353e+7 
        9358.73      3.10208e+7 
        9370.43      3.09203e+7 
        9384.08      3.07831e+7 
        9397.74      3.06118e+7 
        9411.39      3.04205e+7 
        9425.05      3.02019e+7 
         9438.7      2.99406e+7 
        9452.35      2.96336e+7 
        9466.01      2.92592e+7 
        9479.66      2.87724e+7 
        9493.32      2.81767e+7 
        9506.97      2.73592e+7 
        9520.63      2.63105e+7 
        9534.28       2.5114e+7 
         9544.5        2.414e+7 
        9554.73      2.46997e+7 
        9567.87      2.56204e+7 
        9579.56      2.63346e+7 
        9591.24      2.68688e+7 
        9602.92      2.72507e+7 
        9614.61      2.74764e+7 
        9626.29      2.76349e+7 
        9637.98      2.77079e+7 
        9649.66      2.77354e+7 
        9668.45      2.77056e+7 
        9687.24      2.76035e+7 
        9706.03      2.74701e+7 
        9743.61      2.71428e+7 
        9781.19      2.67811e+7 
        9818.78       2.6397e+7 
        9856.36      2.60023e+7 
        9875.15      2.57682e+7 
        9893.94      2.55081e+7 
        9910.22      2.52543e+7 
        9931.52      2.48642e+7 
        9942.17       2.4628e+7 
        9952.82       2.4381e+7 
        9963.47      2.41007e+7 
        9974.12      2.37736e+7 
        9984.77      2.33878e+7 
        9995.42      2.29542e+7 
        10006.1      2.24104e+7 
        10016.7        2.182e+7 
        10027.4      2.10985e+7 
          10038      2.02258e+7 
        10048.7      1.91567e+7 
        10061.2      2.01047e+7 
        10072.4      2.08432e+7 
        10083.5      2.14036e+7 
        10094.6      2.18233e+7 
        10105.8      2.21678e+7 
        10116.9      2.23991e+7 
        10128.1      2.25879e+7 
        10139.2       2.2704e+7 
        10150.4      2.27792e+7 
        10161.5      2.28262e+7 
        10172.7      2.28491e+7 
        10194.9      2.28224e+7 
        10217.2      2.27413e+7 
        10237.2       2.2634e+7 
        10277.1      2.23681e+7 
          10317       2.2075e+7 
        10396.8      2.14714e+7 
        10476.7      2.08612e+7 
        10556.5       2.0279e+7 
        10636.3      1.96929e+7 
        10676.2      1.93943e+7 
        10716.1      1.90801e+7 
          10756      1.87317e+7 
          10776      1.85346e+7 
        10795.9       1.8318e+7 
        10815.9       1.8069e+7 
        10835.9      1.77672e+7 
        10855.8      1.73905e+7 
        10875.8      1.68911e+7 
        10895.7      1.62133e+7 
        10910.7      1.55633e+7 
        10925.7      1.46929e+7 
        10936.2      1.36745e+7 
        10947.6      1.44077e+7 
        10959.9      1.50661e+7 
        10974.6      1.56163e+7 
        10994.2      1.61081e+7 
        11013.9      1.64053e+7 
        11033.5      1.65649e+7 
        11053.1      1.66373e+7 
        11072.8      1.66509e+7 
        11092.4      1.66264e+7 
          11112      1.65783e+7 
        11151.3      1.64389e+7 
        11190.5      1.62629e+7 
        11229.8      1.60711e+7 
        11260.9      1.59145e+7 
        11323.1      1.55979e+7 
        11385.3      1.52839e+7 
        11447.5      1.49814e+7 
        11509.7      1.46785e+7 
        11571.8      1.43831e+7 
          11634      1.40951e+7 
        11696.2      1.38143e+7 
        11758.4      1.35405e+7 
        11820.6      1.32734e+7 
        11882.8      1.30129e+7 
          11945      1.27588e+7 
        12007.2      1.25108e+7 
        12069.4      1.22653e+7 
        12131.5      1.20284e+7 
        12193.7      1.17968e+7 
        12227.2      1.16742e+7 
        12255.9      1.15701e+7 
        12284.6      1.14669e+7 
        12342.1       1.1263e+7 
        12399.5      1.10615e+7 
        12456.9       1.0861e+7 
        12514.4      1.06584e+7 
        12571.8      1.04475e+7 
        12600.5      1.03355e+7 
        12629.2      1.02143e+7 
        12657.9      1.00786e+7 
        12686.6      9.91838e+6 
          12701      9.82341e+6 
        12715.4      9.71399e+6 
        12729.7      9.58563e+6 
        12744.1      9.43222e+6 
        12758.4      9.24618e+6 
        12772.8      9.01753e+6 
        12787.1      8.73523e+6 
        12797.9      8.46709e+6 
        12808.7      8.10685e+6 
        12818.9      7.30291e+6 
        12831.9      8.21212e+6 
        12848.1      8.57152e+6 
        12861.1      8.76376e+6 
        12874.1      8.90827e+6 
        12887.1      9.01266e+6 
        12900.1      9.08703e+6 
        12913.1      9.13695e+6 
        12926.1      9.16852e+6 
        12939.1      9.18564e+6 
        12952.1       9.1917e+6 
          12978      9.18058e+6 
          13004      9.14973e+6 
          13030      9.10663e+6 
          13082      9.00016e+6 
          13134      8.88185e+6 
        13185.9      8.75832e+6 
        13237.9      8.63341e+6 
        13271.4      8.55305e+6 
        13289.9      8.50885e+6 
        13308.4      8.46477e+6 
        13345.3      8.37721e+6 
        13419.3      8.20465e+6 
        13493.2      8.03591e+6 
        13567.1      7.87117e+6 
        13641.1      7.71145e+6 
          13715      7.55453e+6 
        13788.9      7.40156e+6 
        13862.9      7.25243e+6 
        13936.8      7.10704e+6 
        14010.8      6.96529e+6 
        14084.7      6.82706e+6 
        14158.6      6.69222e+6 
        14232.6      6.56071e+6 
        14280.9      6.47642e+6 
        14306.5      6.43244e+6 
        14332.1      6.38881e+6 
        14383.2      6.30266e+6 
          14411      6.25639e+6 
        14425.3      6.23283e+6 
        14457.6      6.17983e+6 
        14504.3      6.10443e+6 
        14581.2      5.98247e+6 
        14597.2      5.95753e+6 
        14613.2      5.93271e+6 
        14645.2      5.88351e+6 
        14709.2      5.78659e+6 
        14773.2      5.69165e+6 
        14837.1      5.59866e+6 
        14901.1      5.50756e+6 
        14965.1      5.41834e+6 
        15029.1      5.33087e+6 
        15093.1       5.2452e+6 
        15157.1      5.16123e+6 
          15221      5.07892e+6 
          15285      4.99824e+6 
          15349       4.9192e+6 
          15413       4.8417e+6 
        15471.6      4.77205e+6 
        15482.4      4.75936e+6 
        15493.1      4.74701e+6 
        15514.7      4.72238e+6 
        15557.9      4.67362e+6 
        15644.2      4.57802e+6 
        15730.5      4.48484e+6 
        15816.8      4.39402e+6 
        15903.1      4.30546e+6 
        15989.4      4.21916e+6 
        16075.8        4.135e+6 
        16162.1      4.05291e+6 
        16248.4      3.97286e+6 
        16289.9      3.93506e+6 
        16334.7      3.89476e+6 
        16379.5      3.85499e+6 
        16469.1      3.77799e+6 
        16558.8       3.7029e+6 
        16648.4      3.62967e+6 
          16738      3.55823e+6 
        16827.7      3.48855e+6 
        16917.3      3.42057e+6 
        17006.9      3.35418e+6 
        17096.6      3.28944e+6 
        17186.2      3.22623e+6 
        17275.8      3.16453e+6 
        17327.7      3.12949e+6 
        17365.5      3.10429e+6 
        17403.2      3.07933e+6 
        17478.8      3.02936e+6 
        17554.3       2.9804e+6 
        17629.9      2.93242e+6 
        17705.4      2.88539e+6 
          17781       2.8393e+6 
        17856.5      2.79412e+6 
        17932.1      2.74983e+6 
        18007.6      2.70493e+6 
        18083.2      2.66192e+6 
        18158.7      2.61958e+6 
        18234.3      2.57772e+6 
        18309.8      2.53609e+6 
        18343.7      2.51733e+6 
        18385.3      2.49416e+6 
          18427      2.47054e+6 
        18468.6      2.44588e+6 
        18510.2      2.41957e+6 
        18551.8       2.3902e+6 
        18593.4       2.3552e+6 
        18614.2      2.33416e+6 
          18635      2.30931e+6 
        18655.8      2.27904e+6 
        18676.6      2.24122e+6 
          18687      2.21853e+6 
        18697.4      2.19272e+6 
        18707.8      2.16288e+6 
        18718.2      2.12799e+6 
        18728.6      2.08532e+6 
          18739      2.02452e+6 
        18749.1      1.83483e+6 
        18759.5      1.98235e+6 
        18769.6      2.05006e+6 
        18779.6      2.08745e+6 
          18793      2.12305e+6 
        18813.2      2.15976e+6 
        18826.6       2.1767e+6 
          18840      2.18909e+6 
        18853.4      2.19793e+6 
        18866.9      2.20387e+6 
        18880.3       2.2075e+6 
        18907.1      2.20973e+6 
          18934      2.20739e+6 
        18960.8      2.20214e+6 
        19014.5      2.18648e+6 
        19068.2      2.16722e+6 
        19121.8      2.14644e+6 
        19175.5      2.12499e+6 
        19229.2      2.10331e+6 
        19282.9      2.08159e+6 
        19336.6      2.05996e+6 
        19390.3      2.03848e+6 
        19437.2      2.01985e+6 
        19450.7      2.01453e+6 
        19464.2      2.00921e+6 
        19491.1      1.99861e+6 
        19545.1      1.97758e+6 
          19599      1.95739e+6 
        19652.9      1.93674e+6 
        19706.9      1.91637e+6 
        19760.8      1.89627e+6 
        19814.7      1.87643e+6 
        19868.6      1.85684e+6 
        19922.6      1.83751e+6 
        19976.5      1.81844e+6 
        20030.4      1.79961e+6 
        20084.4      1.78102e+6 
        20138.3      1.76267e+6 
        20192.2      1.74455e+6 
        20246.2      1.72667e+6 
        20300.1      1.70902e+6 
          20354      1.69159e+6 
          20408      1.67438e+6 
        20449.4       1.6613e+6 
        20461.9      1.65739e+6 
        20474.4      1.65348e+6 
        20499.4       1.6457e+6 
        20549.3      1.63027e+6 
        20649.3      1.59995e+6 
        20749.2      1.57033e+6 
        20849.1       1.5414e+6 
          20949      1.51313e+6 
          21049       1.4855e+6 
        21148.9       1.4585e+6 
        21248.8      1.43211e+6 
        21348.7      1.40632e+6 
        21448.7       1.3811e+6 
        21466.5      1.37665e+6 
        21548.6      1.35644e+6 
        21630.6      1.33661e+6 
        21712.7      1.31713e+6 
        21794.7        1.298e+6 
        21876.7      1.27922e+6 
        21958.8      1.26078e+6 
        22040.8      1.24267e+6 
        22122.9      1.22488e+6 
        22204.9      1.20741e+6 
          22287      1.19025e+6 
          22369      1.17339e+6 
          22451      1.15683e+6 
        22533.1      1.14056e+6 
        22615.1      1.12457e+6 
        22697.2      1.10887e+6 
        22771.6      1.09486e+6 
        22784.8      1.09239e+6 
        22800.8      1.08942e+6 
        22816.8      1.08645e+6 
        22848.8      1.08056e+6 
        22912.8      1.06889e+6 
        22976.8      1.05737e+6 
        23040.8      1.04601e+6 
        23104.8       1.0348e+6 
        23168.7      1.02374e+6 
        23232.7      1.01283e+6 
        23296.7      1.00207e+6 
        23360.7          991446 
        23424.7          980965 
        23488.6          970620 
        23552.6          960410 
        23616.6          950338 
        23680.6          940395 
        23744.6          930581 
        23808.6          920895 
        23872.5          911335 
        23936.5          901901 
        24000.5          892586 
        24064.5          883391 
        24128.5          874315 
        24192.5          865355 
        24256.4          856511 
        24320.4          847778 
        24384.4          839154 
        24448.4          830643 
        24512.4          822236 
        24576.3          813940 
        24640.3          805746 
        24704.3          797654 
        24768.3          789664 
        24832.3          781773 
        24896.3          773982 
        24960.2          766288 
        25004.4          761029 
        25024.2          758688 
          25044          756357 
        25083.6          751749 
        25162.8          742638 
        25241.9          733666 
        25321.1          724828 
        25400.2          716126 
        25479.4          707549 
        25558.5          699105 
        25637.7          690783 
        25716.9          682586 
          25796          674513 
        25875.2          666555 
        25954.3          658717 
        26033.5          650991 
        26112.7          643379 
        26191.8          635880 
          26271          628488 
        26350.1          621203 
        26429.3          614024 
        26508.4          606949 
        26587.6          599975 
        26666.8          593101 
        26745.9          586325 
        26825.1          579646 
        26904.2          573061 
        26983.4          566571 
        27062.6          560171 
        27141.7          553863 
        27220.9          547642 
        27299.2          541573 
        27377.5          535588 
        27455.8          529685 
        27534.2          523864 
        27612.5          518124 
        27690.8          512460 
        27769.1          506874 
        27847.5          501364 
        27925.8          495929 
        28004.1          490566 
        28082.4          485276 
        28160.8          480057 
        28239.1          474908 
        28317.4          469828 
        28395.7          464814 
          28474          459869 
        28552.4          454987 
        28630.7          450171 
          28709          445418 
        28787.3          440728 
        28865.7          436100 
          28944          431532 
        29022.3          427024 
        29100.6          422572 
          29179          418181 
        29257.3          413845 
        29335.6          409566 
        29413.9          405341 
        29492.3          401172 
        29570.6          397053 
        29648.9          392988 
        29727.2          388976 
        29805.5          385015 
        29883.9          381103 
        29932.6          378697 
        29962.2          377242 
        29991.8          375797 
