# Koester WD models
# teff = 21000 K (value for the effective temperature for the model. Temperatures are given in K)
# logg = 8.5 log(cm/s2) (value for Log(G) for the model.)
#
# column 1: WAVELENGTH (ANGSTROM), Wavelength in Angstrom
# column 2: FLUX (ERG/CM2/S/A), Flux in erg/cm2/s/A
         899.23      2.10423e+7 
        909.241      2.26178e+7 
        919.241        3.633e+7 
        929.261      4.58324e+7 
        939.271      9.86268e+7 
         949.28      2.86987e+7 
        959.289      4.40297e+8 
        969.297      1.47442e+8 
        979.305      4.00098e+8 
        989.312      1.52167e+9 
        999.319      3.01789e+9 
        1009.33      1.59577e+9 
        1019.33      2.88961e+8 
        1029.34      2.22548e+8 
        1039.34      1.60769e+9 
        1049.35      5.06852e+9 
        1059.36      5.64283e+9 
        1069.36     1.13847e+10 
        1079.36     1.13641e+10 
        1089.37     1.84568e+10 
        1099.37     1.85539e+10 
        1109.38     1.79167e+10 
        1119.38     1.70242e+10 
        1129.38     1.61076e+10 
        1139.39     1.49113e+10 
        1149.39     1.34529e+10 
        1159.39     1.16063e+10 
        1169.39      9.33612e+9 
         1179.4      6.58723e+9 
         1189.4      3.71387e+9 
         1199.4       1.4986e+9 
         1209.4      4.75461e+8 
        1219.41      4.04954e+8 
        1229.41      1.08378e+9 
        1239.41      3.56125e+9 
        1249.41      6.63972e+9 
        1259.41      8.81603e+9 
        1269.41     1.01133e+10 
        1279.42      1.0873e+10 
        1289.42     1.12571e+10 
        1299.42      1.1405e+10 
        1309.42     1.14437e+10 
        1319.42     1.13586e+10 
        1329.42     1.12029e+10 
        1339.42     1.10766e+10 
        1349.42     1.09748e+10 
        1359.42     1.07605e+10 
        1369.42     1.03812e+10 
        1379.42      1.0016e+10 
        1389.42       9.6069e+9 
        1399.42      9.57608e+9 
        1409.42       9.7843e+9 
        1419.42      9.81745e+9 
        1429.42      9.68531e+9 
        1439.42      9.50586e+9 
        1454.42      9.22343e+9 
        1464.42      9.03682e+9 
        1474.42      8.85423e+9 
        1489.42      8.58896e+9 
        1504.42      8.33399e+9 
        1514.42      8.16952e+9 
        1529.42       7.9307e+9 
        1544.42      7.70108e+9 
        1559.42      7.48048e+9 
        1570.19      7.32751e+9 
        1584.41      7.13198e+9 
        1599.41      6.93356e+9 
        1614.41      6.74255e+9 
        1629.41      6.55858e+9 
        1644.41      6.38155e+9 
        1659.41      6.21118e+9 
        1670.17      6.09277e+9 
         1684.4       5.9411e+9 
         1699.4      5.78697e+9 
         1714.4      5.63828e+9 
         1729.4      5.49461e+9 
         1744.4      5.35579e+9 
        1759.39      5.22183e+9 
         1771.7      5.11539e+9 
        1784.39      5.00874e+9 
        1799.39      4.88656e+9 
           1824      4.69454e+9 
        1834.77      4.61371e+9 
        1845.54      4.53486e+9 
           1864      4.40385e+9 
        1876.29       4.3196e+9 
        1888.59       4.2376e+9 
        1906.98      4.11875e+9 
        1919.37      4.04122e+9 
        1931.76      3.96579e+9 
        1944.47       3.8903e+9 
        1956.53      3.82049e+9 
         1967.6      3.75785e+9 
        1992.71      3.62113e+9 
        2017.81        3.491e+9 
        2042.42      3.36945e+9 
        2067.03       3.2535e+9 
        2091.64      3.14304e+9 
         2116.2      3.03775e+9 
           2129      2.98481e+9 
         2141.8      2.93309e+9 
        2165.47      2.84046e+9 
        2189.15      2.75172e+9 
        2210.96      2.67322e+9 
        2225.91      2.62119e+9 
        2240.86      2.57054e+9 
        2263.91      2.49493e+9 
        2306.93      2.36168e+9 
        2319.34      2.32502e+9 
        2331.75      2.28913e+9 
        2350.78       2.2355e+9 
        2362.35      2.20369e+9 
        2373.93      2.17249e+9 
        2384.89       2.1435e+9 
        2397.08      2.11184e+9 
        2409.27      2.08079e+9 
        2433.66       2.0205e+9 
        2451.59      1.97762e+9 
        2466.76       1.9423e+9 
        2488.39      1.89335e+9 
        2510.01      1.84603e+9 
         2547.3      1.76807e+9 
        2559.23      1.74402e+9 
        2571.17      1.72046e+9 
        2595.04      1.67454e+9 
        2627.89      1.61393e+9 
        2642.78      1.58739e+9 
        2657.67      1.56142e+9 
        2687.45      1.51119e+9 
        2717.24      1.46305e+9 
        2737.93      1.43078e+9 
        2756.11      1.40318e+9 
        2766.75      1.38737e+9 
        2810.65      1.32454e+9 
        2854.55      1.26534e+9 
        2898.45      1.20962e+9 
        2931.71       1.1695e+9 
        2942.34      1.15703e+9 
        2952.98      1.14473e+9 
        2974.26      1.12068e+9 
        3016.81      1.07448e+9 
        3051.42       1.0387e+9 
        3086.03       1.0045e+9 
        3120.64      9.71729e+8 
        3149.86       9.4512e+8 
        3168.31      9.28846e+8 
         3208.3      8.94726e+8 
        3229.85       8.7701e+8 
        3248.29      8.62194e+8 
        3288.29      8.31203e+8 
        3346.73      7.88436e+8 
        3365.18       7.7554e+8 
        3405.17      7.48497e+8 
        3426.72      7.34423e+8 
        3445.17      7.22642e+8 
        3485.16       6.9793e+8 
        3495.92      6.91468e+8 
         3543.6      6.63724e+8 
        3591.28      6.37391e+8 
        3635.88      6.13927e+8 
        3647.12      6.08193e+8 
        3658.96      6.02218e+8 
        3671.11      5.96095e+8 
         3682.7      5.90365e+8 
        3692.77       5.8543e+8 
        3702.89      5.80507e+8 
        3712.93      5.75672e+8 
        3723.11      5.70827e+8 
        3733.35      5.65977e+8 
        3743.66      5.61352e+8 
         3753.7      5.56828e+8 
        3764.81      5.51692e+8 
         3775.5      5.47445e+8 
        3786.22      5.43367e+8 
        3796.45      5.35183e+8 
        3807.84      5.36578e+8 
        3818.92      5.32516e+8 
        3830.45      5.16946e+8 
        3840.76      5.16651e+8 
        3851.98      5.28937e+8 
        3862.01      5.27901e+8 
        3872.59      5.11162e+8 
         3884.4      4.74261e+8 
        3894.46      4.76595e+8 
        3904.96      5.10245e+8 
        3916.39      5.31737e+8 
        3928.22      5.34605e+8 
        3938.89      5.19456e+8 
        3950.65      4.80968e+8 
        3962.28      4.21828e+8 
        3972.79      3.90566e+8 
        3984.18      4.51268e+8 
        3996.37      5.03792e+8 
        4008.87      5.35343e+8 
        4023.86      5.48641e+8 
         4035.9      5.47275e+8 
        4048.86      5.34181e+8 
        4061.35      5.05564e+8 
        4073.85      4.58462e+8 
         4085.7      4.01181e+8 
        4096.49      3.35186e+8 
        4106.79       3.3195e+8 
        4117.77       3.9372e+8 
        4128.11      4.39204e+8 
        4138.83      4.77111e+8 
           4151      5.08021e+8 
        4163.83      5.26248e+8 
        4178.82        5.349e+8 
        4193.82      5.36524e+8 
        4208.81      5.34419e+8 
         4221.1      5.30681e+8 
        4233.81      5.24775e+8 
         4248.8      5.14329e+8 
         4263.8      4.97848e+8 
         4278.8       4.7247e+8 
        4293.79      4.35648e+8 
        4308.79      3.88646e+8 
        4320.85      3.42638e+8 
        4331.09      2.94816e+8 
         4341.1      2.30815e+8 
        4351.76      3.01093e+8 
        4363.77      3.47969e+8 
        4378.77      3.91788e+8 
        4393.77      4.23015e+8 
        4408.76       4.4402e+8 
        4423.76      4.55179e+8 
        4438.75      4.59357e+8 
        4453.75      4.59599e+8 
        4468.74      4.57708e+8 
        4483.74       4.5461e+8 
        4498.74      4.50941e+8 
        4513.73       4.4691e+8 
        4527.19       4.4309e+8 
        4538.73      4.39716e+8 
        4553.72      4.35239e+8 
        4568.72      4.30684e+8 
        4583.72      4.26072e+8 
        4596.53      4.22095e+8 
        4608.71      4.18328e+8 
         4623.7      4.13588e+8 
         4638.7      4.08787e+8 
         4653.7      4.03905e+8 
        4668.69      3.98866e+8 
        4683.69      3.93532e+8 
        4698.68      3.87814e+8 
        4713.68       3.8148e+8 
        4724.83      3.76212e+8 
        4738.67       3.6877e+8 
        4753.67      3.59615e+8 
        4768.67      3.48604e+8 
        4783.66      3.34784e+8 
        4798.66       3.1732e+8 
        4813.65      2.95089e+8 
        4828.65       2.6771e+8 
        4839.16      2.44359e+8 
        4850.22      2.14837e+8 
        4860.28       1.6418e+8 
        4870.65      2.07076e+8 
        4882.91      2.37017e+8 
        4893.63      2.56924e+8 
        4908.63      2.77809e+8 
         4921.7      2.91028e+8 
        4933.62      2.99494e+8 
        4948.62      3.06291e+8 
        4963.61      3.09902e+8 
        4978.61      3.11336e+8 
        4993.61      3.11417e+8 
         5008.6      3.10499e+8 
         5023.6      3.08812e+8 
        5038.59      3.06633e+8 
        5053.59      3.04155e+8 
        5068.59      3.01473e+8 
        5083.58      2.98686e+8 
        5098.58      2.95855e+8 
        5113.57      2.93001e+8 
        5128.57      2.90142e+8 
        5143.57      2.87286e+8 
        5158.56      2.84442e+8 
        5173.56      2.81616e+8 
        5188.55      2.78814e+8 
        5203.55      2.76034e+8 
        5218.55       2.7328e+8 
        5233.54      2.70553e+8 
        5248.54      2.67854e+8 
        5263.53      2.65183e+8 
        5278.53       2.6254e+8 
        5293.52      2.59926e+8 
        5308.52      2.57342e+8 
        5323.52      2.54787e+8 
        5338.51      2.52262e+8 
        5353.51      2.49767e+8 
        5368.51      2.47401e+8 
         5383.5      2.44954e+8 
         5398.5      2.42538e+8 
        5413.49       2.4015e+8 
        5428.49      2.37792e+8 
        5443.48      2.35462e+8 
        5458.48      2.33161e+8 
        5473.48      2.30888e+8 
        5488.47      2.28642e+8 
        5503.47      2.26423e+8 
        5518.47      2.24232e+8 
        5533.46      2.22067e+8 
        5548.46      2.19928e+8 
        5563.45      2.17814e+8 
        5578.45      2.15726e+8 
        5593.44      2.13663e+8 
        5608.44      2.11624e+8 
        5623.44       2.0961e+8 
        5638.43      2.07619e+8 
        5653.43      2.05652e+8 
        5668.43      2.03785e+8 
        5682.86       2.0193e+8 
        5693.42      2.00588e+8 
        5704.77      1.99156e+8 
        5715.23      1.97847e+8 
        5728.41      1.96216e+8 
         5743.4      1.94379e+8 
         5758.4      1.92563e+8 
         5773.4      1.90699e+8 
        5788.39      1.88924e+8 
        5803.39       1.8717e+8 
        5818.39      1.85436e+8 
        5833.38      1.83722e+8 
        5848.38      1.82028e+8 
        5863.37      1.80353e+8 
        5878.37      1.78696e+8 
        5893.36      1.77059e+8 
        5908.36      1.75439e+8 
        5923.36      1.73838e+8 
        5938.35      1.72254e+8 
        5953.35      1.70688e+8 
        5968.34      1.69139e+8 
        5983.34      1.67607e+8 
        5998.34      1.66091e+8 
        6013.33      1.64592e+8 
        6028.33      1.63108e+8 
        6043.32       1.6164e+8 
        6058.32      1.60188e+8 
        6073.32      1.58748e+8 
        6088.31      1.57321e+8 
        6103.31      1.55908e+8 
         6118.3      1.54506e+8 
         6133.3      1.53117e+8 
         6148.3      1.51739e+8 
        6163.29      1.50372e+8 
        6178.29      1.49013e+8 
        6193.28      1.47662e+8 
        6208.28      1.46317e+8 
        6223.28      1.44977e+8 
        6238.27      1.43637e+8 
        6252.16        1.424e+8 
        6262.16       1.4152e+8 
        6273.26      1.40543e+8 
        6284.63       1.3954e+8 
        6295.99      1.38535e+8 
        6306.09       1.3764e+8 
        6316.22      1.36737e+8 
        6328.25      1.35653e+8 
        6343.24      1.34284e+8 
        6358.24      1.32884e+8 
        6373.23      1.31443e+8 
        6388.23      1.29942e+8 
        6403.23      1.28351e+8 
        6418.22      1.26633e+8 
        6433.22      1.24734e+8 
        6448.22      1.22561e+8 
        6463.21      1.20005e+8 
        6478.21       1.1694e+8 
         6493.2      1.13217e+8 
         6508.2      1.08573e+8 
        6523.19      1.02655e+8 
         6536.1       9.6227e+7 
        6546.46      8.98018e+7 
        6556.87      8.05847e+7 
        6567.09      7.78996e+7 
        6577.95      8.77076e+7 
        6588.18      9.32001e+7 
        6603.34      9.90594e+7 
        6613.66      1.01944e+8 
        6623.98      1.04118e+8 
         6634.3       1.0572e+8 
        6644.62      1.06873e+8 
        6654.94      1.07682e+8 
        6665.26      1.08211e+8 
        6675.58      1.08499e+8 
         6685.9      1.08597e+8 
        6696.23      1.08549e+8 
        6706.55      1.08392e+8 
        6721.34      1.08028e+8 
        6741.06      1.07364e+8 
        6760.77      1.06568e+8 
        6780.49      1.05694e+8 
        6815.08      1.04048e+8 
        6834.48      1.03089e+8 
        6853.88       1.0212e+8 
        6892.68       1.0018e+8 
        6970.27      9.63187e+7 
        6986.58      9.55135e+7 
        7047.86      9.25611e+7 
        7109.15      8.97028e+7 
        7170.43      8.69524e+7 
        7231.71      8.42993e+7 
        7292.99      8.17449e+7 
        7315.03      8.08495e+7 
        7354.27      7.92853e+7 
        7393.51      7.77673e+7 
           7472      7.48214e+7 
        7550.48      7.20138e+7 
        7580.06      7.09903e+7 
        7628.97      6.93368e+7 
        7677.88      6.77312e+7 
        7775.71      6.46593e+7 
        7873.53      6.17599e+7 
        7962.25      5.92702e+7 
        8019.38      5.77337e+7 
        8050.96      5.69059e+7 
        8082.55      5.60925e+7 
        8145.72      5.45095e+7 
        8200.85       5.3173e+7 
        8216.85      5.27932e+7 
        8232.84      5.24165e+7 
        8264.83      5.16735e+7 
        8289.72      5.11046e+7 
        8328.82      5.02265e+7 
        8367.92      4.93667e+7 
        8437.95      4.78741e+7 
        8473.98       4.7127e+7 
        8502.48      4.65465e+7 
        8516.58      4.62625e+7 
        8530.98      4.59747e+7 
        8545.38      4.56938e+7 
        8574.18      4.51359e+7 
        8598.39      4.46741e+7 
         8628.6      4.41064e+7 
        8646.81      4.37668e+7 
        8665.01        4.343e+7 
        8685.59      4.30558e+7 
        8701.43      4.27693e+7 
        8750.47      4.18746e+7 
        8767.92      4.15714e+7 
        8815.35       4.0743e+7 
        8862.78      3.99482e+7 
        8900.38      3.93849e+7 
        8957.65      3.84468e+7 
        8986.28      3.79489e+7 
        9014.91      3.74582e+7 
        9043.54      3.71016e+7 
        9072.17      3.67438e+7 
        9099.72      3.63636e+7 
        9127.26      3.59599e+7 
        9154.81      3.55053e+7 
        9182.36      3.50008e+7 
         9209.9      3.44648e+7 
        9229.01      3.41334e+7 
        9248.11      3.39449e+7 
        9267.22      3.38425e+7 
        9305.43       3.3589e+7 
        9343.64      3.32255e+7 
        9379.63      3.27844e+7 
        9397.45      3.25302e+7 
        9415.28      3.22576e+7 
        9450.94      3.16173e+7 
        9468.76      3.12653e+7 
        9486.59      3.08616e+7 
        9498.52      3.05781e+7 
        9522.24      2.98918e+7 
         9534.1      2.95156e+7 
        9545.97      2.91712e+7 
        9557.83       2.9249e+7 
        9569.68      2.93895e+7 
        9581.55      2.95003e+7 
        9593.41      2.95728e+7 
         9611.2      2.96165e+7 
        9634.92      2.95991e+7 
        9648.82      2.95791e+7 
        9668.45      2.95035e+7 
        9688.08      2.93883e+7 
        9727.33      2.90921e+7 
        9766.58       2.8721e+7 
        9805.83      2.82938e+7 
        9815.86      2.81746e+7 
        9845.09      2.77909e+7 
        9884.34       2.7235e+7 
        9918.58      2.65839e+7 
         9935.7      2.62283e+7 
        9952.82      2.58198e+7 
        9969.94      2.53944e+7 
        9987.06      2.49254e+7 
        10004.2      2.44068e+7 
        10021.3        2.383e+7 
        10035.3       2.3346e+7 
        10049.4       2.3037e+7 
        10059.9      2.30594e+7 
        10070.4      2.32466e+7 
        10080.9      2.34381e+7 
          10102      2.37561e+7 
          10116      2.39198e+7 
          10130      2.40398e+7 
        10158.1      2.42152e+7 
        10186.2      2.42836e+7 
        10214.2       2.4289e+7 
        10237.2      2.42305e+7 
        10260.1      2.41354e+7 
          10306      2.38738e+7 
        10351.9      2.35553e+7 
        10397.8      2.32154e+7 
        10443.7      2.28066e+7 
        10489.6      2.24384e+7 
        10535.5      2.20644e+7 
        10581.4      2.17016e+7 
        10627.3      2.12907e+7 
        10673.2      2.08443e+7 
        10719.1      2.03283e+7 
          10742      2.00334e+7 
          10765      1.97309e+7 
        10787.9       1.9383e+7 
        10810.9      1.89986e+7 
        10833.8      1.85877e+7 
        10856.8      1.81067e+7 
        10867.3      1.78692e+7 
        10879.7      1.75394e+7 
        10893.8      1.71735e+7 
        10911.5       1.6614e+7 
        10924.8      1.61208e+7 
        10935.9      1.55092e+7 
        10950.3      1.59465e+7 
          10968      1.64162e+7 
        10985.7      1.67481e+7 
        11003.4      1.69958e+7 
        11021.1      1.71892e+7 
        11038.8      1.73364e+7 
        11056.5      1.74398e+7 
        11074.2      1.75111e+7 
        11091.9      1.75638e+7 
        11109.6      1.75912e+7 
        11127.3      1.75915e+7 
          11145      1.75798e+7 
        11180.5      1.75209e+7 
        11215.9      1.74122e+7 
        11241.7      1.73118e+7 
        11260.9      1.72294e+7 
        11280.1      1.71407e+7 
        11318.6       1.6953e+7 
        11395.6      1.65588e+7 
        11472.5      1.61893e+7 
        11549.5      1.57857e+7 
        11626.5      1.53944e+7 
        11703.4      1.50152e+7 
        11780.4      1.46476e+7 
        11857.3       1.4291e+7 
        11934.3      1.39453e+7 
        12011.2      1.36099e+7 
        12088.2      1.32618e+7 
        12165.2       1.2939e+7 
        12199.6      1.27965e+7 
        12242.1      1.26218e+7 
        12284.6      1.24471e+7 
        12369.7      1.20941e+7 
        12454.7      1.17241e+7 
        12497.2      1.15265e+7 
        12539.7      1.13156e+7 
        12582.2      1.10806e+7 
        12624.7      1.08128e+7 
          12646      1.06651e+7 
        12667.2      1.05005e+7 
        12688.5      1.03185e+7 
        12709.8      1.01176e+7 
          12731      9.88584e+6 
        12741.6      9.76011e+6 
        12752.3       9.6221e+6 
        12762.9      9.47152e+6 
        12773.5      9.30958e+6 
        12784.2      9.12322e+6 
        12794.8      8.89844e+6 
        12805.4       8.6003e+6 
        12815.5        8.224e+6 
        12825.6      8.37005e+6 
        12841.6       8.7892e+6 
        12854.4       8.9825e+6 
        12867.2      9.12953e+6 
          12880      9.24175e+6 
        12892.8      9.33876e+6 
        12905.6      9.41507e+6 
        12918.4      9.48054e+6 
        12931.2      9.53357e+6 
        12956.8      9.60737e+6 
        12982.4      9.65217e+6 
          13008      9.66995e+6 
        13033.6      9.67017e+6 
        13059.1      9.65625e+6 
        13084.7      9.63018e+6 
        13135.9       9.5511e+6 
        13187.1      9.45136e+6 
        13238.3      9.33917e+6 
        13270.6      9.26399e+6 
        13289.5      9.21916e+6 
        13308.4      9.17386e+6 
        13346.1      9.08238e+6 
        13421.5        8.898e+6 
          13497      8.71456e+6 
        13572.4      8.53404e+6 
        13647.9      8.36336e+6 
        13723.3      8.18891e+6 
        13798.8      8.01895e+6 
        13874.2      7.85335e+6 
        13949.7      7.69203e+6 
        14025.1       7.5348e+6 
        14100.6      7.38158e+6 
          14176      7.23223e+6 
        14251.5      7.08662e+6 
        14321.8       6.9542e+6 
        14332.1      6.93516e+6 
        14342.3      6.91612e+6 
        14362.8      6.87827e+6 
        14403.8      6.80334e+6 
        14457.6      6.70658e+6 
        14511.4      6.61154e+6 
        14547.3      6.54918e+6 
        14565.2      6.51818e+6 
        14581.2      6.49075e+6 
        14597.2      6.46348e+6 
        14613.2      6.43631e+6 
        14645.2      6.38246e+6 
        14709.2       6.2764e+6 
        14773.2      6.17254e+6 
        14837.1      6.07081e+6 
        14901.1      5.97119e+6 
        14965.1      5.87358e+6 
        15029.1      5.77799e+6 
        15093.1       5.6843e+6 
        15157.1      5.59251e+6 
          15221      5.50256e+6 
          15285      5.41444e+6 
          15349      5.32805e+6 
          15413      5.24338e+6 
        15471.6      5.16732e+6 
        15482.4      5.15347e+6 
        15493.1      5.13971e+6 
        15514.7      5.11231e+6 
        15557.9      5.05809e+6 
        15644.2      4.95181e+6 
        15730.5      4.84829e+6 
        15816.8      4.74745e+6 
        15903.1      4.64924e+6 
        15989.4      4.55355e+6 
        16075.8      4.46034e+6 
        16162.1      4.36948e+6 
        16248.4      4.28092e+6 
        16289.9      4.23914e+6 
        16334.7      4.19459e+6 
        16379.5      4.15064e+6 
        16469.1      4.06535e+6 
        16558.8      3.98222e+6 
        16648.4      3.90123e+6 
          16738      3.82228e+6 
        16827.7      3.74534e+6 
        16917.3      3.67032e+6 
        17006.9      3.59716e+6 
        17096.6      3.52584e+6 
        17186.2      3.45625e+6 
        17275.8       3.3884e+6 
        17327.7      3.34991e+6 
        17365.5       3.3222e+6 
        17403.2      3.29478e+6 
        17478.8      3.24121e+6 
        17554.3      3.18872e+6 
        17629.9      3.13727e+6 
        17705.4      3.08686e+6 
          17781      3.03746e+6 
        17856.5      2.98905e+6 
        17932.1       2.9416e+6 
        18007.6      2.88799e+6 
        18083.2      2.84051e+6 
        18158.7      2.79317e+6 
        18234.3      2.74547e+6 
        18309.8      2.69655e+6 
        18343.7       2.6738e+6 
        18385.3      2.64487e+6 
          18427      2.61428e+6 
        18468.6      2.58112e+6 
        18510.2      2.54425e+6 
        18551.8      2.50185e+6 
        18593.4      2.45168e+6 
        18614.2      2.42255e+6 
          18635      2.38999e+6 
        18655.8      2.35282e+6 
        18676.6      2.31019e+6 
          18687      2.28568e+6 
        18697.4      2.25841e+6 
        18707.8      2.22684e+6 
        18718.2      2.18913e+6 
        18728.6       2.1403e+6 
          18739      2.06591e+6 
        18749.4      1.89376e+6 
          18761      2.03579e+6 
          18771      2.10842e+6 
        18781.1      2.15097e+6 
        18794.5      2.18923e+6 
        18807.9      2.21634e+6 
        18821.4      2.23727e+6 
        18834.8      2.25367e+6 
        18848.2      2.26698e+6 
          18875      2.28687e+6 
        18901.9      2.29955e+6 
        18928.7      2.30689e+6 
        18955.6      2.31008e+6 
        18982.4      2.31009e+6 
        19009.2      2.30757e+6 
        19062.9      2.29702e+6 
        19116.6      2.28175e+6 
        19170.3      2.26369e+6 
          19224      2.24395e+6 
        19277.6      2.22321e+6 
        19331.3      2.20191e+6 
          19385      2.18034e+6 
        19426.7       2.1635e+6 
        19438.7      2.15865e+6 
        19450.7      2.15381e+6 
        19474.6      2.14407e+6 
        19522.6      2.12464e+6 
        19618.4      2.08893e+6 
        19714.3      2.05018e+6 
        19810.2      2.01233e+6 
        19906.1      1.97534e+6 
        20001.9      1.93919e+6 
        20097.8      1.90386e+6 
        20193.7      1.86934e+6 
        20289.5      1.83558e+6 
        20385.4      1.80259e+6 
        20474.4      1.77262e+6 
        20563.4      1.74315e+6 
        20652.4      1.71429e+6 
        20741.3      1.68602e+6 
        20830.3      1.65833e+6 
        20919.3       1.6312e+6 
        21008.3      1.60463e+6 
        21097.3      1.57859e+6 
        21186.2      1.55307e+6 
        21275.2      1.52807e+6 
        21364.2      1.50357e+6 
        21453.2      1.47956e+6 
        21542.2      1.45602e+6 
        21630.6      1.43308e+6 
        21719.1      1.41053e+6 
        21807.5      1.38843e+6 
          21896      1.36675e+6 
        21984.4       1.3455e+6 
        22072.9      1.32466e+6 
        22161.3      1.30422e+6 
        22249.8      1.28416e+6 
        22338.2       1.2645e+6 
        22426.7       1.2452e+6 
        22515.1      1.22628e+6 
        22603.6      1.20771e+6 
        22692.1      1.18949e+6 
        22774.2      1.17288e+6 
        22784.8      1.17075e+6 
        22800.8      1.16755e+6 
        22816.8      1.16436e+6 
        22848.8      1.15802e+6 
        22912.8      1.14546e+6 
        22976.8      1.13307e+6 
        23040.8      1.12085e+6 
        23104.8      1.10879e+6 
        23168.7      1.09689e+6 
        23232.7      1.08516e+6 
        23296.7      1.07358e+6 
        23360.7      1.06215e+6 
        23424.7      1.05088e+6 
        23488.6      1.03975e+6 
        23552.6      1.02877e+6 
        23616.6      1.01793e+6 
        23680.6      1.00724e+6 
        23744.6          996683 
        23808.6          986265 
        23872.5          975986 
        23936.5          965839 
        24000.5          955820 
        24064.5          945934 
        24128.5          936176 
        24192.5          926540 
        24256.4          917028 
        24320.4          907641 
        24384.4          898370 
        24448.4          889218 
        24512.4          880183 
        24576.3          871261 
        24640.3          862455 
        24704.3          853756 
        24768.3          845167 
        24832.3          836688 
        24896.3          828312 
        24960.2          820041 
        25004.4          814389 
        25024.2          811872 
          25044          809369 
        25083.6          804395 
        25162.8          794562 
        25241.9          784877 
        25321.1          775339 
        25400.2          765949 
        25479.4          756697 
        25558.5          747586 
        25637.7          738610 
        25716.9          729767 
          25796          721058 
        25875.2          712479 
        25954.3          704025 
        26033.5          695696 
        26112.7          687490 
        26191.8          679404 
          26271          671437 
        26350.1          663589 
        26429.3          655851 
        26508.4          648227 
        26587.6          640712 
        26666.8          633307 
        26745.9          626009 
        26825.1          618815 
        26904.2          611725 
        26983.4          604735 
        27062.6          597845 
        27141.7          591053 
        27220.9          584355 
        27299.2          577824 
        27377.5          571390 
        27455.8          565047 
        27534.2          558789 
        27612.5          552619 
        27690.8          546533 
        27769.1          540533 
        27847.5          534611 
        27925.8          528774 
        28004.1          523015 
        28082.4          517332 
        28160.8          511731 
        28239.1          506202 
        28317.4          500748 
        28395.7          495366 
          28474          490057 
        28552.4          484820 
        28630.7          479652 
          28709          474553 
        28787.3          469520 
        28865.7          464557 
          28944          459656 
        29022.3          454821 
        29100.6          450049 
          29179          445340 
        29257.3          440693 
        29335.6          436106 
        29413.9          431576 
        29492.3          427109 
        29570.6          422695 
        29648.9          418341 
        29727.2          414043 
        29805.5          409799 
        29883.9          405611 
        29932.6          403032 
        29962.2          401474 
        29991.8          399925 
