# Koester WD models
# teff = 23000 K (value for the effective temperature for the model. Temperatures are given in K)
# logg = 8.75 log(cm/s2) (value for Log(G) for the model.)
#
# column 1: WAVELENGTH (ANGSTROM), Wavelength in Angstrom
# column 2: FLUX (ERG/CM2/S/A), Flux in erg/cm2/s/A
         899.23      6.51931e+7 
        909.241       6.9219e+7 
        919.241      9.21781e+7 
        929.261      1.09579e+8 
        939.271      2.42629e+8 
         949.28      7.17188e+7 
        959.289      1.09307e+9 
        969.297      3.67183e+8 
        979.305       1.0193e+9 
        989.312      3.32858e+9 
        999.319      5.91713e+9 
        1009.33       3.6073e+9 
        1019.33      7.14367e+8 
        1029.34      5.32377e+8 
        1039.34      3.71157e+9 
        1049.35     1.01114e+10 
        1059.36        1.11e+10 
        1069.36     1.97854e+10 
        1079.36     1.96857e+10 
        1089.37     2.88999e+10 
        1099.37     2.88556e+10 
        1109.38     2.78799e+10 
        1119.38     2.65968e+10 
        1129.38     2.52698e+10 
        1139.39     2.36086e+10 
        1149.39     2.15948e+10 
        1159.39     1.90328e+10 
        1169.39     1.58425e+10 
         1179.4     1.18012e+10 
         1189.4      7.22588e+9 
         1199.4      3.21545e+9 
         1209.4      1.01528e+9 
        1219.41      8.44272e+8 
        1229.41       2.3373e+9 
        1239.41      6.79998e+9 
        1249.41     1.14505e+10 
        1259.41     1.43821e+10 
        1269.41     1.60028e+10 
        1279.42      1.6864e+10 
        1289.42     1.72451e+10 
        1299.42     1.73424e+10 
        1309.42      1.7274e+10 
        1319.42     1.70615e+10 
        1329.42     1.67973e+10 
        1339.42     1.65673e+10 
        1349.42     1.63472e+10 
        1359.42     1.59686e+10 
        1369.42     1.54403e+10 
        1379.42     1.49199e+10 
        1389.42     1.43723e+10 
        1399.42     1.42727e+10 
        1409.42     1.44183e+10 
        1419.42     1.43722e+10 
        1429.42     1.41427e+10 
        1439.42     1.38597e+10 
        1454.42     1.34236e+10 
        1464.42     1.31371e+10 
        1474.42     1.28573e+10 
        1489.42     1.24513e+10 
        1504.42     1.20619e+10 
        1514.42     1.18112e+10 
        1529.42      1.1448e+10 
        1544.42     1.10992e+10 
        1559.42     1.07644e+10 
        1570.19     1.05325e+10 
        1584.41     1.02362e+10 
        1599.41      9.93598e+9 
        1614.41      9.64739e+9 
        1629.41      9.37002e+9 
        1644.41      9.10333e+9 
        1659.41      8.84701e+9 
        1670.17      8.66888e+9 
         1684.4      8.44102e+9 
         1699.4      8.20992e+9 
         1714.4      7.98737e+9 
         1729.4      7.77274e+9 
         1744.4      7.56561e+9 
        1759.39       7.3659e+9 
         1771.7      7.20728e+9 
        1784.39      7.04854e+9 
        1799.39      6.86699e+9 
           1824      6.58248e+9 
        1834.77      6.46292e+9 
        1845.54      6.34636e+9 
           1864      6.15297e+9 
        1876.29      6.02859e+9 
        1888.59      5.90767e+9 
        1906.98      5.73272e+9 
        1919.37      5.61883e+9 
        1931.76      5.50815e+9 
        1944.47      5.39754e+9 
        1956.53      5.29534e+9 
         1967.6      5.20377e+9 
        1992.71      5.00393e+9 
        2017.81      4.81415e+9 
        2042.92      4.63394e+9 
        2067.03       4.4692e+9 
        2091.15       4.3124e+9 
        2114.28       4.1687e+9 
        2126.36      4.09617e+9 
        2145.92      3.98228e+9 
        2165.47      3.87258e+9 
        2194.48      3.71723e+9 
        2204.59      3.66504e+9 
         2214.7      3.61377e+9 
        2234.91      3.51422e+9 
        2263.91      3.37749e+9 
        2288.52      3.26707e+9 
        2313.08       3.1616e+9 
        2325.88      3.10847e+9 
        2338.68      3.05652e+9 
        2362.35      2.96332e+9 
        2409.27      2.78938e+9 
        2456.14      2.62883e+9 
        2469.49      2.58538e+9 
        2481.09      2.54837e+9 
        2498.55      2.49393e+9 
        2510.01      2.45902e+9 
        2521.47      2.42477e+9 
        2544.39      2.35808e+9 
        2559.23      2.31615e+9 
        2588.91      2.23533e+9 
         2618.6      2.15815e+9 
        2638.89      2.10736e+9 
        2657.67      2.06173e+9 
         2671.9      2.02806e+9 
           2714      1.93244e+9 
        2756.11      1.84258e+9 
        2798.21      1.75819e+9 
        2826.09      1.70504e+9 
        2840.32       1.6787e+9 
        2854.55       1.6529e+9 
           2883      1.60286e+9 
        2926.83      1.52952e+9 
        2939.91      1.50848e+9 
        2952.98      1.48782e+9 
        2979.14      1.44763e+9 
        3011.48      1.39987e+9 
        3031.45      1.37136e+9 
        3051.42      1.34355e+9 
        3091.36      1.29022e+9 
        3149.86      1.21688e+9 
        3168.41      1.19477e+9 
        3208.35      1.14887e+9 
        3248.29       1.1052e+9 
        3288.24      1.06366e+9 
        3309.63      1.04223e+9 
        3322.49      1.02961e+9 
        3346.73      1.00636e+9 
        3383.83      9.72097e+8 
        3445.17      9.18636e+8 
         3469.4      8.98555e+8 
        3495.92      8.77217e+8 
         3506.5       8.6888e+8 
         3543.6      8.40436e+8 
        3591.28      8.05608e+8 
        3635.88      7.74638e+8 
        3647.12       7.6708e+8 
        3658.96      7.59213e+8 
        3671.11      7.51158e+8 
         3682.7      7.43631e+8 
        3692.77      7.37153e+8 
        3702.89      7.30697e+8 
        3712.93      7.24357e+8 
        3723.11      7.17995e+8 
        3733.35      7.11646e+8 
        3743.66      7.05438e+8 
         3753.7      6.99432e+8 
        3764.81      6.92746e+8 
         3775.5      6.86806e+8 
        3786.22      6.80937e+8 
        3796.45      6.72895e+8 
        3807.84        6.704e+8 
        3818.92      6.64525e+8 
        3830.45       6.5117e+8 
        3840.76       6.4867e+8 
        3851.98      6.54369e+8 
        3862.01      6.50841e+8 
        3872.59      6.35902e+8 
         3884.4      6.05897e+8 
        3894.46      6.06714e+8 
        3908.89      6.37781e+8 
        3919.07      6.46709e+8 
        3929.34      6.44353e+8 
        3939.89      6.27382e+8 
        3951.72      5.89592e+8 
        3961.86      5.40938e+8 
        3972.06      5.06004e+8 
        3982.23      5.56464e+8 
        3992.62      5.98973e+8 
        4003.87      6.30383e+8 
         4015.8      6.46581e+8 
        4028.86      6.49996e+8 
        4043.86      6.39666e+8 
        4058.85      6.08784e+8 
        4073.85      5.52342e+8 
        4085.65      4.93277e+8 
        4096.31      4.24068e+8 
        4106.73      4.18454e+8 
        4117.77      4.83497e+8 
        4128.11      5.29811e+8 
        4138.83      5.68829e+8 
           4151      6.00198e+8 
        4163.83      6.19048e+8 
        4178.82      6.28102e+8 
        4193.82      6.29575e+8 
        4208.81      6.26836e+8 
         4221.1      6.22252e+8 
        4233.81      6.15136e+8 
         4248.8      6.02488e+8 
         4263.8      5.82976e+8 
         4278.8      5.53875e+8 
        4293.79      5.12774e+8 
        4308.79      4.61425e+8 
        4320.85       4.1114e+8 
        4331.09      3.59068e+8 
         4341.1      2.87302e+8 
        4351.76       3.6543e+8 
        4363.77       4.1562e+8 
        4378.77      4.62351e+8 
        4393.77      4.96152e+8 
        4408.76      5.19032e+8 
        4423.76       5.3228e+8 
        4438.75      5.37564e+8 
        4453.75      5.38171e+8 
        4468.74      5.36144e+8 
        4483.74      5.32676e+8 
        4498.74      5.28466e+8 
        4513.73      5.23785e+8 
        4527.19      5.19318e+8 
        4538.73      5.15356e+8 
        4553.72      5.10085e+8 
        4568.72      5.04706e+8 
        4583.72      4.99249e+8 
        4596.53      4.94531e+8 
        4608.71      4.90054e+8 
         4623.7      4.84408e+8 
         4638.7      4.78678e+8 
         4653.7      4.72835e+8 
        4668.69      4.66797e+8 
        4683.69      4.60416e+8 
        4698.68      4.53545e+8 
        4713.68      4.45905e+8 
        4724.83       4.3955e+8 
        4738.67      4.30577e+8 
        4753.67      4.19434e+8 
        4768.67      4.06321e+8 
        4783.66      3.90016e+8 
        4798.66      3.69835e+8 
        4813.65      3.44752e+8 
        4828.65      3.14392e+8 
        4839.16      2.88639e+8 
        4850.22      2.55576e+8 
        4860.28      1.95214e+8 
        4870.42      2.45458e+8 
        4882.91      2.79807e+8 
        4893.63      3.01414e+8 
        4908.63      3.24121e+8 
         4921.7      3.38761e+8 
        4933.62      3.48308e+8 
        4948.62      3.56301e+8 
        4963.61      3.60655e+8 
        4978.61      3.62606e+8 
        4993.61       3.6292e+8 
         5008.6      3.61984e+8 
         5023.6      3.60108e+8 
        5038.59      3.57614e+8 
        5053.59      3.54742e+8 
        5068.59      3.51626e+8 
        5083.58      3.48377e+8 
        5098.58      3.45066e+8 
        5113.57       3.4172e+8 
        5128.57      3.38362e+8 
        5143.57      3.35001e+8 
        5158.56      3.31652e+8 
        5173.56      3.28322e+8 
        5188.55      3.25013e+8 
        5203.55      3.21737e+8 
        5218.55      3.18485e+8 
        5233.54      3.15265e+8 
        5248.54       3.1208e+8 
        5263.53      3.08926e+8 
        5278.53      3.05807e+8 
        5293.52      3.02723e+8 
        5308.52      2.99673e+8 
        5323.52      2.96659e+8 
        5338.51      2.93679e+8 
        5353.51      2.90734e+8 
        5368.51      2.87957e+8 
         5383.5      2.85068e+8 
         5398.5      2.82215e+8 
        5413.49      2.79397e+8 
        5428.49      2.76614e+8 
        5443.48      2.73866e+8 
        5458.48      2.71151e+8 
        5473.48       2.6847e+8 
        5488.47      2.65822e+8 
        5503.47      2.63206e+8 
        5518.47      2.60623e+8 
        5533.46      2.58071e+8 
        5548.46       2.5555e+8 
        5563.45       2.5306e+8 
        5578.45        2.506e+8 
        5593.44       2.4817e+8 
        5608.44      2.45768e+8 
        5623.44      2.43396e+8 
        5638.43      2.41052e+8 
        5653.43      2.38736e+8 
        5668.43      2.36612e+8 
        5682.86      2.34425e+8 
        5693.42      2.32844e+8 
        5704.77      2.31157e+8 
        5715.23      2.29616e+8 
        5728.41      2.27693e+8 
         5743.4       2.2553e+8 
         5758.4      2.23392e+8 
         5773.4      2.21188e+8 
        5788.39      2.19098e+8 
        5803.39      2.17033e+8 
        5818.39      2.14992e+8 
        5833.38      2.12975e+8 
        5848.38       2.1098e+8 
        5863.37      2.09009e+8 
        5878.37      2.07061e+8 
        5893.36      2.05135e+8 
        5908.36       2.0323e+8 
        5923.36      2.01347e+8 
        5938.35      1.99484e+8 
        5953.35      1.97643e+8 
        5968.34      1.95822e+8 
        5983.34      1.94021e+8 
        5998.34      1.92239e+8 
        6013.33      1.90477e+8 
        6028.33      1.88734e+8 
        6043.32      1.87009e+8 
        6058.32      1.85302e+8 
        6073.32       1.8361e+8 
        6088.31      1.81933e+8 
        6103.31      1.80271e+8 
         6118.3      1.78624e+8 
         6133.3      1.76991e+8 
         6148.3      1.75372e+8 
        6163.29      1.73773e+8 
        6178.29      1.72176e+8 
        6193.28       1.7058e+8 
        6208.28      1.68998e+8 
        6223.28      1.67421e+8 
        6238.27      1.65844e+8 
        6252.16      1.64386e+8 
        6262.16      1.63348e+8 
        6273.26      1.62194e+8 
        6284.63      1.61009e+8 
        6295.99      1.59821e+8 
        6306.09      1.58766e+8 
        6316.22        1.577e+8 
        6328.25      1.56428e+8 
        6343.24       1.5481e+8 
        6358.24      1.53151e+8 
        6373.23       1.5144e+8 
        6388.23      1.49656e+8 
        6403.23      1.47762e+8 
        6418.22      1.45716e+8 
        6433.22       1.4346e+8 
        6448.22      1.40887e+8 
        6463.21      1.37885e+8 
        6478.21      1.34311e+8 
         6493.2      1.30023e+8 
         6508.2      1.24762e+8 
        6523.19       1.1814e+8 
         6536.1       1.1098e+8 
        6546.46      1.03713e+8 
        6556.87      9.25303e+7 
        6566.96      8.89344e+7 
        6578.18       1.0142e+8 
        6588.28      1.07506e+8 
        6601.61      1.13281e+8 
        6615.34      1.17512e+8 
        6629.07      1.20438e+8 
         6642.8      1.22391e+8 
        6656.54      1.23662e+8 
        6670.27      1.24369e+8 
           6684      1.24659e+8 
        6697.73      1.24629e+8 
        6711.43       1.2438e+8 
        6724.22      1.24006e+8 
        6737.02      1.23532e+8 
        6762.61      1.22379e+8 
        6788.21      1.21066e+8 
        6802.82       1.2027e+8 
         6813.8      1.19658e+8 
        6824.78      1.19036e+8 
        6846.74      1.17777e+8 
        6890.66      1.15232e+8 
         6978.5      1.10168e+8 
        7023.53      1.07629e+8 
        7066.34      1.05268e+8 
        7109.15       1.0296e+8 
        7194.76      9.85229e+7 
        7280.37      9.43147e+7 
        7338.45      9.15853e+7 
        7365.98      9.03384e+7 
        7393.51      8.90987e+7 
        7448.57      8.66838e+7 
        7503.63      8.43505e+7 
        7558.69      8.20952e+7 
        7613.75      7.99152e+7 
        7659.74      7.81496e+7 
        7677.88      7.74663e+7 
        7696.02      7.67909e+7 
        7732.31      7.54623e+7 
        7804.88        7.289e+7 
        7877.45      7.04263e+7 
        7937.81      6.84569e+7 
        7950.03      6.80664e+7 
        7962.25      6.76787e+7 
        7986.69      6.69118e+7 
        8035.57      6.54105e+7 
        8082.55      6.40071e+7 
        8150.16      6.20534e+7 
         8176.5      6.13123e+7 
        8200.85      6.06371e+7 
        8216.85      6.01989e+7 
        8232.84      5.97644e+7 
        8264.83      5.89074e+7 
        8289.72      5.82514e+7 
        8328.82      5.72386e+7 
        8367.92      5.62477e+7 
        8437.95      5.45271e+7 
        8473.98      5.36666e+7 
        8502.48       5.2998e+7 
        8516.58       5.2671e+7 
        8530.98      5.23399e+7 
        8545.38      5.20144e+7 
        8574.18      5.13691e+7 
        8598.39      5.08351e+7 
         8628.6      5.01785e+7 
        8646.81      4.97867e+7 
        8665.01      4.93984e+7 
        8685.59      4.89658e+7 
        8701.43       4.8635e+7 
        8750.47      4.76137e+7 
        8767.92      4.72624e+7 
        8815.35       4.6313e+7 
        8862.78      4.54042e+7 
        8900.38      4.47287e+7 
        8957.65      4.36559e+7 
        9014.91      4.25752e+7 
        9044.62      4.21046e+7 
        9072.17      4.16713e+7 
        9099.72       4.1218e+7 
        9154.81      4.02699e+7 
         9190.8      3.95878e+7 
         9209.9       3.9219e+7 
        9229.01      3.88819e+7 
        9248.11       3.8608e+7 
        9267.22      3.84157e+7 
        9305.43      3.80048e+7 
        9379.63      3.70017e+7 
        9397.45      3.67202e+7 
        9415.28      3.64252e+7 
        9450.94      3.57721e+7 
        9486.59      3.50404e+7 
        9498.52      3.47759e+7 
        9522.24      3.41658e+7 
         9534.1      3.38441e+7 
        9545.97      3.35497e+7 
        9557.83      3.35258e+7 
        9569.68      3.35707e+7 
        9581.55      3.35965e+7 
        9593.41      3.35956e+7 
        9605.27      3.35638e+7 
        9628.99      3.34715e+7 
        9668.45      3.32255e+7 
        9707.91      3.28805e+7 
        9747.38      3.24611e+7 
        9786.84      3.19959e+7 
        9826.31      3.14728e+7 
        9846.04      3.12261e+7 
        9865.77      3.09131e+7 
         9885.5      3.05766e+7 
        9905.23       3.0196e+7 
        9924.97      2.97888e+7 
        9936.58       2.9552e+7 
        9952.82      2.91739e+7 
        9969.06      2.87785e+7 
        10001.6       2.7901e+7 
        10018.7      2.73758e+7 
          10034      2.69013e+7 
        10049.4      2.66087e+7 
        10064.7      2.66148e+7 
          10080      2.67951e+7 
        10095.3      2.69639e+7 
          10126      2.71872e+7 
        10156.6      2.72954e+7 
        10187.3      2.73038e+7 
        10198.6      2.72913e+7 
        10217.9      2.72483e+7 
        10237.2      2.71673e+7 
        10275.8      2.69495e+7 
        10314.3      2.66712e+7 
        10352.9      2.63627e+7 
          10430      2.57107e+7 
        10507.1      2.49422e+7 
        10584.3      2.42405e+7 
        10622.8      2.38508e+7 
        10661.4      2.34357e+7 
          10700      2.29773e+7 
        10738.5      2.24458e+7 
        10757.8       2.2175e+7 
        10777.1      2.18791e+7 
        10796.4      2.15489e+7 
        10815.7      2.11961e+7 
          10835      2.08387e+7 
        10854.2      2.04252e+7 
        10873.5      1.99717e+7 
        10892.8       1.9459e+7 
        10912.1      1.88496e+7 
        10924.6      1.83778e+7 
        10934.7      1.78574e+7 
        10944.8      1.79839e+7 
        10957.4      1.83808e+7 
        10970.8      1.86758e+7 
        10984.3      1.89064e+7 
        10997.7      1.90749e+7 
        11011.2      1.92371e+7 
        11024.6      1.93487e+7 
          11038      1.94465e+7 
        11064.9      1.95599e+7 
        11091.8      1.96423e+7 
        11118.7      1.96599e+7 
        11145.5      1.96366e+7 
        11172.4      1.95909e+7 
        11199.3      1.95108e+7 
        11226.2      1.94061e+7 
        11245.2      1.93214e+7 
        11260.9      1.92465e+7 
        11276.6      1.91665e+7 
        11308.1      1.89982e+7 
          11371      1.86424e+7 
        11433.9      1.82789e+7 
        11496.8       1.7947e+7 
        11559.7      1.75788e+7 
        11622.6        1.722e+7 
        11685.5      1.68702e+7 
        11748.5      1.65293e+7 
        11811.4      1.61968e+7 
        11874.3      1.58727e+7 
        11937.2      1.55566e+7 
        12000.1      1.52482e+7 
          12063      1.49204e+7 
        12125.9      1.46207e+7 
        12188.8      1.43255e+7 
        12218.8      1.41859e+7 
        12251.7      1.40333e+7 
        12284.6      1.38805e+7 
        12350.4      1.35718e+7 
        12416.2      1.32541e+7 
          12482      1.29162e+7 
        12514.9      1.27353e+7 
        12547.8      1.25444e+7 
        12580.7      1.23365e+7 
        12613.6      1.21057e+7 
        12646.5      1.18544e+7 
        12679.4      1.15639e+7 
        12695.8      1.14015e+7 
        12712.3      1.12294e+7 
        12728.7      1.10334e+7 
        12745.2      1.08199e+7 
        12761.6      1.05687e+7 
        12778.1      1.02814e+7 
        12794.5       9.9111e+6 
        12807.4      9.50841e+6 
        12817.6      9.52412e+6 
        12829.6      9.48167e+6 
        12842.4      9.79718e+6 
        12855.2      1.00103e+7 
        12874.4       1.0236e+7 
        12887.2       1.0353e+7 
          12900      1.04423e+7 
        12912.8      1.05163e+7 
        12925.6      1.05784e+7 
        12951.2      1.06628e+7 
        12976.8      1.07178e+7 
        13002.4      1.07427e+7 
          13028      1.07475e+7 
        13053.6      1.07379e+7 
        13079.1      1.07138e+7 
        13130.3      1.06334e+7 
        13181.5      1.05287e+7 
        13232.7      1.04074e+7 
        13259.4      1.03396e+7 
        13283.9       1.0276e+7 
        13308.4      1.02112e+7 
        13357.3      1.00797e+7 
        13455.1      9.81396e+6 
          13553      9.55107e+6 
        13650.8      9.30232e+6 
        13748.7      9.05027e+6 
        13846.5      8.80667e+6 
        13944.3      8.57121e+6 
        14042.2      8.34354e+6 
          14140      8.12334e+6 
        14237.9      7.91037e+6 
        14332.1      7.71186e+6 
        14394.9      7.58258e+6 
        14426.3      7.51899e+6 
        14457.6       7.4561e+6 
        14520.4      7.33223e+6 
        14583.1      7.21102e+6 
        14598.4      7.18184e+6 
        14612.5      7.15513e+6 
        14640.6      7.10207e+6 
        14696.9      6.99739e+6 
        14753.2      6.89466e+6 
        14809.5      6.79379e+6 
        14865.9      6.69477e+6 
        14922.2      6.59753e+6 
        14978.5      6.50206e+6 
        15034.8      6.40831e+6 
        15091.1      6.31623e+6 
        15147.4      6.22582e+6 
        15203.7      6.13701e+6 
          15260      6.04976e+6 
        15316.3      5.96406e+6 
        15372.6       5.8799e+6 
        15428.9      5.79718e+6 
        15482.4      5.71999e+6 
        15535.8      5.64428e+6 
        15589.3      5.56976e+6 
        15642.7       5.4965e+6 
        15696.2      5.42446e+6 
        15749.7      5.35356e+6 
        15803.1      5.28384e+6 
        15856.6      5.21523e+6 
        15910.1      5.14775e+6 
        15963.5      5.08137e+6 
          16017      5.01602e+6 
        16070.4      4.95175e+6 
        16123.9      4.88851e+6 
        16177.4      4.82624e+6 
        16230.8      4.76501e+6 
        16284.3      4.70469e+6 
          16296      4.69165e+6 
        16337.7      4.64538e+6 
        16379.5      4.59967e+6 
          16463      4.51057e+6 
        16546.6      4.42365e+6 
        16630.1      4.33882e+6 
        16713.7      4.25601e+6 
        16797.2      4.17518e+6 
        16880.7      4.09626e+6 
        16964.3      4.01917e+6 
        17047.8      3.94392e+6 
        17131.4      3.87041e+6 
        17214.9      3.79863e+6 
        17298.4      3.72847e+6 
        17360.7      3.67723e+6 
          17382      3.65996e+6 
        17403.2      3.64277e+6 
        17445.8      3.60894e+6 
        17530.8      3.54243e+6 
        17615.9      3.47743e+6 
          17701      3.41394e+6 
          17786      3.35189e+6 
        17871.1      3.29123e+6 
        17956.1      3.22428e+6 
        18041.2      3.16421e+6 
        18126.3       3.1045e+6 
        18211.3       3.0445e+6 
        18296.4      2.98309e+6 
          18336      2.95348e+6 
        18381.5      2.91802e+6 
          18427      2.88034e+6 
        18472.5      2.83926e+6 
          18518        2.793e+6 
        18563.5      2.73903e+6 
        18586.2      2.70815e+6 
          18609      2.67356e+6 
        18631.7      2.63446e+6 
        18654.5      2.58914e+6 
        18665.8      2.56359e+6 
        18677.2      2.53553e+6 
        18688.6      2.50366e+6 
          18700      2.46773e+6 
        18711.3       2.4244e+6 
        18722.7      2.36954e+6 
        18734.1      2.29583e+6 
        18745.5      2.17718e+6 
          18756      2.16207e+6 
        18767.3      2.27529e+6 
        18778.6      2.33875e+6 
        18789.9      2.38325e+6 
        18806.8      2.42819e+6 
        18818.1      2.45049e+6 
        18829.4      2.46842e+6 
        18840.7        2.483e+6 
          18852      2.49548e+6 
        18874.6      2.51428e+6 
        18897.1      2.52719e+6 
        18919.7      2.53555e+6 
        18942.3      2.54023e+6 
        18964.9      2.54218e+6 
          19010      2.53962e+6 
        19055.2      2.53076e+6 
        19100.3      2.51787e+6 
        19190.6      2.48501e+6 
        19280.9      2.44734e+6 
        19291.7      2.44266e+6 
        19371.2      2.40773e+6 
        19450.7      2.37233e+6 
        19530.1      2.33679e+6 
        19609.6       2.3051e+6 
        19689.1       2.2694e+6 
        19768.6      2.23439e+6 
          19848      2.20006e+6 
        19927.5      2.16638e+6 
          20007      2.13334e+6 
        20086.4      2.10092e+6 
        20165.9      2.06912e+6 
        20245.4      2.03791e+6 
        20324.9      2.00729e+6 
        20404.3      1.97724e+6 
        20474.4      1.95121e+6 
        20544.5      1.92551e+6 
        20614.5      1.90023e+6 
        20684.6      1.87536e+6 
        20754.6       1.8509e+6 
        20824.7      1.82683e+6 
        20894.8      1.80315e+6 
        20964.8      1.77986e+6 
        21034.9      1.75694e+6 
        21104.9      1.73438e+6 
          21175      1.71218e+6 
        21245.1      1.69034e+6 
        21315.1      1.66884e+6 
        21385.2      1.64768e+6 
        21455.2      1.62686e+6 
        21525.3      1.60636e+6 
        21560.1      1.59629e+6 
        21595.4      1.58618e+6 
        21630.6      1.57615e+6 
        21701.1      1.55628e+6 
        21771.6      1.53671e+6 
        21842.1      1.51745e+6 
        21912.6      1.49849e+6 
        21983.1      1.47983e+6 
        22053.5      1.46145e+6 
          22124      1.44336e+6 
        22194.5      1.42554e+6 
          22265      1.40801e+6 
        22335.5      1.39073e+6 
          22406      1.37372e+6 
        22476.5      1.35697e+6 
          22547      1.34048e+6 
        22617.5      1.32423e+6 
        22687.9      1.30823e+6 
          22730      1.29879e+6 
        22758.4      1.29247e+6 
        22784.8      1.28662e+6 
        22800.8      1.28309e+6 
        22816.8      1.27958e+6 
        22848.8      1.27258e+6 
        22912.8      1.25872e+6 
        22976.8      1.24505e+6 
        23040.8      1.23157e+6 
        23104.8      1.21826e+6 
        23168.7      1.20514e+6 
        23232.7      1.19219e+6 
        23296.7      1.17942e+6 
        23360.7      1.16681e+6 
        23424.7      1.15438e+6 
        23488.6       1.1421e+6 
        23552.6      1.12999e+6 
        23616.6      1.11804e+6 
        23680.6      1.10625e+6 
        23744.6      1.09461e+6 
        23808.6      1.08313e+6 
        23872.5      1.07179e+6 
        23936.5       1.0606e+6 
        24000.5      1.04956e+6 
        24064.5      1.03866e+6 
        24128.5       1.0279e+6 
        24192.5      1.01728e+6 
        24256.4       1.0068e+6 
        24320.4          996444 
        24384.4          986228 
        24448.4          976140 
        24512.4          966184 
        24576.3          956351 
        24640.3          946644 
        24704.3          937059 
        24768.3          927596 
        24832.3          918250 
        24896.3          909023 
        24960.2          899909 
        25004.4          893683 
        25024.2          890912 
          25044          888150 
        25083.6          882671 
        25162.8          871833 
        25241.9          861164 
        25321.1          850655 
        25400.2          840307 
        25479.4          830116 
        25558.5          820075 
        25637.7          810188 
        25716.9          800450 
          25796          790855 
        25875.2          781405 
        25954.3          772094 
        26033.5          762923 
        26112.7          753885 
        26191.8          744982 
          26271          736210 
        26350.1          727565 
        26429.3          719048 
        26508.4          710653 
        26587.6          702382 
        26666.8          694229 
        26745.9          686193 
        26825.1          678273 
        26904.2          670469 
        26983.4          662776 
        27062.6          655192 
        27141.7          647718 
        27220.9          640348 
        27299.2          633160 
        27377.5          626072 
        27455.8          619085 
        27534.2          612196 
        27612.5          605401 
        27690.8          598700 
        27769.1          592090 
        27847.5          585574 
        27925.8          579146 
        28004.1          572807 
        28082.4          566552 
        28160.8          560382 
        28239.1          554299 
        28317.4          548296 
        28395.7          542374 
          28474          536531 
        28552.4          530769 
        28630.7          525083 
          28709          519472 
        28787.3          513936 
        28865.7          508473 
          28944          503082 
        29022.3          497763 
        29100.6          492517 
          29179          487336 
        29257.3          482225 
        29335.6          477180 
        29413.9          472200 
        29492.3          467287 
        29570.6          462436 
        29648.9          457648 
        29727.2          452920 
        29805.5          448255 
        29883.9          443649 
        29932.6          440816 
        29962.2          439104 
        29991.8          437401 
