# Koester WD models
# teff = 24000 K (value for the effective temperature for the model. Temperatures are given in K)
# logg = 8 log(cm/s2) (value for Log(G) for the model.)
#
# column 1: WAVELENGTH (ANGSTROM), Wavelength in Angstrom
# column 2: FLUX (ERG/CM2/S/A), Flux in erg/cm2/s/A
         899.23      1.02341e+8 
        909.241      1.08161e+8 
        919.268      1.61803e+8 
        929.374       1.7925e+8 
        939.419      4.83526e+8 
          949.5       1.6905e+8 
        959.633      3.24146e+9 
        969.665      6.12874e+8 
        979.712      3.13222e+9 
         989.83     1.01306e+10 
        1000.08     1.66629e+10 
        1010.67      8.83108e+9 
        1020.69      1.09125e+9 
        1030.75      1.49359e+9 
        1040.77     1.20396e+10 
        1050.88     2.22877e+10 
         1061.2     2.44878e+10 
        1071.73     2.93673e+10 
        1081.97     3.30703e+10 
        1093.55     3.47457e+10 
        1104.37     3.37492e+10 
        1114.38     3.26132e+10 
        1124.73     3.13725e+10 
        1135.54     3.00184e+10 
        1149.39     2.79334e+10 
        1159.39     2.60317e+10 
        1169.39     2.35788e+10 
         1179.4     2.00249e+10 
         1189.4     1.46736e+10 
         1199.4      7.47463e+9 
         1209.4      1.88099e+9 
        1219.41      1.45394e+9 
        1229.41      5.24366e+9 
        1239.41     1.33394e+10 
        1249.41     1.79598e+10 
        1259.41     1.97651e+10 
        1269.41     2.04049e+10 
        1279.42     2.05333e+10 
        1289.42     2.04024e+10 
        1299.42     2.01382e+10 
        1309.42     1.97981e+10 
        1319.42     1.94048e+10 
        1329.42     1.90028e+10 
        1339.42     1.86225e+10 
        1349.42     1.82525e+10 
        1359.42      1.7821e+10 
        1369.42     1.73422e+10 
        1379.42     1.68712e+10 
        1389.42     1.63983e+10 
        1399.42      1.6124e+10 
        1409.42     1.59509e+10 
        1419.42     1.57038e+10 
        1429.42     1.53902e+10 
        1439.42     1.50618e+10 
        1454.42     1.45766e+10 
        1464.42     1.42625e+10 
        1474.42     1.39569e+10 
        1489.42     1.35145e+10 
        1504.42     1.30909e+10 
        1514.42     1.28184e+10 
        1529.42     1.24235e+10 
        1544.42     1.20449e+10 
        1559.42     1.16815e+10 
        1570.19     1.14298e+10 
        1584.41     1.11083e+10 
        1599.41     1.07826e+10 
        1614.41     1.04692e+10 
        1629.41      1.0168e+10 
        1644.41      9.87852e+9 
        1659.41      9.60014e+9 
        1670.17      9.40684e+9 
         1684.4      9.15956e+9 
         1699.4      8.90877e+9 
         1714.4      8.66703e+9 
         1729.4      8.43389e+9 
         1744.4      8.20889e+9 
        1759.39       7.9919e+9 
         1771.7      7.81961e+9 
        1784.39      7.64723e+9 
        1799.39       7.4501e+9 
           1824      7.14084e+9 
        1834.77      7.01087e+9 
        1845.54      6.88417e+9 
           1864      6.67384e+9 
        1876.29      6.53863e+9 
        1888.59      6.40722e+9 
        1906.98      6.21709e+9 
        1919.37      6.09321e+9 
        1931.76       5.9728e+9 
        1944.47      5.85244e+9 
        1956.53      5.74123e+9 
         1967.6      5.64155e+9 
        1992.71      5.42412e+9 
        2017.81      5.21771e+9 
        2042.92      5.02168e+9 
        2067.03      4.84236e+9 
        2091.15      4.67161e+9 
        2114.28      4.51522e+9 
        2126.36      4.43631e+9 
        2145.92      4.31246e+9 
        2165.47      4.19308e+9 
        2194.48      4.02394e+9 
        2204.59      3.96711e+9 
         2214.7      3.91131e+9 
        2234.91      3.80293e+9 
        2263.91      3.65421e+9 
        2288.52       3.5341e+9 
        2313.08      3.41928e+9 
        2325.88      3.36147e+9 
        2338.68      3.30492e+9 
        2362.35      3.20348e+9 
        2409.27      3.01429e+9 
        2456.14      2.83971e+9 
         2469.5      2.79241e+9 
         2481.1      2.75213e+9 
        2498.61      2.69275e+9 
        2510.01      2.65497e+9 
        2521.41      2.61792e+9 
        2544.21       2.5458e+9 
        2559.23      2.49969e+9 
        2589.28      2.41084e+9 
        2619.32        2.326e+9 
        2641.05      2.26701e+9 
        2657.67      2.22319e+9 
        2674.29      2.18052e+9 
        2707.52      2.09832e+9 
        2756.11      1.98522e+9 
        2804.69      1.87999e+9 
        2852.01      1.78426e+9 
        2862.16      1.76455e+9 
        2872.32      1.74514e+9 
        2892.64      1.70712e+9 
        2913.55      1.66909e+9 
        2933.27      1.63423e+9 
        2952.98       1.6003e+9 
        2992.41      1.53517e+9 
        3051.42       1.4439e+9 
        3070.99       1.4152e+9 
        3110.43      1.35957e+9 
        3149.86      1.30671e+9 
        3189.29      1.25649e+9 
        3209.14      1.23212e+9 
        3228.16      1.20935e+9 
        3248.29      1.18582e+9 
        3287.44      1.14177e+9 
        3346.73      1.07895e+9 
        3366.86      1.05865e+9 
        3406.02      1.02054e+9 
        3425.03      1.00266e+9 
        3445.17      9.84151e+8 
        3484.32      9.49414e+8 
        3495.92      9.39421e+8 
         3543.6      8.99727e+8 
        3591.28       8.6215e+8 
        3635.88      8.28758e+8 
        3647.12      8.20606e+8 
        3658.96      8.12117e+8 
        3671.11      8.03447e+8 
         3682.7      7.95316e+8 
        3692.77      7.88323e+8 
        3702.89      7.81361e+8 
        3712.93      7.74547e+8 
        3723.11      7.67749e+8 
        3733.34      7.60935e+8 
        3743.51      7.54777e+8 
        3753.66      7.48475e+8 
        3764.81      7.41287e+8 
        3775.47      7.35777e+8 
        3786.22      7.30936e+8 
        3796.45      7.15319e+8 
        3808.92      7.23402e+8 
        3820.39      7.15746e+8 
        3830.45      6.87905e+8 
        3840.76      6.88785e+8 
        3851.86      7.16478e+8 
        3861.87      7.18247e+8 
        3872.22      6.92222e+8 
        3883.31      6.30618e+8 
        3893.59      6.20945e+8 
        3904.25      6.83717e+8 
        3916.39      7.23964e+8 
        3928.22      7.30153e+8 
        3938.89      7.10327e+8 
        3950.65      6.54098e+8 
        3962.28      5.62226e+8 
         3972.8       5.0929e+8 
        3982.85       5.9777e+8 
        3993.25      6.64233e+8 
        4003.87      7.10276e+8 
        4018.86      7.35384e+8 
        4032.38      7.37457e+8 
        4043.86      7.28422e+8 
        4056.35      7.02969e+8 
        4068.85       6.5303e+8 
        4082.28      5.74431e+8 
        4093.69      4.79486e+8 
        4103.79      4.09249e+8 
        4114.23       5.1152e+8 
        4125.26      5.83576e+8 
        4135.54      6.31143e+8 
        4146.66      6.67837e+8 
        4158.83      6.88144e+8 
        4173.82      6.96227e+8 
        4188.82      6.95878e+8 
        4203.81      6.91615e+8 
        4216.52      6.86228e+8 
        4228.81      6.79558e+8 
        4243.81       6.6926e+8 
         4258.8      6.54922e+8 
         4273.8      6.33182e+8 
        4288.79      5.98894e+8 
        4303.79      5.50775e+8 
        4314.07      5.06393e+8 
        4326.14      4.36641e+8 
        4336.17      3.56583e+8 
        4346.36      3.70067e+8 
        4357.43       4.4418e+8 
        4367.98      4.93042e+8 
        4378.77      5.28086e+8 
        4393.77       5.5909e+8 
        4408.76      5.76206e+8 
        4423.76      5.82087e+8 
        4438.75      5.81735e+8 
        4453.75      5.78389e+8 
        4468.74      5.73658e+8 
        4483.74       5.6817e+8 
        4498.74      5.62377e+8 
        4513.73      5.56417e+8 
        4527.19      5.50988e+8 
        4538.73       5.4631e+8 
        4553.72      5.40219e+8 
        4568.72      5.34134e+8 
        4583.72      5.28067e+8 
        4596.53      5.22899e+8 
        4608.71      5.18036e+8 
         4623.7      5.12029e+8 
         4638.7      5.06035e+8 
         4653.7      5.00035e+8 
        4668.69      4.93984e+8 
        4683.69      4.87789e+8 
        4698.68      4.81396e+8 
        4713.68       4.7466e+8 
        4724.83      4.69307e+8 
        4738.67      4.62065e+8 
        4753.67      4.53442e+8 
        4768.67      4.43128e+8 
        4783.66      4.30335e+8 
        4798.66      4.13446e+8 
        4813.65      3.90333e+8 
        4828.65      3.58544e+8 
        4839.16      3.28497e+8 
        4849.39      2.90861e+8 
        4859.63      2.24885e+8 
        4869.65      2.71818e+8 
        4880.32      3.10603e+8 
        4891.13      3.38076e+8 
        4903.63      3.59719e+8 
        4915.55      3.72995e+8 
        4928.62      3.82046e+8 
        4943.62      3.87091e+8 
        4958.61      3.88665e+8 
        4973.61      3.88122e+8 
        4988.61      3.86293e+8 
         5003.6      3.83793e+8 
         5018.6      3.80733e+8 
         5033.6      3.77352e+8 
        5048.59      3.73787e+8 
        5063.59      3.70117e+8 
        5078.58      3.66388e+8 
        5093.58      3.62659e+8 
        5108.57       3.5894e+8 
        5123.57      3.55245e+8 
        5138.57      3.51579e+8 
        5153.56      3.47947e+8 
        5168.56       3.4435e+8 
        5183.56      3.40791e+8 
        5198.55      3.37272e+8 
        5213.55      3.33794e+8 
        5228.54      3.30357e+8 
        5243.54      3.26958e+8 
        5258.53      3.23603e+8 
        5273.53      3.20289e+8 
        5288.53      3.17015e+8 
        5303.52      3.13779e+8 
        5318.52      3.10585e+8 
        5333.52      3.07431e+8 
        5348.51      3.04316e+8 
        5363.51      3.01295e+8 
         5378.5      2.98251e+8 
         5393.5      2.95246e+8 
        5408.49      2.92278e+8 
        5423.49      2.89348e+8 
        5438.49      2.86454e+8 
        5453.48      2.83597e+8 
        5468.48      2.80775e+8 
        5483.48      2.77988e+8 
        5498.47      2.75235e+8 
        5513.47      2.72517e+8 
        5528.46      2.69833e+8 
        5543.46      2.67181e+8 
        5558.45      2.64563e+8 
        5573.45      2.61976e+8 
        5588.45       2.5942e+8 
        5603.44      2.56895e+8 
        5618.44      2.54401e+8 
        5633.43      2.51938e+8 
        5648.43      2.49503e+8 
        5663.43      2.47099e+8 
        5673.98      2.45437e+8 
         5686.2      2.43515e+8 
        5698.42      2.41612e+8 
        5708.88      2.39997e+8 
        5723.41      2.37777e+8 
        5738.41      2.35513e+8 
         5753.4      2.33276e+8 
         5768.4       2.3103e+8 
        5783.39      2.28845e+8 
        5798.39      2.26686e+8 
        5813.39      2.24552e+8 
        5828.38      2.22444e+8 
        5843.38      2.20359e+8 
        5858.37        2.183e+8 
        5873.37      2.16264e+8 
        5888.37      2.14253e+8 
        5903.36      2.12264e+8 
        5918.36      2.10298e+8 
        5933.35      2.08354e+8 
        5948.35      2.06433e+8 
        5963.35      2.04534e+8 
        5978.34      2.02656e+8 
        5993.34      2.00799e+8 
        6008.33      1.98963e+8 
        6023.33      1.97148e+8 
        6038.32      1.95352e+8 
        6053.32      1.93576e+8 
        6068.32       1.9182e+8 
        6083.31      1.90081e+8 
        6098.31      1.88361e+8 
        6113.31      1.86659e+8 
         6128.3      1.84974e+8 
         6143.3      1.83306e+8 
        6158.29      1.81654e+8 
        6173.29      1.80018e+8 
        6188.28      1.78396e+8 
        6203.28      1.76788e+8 
        6218.28      1.75193e+8 
        6233.27       1.7361e+8 
        6244.38      1.72443e+8 
        6256.04      1.71227e+8 
        6266.59      1.70136e+8 
        6278.26      1.68933e+8 
        6290.52      1.67674e+8 
        6302.31      1.66466e+8 
        6312.59      1.65414e+8 
        6323.25      1.64321e+8 
        6338.24      1.62783e+8 
        6353.24       1.6124e+8 
        6368.24      1.59681e+8 
        6383.23      1.58096e+8 
        6398.23      1.56468e+8 
        6413.22      1.54771e+8 
        6428.22      1.52968e+8 
        6443.22      1.50996e+8 
        6458.21      1.48752e+8 
        6473.21      1.46101e+8 
         6488.2      1.42866e+8 
         6503.2      1.38676e+8 
         6518.2      1.32943e+8 
        6532.67      1.25117e+8 
        6543.19      1.17324e+8 
        6553.54      1.06601e+8 
        6563.69       8.4108e+7 
        6573.82       1.0766e+8 
        6585.66      1.17289e+8 
        6595.73       1.2269e+8 
        6610.42      1.27777e+8 
        6625.12      1.30613e+8 
        6644.71      1.32302e+8 
        6664.31      1.32675e+8 
         6683.9      1.32316e+8 
        6695.52       1.3189e+8 
        6711.48      1.31149e+8 
        6727.44      1.30295e+8 
        6759.36        1.284e+8 
        6821.64      1.24458e+8 
         6834.2      1.23653e+8 
        6846.77       1.2285e+8 
         6871.9      1.21249e+8 
        6922.15      1.18099e+8 
        6972.41      1.15021e+8 
        7022.67      1.12028e+8 
        7036.71      1.11208e+8 
        7072.93      1.09123e+8 
        7109.15      1.07085e+8 
        7181.58      1.03149e+8 
        7254.01      9.93893e+7 
        7326.44      9.57988e+7 
        7393.51      9.26217e+7 
        7460.59      8.95712e+7 
        7527.66      8.66458e+7 
        7594.73      8.38387e+7 
        7645.71      8.17804e+7 
         7661.8      8.11442e+7 
        7677.88      8.05143e+7 
        7710.05      7.92734e+7 
        7774.39      7.68622e+7 
        7838.73      7.45425e+7 
        7903.06      7.23097e+7 
        7962.25      7.03293e+7 
        8021.43      6.84167e+7 
        8078.68      6.66282e+7 
        8094.16      6.61547e+7 
        8109.63      6.56857e+7 
        8140.59      6.47598e+7 
        8202.13      6.29666e+7 
        8212.54      6.26697e+7 
         8222.8      6.23788e+7 
        8243.31       6.1802e+7 
        8284.33      6.06682e+7 
        8364.82      5.85175e+7 
        8377.22      5.81949e+7 
        8388.68      5.78989e+7 
        8408.65      5.73881e+7 
        8432.02      5.67972e+7 
        8467.25      5.59188e+7 
        8502.48      5.50574e+7 
        8516.58      5.47168e+7 
        8530.98      5.43715e+7 
        8545.38      5.40385e+7 
        8574.18      5.33763e+7 
        8598.39      5.28262e+7 
         8628.6      5.21526e+7 
        8646.81      5.17467e+7 
        8665.01      5.13427e+7 
        8685.59      5.09001e+7 
        8701.43      5.05586e+7 
        8750.47      4.94747e+7 
        8767.92      4.91207e+7 
        8815.35      4.81311e+7 
        8862.78      4.71421e+7 
        8900.38      4.65248e+7 
        8957.65      4.54048e+7 
        8986.28      4.47482e+7 
        9000.59      4.44045e+7 
        9014.91       4.4086e+7 
        9029.22      4.39122e+7 
        9043.54      4.37608e+7 
        9057.85      4.35975e+7 
        9072.17      4.34162e+7 
        9086.49      4.32079e+7 
        9099.72      4.30012e+7 
        9126.18      4.25328e+7 
        9152.64      4.19739e+7 
         9179.1      4.13101e+7 
        9204.06      4.05922e+7 
        9216.53      4.02146e+7 
        9229.01      3.99033e+7 
        9241.49      3.98593e+7 
        9253.96      3.98282e+7 
        9266.44      3.98272e+7 
        9278.92      3.98087e+7 
        9297.63      3.97261e+7 
        9322.58      3.95492e+7 
        9347.54      3.92822e+7 
         9360.9      3.91075e+7 
        9372.49      3.89407e+7 
        9384.08      3.87622e+7 
        9407.27      3.83541e+7 
        9430.46      3.78926e+7 
        9453.65      3.73199e+7 
        9476.83      3.66919e+7 
        9488.54      3.63042e+7 
        9500.02      3.58936e+7 
        9511.51       3.5402e+7 
        9522.99      3.48198e+7 
        9534.48      3.41881e+7 
        9544.53      3.36593e+7 
        9554.58       3.3812e+7 
        9564.63      3.41127e+7 
        9577.55      3.44674e+7 
        9589.04      3.46756e+7 
        9600.52      3.48173e+7 
        9612.01      3.48981e+7 
        9623.49      3.49433e+7 
        9646.47      3.49383e+7 
        9668.45      3.48616e+7 
        9690.44      3.47014e+7 
        9712.42      3.45123e+7 
         9756.4      3.40326e+7 
        9800.37      3.34822e+7 
        9844.34      3.28529e+7 
        9866.33      3.25334e+7 
        9888.32      3.21244e+7 
         9910.3      3.16544e+7 
        9932.29      3.11403e+7 
        9952.82      3.05597e+7 
        9973.35      2.99331e+7 
        9983.62      2.95677e+7 
        9993.88        2.917e+7 
        10004.1      2.87354e+7 
        10014.4       2.8257e+7 
        10024.7      2.77212e+7 
        10034.9       2.7147e+7 
        10045.8      2.65619e+7 
        10056.6      2.65962e+7 
        10067.4       2.7005e+7 
        10081.8      2.74966e+7 
        10096.2      2.78685e+7 
        10110.6      2.81391e+7 
        10125.1      2.83447e+7 
        10139.5      2.84582e+7 
        10153.9      2.85706e+7 
        10168.3        2.863e+7 
        10182.8      2.86434e+7 
        10197.2      2.86269e+7 
        10214.8      2.85926e+7 
          10226       2.8547e+7 
        10237.2      2.84882e+7 
        10259.5      2.83423e+7 
        10304.2      2.79839e+7 
          10349      2.75818e+7 
        10438.4       2.6713e+7 
        10527.8      2.58621e+7 
        10617.2       2.5012e+7 
        10661.9      2.45551e+7 
        10706.6      2.40551e+7 
          10729      2.37829e+7 
        10751.3      2.34891e+7 
        10773.7      2.31642e+7 
          10796      2.27937e+7 
        10818.4      2.23896e+7 
        10840.7      2.19062e+7 
        10851.9      2.16365e+7 
        10863.1      2.13481e+7 
        10874.3       2.1013e+7 
        10885.5      2.06513e+7 
        10896.6      2.02348e+7 
        10907.8      1.97631e+7 
          10919      1.91951e+7 
        10930.2      1.84675e+7 
        10940.3      1.79125e+7 
        10953.4      1.87917e+7 
        10965.3       1.9259e+7 
        10981.2      1.97319e+7 
          10997      2.00546e+7 
        11020.8      2.03978e+7 
        11036.7       2.0537e+7 
        11052.5       2.0637e+7 
        11068.4      2.06891e+7 
        11084.2      2.07101e+7 
        11115.9       2.0702e+7 
        11147.7      2.06157e+7 
        11161.2      2.05647e+7 
        11179.4      2.04872e+7 
        11211.1      2.03294e+7 
        11260.9      2.00446e+7 
        11310.8      1.97377e+7 
        11360.6      1.94237e+7 
        11460.3      1.88177e+7 
          11560      1.82049e+7 
        11659.6      1.76167e+7 
        11759.3      1.70521e+7 
          11859      1.65099e+7 
        11958.7       1.5989e+7 
        12058.4      1.54778e+7 
        12158.1      1.49925e+7 
        12230.8      1.46481e+7 
        12257.7      1.45223e+7 
        12284.6      1.43973e+7 
        12338.4      1.41483e+7 
        12392.2      1.38995e+7 
          12446      1.36473e+7 
        12499.8      1.33885e+7 
        12553.6      1.31129e+7 
        12580.5      1.29632e+7 
        12607.3      1.28028e+7 
        12634.2      1.26267e+7 
        12661.1      1.24265e+7 
          12688       1.2194e+7 
        12701.5      1.20621e+7 
        12714.9      1.19149e+7 
        12728.4      1.17501e+7 
        12741.8      1.15694e+7 
        12755.3      1.13595e+7 
        12768.7      1.11189e+7 
        12782.2       1.0824e+7 
        12795.6      1.04441e+7 
        12805.7       1.0034e+7 
        12815.8      9.42035e+6 
        12826.8      9.79115e+6 
        12839.6      1.02877e+7 
        12852.4      1.05787e+7 
        12865.2      1.07819e+7 
          12878      1.09301e+7 
        12890.8      1.10486e+7 
        12903.6       1.1136e+7 
        12916.4      1.12042e+7 
        12929.2      1.12566e+7 
          12942      1.12928e+7 
        12954.8       1.1317e+7 
        12967.6      1.13313e+7 
        12993.2       1.1337e+7 
        13018.8      1.13173e+7 
        13044.4      1.12808e+7 
        13095.5      1.11766e+7 
        13146.7      1.10464e+7 
        13197.9      1.09042e+7 
        13249.1      1.07565e+7 
        13292.2      1.06299e+7 
        13308.4      1.05824e+7 
        13324.5       1.0535e+7 
        13356.7      1.04402e+7 
        13421.3       1.0252e+7 
        13485.8      1.00665e+7 
        13550.3      9.88452e+6 
        13614.9      9.70617e+6 
        13679.4      9.53439e+6 
        13743.9      9.36292e+6 
        13808.4      9.19528e+6 
          13873      9.03139e+6 
        13937.5      8.87114e+6 
          14002       8.7144e+6 
        14066.5      8.56109e+6 
        14131.1      8.41117e+6 
        14195.6      8.26449e+6 
        14260.1      8.12099e+6 
        14317.2      7.99661e+6 
        14332.1      7.96463e+6 
        14346.9      7.93277e+6 
        14376.6      7.86956e+6 
        14414.5      7.78989e+6 
        14436.1        7.745e+6 
        14457.6      7.70045e+6 
        14500.7      7.61233e+6 
        14581.2       7.4511e+6 
        14597.2      7.41956e+6 
        14613.2      7.38821e+6 
        14645.2      7.32597e+6 
        14709.2      7.20348e+6 
        14773.2      7.08354e+6 
        14837.1      6.96607e+6 
        14901.1      6.85103e+6 
        14965.1      6.73837e+6 
        15029.1      6.62801e+6 
        15093.1      6.51987e+6 
        15157.1      6.41397e+6 
          15221       6.3102e+6 
          15285      6.20851e+6 
          15349      6.10886e+6 
          15413      6.01119e+6 
        15471.6      5.92347e+6 
        15482.4      5.90748e+6 
        15493.1      5.89168e+6 
        15514.7      5.86017e+6 
        15557.9      5.79778e+6 
        15644.2      5.67548e+6 
        15730.5      5.55641e+6 
        15816.8      5.44042e+6 
        15903.1      5.32748e+6 
        15989.4      5.21743e+6 
        16075.8      5.11024e+6 
        16162.1      5.00575e+6 
        16248.4      4.90396e+6 
        16289.9      4.85593e+6 
        16334.7      4.80472e+6 
        16379.5       4.7542e+6 
        16469.1      4.65631e+6 
        16558.8      4.56096e+6 
        16648.4        4.468e+6 
          16738      4.37743e+6 
        16827.7      4.28912e+6 
        16917.3      4.20329e+6 
        17006.9      4.11938e+6 
        17096.6      4.03751e+6 
        17186.2      3.95772e+6 
        17275.8      3.87984e+6 
        17327.7      3.83566e+6 
        17365.5       3.8039e+6 
        17403.2      3.77246e+6 
        17478.8      3.71041e+6 
        17554.3       3.6499e+6 
        17629.9      3.59059e+6 
        17705.4      3.53247e+6 
          17781      3.47554e+6 
        17856.5      3.41972e+6 
        17932.1      3.36505e+6 
        18007.6      3.30759e+6 
        18083.2        3.254e+6 
        18158.7      3.20097e+6 
        18234.3      3.14841e+6 
        18309.8      3.09531e+6 
        18343.7      3.07108e+6 
        18385.3      3.04075e+6 
          18427       3.0093e+6 
        18468.6      2.97581e+6 
        18510.2      2.93911e+6 
        18551.8      2.89709e+6 
        18572.6      2.87307e+6 
        18593.4      2.84633e+6 
        18614.2      2.81605e+6 
          18635      2.78111e+6 
        18655.8      2.73967e+6 
        18666.2      2.71595e+6 
        18676.6      2.68959e+6 
          18687      2.65969e+6 
        18697.4      2.62542e+6 
        18707.8      2.58491e+6 
        18718.2      2.53617e+6 
        18728.6      2.47253e+6 
          18739      2.37779e+6 
        18749.4      2.18993e+6 
          18761      2.34237e+6 
        18771.3      2.43526e+6 
        18781.6      2.49251e+6 
        18795.4      2.54358e+6 
          18816      2.59373e+6 
        18829.8      2.61647e+6 
        18843.5      2.63344e+6 
        18857.3      2.64655e+6 
          18871      2.65612e+6 
        18884.8      2.66301e+6 
        18912.3      2.67059e+6 
        18939.8       2.6721e+6 
        18967.3      2.66927e+6 
        19022.4      2.65522e+6 
        19077.4      2.63473e+6 
        19132.4      2.61107e+6 
        19187.4      2.58579e+6 
        19242.5      2.55971e+6 
        19297.5      2.53327e+6 
        19352.5      2.50672e+6 
        19364.4      2.50098e+6 
        19407.5      2.48023e+6 
        19450.7      2.45957e+6 
        19536.9      2.41842e+6 
        19623.2       2.3794e+6 
        19709.5      2.33922e+6 
        19795.8      2.29989e+6 
          19882      2.26138e+6 
        19968.3      2.22367e+6 
        20054.6      2.18674e+6 
        20140.8      2.15057e+6 
        20227.1      2.11514e+6 
        20313.4      2.08043e+6 
        20324.9      2.07586e+6 
        20399.6      2.04644e+6 
        20474.4      2.01753e+6 
        20549.2      1.98906e+6 
        20623.9      1.96108e+6 
        20698.7      1.93359e+6 
        20773.4      1.90658e+6 
        20848.2      1.88004e+6 
          20923      1.85396e+6 
        20997.7      1.82833e+6 
        21072.5      1.80313e+6 
        21147.2      1.77837e+6 
          21222      1.75404e+6 
        21296.8      1.73011e+6 
        21371.5      1.70659e+6 
        21446.3      1.68347e+6 
          21521      1.66074e+6 
          21561      1.64875e+6 
        21595.8      1.63839e+6 
        21630.6      1.62811e+6 
        21700.2      1.60777e+6 
        21769.9      1.58774e+6 
        21839.5      1.56802e+6 
        21909.1       1.5486e+6 
        21978.8      1.52948e+6 
        22048.4      1.51066e+6 
          22118      1.49213e+6 
        22187.6      1.47388e+6 
        22257.3       1.4559e+6 
        22326.9       1.4382e+6 
        22396.5      1.42077e+6 
        22466.1       1.4036e+6 
        22535.8      1.38668e+6 
        22605.4      1.37002e+6 
          22675      1.35361e+6 
        22702.5      1.34721e+6 
        22744.7      1.33745e+6 
        22784.8      1.32823e+6 
        22800.8      1.32458e+6 
        22816.8      1.32094e+6 
        22848.8       1.3137e+6 
        22912.8      1.29937e+6 
        22976.8      1.28523e+6 
        23040.8      1.27129e+6 
        23104.8      1.25754e+6 
        23168.7      1.24397e+6 
        23232.7      1.23058e+6 
        23296.7      1.21737e+6 
        23360.7      1.20434e+6 
        23424.7      1.19148e+6 
        23488.6       1.1788e+6 
        23552.6      1.16628e+6 
        23616.6      1.15392e+6 
        23680.6      1.14173e+6 
        23744.6       1.1297e+6 
        23808.6      1.11783e+6 
        23872.5      1.10611e+6 
        23936.5      1.09455e+6 
        24000.5      1.08314e+6 
        24064.5      1.07187e+6 
        24128.5      1.06075e+6 
        24192.5      1.04977e+6 
        24256.4      1.03894e+6 
        24320.4      1.02824e+6 
        24384.4      1.01768e+6 
        24448.4      1.00726e+6 
        24512.4          996972 
        24576.3          986809 
        24640.3          976778 
        24704.3          966875 
        24768.3          957096 
        24832.3          947438 
        24896.3          937904 
        24960.2          928488 
        25004.4          922054 
        25024.2          919192 
          25044          916340 
        25083.6          910682 
        25162.8          899495 
        25241.9          888480 
        25321.1          877632 
        25400.2          866951 
        25479.4          856430 
        25558.5          846069 
        25637.7          835862 
        25716.9          825812 
          25796          815909 
        25875.2          806155 
        25954.3          796545 
        26033.5          787079 
        26112.7          777755 
        26191.8          768566 
          26271          759511 
        26350.1          750592 
        26429.3          741802 
        26508.4          733141 
        26587.6          724605 
        26666.8          716192 
        26745.9          707901 
        26825.1          699730 
        26904.2          691678 
        26983.4          683739 
        27062.6          675914 
        27141.7          668201 
        27220.9          660595 
        27299.2          653178 
        27377.5          645880 
        27455.8          638686 
        27534.2          631589 
        27612.5          624589 
        27690.8          617687 
        27769.1          610880 
        27847.5          604166 
        27925.8          597547 
        28004.1          591015 
        28082.4          584572 
        28160.8          578220 
        28239.1          571949 
        28317.4          565766 
        28395.7          559665 
          28474          553646 
        28552.4          547708 
        28630.7          541849 
          28709          536069 
        28787.3          530364 
        28865.7          524737 
          28944          519183 
        29022.3          513701 
        29100.6          508294 
          29179          502956 
        29257.3          497688 
        29335.6          492489 
        29413.9          487358 
        29492.3          482294 
        29570.6          477293 
        29648.9          472357 
        29727.2          467488 
        29805.5          462678 
        29883.9          457931 
        29932.6          455009 
        29962.2          453244 
        29991.8          451491 
