# Koester WD models
# teff = 25000 K (value for the effective temperature for the model. Temperatures are given in K)
# logg = 7 log(cm/s2) (value for Log(G) for the model.)
#
# column 1: WAVELENGTH (ANGSTROM), Wavelength in Angstrom
# column 2: FLUX (ERG/CM2/S/A), Flux in erg/cm2/s/A
         899.23      1.55738e+8 
        909.241      1.63884e+8 
        919.276      3.02077e+8 
        929.325      3.56546e+8 
        939.402      1.10564e+9 
        949.407      2.75301e+8 
        959.591     1.24623e+10 
        969.693      1.38752e+9 
        979.737     1.12266e+10 
         989.89      2.8687e+10 
        1000.41     3.70365e+10 
        1010.57     2.46178e+10 
        1020.59      2.99297e+9 
         1030.7      4.25956e+9 
        1041.03     2.79634e+10 
        1051.22     3.60099e+10 
        1061.51     3.67695e+10 
         1071.8     3.80956e+10 
        1082.44     3.88521e+10 
        1093.09     3.84258e+10 
        1104.13     3.72351e+10 
        1114.38     3.60909e+10 
        1124.73     3.49421e+10 
        1135.54     3.37523e+10 
        1149.39     3.21492e+10 
        1159.39     3.08702e+10 
        1169.39     2.93769e+10 
         1179.4     2.73353e+10 
         1189.4      2.3913e+10 
         1199.4     1.67048e+10 
         1209.4      4.47712e+9 
        1219.41      3.08844e+9 
        1229.41     1.26218e+10 
        1239.41     2.12376e+10 
        1249.41     2.33011e+10 
        1259.41     2.36033e+10 
        1269.41     2.34106e+10 
        1279.42     2.30381e+10 
        1289.42     2.25902e+10 
        1299.42     2.21122e+10 
        1309.42     2.16217e+10 
        1319.42     2.11276e+10 
        1329.42     2.06439e+10 
        1339.42     2.01779e+10 
        1349.42     1.97257e+10 
        1359.42     1.92649e+10 
        1369.42     1.88017e+10 
        1379.42     1.83497e+10 
        1389.42      1.7907e+10 
        1399.42     1.75329e+10 
        1409.42     1.71962e+10 
        1419.42     1.68464e+10 
        1429.42     1.64855e+10 
        1439.42     1.61282e+10 
        1454.42     1.56083e+10 
        1464.42     1.52735e+10 
        1474.42     1.49483e+10 
        1489.42     1.44776e+10 
        1504.42     1.40267e+10 
        1514.42     1.37367e+10 
        1529.42     1.33165e+10 
        1544.42     1.29133e+10 
        1559.42     1.25265e+10 
        1570.19     1.22585e+10 
        1584.41     1.19158e+10 
        1599.41     1.15685e+10 
        1614.41     1.12343e+10 
        1629.41     1.09128e+10 
        1644.41     1.06038e+10 
        1659.41     1.03067e+10 
        1670.17     1.01003e+10 
         1684.4      9.83595e+9 
         1699.4      9.56775e+9 
         1714.4      9.30914e+9 
         1729.4      9.05963e+9 
         1744.4      8.81883e+9 
        1759.39       8.5866e+9 
         1771.7      8.40219e+9 
        1784.39      8.21746e+9 
        1799.39       8.0061e+9 
           1824      7.67444e+9 
        1834.77      7.53502e+9 
        1845.54      7.39908e+9 
           1864      7.17351e+9 
        1876.29       7.0285e+9 
        1888.59      6.88738e+9 
        1906.98      6.68311e+9 
        1919.37      6.55003e+9 
        1931.76       6.4206e+9 
        1944.47       6.2912e+9 
        1956.53      6.17166e+9 
         1967.6      6.06456e+9 
        1992.71      5.83089e+9 
        2017.81      5.60884e+9 
        2042.92      5.39782e+9 
        2067.03      5.20477e+9 
        2091.15      5.02102e+9 
        2114.28      4.85276e+9 
        2126.36      4.76781e+9 
        2145.92      4.63435e+9 
        2165.47      4.50574e+9 
        2194.48      4.32346e+9 
        2204.59      4.26223e+9 
         2214.7      4.20213e+9 
        2234.91      4.08542e+9 
        2263.91       3.9252e+9 
        2288.52       3.7957e+9 
        2313.08      3.67192e+9 
        2325.88      3.60956e+9 
        2338.68      3.54859e+9 
        2362.35      3.43929e+9 
        2409.27      3.23543e+9 
        2456.14      3.04717e+9 
         2469.5      2.99616e+9 
         2481.1      2.95272e+9 
        2498.61      2.88872e+9 
        2510.01      2.84803e+9 
        2521.41       2.8081e+9 
        2544.21      2.73041e+9 
        2559.23      2.68071e+9 
        2589.28       2.5849e+9 
        2619.32      2.49343e+9 
        2641.05      2.42985e+9 
        2657.67      2.38264e+9 
        2674.29      2.33668e+9 
        2707.52      2.24813e+9 
        2756.11      2.12626e+9 
        2804.69      2.01287e+9 
        2852.01      1.90981e+9 
        2862.16       1.8886e+9 
        2872.32       1.8677e+9 
        2892.64      1.82677e+9 
        2913.55      1.78582e+9 
        2933.27      1.74828e+9 
        2952.98      1.71174e+9 
        2992.41      1.64163e+9 
        3051.42      1.54345e+9 
        3070.99      1.51258e+9 
        3110.43      1.45274e+9 
        3149.86      1.39588e+9 
        3189.29      1.34187e+9 
        3209.14      1.31568e+9 
        3228.16      1.29121e+9 
        3248.29      1.26593e+9 
        3287.44       1.2186e+9 
        3346.73      1.15111e+9 
        3366.86       1.1293e+9 
        3406.02      1.08836e+9 
        3425.03      1.06917e+9 
        3445.17       1.0493e+9 
        3484.32      1.01203e+9 
        3495.92      1.00131e+9 
         3543.6      9.58714e+8 
        3591.28       9.1841e+8 
        3635.88      8.82615e+8 
        3647.12      8.73875e+8 
        3658.96      8.64771e+8 
        3671.11      8.55487e+8 
         3682.7      8.46763e+8 
        3692.77      8.39302e+8 
        3702.89      8.31931e+8 
        3712.93      8.24891e+8 
        3723.11      8.17967e+8 
        3733.34      8.10324e+8 
        3743.51      8.06799e+8 
        3753.66      8.00095e+8 
        3764.81      7.92558e+8 
        3775.47      7.89008e+8 
        3786.22      7.93111e+8 
        3796.45      7.37178e+8 
        3807.45      7.89463e+8 
        3817.46      8.01024e+8 
        3827.65      7.40005e+8 
        3837.98      6.79781e+8 
        3848.91       7.9001e+8 
        3861.47      8.24285e+8 
        3873.19        7.722e+8 
        3883.31      6.51312e+8 
        3893.59      6.28469e+8 
        3904.18      7.60165e+8 
        3914.21      8.26148e+8 
        3924.52       8.4621e+8 
         3935.4      8.36744e+8 
        3945.81      7.89699e+8 
        3956.32      6.94239e+8 
        3966.88      5.32836e+8 
        3977.86      6.06403e+8 
        3988.87      7.31671e+8 
        3998.89      7.95951e+8 
         4008.9      8.24577e+8 
        4018.94      8.32522e+8 
        4029.01      8.31982e+8 
        4039.29      8.26211e+8 
        4049.71      8.14401e+8 
        4060.76      7.89957e+8 
        4071.35      7.46832e+8 
        4082.28      6.72225e+8 
        4093.69      5.43326e+8 
        4103.79      4.38086e+8 
        4114.23      5.91263e+8 
        4125.26      6.80428e+8 
        4135.54      7.27354e+8 
        4146.66      7.52041e+8 
        4158.83      7.59945e+8 
        4173.82      7.57824e+8 
        4188.82      7.51667e+8 
        4203.81      7.43945e+8 
        4216.52      7.36747e+8 
        4228.81      7.29355e+8 
        4243.81      7.19651e+8 
         4258.8      7.08247e+8 
         4273.8      6.93016e+8 
        4288.79      6.70303e+8 
        4303.79      6.33634e+8 
        4314.07      5.92614e+8 
        4326.14      5.11913e+8 
        4336.17      4.02997e+8 
        4346.39      4.21922e+8 
        4357.43      5.21162e+8 
        4367.98      5.74654e+8 
        4378.77      6.02909e+8 
        4393.77      6.19761e+8 
        4408.76      6.24109e+8 
        4423.76      6.21954e+8 
        4438.75       6.1677e+8 
        4453.75      6.10449e+8 
        4468.74      6.03773e+8 
        4483.74      5.96969e+8 
        4498.74      5.90142e+8 
        4513.73      5.83334e+8 
        4527.19      5.77261e+8 
        4538.73      5.72097e+8 
        4553.72       5.6544e+8 
        4568.72      5.58855e+8 
        4583.72      5.52345e+8 
        4596.53      5.46841e+8 
        4608.71      5.41673e+8 
         4623.7      5.35356e+8 
         4638.7      5.29104e+8 
         4653.7      5.22909e+8 
        4668.69      5.16761e+8 
        4683.69      5.10641e+8 
        4698.68      5.04524e+8 
        4713.68      4.98354e+8 
        4724.83      4.93695e+8 
        4738.67      4.87739e+8 
        4753.67      4.80909e+8 
        4768.67      4.73381e+8 
        4783.66      4.64758e+8 
        4798.66      4.53615e+8 
        4813.65      4.37636e+8 
        4826.15      4.16892e+8 
        4836.81      3.88917e+8 
        4847.02       3.4762e+8 
        4857.32       2.8105e+8 
        4867.97      2.99992e+8 
        4878.64        3.538e+8 
        4891.13      3.88502e+8 
        4903.63      4.05231e+8 
        4915.55      4.12337e+8 
        4928.62      4.15017e+8 
        4943.62      4.14612e+8 
        4958.61      4.12378e+8 
        4973.61      4.09271e+8 
        4988.61      4.05655e+8 
         5003.6      4.01775e+8 
         5018.6       3.9776e+8 
         5033.6      3.93686e+8 
        5048.59      3.89592e+8 
        5063.59      3.85514e+8 
        5078.58      3.81465e+8 
        5093.58       3.7745e+8 
        5108.57      3.73473e+8 
        5123.57      3.69542e+8 
        5138.57      3.65659e+8 
        5153.56      3.61827e+8 
        5168.56      3.58038e+8 
        5183.56      3.54296e+8 
        5198.55      3.50602e+8 
        5213.55      3.46957e+8 
        5228.54      3.43354e+8 
        5243.54      3.39801e+8 
        5258.53      3.36292e+8 
        5273.53      3.32827e+8 
        5288.53      3.29405e+8 
        5303.52      3.26028e+8 
        5318.52      3.22695e+8 
        5333.52      3.19406e+8 
        5348.51      3.16154e+8 
        5363.51      3.12964e+8 
         5378.5      3.09794e+8 
         5393.5      3.06665e+8 
        5408.49      3.03576e+8 
        5423.49      3.00525e+8 
        5438.49      2.97513e+8 
        5453.48      2.94539e+8 
        5468.48      2.91603e+8 
        5483.48      2.88703e+8 
        5498.47      2.85839e+8 
        5513.47      2.83012e+8 
        5528.46      2.80219e+8 
        5543.46      2.77462e+8 
        5558.45      2.74738e+8 
        5573.45      2.72048e+8 
        5588.45      2.69391e+8 
        5603.44      2.66766e+8 
        5618.44      2.64173e+8 
        5633.43      2.61612e+8 
        5648.43      2.59082e+8 
        5663.43      2.56582e+8 
        5673.98      2.54841e+8 
         5686.2      2.52844e+8 
        5698.42      2.50867e+8 
        5708.88      2.49188e+8 
        5723.41      2.46881e+8 
        5738.41      2.44529e+8 
         5753.4      2.42204e+8 
         5768.4      2.39896e+8 
        5783.39      2.37626e+8 
        5798.39      2.35384e+8 
        5813.39      2.33167e+8 
        5828.38      2.30977e+8 
        5843.38      2.28812e+8 
        5858.37      2.26673e+8 
        5873.37      2.24559e+8 
        5888.37       2.2247e+8 
        5903.36      2.20405e+8 
        5918.36      2.18364e+8 
        5933.35      2.16346e+8 
        5948.35      2.14352e+8 
        5963.35       2.1238e+8 
        5978.34      2.10432e+8 
        5993.34      2.08505e+8 
        6008.33      2.06601e+8 
        6023.33      2.04717e+8 
        6038.32      2.02856e+8 
        6053.32      2.01015e+8 
        6068.32      1.99195e+8 
        6083.31      1.97395e+8 
        6098.31      1.95615e+8 
        6113.31      1.93855e+8 
         6128.3      1.92114e+8 
         6143.3      1.90392e+8 
        6158.29      1.88689e+8 
        6173.29      1.87004e+8 
        6188.28      1.85337e+8 
        6203.28      1.83687e+8 
        6218.28      1.82055e+8 
        6233.27      1.80439e+8 
        6244.38      1.79252e+8 
        6256.04      1.78015e+8 
        6266.59      1.76905e+8 
        6278.26      1.75684e+8 
        6290.52       1.7441e+8 
        6302.31      1.73194e+8 
        6312.59       1.7214e+8 
        6323.25      1.71052e+8 
        6338.24      1.69532e+8 
        6353.24      1.68021e+8 
        6368.24      1.66515e+8 
        6383.23       1.6501e+8 
        6398.23        1.635e+8 
        6413.22      1.61974e+8 
        6428.22      1.60415e+8 
        6443.22      1.58796e+8 
        6458.21      1.57072e+8 
        6473.21      1.55173e+8 
         6488.2      1.52959e+8 
         6503.2      1.50113e+8 
         6518.2      1.45957e+8 
        6532.67      1.39293e+8 
        6543.19       1.3126e+8 
        6553.54      1.18612e+8 
        6563.64      9.10575e+7 
        6574.47      1.20776e+8 
        6586.28      1.31435e+8 
        6598.17       1.3693e+8 
         6608.5      1.39307e+8 
        6618.82      1.40441e+8 
        6629.14      1.40857e+8 
        6639.46      1.40849e+8 
        6649.78      1.40583e+8 
        6670.42      1.39637e+8 
        6691.06      1.38407e+8 
        6711.48      1.37057e+8 
         6752.3      1.34219e+8 
        6824.78      1.29154e+8 
        6897.26      1.24254e+8 
        6969.74      1.19561e+8 
        7042.22      1.15078e+8 
        7109.15       1.1112e+8 
        7176.07      1.07332e+8 
           7243      1.03702e+8 
        7309.93      1.00225e+8 
        7360.21      9.77082e+7 
        7376.86      9.68936e+7 
        7393.51      9.60859e+7 
        7426.82      9.44966e+7 
        7493.43       9.1415e+7 
        7560.04      8.84585e+7 
        7575.42      8.77931e+7 
        7626.65      8.56207e+7 
        7677.88      8.35152e+7 
        7729.11      8.14747e+7 
        7780.35      7.94964e+7 
        7831.58      7.75782e+7 
        7882.81      7.57171e+7 
        7905.84       7.4899e+7 
        7934.04      7.39116e+7 
        7962.25      7.29406e+7 
        8018.66      7.10468e+7 
         8067.6      6.94534e+7 
        8082.55      6.89756e+7 
         8097.5      6.85018e+7 
         8127.4      6.75662e+7 
        8171.58      6.62138e+7 
        8187.21      6.57432e+7 
        8200.85       6.5336e+7 
        8216.85      6.48626e+7 
        8232.84      6.43935e+7 
        8264.83       6.3468e+7 
        8289.72      6.27599e+7 
        8328.82       6.1666e+7 
        8367.92      6.05947e+7 
        8437.95      5.87506e+7 
        8473.98      5.78226e+7 
        8502.48      5.70975e+7 
        8516.58      5.67447e+7 
        8530.98      5.63822e+7 
        8545.38      5.60485e+7 
        8574.18      5.53944e+7 
        8598.39      5.48268e+7 
         8628.6      5.41689e+7 
        8646.81      5.37354e+7 
        8665.01      5.32877e+7 
        8701.43      5.25532e+7 
        8725.22      5.19575e+7 
        8737.85      5.16041e+7 
        8750.47       5.1256e+7 
        8763.09      5.10713e+7 
        8775.71      5.08878e+7 
        8786.57      5.07006e+7 
        8800.96      5.04018e+7 
        8815.35      5.00449e+7 
        8825.48      4.97785e+7 
        8844.13      4.91948e+7 
        8862.78      4.85762e+7 
        8881.43      4.85162e+7 
        8900.08      4.84116e+7 
        8918.73      4.81883e+7 
        8937.38      4.78257e+7 
        8956.03      4.73432e+7 
        8971.75      4.68069e+7 
        8993.33      4.58971e+7 
        9004.12      4.53599e+7 
        9014.91      4.48698e+7 
         9025.7      4.50058e+7 
        9036.49      4.51852e+7 
        9052.67      4.53586e+7 
        9063.46      4.53913e+7 
        9074.25      4.53828e+7 
        9091.93       4.5255e+7 
        9107.51      4.50448e+7 
        9123.08      4.47485e+7 
        9138.66      4.43847e+7 
        9154.24      4.39151e+7 
        9169.82      4.33351e+7 
         9185.4      4.25975e+7 
        9200.98        4.172e+7 
        9216.56      4.06337e+7 
        9229.01      3.98071e+7 
        9241.46      4.02636e+7 
        9263.25      4.10443e+7 
         9275.7      4.13126e+7 
        9288.15       4.1491e+7 
         9300.6      4.15711e+7 
        9313.05         4.16e+7 
         9325.5      4.15589e+7 
        9337.96      4.14659e+7 
        9362.86      4.11944e+7 
        9384.08      4.08963e+7 
        9405.31      4.05291e+7 
        9426.53      4.01068e+7 
        9447.76      3.95875e+7 
        9458.37      3.92796e+7 
        9468.99      3.89234e+7 
         9479.6      3.84902e+7 
        9490.21      3.79982e+7 
        9500.82      3.73554e+7 
        9511.44      3.65747e+7 
        9522.05      3.55911e+7 
        9532.66      3.44485e+7 
        9543.27      3.31944e+7 
        9553.36      3.35905e+7 
         9572.2      3.51145e+7 
        9582.96       3.5779e+7 
        9593.73      3.62229e+7 
        9604.49       3.6511e+7 
        9615.25      3.66737e+7 
        9626.02      3.67745e+7 
        9636.78      3.68009e+7 
        9647.54      3.67902e+7 
        9668.45      3.66809e+7 
        9689.36      3.64849e+7 
        9710.26      3.62549e+7 
        9752.08      3.57296e+7 
        9793.89      3.51723e+7 
         9835.7      3.45889e+7 
        9877.52      3.39704e+7 
        9902.58      3.35252e+7 
        9919.33      3.31941e+7 
        9936.08      3.28086e+7 
        9952.82      3.23619e+7 
        9969.56      3.18385e+7 
        9986.31      3.11682e+7 
        10003.1      3.03037e+7 
        10019.8      2.91692e+7 
        10032.4      2.80245e+7 
        10042.7      2.67477e+7 
        10052.7      2.61823e+7 
        10063.8      2.74702e+7 
        10077.2      2.84538e+7 
          10095      2.92816e+7 
        10112.8      2.97787e+7 
        10130.5      3.00461e+7 
        10157.2      3.01676e+7 
          10175      3.01591e+7 
        10192.8      3.00839e+7 
        10210.6      2.99748e+7 
        10237.2      2.97619e+7 
        10290.3      2.92514e+7 
        10343.5      2.87098e+7 
        10396.6      2.81675e+7 
        10449.7      2.76207e+7 
        10502.9      2.70924e+7 
          10556      2.65787e+7 
        10609.1      2.60631e+7 
        10662.3      2.55478e+7 
        10715.4      2.50157e+7 
          10742      2.47327e+7 
        10768.5      2.44244e+7 
        10795.1      2.40849e+7 
        10821.7      2.36866e+7 
        10834.9      2.34479e+7 
        10848.2      2.31732e+7 
        10861.5      2.28503e+7 
        10874.8       2.2452e+7 
        10888.1      2.19617e+7 
        10901.4      2.13431e+7 
        10914.6      2.05391e+7 
        10927.9      1.93531e+7 
        10938.1      1.75331e+7 
          10949      1.93044e+7 
        10961.1      2.02049e+7 
        10973.2      2.07731e+7 
        10985.3       2.1166e+7 
        10997.4      2.14482e+7 
        11009.5      2.16374e+7 
        11021.6      2.17602e+7 
        11033.7      2.18288e+7 
        11045.8      2.18625e+7 
        11057.9      2.18693e+7 
          11070      2.18537e+7 
        11094.2      2.17792e+7 
        11118.4      2.16705e+7 
        11142.6      2.15388e+7 
          11191      2.12359e+7 
        11260.9      2.07648e+7 
        11330.8      2.02885e+7 
        11400.8      1.98203e+7 
        11470.7      1.93682e+7 
        11540.6      1.89221e+7 
        11610.6      1.84888e+7 
        11680.5      1.80677e+7 
        11750.4      1.76587e+7 
        11820.3      1.72611e+7 
        11890.3      1.68746e+7 
        11960.2      1.64989e+7 
        12030.1      1.61307e+7 
        12100.1      1.57748e+7 
          12170      1.54283e+7 
        12195.2      1.53055e+7 
        12239.9      1.50906e+7 
        12284.6       1.4879e+7 
          12374      1.44644e+7 
        12463.4      1.40576e+7 
        12552.9      1.36474e+7 
        12597.6      1.34329e+7 
        12642.3      1.31978e+7 
        12664.6      1.30653e+7 
          12687      1.29152e+7 
        12709.3      1.27357e+7 
        12720.5      1.26295e+7 
        12731.7      1.25084e+7 
        12742.8      1.23679e+7 
          12754      1.22021e+7 
        12765.2      1.20043e+7 
        12776.4      1.17621e+7 
        12787.5      1.14631e+7 
        12798.7      1.10556e+7 
        12809.9       1.0393e+7 
          12820      9.64117e+6 
        12832.2      1.07153e+7 
        12845.1      1.11773e+7 
        12855.4      1.14096e+7 
        12865.7      1.15764e+7 
          12876      1.17008e+7 
        12886.3      1.17918e+7 
        12896.6      1.18573e+7 
        12906.9       1.1902e+7 
        12917.2      1.19309e+7 
        12927.5      1.19474e+7 
        12948.2      1.19522e+7 
        12968.8      1.19318e+7 
        12989.4      1.18956e+7 
        13030.6      1.17966e+7 
        13071.8      1.16782e+7 
        13154.2      1.14218e+7 
          13165      1.13875e+7 
        13236.7       1.1159e+7 
        13308.4      1.09326e+7 
          13380      1.07104e+7 
        13451.7       1.0493e+7 
        13523.4      1.02807e+7 
          13595      1.00735e+7 
        13666.7      9.87233e+6 
        13738.4      9.67501e+6 
          13810      9.48261e+6 
        13881.7      9.29494e+6 
        13953.4      9.11191e+6 
          14025      8.93337e+6 
        14096.7      8.75917e+6 
        14168.4      8.58921e+6 
          14240      8.42333e+6 
        14291.3      8.30706e+6 
        14311.7      8.26145e+6 
        14332.1      8.21614e+6 
        14372.8      8.12648e+6 
        14450.9      7.95797e+6 
        14464.4      7.92938e+6 
        14477.8      7.90092e+6 
        14504.7      7.84434e+6 
          14534      7.78355e+6 
        14558.6      7.73275e+6 
        14581.2      7.68644e+6 
        14597.2      7.65393e+6 
        14613.2       7.6216e+6 
        14645.2      7.55748e+6 
        14709.2      7.43122e+6 
        14773.2      7.30756e+6 
        14837.1      7.18649e+6 
        14901.1      7.06789e+6 
        14965.1      6.95175e+6 
        15029.1      6.83796e+6 
        15093.1      6.72653e+6 
        15157.1      6.61733e+6 
          15221      6.51035e+6 
          15285      6.40552e+6 
          15349      6.30279e+6 
          15413      6.20213e+6 
        15471.6      6.11169e+6 
        15482.4      6.09522e+6 
        15493.1      6.07908e+6 
        15514.7      6.04694e+6 
        15557.9      5.98329e+6 
        15644.2       5.8585e+6 
        15730.5      5.73699e+6 
        15816.8      5.61858e+6 
        15903.1      5.50322e+6 
        15989.4      5.39082e+6 
        16075.8      5.28127e+6 
        16162.1      5.17449e+6 
        16248.4       5.0704e+6 
        16289.9      5.02127e+6 
        16334.7       4.9689e+6 
        16379.5      4.91722e+6 
        16469.1      4.81678e+6 
        16558.8      4.71892e+6 
        16648.4      4.62354e+6 
          16738      4.53052e+6 
        16827.7      4.43986e+6 
        16917.3      4.35142e+6 
        17006.9      4.26518e+6 
        17096.6      4.18105e+6 
        17186.2      4.09899e+6 
        17275.8      4.01895e+6 
        17327.7      3.97349e+6 
        17365.5      3.94081e+6 
        17403.2      3.90846e+6 
        17478.8      3.84399e+6 
        17554.3      3.78084e+6 
        17629.9      3.71899e+6 
        17705.4      3.65835e+6 
          17781      3.59898e+6 
        17856.5      3.54079e+6 
        17932.1      3.48377e+6 
        18007.6       3.4266e+6 
        18083.2      3.37143e+6 
        18158.7      3.31724e+6 
        18234.3       3.2638e+6 
        18309.8       3.2109e+6 
        18343.7      3.18721e+6 
        18385.3      3.15809e+6 
          18427      3.12866e+6 
        18510.2      3.06664e+6 
        18551.8      3.03204e+6 
        18593.4      2.99182e+6 
        18614.2      2.96789e+6 
          18635      2.93965e+6 
        18655.8      2.90475e+6 
        18666.2      2.88379e+6 
        18676.6       2.8597e+6 
          18687      2.83157e+6 
        18697.4      2.79831e+6 
        18707.8      2.75784e+6 
        18718.2      2.70707e+6 
        18728.6      2.63819e+6 
          18739      2.53318e+6 
        18749.4      2.29475e+6 
        18760.8      2.48801e+6 
        18772.5      2.60657e+6 
        18785.9      2.67961e+6 
        18799.3      2.72462e+6 
        18812.8      2.75466e+6 
        18826.2      2.77527e+6 
        18839.6      2.78909e+6 
          18853        2.798e+6 
        18866.4      2.80318e+6 
        18879.9      2.80554e+6 
        18906.7      2.80447e+6 
        18933.5      2.79843e+6 
        18987.2      2.77847e+6 
        19040.9      2.75341e+6 
        19094.6      2.72629e+6 
        19148.3      2.69839e+6 
        19201.9      2.67025e+6 
        19255.6      2.64214e+6 
        19309.3      2.61418e+6 
          19363      2.58644e+6 
        19382.7      2.57635e+6 
        19416.7      2.55899e+6 
        19450.7      2.54176e+6 
        19518.7      2.50759e+6 
        19586.7      2.47447e+6 
        19654.7      2.44122e+6 
        19722.7      2.40854e+6 
        19790.7       2.3764e+6 
        19858.7      2.34479e+6 
        19926.7      2.31371e+6 
        19994.7      2.28314e+6 
        20062.7      2.25307e+6 
        20130.7      2.22349e+6 
        20198.7      2.19439e+6 
        20266.7      2.16577e+6 
        20334.7      2.13761e+6 
        20402.7      2.10991e+6 
          20467      2.08411e+6 
        20481.7      2.07827e+6 
        20496.4      2.07245e+6 
        20525.8      2.06087e+6 
        20584.6      2.03794e+6 
        20643.4      2.01533e+6 
        20702.2      1.99303e+6 
          20761      1.97104e+6 
        20819.8      1.94936e+6 
        20878.6      1.92796e+6 
        20937.4      1.90687e+6 
        20996.2      1.88605e+6 
        21054.9      1.86552e+6 
        21113.7      1.84527e+6 
        21172.5      1.82529e+6 
        21231.3      1.80558e+6 
        21290.1      1.78614e+6 
        21348.9      1.76696e+6 
        21407.7      1.74803e+6 
        21466.5      1.72936e+6 
        21525.3      1.71093e+6 
        21537.5      1.70713e+6 
        21584.1      1.69275e+6 
        21630.6      1.67852e+6 
        21723.7      1.65051e+6 
        21816.8      1.62307e+6 
          21910       1.5962e+6 
        22003.1      1.56989e+6 
        22096.2      1.54411e+6 
        22189.3      1.51886e+6 
        22282.4      1.49412e+6 
        22375.5      1.46988e+6 
        22468.6      1.44613e+6 
        22561.7      1.42286e+6 
        22654.8      1.40005e+6 
        22709.1      1.38698e+6 
          22748       1.3777e+6 
        22784.8      1.36897e+6 
        22800.8      1.36521e+6 
        22816.8      1.36146e+6 
        22848.8      1.35399e+6 
        22912.8      1.33922e+6 
        22976.8      1.32465e+6 
        23040.8      1.31027e+6 
        23104.8      1.29609e+6 
        23168.7       1.2821e+6 
        23232.7      1.26829e+6 
        23296.7      1.25468e+6 
        23360.7      1.24124e+6 
        23424.7      1.22798e+6 
        23488.6       1.2149e+6 
        23552.6        1.202e+6 
        23616.6      1.18926e+6 
        23680.6       1.1767e+6 
        23744.6      1.16429e+6 
        23808.6      1.15205e+6 
        23872.5      1.13997e+6 
        23936.5      1.12805e+6 
        24000.5      1.11629e+6 
        24064.5      1.10467e+6 
        24128.5      1.09321e+6 
        24192.5       1.0819e+6 
        24256.4      1.07073e+6 
        24320.4       1.0597e+6 
        24384.4      1.04882e+6 
        24448.4      1.03807e+6 
        24512.4      1.02746e+6 
        24576.3      1.01699e+6 
        24640.3      1.00665e+6 
        24704.3          996441 
        24768.3          986363 
        24832.3          976410 
        24896.3          966580 
        24960.2          956876 
        25004.4          950244 
        25024.2          947294 
          25044          944353 
        25083.6          938535 
        25162.8          927037 
        25241.9          915715 
        25321.1          904562 
        25400.2          893582 
        25479.4          882766 
        25558.5          872112 
        25637.7          861619 
        25716.9          851287 
          25796          841105 
        25875.2          831077 
        25954.3          821197 
        26033.5          811464 
        26112.7          801876 
        26191.8          792426 
          26271          783117 
        26350.1          773944 
        26429.3          764906 
        26508.4          755996 
        26587.6          747218 
        26666.8          738566 
        26745.9          730040 
        26825.1          721636 
        26904.2          713352 
        26983.4          705187 
        27062.6          697138 
        27141.7          689203 
        27220.9          681383 
        27299.2          673752 
        27377.5          666228 
        27455.8          658808 
        27534.2          651488 
        27612.5          644272 
        27690.8          637153 
        27769.1          630134 
        27847.5          623210 
        27925.8          616384 
        28004.1          609648 
        28082.4          603004 
        28160.8          596450 
        28239.1          589985 
        28317.4          583607 
        28395.7          577315 
          28474          571107 
        28552.4          564981 
        28630.7          558940 
          28709          552977 
        28787.3          547093 
        28865.7          541287 
          28944          535560 
        29022.3          529905 
        29100.6          524326 
          29179          518821 
        29257.3          513387 
        29335.6          508024 
        29413.9          502730 
        29492.3          497506 
        29570.6          492347 
        29648.9          487255 
        29727.2          482231 
        29805.5          477271 
        29883.9          472373 
        29932.6          469357 
        29962.2          467538 
        29991.8          465725 
