# Koester WD models
# teff = 26000 K (value for the effective temperature for the model. Temperatures are given in K)
# logg = 7.75 log(cm/s2) (value for Log(G) for the model.)
#
# column 1: WAVELENGTH (ANGSTROM), Wavelength in Angstrom
# column 2: FLUX (ERG/CM2/S/A), Flux in erg/cm2/s/A
         899.23      2.64767e+8 
        909.241      2.76926e+8 
        919.241      3.89064e+8 
        929.261       4.7258e+8 
        939.271      1.18241e+9 
         949.28      2.90322e+8 
        959.289      8.26735e+9 
        969.297      1.38885e+9 
        979.305      6.80108e+9 
        989.312     2.42937e+10 
        999.319     3.09437e+10 
        1009.33      2.1246e+10 
        1019.33      3.81565e+9 
        1029.34      2.57005e+9 
        1039.34     1.90771e+10 
        1049.35      3.6511e+10 
        1059.36     4.43706e+10 
        1069.36     4.70655e+10 
        1079.36     4.75929e+10 
        1089.37     4.71735e+10 
        1099.37     4.63071e+10 
        1109.38     4.52132e+10 
        1119.38      4.3987e+10 
        1129.38     4.26653e+10 
        1139.39     4.12444e+10 
        1149.39     3.96818e+10 
        1159.39       3.787e+10 
        1169.39     3.55619e+10 
         1179.4     3.21803e+10 
         1189.4     2.63645e+10 
         1199.4     1.58541e+10 
         1209.4      3.93572e+9 
        1219.41      2.98081e+9 
        1229.41     1.37219e+10 
        1239.41     2.30901e+10 
        1249.41     2.70491e+10 
        1259.41     2.83624e+10 
        1269.41     2.86026e+10 
        1279.42     2.83844e+10 
        1289.42     2.79582e+10 
        1299.42     2.74343e+10 
        1309.42     2.68652e+10 
        1319.42      2.6279e+10 
        1329.42     2.56889e+10 
        1339.42     2.51031e+10 
        1349.42     2.45265e+10 
        1359.42     2.39614e+10 
        1369.42     2.34094e+10 
        1379.42     2.28707e+10 
        1389.42     2.23454e+10 
        1399.42     2.18343e+10 
        1409.42     2.13372e+10 
        1419.42      2.0855e+10 
        1429.42     2.03863e+10 
        1439.42      1.9931e+10 
        1454.42     1.92722e+10 
        1464.42     1.88486e+10 
        1474.42     1.84369e+10 
        1489.42     1.78412e+10 
        1504.42     1.72708e+10 
        1514.42     1.69039e+10 
        1529.42     1.63726e+10 
        1544.42     1.58631e+10 
        1559.42     1.53744e+10 
        1570.19     1.50357e+10 
        1584.41     1.46031e+10 
        1599.41     1.41647e+10 
        1614.41     1.37433e+10 
        1629.41     1.33384e+10 
        1644.41     1.29492e+10 
        1659.41     1.25753e+10 
        1670.17     1.23155e+10 
         1684.4     1.19832e+10 
         1699.4     1.16461e+10 
         1714.4     1.13215e+10 
         1729.4     1.10086e+10 
         1744.4     1.07069e+10 
        1759.39      1.0416e+10 
         1771.7      1.0185e+10 
        1784.39      9.95398e+9 
        1799.39       9.6898e+9 
           1824      9.27584e+9 
        1834.77      9.10198e+9 
        1845.54      8.93258e+9 
           1864       8.6516e+9 
        1876.29      8.47102e+9 
        1888.59      8.29547e+9 
        1906.98      8.04166e+9 
        1919.37      7.87641e+9 
        1931.76      7.71578e+9 
        1944.47      7.55537e+9 
        1956.53      7.40725e+9 
         1967.6      7.27461e+9 
        1992.71      6.98543e+9 
        2017.81      6.71107e+9 
        2042.92       6.4507e+9 
        2067.03      6.21281e+9 
        2091.15      5.98668e+9 
        2114.28      5.77978e+9 
        2126.36      5.67541e+9 
        2145.92      5.51164e+9 
        2165.47      5.35393e+9 
        2194.48      5.13075e+9 
        2204.59      5.05586e+9 
         2214.7      4.98238e+9 
        2234.91      4.83975e+9 
        2263.91      4.64415e+9 
        2288.52      4.48632e+9 
        2313.08      4.33559e+9 
        2325.88      4.25975e+9 
        2338.68      4.18564e+9 
        2362.35      4.05287e+9 
        2385.81      3.92671e+9 
        2409.27      3.80557e+9 
        2432.73      3.68924e+9 
        2456.14      3.57768e+9 
        2469.49      3.51607e+9 
        2481.09      3.46364e+9 
        2498.55      3.38657e+9 
        2510.01      3.33722e+9 
        2521.47      3.28881e+9 
        2544.39      3.19469e+9 
        2559.23      3.13555e+9 
        2588.91      3.02164e+9 
         2618.6      2.91295e+9 
        2638.89      2.84152e+9 
        2657.67      2.77743e+9 
        2676.45      2.71528e+9 
           2714      2.59622e+9 
        2747.01      2.49704e+9 
        2765.21      2.44444e+9 
        2783.41      2.39328e+9 
        2819.82      2.29501e+9 
        2854.55      2.20605e+9 
        2889.27      2.12156e+9 
           2924      2.04116e+9 
        2952.98      1.97698e+9 
        2970.49      1.93952e+9 
        2981.97      1.91544e+9 
        3010.95      1.85633e+9 
        3051.42      1.77765e+9 
        3091.89      1.70324e+9 
        3114.85      1.66278e+9 
        3132.35      1.63275e+9 
        3149.86      1.60341e+9 
        3184.87      1.54675e+9 
        3216.58      1.49762e+9 
        3248.29      1.45045e+9 
        3276.71      1.40981e+9 
        3311.72      1.36172e+9 
        3346.73      1.31569e+9 
        3381.74      1.27166e+9 
        3416.75      1.22949e+9 
        3445.17      1.19654e+9 
        3460.41      1.17934e+9 
        3502.01      1.13398e+9 
         3543.6       1.0908e+9 
        3579.11       1.0556e+9 
        3591.28      1.04384e+9 
        3603.46      1.03225e+9 
        3616.64      1.01989e+9 
         3627.8      1.00958e+9 
        3638.96      9.99385e+8 
        3651.32      9.88248e+8 
         3663.4       9.7751e+8 
        3673.95       9.6817e+8 
         3684.5      9.58981e+8 
         3695.3      9.49675e+8 
        3705.37      9.41108e+8 
        3715.64      9.32547e+8 
        3725.75      9.24329e+8 
        3735.82      9.16098e+8 
        3746.45      9.07653e+8 
        3757.47      9.00833e+8 
        3768.55      8.88555e+8 
        3778.93      8.87418e+8 
        3790.45      8.74277e+8 
        3800.56        8.608e+8 
        3811.59      8.74349e+8 
        3822.57      8.58761e+8 
        3832.73      8.12586e+8 
        3842.75      8.35946e+8 
        3853.31      8.68685e+8 
        3863.68      8.66809e+8 
        3873.85      8.27216e+8 
         3884.4      7.43668e+8 
        3894.46      7.48679e+8 
        3906.64      8.38607e+8 
        3918.89      8.78515e+8 
        3929.56      8.80793e+8 
        3940.04      8.55217e+8 
        3950.65      7.92115e+8 
        3962.28      6.77359e+8 
        3972.79      6.07081e+8 
        3982.85      7.21778e+8 
        3993.25      8.00751e+8 
        4003.87      8.52738e+8 
        4018.86      8.77893e+8 
        4032.38       8.7849e+8 
        4043.86      8.68273e+8 
        4056.35      8.41265e+8 
        4068.85      7.87484e+8 
        4080.56       7.1109e+8 
        4092.03       6.0022e+8 
        4102.05      4.56722e+8 
        4113.31      6.12073e+8 
        4123.84      6.96645e+8 
           4134      7.50863e+8 
        4146.66      7.94235e+8 
        4158.83      8.11941e+8 
        4173.82      8.16509e+8 
        4188.82      8.13324e+8 
        4203.81      8.06745e+8 
        4216.52      7.99692e+8 
        4228.81      7.91703e+8 
        4243.81      7.80252e+8 
         4258.8      7.65377e+8 
         4273.8      7.43785e+8 
        4288.79      7.09808e+8 
        4303.79      6.59951e+8 
        4314.07      6.11222e+8 
        4326.14       5.2923e+8 
        4336.17       4.2819e+8 
        4346.33      4.45632e+8 
        4357.43      5.37627e+8 
        4368.77      5.96868e+8 
        4379.56      6.32447e+8 
        4393.77      6.59288e+8 
        4408.76      6.72873e+8 
        4423.76      6.75483e+8 
        4438.75      6.72543e+8 
        4453.75      6.67152e+8 
        4468.74      6.60727e+8 
        4483.74      6.53765e+8 
        4498.74      6.46615e+8 
        4513.73      6.39374e+8 
        4527.19      6.32855e+8 
        4538.73      6.27272e+8 
        4553.72      6.20044e+8 
        4568.72      6.12862e+8 
        4583.72      6.05734e+8 
        4596.53      5.99686e+8 
        4608.71         5.94e+8 
         4623.7      5.87019e+8 
         4638.7      5.80079e+8 
         4653.7      5.73174e+8 
        4668.69       5.6626e+8 
        4683.69      5.59276e+8 
        4698.68      5.52179e+8 
        4713.68      5.44853e+8 
        4724.83      5.39157e+8 
        4738.67      5.31636e+8 
        4753.67       5.2284e+8 
        4768.67      5.12589e+8 
        4783.66       5.0016e+8 
        4798.66       4.8373e+8 
        4813.65      4.60689e+8 
        4828.65      4.27071e+8 
        4839.16      3.93161e+8 
        4849.39       3.4812e+8 
        4859.63      2.64944e+8 
         4870.3      3.27976e+8 
        4880.32      3.71663e+8 
        4891.13      4.02705e+8 
        4903.63       4.2502e+8 
        4915.55      4.37288e+8 
        4928.62      4.44601e+8 
        4943.62      4.47633e+8 
        4958.61      4.47473e+8 
        4973.61      4.45503e+8 
        4988.61      4.42462e+8 
         5003.6      4.38887e+8 
         5018.6      4.34906e+8 
         5033.6      4.30706e+8 
        5048.59       4.2639e+8 
        5063.59       4.2202e+8 
        5078.58      4.17631e+8 
        5093.58      4.13258e+8 
        5108.57      4.08916e+8 
        5123.57      4.04612e+8 
        5138.57      4.00352e+8 
        5153.56      3.96139e+8 
        5168.56      3.91973e+8 
        5183.56      3.87855e+8 
        5198.55      3.83786e+8 
        5213.55      3.79768e+8 
        5228.54        3.758e+8 
        5243.54      3.71883e+8 
        5258.53      3.68012e+8 
        5273.53      3.64192e+8 
        5288.53      3.60419e+8 
        5303.52      3.56693e+8 
        5318.52      3.53018e+8 
        5333.52      3.49386e+8 
        5348.51      3.45801e+8 
        5363.51      3.42302e+8 
         5378.5      3.38805e+8 
         5393.5      3.35352e+8 
        5408.49      3.31941e+8 
        5423.49      3.28576e+8 
        5438.49      3.25252e+8 
        5453.48      3.21969e+8 
        5468.48       3.1873e+8 
        5483.48      3.15532e+8 
        5498.47       3.1237e+8 
        5513.47      3.09251e+8 
        5528.46       3.0617e+8 
        5543.46      3.03128e+8 
        5558.45      3.00123e+8 
        5573.45      2.97156e+8 
        5588.45      2.94225e+8 
        5603.44      2.91331e+8 
        5618.44      2.88472e+8 
        5633.43      2.85648e+8 
        5648.43      2.82859e+8 
        5663.43      2.80103e+8 
        5673.98      2.78189e+8 
         5686.2      2.75987e+8 
        5698.42      2.73807e+8 
        5708.88      2.71958e+8 
        5723.41      2.69416e+8 
        5738.41      2.66824e+8 
         5753.4      2.64263e+8 
         5768.4      2.61707e+8 
        5783.39      2.59207e+8 
        5798.39      2.56736e+8 
        5813.39      2.54296e+8 
        5828.38      2.51884e+8 
        5843.38      2.49501e+8 
        5858.37      2.47145e+8 
        5873.37      2.44818e+8 
        5888.37      2.42517e+8 
        5903.36      2.40244e+8 
        5918.36      2.37997e+8 
        5933.35      2.35777e+8 
        5948.35      2.33581e+8 
        5963.35      2.31412e+8 
        5978.34      2.29267e+8 
        5993.34      2.27147e+8 
        6008.33      2.25051e+8 
        6023.33      2.22979e+8 
        6038.32       2.2093e+8 
        6053.32      2.18904e+8 
        6068.32        2.169e+8 
        6083.31      2.14919e+8 
        6098.31      2.12959e+8 
        6113.31       2.1102e+8 
         6128.3      2.09102e+8 
         6143.3      2.07204e+8 
        6158.29      2.05326e+8 
        6173.29      2.03467e+8 
        6188.28      2.01626e+8 
        6203.28      1.99803e+8 
        6218.28      1.97997e+8 
        6233.27      1.96208e+8 
        6244.38      1.94891e+8 
        6256.04      1.93519e+8 
        6266.59      1.92288e+8 
        6278.26      1.90933e+8 
        6290.52      1.89516e+8 
        6302.31       1.8816e+8 
        6312.59      1.86982e+8 
        6323.25      1.85762e+8 
        6338.24      1.84051e+8 
        6353.24      1.82344e+8 
        6368.24       1.8063e+8 
        6383.23      1.78902e+8 
        6398.23      1.77146e+8 
        6413.22       1.7534e+8 
        6428.22      1.73455e+8 
        6443.22      1.71435e+8 
        6458.21      1.69194e+8 
        6473.21      1.66604e+8 
         6488.2      1.63476e+8 
         6503.2      1.59397e+8 
         6518.2       1.5364e+8 
        6532.67       1.4531e+8 
        6543.19      1.36454e+8 
        6554.64      1.21609e+8 
        6564.88      1.04731e+8 
        6575.67      1.27128e+8 
        6586.77        1.371e+8 
        6598.17      1.43343e+8 
         6608.5      1.46823e+8 
        6618.82      1.48933e+8 
        6629.14      1.50127e+8 
        6639.46      1.50702e+8 
        6649.78      1.50873e+8 
         6660.1      1.50771e+8 
        6670.42      1.50476e+8 
        6680.74      1.50039e+8 
         6691.3      1.49487e+8 
        6701.39      1.48888e+8 
        6711.48      1.48243e+8 
        6731.66       1.4686e+8 
        6772.02       1.4392e+8 
        6824.78      1.39999e+8 
        6877.54      1.36124e+8 
         6930.3      1.32347e+8 
        6983.06      1.28681e+8 
        7035.82       1.2513e+8 
        7068.02       1.2302e+8 
        7088.58      1.21695e+8 
        7109.15      1.20387e+8 
        7150.27      1.17824e+8 
        7232.53      1.12897e+8 
        7314.78      1.08225e+8 
        7393.51      1.03979e+8 
        7472.25      9.99381e+7 
        7550.98      9.60913e+7 
        7581.55      9.46477e+7 
        7629.72      9.24279e+7 
        7677.88      9.02727e+7 
        7774.21      8.61494e+7 
        7870.55      8.22588e+7 
        7962.25      7.87578e+7 
        8025.35      7.64569e+7 
        8053.95      7.54419e+7 
        8082.55      7.44438e+7 
        8139.75      7.24966e+7 
        8191.03      7.08043e+7 
        8202.85      7.04213e+7 
        8216.85      6.99714e+7 
        8232.84      6.94616e+7 
        8264.83      6.84553e+7 
        8289.72      6.76856e+7 
        8328.82      6.64971e+7 
        8343.44      6.60592e+7 
        8367.92      6.53341e+7 
        8388.68      6.47284e+7 
        8408.65      6.41529e+7 
        8432.02      6.34869e+7 
        8467.25      6.24966e+7 
        8502.48      6.15256e+7 
        8516.58       6.1142e+7 
        8530.98      6.07524e+7 
        8545.38      6.03786e+7 
        8574.18      5.96365e+7 
        8598.39      5.90186e+7 
         8628.6      5.82633e+7 
        8646.81      5.78056e+7 
        8665.01      5.73495e+7 
        8685.59      5.68556e+7 
        8701.43       5.6472e+7 
        8750.47      5.52383e+7 
        8767.92      5.48491e+7 
        8815.35      5.37398e+7 
        8839.07      5.31664e+7 
        8862.78      5.25837e+7 
         8886.5      5.21768e+7 
        8910.21      5.17505e+7 
        8933.93      5.12425e+7 
        8957.65      5.06792e+7 
        8981.36      5.00365e+7 
        8995.25      4.96268e+7 
        9014.91      4.90798e+7 
        9034.57      4.88744e+7 
        9054.23      4.86887e+7 
        9087.39      4.82357e+7 
        9099.72      4.80277e+7 
        9112.05      4.77962e+7 
        9136.72      4.72511e+7 
        9161.38       4.6587e+7 
        9186.05      4.58003e+7 
        9207.53      4.50149e+7 
        9218.27      4.45927e+7 
        9229.01      4.42534e+7 
        9239.75      4.42471e+7 
        9250.49      4.42792e+7 
        9261.23      4.43298e+7 
        9271.97      4.43492e+7 
        9282.71      4.43637e+7 
        9304.19      4.42855e+7 
        9325.68      4.41133e+7 
        9347.16      4.38607e+7 
        9384.08      4.32852e+7 
        9402.55      4.29283e+7 
        9421.01      4.25409e+7 
        9439.47       4.2092e+7 
        9457.93      4.15645e+7 
         9476.4       4.0973e+7 
        9494.86      4.02444e+7 
        9513.32      3.92781e+7 
        9531.79       3.8012e+7 
        9542.42      3.72653e+7 
        9553.05      3.73042e+7 
        9563.69      3.77569e+7 
        9574.32      3.81908e+7 
        9586.73      3.85583e+7 
        9600.91       3.8809e+7 
        9615.08      3.89325e+7 
        9629.26      3.89774e+7 
        9643.44      3.89645e+7 
        9668.45      3.88602e+7 
        9693.46      3.86353e+7 
        9718.47      3.83667e+7 
        9768.49       3.7717e+7 
        9818.52      3.69894e+7 
        9843.53      3.65889e+7 
        9868.54      3.61842e+7 
         9884.3      3.58751e+7 
        9901.43      3.54972e+7 
        9918.56      3.51026e+7 
        9935.69      3.46546e+7 
        9952.82      3.41268e+7 
        9969.95       3.3561e+7 
        9987.08      3.28796e+7 
        10004.2      3.20593e+7 
        10021.3      3.10497e+7 
          10033      3.02339e+7 
        10043.9      2.93991e+7 
        10054.8      2.92854e+7 
        10073.9      3.02845e+7 
        10084.8      3.07272e+7 
        10095.7      3.10697e+7 
        10106.6      3.13266e+7 
        10117.5      3.15259e+7 
        10128.4      3.16729e+7 
        10139.3      3.17533e+7 
        10161.1      3.18837e+7 
        10172.1      3.19004e+7 
        10182.9      3.18906e+7 
        10204.6      3.18259e+7 
        10237.2      3.16343e+7 
        10269.7      3.13562e+7 
        10302.3      3.10373e+7 
        10367.4      3.03562e+7 
        10432.4      2.96657e+7 
        10497.5       2.8947e+7 
        10562.6      2.82739e+7 
        10627.7       2.7578e+7 
        10692.8      2.68464e+7 
        10725.3       2.6446e+7 
        10757.9      2.60041e+7 
        10790.4       2.5485e+7 
        10806.7      2.51986e+7 
          10823      2.48782e+7 
        10839.2      2.45047e+7 
        10855.5      2.40852e+7 
        10871.8      2.35852e+7 
        10888.1      2.29876e+7 
        10904.3      2.22302e+7 
        10916.5      2.15093e+7 
        10928.7      2.05642e+7 
          10939      1.94983e+7 
        10949.6      2.05939e+7 
        10964.1       2.1402e+7 
        10978.6      2.19606e+7 
        10997.9      2.24379e+7 
        11017.2      2.27447e+7 
        11046.2      2.29738e+7 
        11065.6      2.30304e+7 
        11084.9      2.30312e+7 
        11104.3      2.30059e+7 
        11123.6      2.29471e+7 
        11162.3      2.27655e+7 
        11200.9      2.25378e+7 
        11218.3      2.24254e+7 
        11239.6      2.22826e+7 
        11260.9      2.21362e+7 
        11303.5      2.18363e+7 
        11388.7      2.12317e+7 
        11473.8      2.06508e+7 
          11559      2.00714e+7 
        11644.2      1.95121e+7 
        11729.3      1.89721e+7 
        11814.5      1.84506e+7 
        11899.7      1.79469e+7 
        11984.8      1.74603e+7 
          12070      1.69819e+7 
        12155.2      1.65248e+7 
          12196      1.63103e+7 
        12240.3       1.6081e+7 
        12284.6      1.58543e+7 
        12373.2      1.54071e+7 
        12461.9      1.49602e+7 
        12506.2      1.47326e+7 
        12550.5      1.44952e+7 
        12594.8      1.42395e+7 
        12639.1        1.395e+7 
        12661.3      1.37821e+7 
        12683.4      1.35914e+7 
        12705.6      1.33685e+7 
        12727.7      1.30959e+7 
        12738.8       1.2939e+7 
        12749.9      1.27585e+7 
        12760.9      1.25497e+7 
          12772      1.23078e+7 
        12783.1      1.20141e+7 
        12794.2      1.16395e+7 
        12805.3      1.11126e+7 
        12815.5      1.03871e+7 
        12826.8      1.08006e+7 
        12839.6      1.14061e+7 
        12852.4      1.17628e+7 
        12865.2      1.20053e+7 
          12878      1.21775e+7 
        12890.8      1.23067e+7 
        12903.6      1.23984e+7 
        12916.4      1.24648e+7 
        12929.2      1.25119e+7 
          12942      1.25412e+7 
        12954.8      1.25567e+7 
        12967.6      1.25614e+7 
        12993.2      1.25476e+7 
        13018.8      1.25092e+7 
        13044.4      1.24548e+7 
        13095.5      1.23191e+7 
        13146.7      1.21628e+7 
        13197.9      1.19976e+7 
        13249.1      1.18292e+7 
        13292.2      1.16866e+7 
        13308.4      1.16333e+7 
        13324.5      1.15802e+7 
        13356.7      1.14744e+7 
        13421.3       1.1265e+7 
        13485.8      1.10592e+7 
        13550.3      1.08576e+7 
        13614.9      1.06603e+7 
        13679.4      1.04692e+7 
        13743.9        1.028e+7 
        13808.4      1.00949e+7 
          13873      9.91405e+6 
        13937.5      9.73718e+6 
          14002      9.56426e+6 
        14066.5      9.39515e+6 
        14131.1      9.22975e+6 
        14195.6      9.06796e+6 
        14260.1      8.90971e+6 
        14317.2      8.77255e+6 
        14332.1      8.73727e+6 
        14346.9      8.70218e+6 
        14376.6       8.6325e+6 
        14414.5      8.54466e+6 
        14436.1      8.49521e+6 
        14457.6      8.44611e+6 
        14500.7      8.34897e+6 
        14581.2      8.17131e+6 
        14597.2      8.13657e+6 
        14613.2      8.10201e+6 
        14645.2      8.03346e+6 
        14709.2       7.8985e+6 
        14773.2      7.76636e+6 
        14837.1      7.63699e+6 
        14901.1      7.51029e+6 
        14965.1       7.3862e+6 
        15029.1      7.26468e+6 
        15093.1      7.14562e+6 
        15157.1        7.029e+6 
          15221      6.91474e+6 
          15285       6.8028e+6 
          15349      6.69313e+6 
          15413      6.58563e+6 
        15471.6      6.48909e+6 
        15482.4      6.47152e+6 
        15493.1      6.45412e+6 
        15514.7       6.4195e+6 
        15557.9      6.35095e+6 
        15644.2      6.21655e+6 
        15730.5       6.0857e+6 
        15816.8      5.95831e+6 
        15903.1      5.83419e+6 
        15989.4      5.71333e+6 
        16075.8      5.59555e+6 
        16162.1      5.48082e+6 
        16248.4      5.36901e+6 
        16289.9      5.31627e+6 
        16334.7      5.26003e+6 
        16379.5      5.20455e+6 
        16469.1      5.09705e+6 
        16558.8      4.99234e+6 
        16648.4      4.89027e+6 
          16738       4.7908e+6 
        16827.7      4.69385e+6 
        16917.3      4.59935e+6 
        17006.9      4.50721e+6 
        17096.6      4.41736e+6 
        17186.2      4.32977e+6 
        17275.8      4.24432e+6 
        17327.7      4.19585e+6 
        17365.5      4.16098e+6 
        17403.2      4.12645e+6 
        17478.8      4.05844e+6 
        17554.3       3.9918e+6 
        17629.9      3.92652e+6 
        17705.4      3.86256e+6 
          17781      3.79988e+6 
        17856.5       3.7385e+6 
        17932.1      3.67833e+6 
        18007.6      3.61651e+6 
        18083.2      3.55789e+6 
        18158.7      3.50011e+6 
        18234.3      3.44287e+6 
        18309.8      3.38566e+6 
        18343.7      3.35978e+6 
        18385.3      3.32761e+6 
          18427      3.29459e+6 
        18468.6      3.25987e+6 
        18510.2      3.22236e+6 
        18551.8      3.17986e+6 
        18572.6      3.15567e+6 
        18593.4      3.12863e+6 
        18614.2      3.09775e+6 
          18635      3.06151e+6 
        18655.8      3.01747e+6 
        18666.2      2.99161e+6 
        18676.6      2.96236e+6 
          18687      2.92878e+6 
        18697.4      2.88945e+6 
        18707.8      2.84221e+6 
        18718.2       2.7849e+6 
        18728.6      2.71024e+6 
          18739      2.60453e+6 
        18749.4      2.42575e+6 
          18761      2.56705e+6 
        18771.3      2.66822e+6 
        18781.6      2.73572e+6 
        18795.4      2.79672e+6 
        18809.1      2.83923e+6 
        18829.8      2.88128e+6 
        18843.5      2.89973e+6 
        18857.3      2.91318e+6 
          18871      2.92235e+6 
        18884.8      2.92836e+6 
        18912.3      2.93338e+6 
        18939.8      2.93191e+6 
        18967.3       2.9261e+6 
        19022.4      2.90653e+6 
        19077.4       2.8813e+6 
        19132.4       2.8535e+6 
        19187.4      2.82453e+6 
        19242.5      2.79507e+6 
        19297.5      2.76544e+6 
        19352.5      2.73586e+6 
        19364.4      2.72949e+6 
        19407.5      2.70646e+6 
        19450.7      2.68359e+6 
        19536.9      2.63816e+6 
        19623.2      2.59461e+6 
        19709.5      2.55054e+6 
        19795.8      2.50739e+6 
          19882      2.46515e+6 
        19968.3       2.4238e+6 
        20054.6       2.3833e+6 
        20140.8      2.34364e+6 
        20227.1      2.30481e+6 
        20313.4      2.26677e+6 
        20324.9      2.26175e+6 
        20399.6       2.2295e+6 
        20474.4      2.19783e+6 
        20549.2      2.16665e+6 
        20623.9      2.13602e+6 
        20698.7      2.10593e+6 
        20773.4      2.07636e+6 
        20848.2      2.04731e+6 
          20923      2.01877e+6 
        20997.7      1.99072e+6 
        21072.5      1.96315e+6 
        21147.2      1.93606e+6 
          21222      1.90944e+6 
        21296.8      1.88327e+6 
        21371.5      1.85754e+6 
        21446.3      1.83225e+6 
          21521      1.80739e+6 
          21561      1.79428e+6 
        21595.8      1.78295e+6 
        21630.6      1.77171e+6 
        21700.2      1.74947e+6 
        21769.9      1.72758e+6 
        21839.5      1.70603e+6 
        21909.1      1.68481e+6 
        21978.8      1.66392e+6 
        22048.4      1.64335e+6 
          22118       1.6231e+6 
        22187.6      1.60316e+6 
        22257.3      1.58353e+6 
        22326.9      1.56419e+6 
        22396.5      1.54515e+6 
        22466.1      1.52639e+6 
        22535.8      1.50792e+6 
        22605.4      1.48973e+6 
          22675       1.4718e+6 
        22702.5      1.46481e+6 
        22744.7      1.45415e+6 
        22784.8      1.44409e+6 
        22800.8       1.4401e+6 
        22816.8      1.43613e+6 
        22848.8      1.42823e+6 
        22912.8      1.41259e+6 
        22976.8      1.39716e+6 
        23040.8      1.38194e+6 
        23104.8      1.36693e+6 
        23168.7      1.35212e+6 
        23232.7      1.33751e+6 
        23296.7       1.3231e+6 
        23360.7      1.30888e+6 
        23424.7      1.29485e+6 
        23488.6      1.28101e+6 
        23552.6      1.26735e+6 
        23616.6      1.25388e+6 
        23680.6      1.24058e+6 
        23744.6      1.22745e+6 
        23808.6      1.21451e+6 
        23872.5      1.20173e+6 
        23936.5      1.18911e+6 
        24000.5      1.17666e+6 
        24064.5      1.16438e+6 
        24128.5      1.15225e+6 
        24192.5      1.14028e+6 
        24256.4      1.12847e+6 
        24320.4       1.1168e+6 
        24384.4      1.10529e+6 
        24448.4      1.09393e+6 
        24512.4      1.08271e+6 
        24576.3      1.07163e+6 
        24640.3       1.0607e+6 
        24704.3       1.0499e+6 
        24768.3      1.03925e+6 
        24832.3      1.02872e+6 
        24896.3      1.01833e+6 
        24960.2      1.00813e+6 
        25004.4      1.00112e+6 
        25024.2          997996 
          25044          994886 
        25083.6          988722 
        25162.8          976536 
        25241.9          964535 
        25321.1          952719 
        25400.2          941083 
        25479.4          929626 
        25558.5          918341 
        25637.7          907226 
        25716.9          896278 
          25796          885496 
        25875.2          874874 
        25954.3          864409 
        26033.5          854105 
        26112.7          843948 
        26191.8          833945 
          26271          824090 
        26350.1          814379 
        26429.3          804810 
        26508.4          795382 
        26587.6          786089 
        26666.8          776935 
        26745.9          767909 
        26825.1          759018 
        26904.2          750253 
        26983.4          741614 
        27062.6          733100 
        27141.7          724706 
        27220.9          716431 
        27299.2          708363 
        27377.5          700421 
        27455.8          692589 
        27534.2          684870 
        27612.5          677255 
        27690.8          669747 
        27769.1          662342 
        27847.5          655038 
        27925.8          647834 
        28004.1          640731 
        28082.4          633722 
        28160.8          626811 
        28239.1          619993 
        28317.4          613267 
        28395.7          606635 
          28474          600088 
        28552.4          593632 
        28630.7          587261 
          28709          580975 
        28787.3          574770 
        28865.7          568653 
          28944          562612 
        29022.3          556656 
        29100.6          550775 
          29179          544972 
        29257.3          539245 
        29335.6          533593 
        29413.9          528014 
        29492.3          522510 
        29570.6          517075 
        29648.9          511712 
        29727.2          506418 
        29805.5          501191 
        29883.9          496032 
        29932.6          492856 
        29962.2          490940 
        29991.8          489030 
