# Koester WD models
# teff = 26000 K (value for the effective temperature for the model. Temperatures are given in K)
# logg = 8.75 log(cm/s2) (value for Log(G) for the model.)
#
# column 1: WAVELENGTH (ANGSTROM), Wavelength in Angstrom
# column 2: FLUX (ERG/CM2/S/A), Flux in erg/cm2/s/A
         899.23      2.96034e+8 
        909.241      3.09065e+8 
        919.241      3.61447e+8 
        929.261      3.96632e+8 
        939.271      8.81393e+8 
         949.28      2.68812e+8 
        959.289      3.96705e+9 
        969.297       1.0453e+9 
        979.305      3.51145e+9 
        989.312     1.15307e+10 
        999.319     1.57336e+10 
        1009.33     1.05707e+10 
        1019.33      2.38216e+9 
        1029.34       1.7901e+9 
        1039.34     1.00624e+10 
        1049.35     2.43523e+10 
        1059.36      3.6149e+10 
        1069.36     4.29035e+10 
        1079.36     4.61101e+10 
        1089.37     4.72747e+10 
        1099.37     4.72854e+10 
        1109.38     4.66137e+10 
        1119.38     4.54925e+10 
        1129.38     4.40197e+10 
        1139.39     4.21982e+10 
        1149.39     3.99394e+10 
        1159.39     3.70303e+10 
        1169.39     3.30602e+10 
         1179.4     2.73442e+10 
         1189.4     1.92083e+10 
         1199.4      9.62267e+9 
         1209.4      2.79672e+9 
        1219.41      2.27445e+9 
        1229.41      8.39644e+9 
        1239.41     1.69731e+10 
        1249.41     2.34421e+10 
        1259.41     2.69971e+10 
        1269.41     2.86641e+10 
        1279.42     2.92958e+10 
        1289.42     2.93718e+10 
        1299.42     2.91454e+10 
        1309.42     2.87514e+10 
        1319.42     2.82647e+10 
        1329.42     2.77261e+10 
        1339.42     2.71603e+10 
        1349.42     2.65831e+10 
        1359.42     2.60036e+10 
        1369.42     2.54275e+10 
        1379.42     2.48583e+10 
        1389.42     2.42983e+10 
        1399.42     2.37497e+10 
        1409.42     2.32136e+10 
        1419.42     2.26913e+10 
        1429.42     2.21819e+10 
        1439.42     2.16857e+10 
        1454.42     2.09657e+10 
        1464.42     2.05018e+10 
        1474.42     2.00506e+10 
        1489.42     1.93971e+10 
        1504.42     1.87709e+10 
        1514.42     1.83676e+10 
        1529.42     1.77834e+10 
        1544.42     1.72228e+10 
        1559.42     1.66848e+10 
        1570.19     1.63122e+10 
        1584.41     1.58364e+10 
        1599.41     1.53542e+10 
        1614.41     1.48905e+10 
        1629.41     1.44449e+10 
        1644.41     1.40168e+10 
        1659.41     1.36055e+10 
        1670.17       1.332e+10 
         1684.4     1.29549e+10 
         1699.4     1.25847e+10 
         1714.4     1.22281e+10 
         1729.4     1.18844e+10 
         1744.4     1.15532e+10 
        1759.39      1.1234e+10 
         1771.7     1.09808e+10 
        1784.39     1.07276e+10 
        1799.39     1.04382e+10 
           1824       9.9847e+9 
        1834.77      9.79435e+9 
        1845.54      9.60891e+9 
           1864       9.3015e+9 
        1876.29      9.10408e+9 
        1888.59      8.91226e+9 
        1906.98      8.63501e+9 
        1919.37      8.45453e+9 
        1931.76      8.27923e+9 
        1944.47      8.10418e+9 
        1956.53      7.94261e+9 
         1967.6      7.79794e+9 
        1992.71      7.48277e+9 
        2017.81      7.18404e+9 
        2042.92      6.90079e+9 
        2067.03      6.64218e+9 
        2091.15      6.39644e+9 
        2114.28      6.17175e+9 
        2126.36       6.0585e+9 
        2145.92       5.8809e+9 
        2165.47      5.70994e+9 
        2194.48      5.46822e+9 
        2204.59      5.38711e+9 
         2214.7      5.30756e+9 
        2234.91      5.15322e+9 
        2263.91      4.94173e+9 
        2292.92      4.74154e+9 
        2313.13      4.60815e+9 
        2344.77      4.40926e+9 
        2362.35      4.30348e+9 
        2379.94      4.20103e+9 
        2409.27      4.03698e+9 
        2432.73      3.91182e+9 
        2451.59      3.81477e+9 
        2466.76        3.739e+9 
        2488.39      3.63429e+9 
        2510.01      3.53332e+9 
         2547.3      3.36769e+9 
        2559.23       3.3168e+9 
        2571.17      3.26697e+9 
        2595.04      3.17015e+9 
        2627.89      3.04285e+9 
        2642.78      2.98729e+9 
        2657.67      2.93301e+9 
        2687.45      2.82835e+9 
        2717.24      2.72844e+9 
        2737.93      2.66168e+9 
        2756.11      2.60474e+9 
        2766.75      2.57219e+9 
        2810.65      2.44324e+9 
        2854.55      2.32239e+9 
        2898.45      2.20926e+9 
        2931.71       2.1282e+9 
        2942.34      2.10308e+9 
        2952.98      2.07833e+9 
        2974.26      2.03001e+9 
        3016.81      1.93755e+9 
        3051.42      1.86628e+9 
        3086.03       1.7984e+9 
        3117.94      1.73858e+9 
        3149.86      1.68126e+9 
        3179.08      1.63091e+9 
        3213.69      1.57372e+9 
        3248.29      1.51905e+9 
         3282.9      1.46684e+9 
        3317.51      1.41689e+9 
        3346.73      1.37638e+9 
        3365.17       1.3516e+9 
        3405.17      1.29976e+9 
        3426.73      1.27285e+9 
        3445.17      1.25039e+9 
        3485.16      1.20342e+9 
        3495.92      1.19117e+9 
         3543.6      1.13873e+9 
        3591.28      1.08924e+9 
        3635.88      1.04525e+9 
        3647.12      1.03453e+9 
        3658.96      1.02339e+9 
        3671.11      1.01205e+9 
        3682.58      1.00152e+9 
         3693.5      9.91609e+8 
        3703.57      9.82561e+8 
        3713.83      9.73432e+8 
        3724.38      9.64161e+8 
        3734.43      9.55409e+8 
        3744.62      9.46716e+8 
        3754.84      9.38161e+8 
        3765.07      9.29472e+8 
         3775.5      9.21187e+8 
        3786.22      9.12736e+8 
        3796.45      9.02514e+8 
        3807.84       8.9722e+8 
        3818.92      8.88766e+8 
        3830.45      8.72942e+8 
        3840.76      8.68251e+8 
        3851.98      8.71525e+8 
        3862.01      8.65817e+8 
        3872.59      8.48654e+8 
         3884.4      8.15796e+8 
        3894.46      8.15158e+8 
        3908.89      8.44545e+8 
        3919.07       8.5157e+8 
        3929.34      8.47027e+8 
        3939.89      8.27046e+8 
        3951.72      7.84949e+8 
        3961.86      7.30345e+8 
        3972.06      6.90799e+8 
        3982.23      7.45874e+8 
        3992.62      7.90896e+8 
        4003.87      8.22749e+8 
        4018.86      8.39675e+8 
        4032.38      8.38036e+8 
        4043.86      8.26371e+8 
        4058.85      7.90293e+8 
        4073.85      7.25372e+8 
        4085.65      6.55814e+8 
        4096.31      5.71016e+8 
        4106.79      5.64086e+8 
        4117.15      6.38086e+8 
        4127.94      6.94405e+8 
        4138.58      7.37401e+8 
        4148.83      7.66954e+8 
        4163.83      7.90576e+8 
        4178.82      7.98561e+8 
        4193.82      7.98348e+8 
        4208.81      7.93617e+8 
         4221.1      7.87258e+8 
        4233.81      7.78176e+8 
         4248.8      7.62873e+8 
         4263.8      7.40115e+8 
         4278.8      7.06692e+8 
        4293.79      6.59361e+8 
        4306.29      6.10883e+8 
        4318.78      5.50237e+8 
        4328.83      4.89639e+8 
        4339.21      3.92721e+8 
        4349.37      4.63834e+8 
        4361.47      5.31077e+8 
        4373.77      5.79621e+8 
        4388.77      6.21542e+8 
        4403.76      6.50674e+8 
        4418.76      6.66841e+8 
        4433.75      6.73432e+8 
        4448.75      6.73982e+8 
        4463.75      6.71047e+8 
        4478.74      6.66288e+8 
        4493.74       6.6062e+8 
        4508.73      6.54406e+8 
        4523.35      6.48019e+8 
        4533.35      6.43524e+8 
        4543.73      6.38793e+8 
        4558.72      6.31869e+8 
        4573.72      6.24872e+8 
        4588.71      6.17829e+8 
        4600.89       6.1207e+8 
        4613.71      6.06029e+8 
         4628.7      5.98854e+8 
         4643.7      5.91603e+8 
        4658.69      5.84248e+8 
        4673.69      5.76661e+8 
        4688.69      5.68741e+8 
        4703.68      5.60221e+8 
         4715.6      5.52864e+8 
        4728.68      5.43951e+8 
        4743.67      5.32362e+8 
        4758.67       5.1896e+8 
        4773.66      5.03016e+8 
        4788.66      4.83061e+8 
        4803.66      4.58186e+8 
        4818.65      4.26961e+8 
        4833.65      3.87848e+8 
        4845.48      3.48132e+8 
        4855.99      2.95568e+8 
        4866.13      2.90079e+8 
        4876.95      3.40668e+8 
        4888.63      3.73576e+8 
        4903.63      4.03167e+8 
        4915.55      4.19978e+8 
        4928.62      4.32987e+8 
        4943.62      4.42575e+8 
        4958.61      4.47561e+8 
        4973.61      4.49417e+8 
        4988.61      4.49289e+8 
         5003.6      4.47787e+8 
         5018.6      4.45173e+8 
         5033.6      4.41865e+8 
        5048.59      4.38095e+8 
        5063.59       4.3408e+8 
        5078.58      4.29902e+8 
        5093.58      4.25664e+8 
        5108.57      4.21394e+8 
        5123.57      4.17119e+8 
        5138.57      4.12856e+8 
        5153.56      4.08611e+8 
        5168.56      4.04395e+8 
        5183.56      4.00214e+8 
        5198.55      3.96073e+8 
        5213.55      3.91973e+8 
        5228.54      3.87914e+8 
        5243.54      3.83903e+8 
        5258.53      3.79935e+8 
        5273.53      3.76011e+8 
        5288.53      3.72131e+8 
        5303.52      3.68301e+8 
        5318.52      3.64516e+8 
        5333.52      3.60774e+8 
        5348.51       3.5708e+8 
        5363.51      3.53564e+8 
         5378.5      3.49948e+8 
         5393.5      3.46373e+8 
        5408.49      3.42848e+8 
        5423.49      3.39364e+8 
        5438.49      3.35927e+8 
        5453.48      3.32531e+8 
        5468.48      3.29179e+8 
        5483.48      3.25868e+8 
        5498.47      3.22598e+8 
        5513.47      3.19371e+8 
        5528.46      3.16182e+8 
        5543.46      3.13033e+8 
        5558.45      3.09924e+8 
        5573.45      3.06852e+8 
        5588.45      3.03818e+8 
        5603.44       3.0082e+8 
        5618.44      2.97859e+8 
        5633.43      2.94935e+8 
        5648.43      2.92046e+8 
        5663.43      2.89193e+8 
        5673.98      2.87376e+8 
         5686.2      2.85089e+8 
        5698.42      2.82826e+8 
        5708.88      2.80905e+8 
        5723.41      2.78265e+8 
        5738.41      2.75572e+8 
         5753.4      2.72913e+8 
         5768.4      2.70198e+8 
        5783.39      2.67599e+8 
        5798.39      2.65032e+8 
        5813.39      2.62496e+8 
        5828.38       2.5999e+8 
        5843.38      2.57514e+8 
        5858.37      2.55066e+8 
        5873.37      2.52648e+8 
        5888.37      2.50257e+8 
        5903.36      2.47894e+8 
        5918.36      2.45558e+8 
        5933.35      2.43249e+8 
        5948.35      2.40966e+8 
        5963.35       2.3871e+8 
        5978.34      2.36479e+8 
        5993.34      2.34272e+8 
        6008.33       2.3209e+8 
        6023.33      2.29933e+8 
        6038.32      2.27798e+8 
        6053.32      2.25687e+8 
        6068.32      2.23598e+8 
        6083.31      2.21528e+8 
        6098.31      2.19478e+8 
        6113.31      2.17448e+8 
         6128.3      2.15437e+8 
         6143.3      2.13444e+8 
        6158.29      2.11469e+8 
        6173.29       2.0951e+8 
        6188.28      2.07565e+8 
        6203.28      2.05631e+8 
        6218.28      2.03708e+8 
        6233.27      2.01791e+8 
        6244.38      2.00373e+8 
        6256.04      1.98896e+8 
        6266.59      1.97568e+8 
        6278.26      1.96099e+8 
        6290.52      1.94553e+8 
        6302.31       1.9307e+8 
        6312.59      1.91774e+8 
        6323.25      1.90423e+8 
        6338.24      1.88503e+8 
        6353.24      1.86553e+8 
        6368.24      1.84558e+8 
        6383.23      1.82502e+8 
        6398.23       1.8035e+8 
        6413.22      1.78062e+8 
        6428.22      1.75581e+8 
        6443.22      1.72812e+8 
        6458.21      1.69621e+8 
        6473.21      1.65859e+8 
         6488.2       1.6133e+8 
         6503.2      1.55764e+8 
         6518.2      1.48657e+8 
        6532.67      1.39698e+8 
        6543.19       1.3117e+8 
        6553.26       1.1953e+8 
        6563.29      9.41604e+7 
        6573.87      1.20416e+8 
        6584.61      1.30277e+8 
        6595.59       1.3689e+8 
         6608.5      1.42331e+8 
        6618.82      1.45415e+8 
        6629.14      1.47645e+8 
        6644.62      1.49814e+8 
        6654.94      1.50686e+8 
        6665.26        1.512e+8 
        6675.58      1.51422e+8 
         6685.9      1.51421e+8 
        6696.23      1.51236e+8 
        6711.48       1.5073e+8 
        6726.73      1.50028e+8 
        6741.98      1.49192e+8 
        6772.48      1.47275e+8 
        6824.78       1.4363e+8 
        6877.08      1.39854e+8 
        6929.38      1.36106e+8 
        6981.68      1.32409e+8 
        7033.98      1.28802e+8 
         7063.4      1.26818e+8 
        7086.27      1.25298e+8 
        7109.15      1.23799e+8 
        7154.89      1.20866e+8 
        7246.38      1.15249e+8 
        7282.23      1.13141e+8 
        7337.87      1.09954e+8 
        7393.51      1.06889e+8 
        7449.15      1.03919e+8 
        7504.79      1.01051e+8 
        7560.43      9.82813e+7 
        7616.07      9.56059e+7 
        7665.55      9.33031e+7 
        7677.88      9.27398e+7 
        7690.22      9.21809e+7 
        7714.89       9.1076e+7 
        7764.22      8.89152e+7 
         7862.9      8.47825e+7 
        7960.91      8.09127e+7 
        7971.63      8.05033e+7 
        7982.34      8.00965e+7 
        8003.78      7.92903e+7 
        8046.64      7.77082e+7 
        8082.55      7.64136e+7 
        8105.88       7.5587e+7 
        8154.36      7.39041e+7 
        8200.85      7.23342e+7 
        8216.85      7.18039e+7 
        8232.84      7.12783e+7 
        8264.83      7.02416e+7 
        8289.72      6.94484e+7 
        8328.82      6.82241e+7 
        8343.44      6.77733e+7 
        8367.92      6.70265e+7 
        8388.68      6.64016e+7 
        8408.65      6.58073e+7 
        8432.02      6.51202e+7 
        8467.25      6.41007e+7 
        8502.48      6.31014e+7 
        8516.58      6.27068e+7 
        8530.98      6.23069e+7 
        8545.38      6.19136e+7 
        8574.18      6.11338e+7 
        8598.39      6.04885e+7 
         8628.6      5.96956e+7 
        8646.81      5.92228e+7 
        8665.01      5.87544e+7 
        8685.59      5.82319e+7 
        8701.43       5.7833e+7 
        8750.47      5.66049e+7 
        8767.92      5.61808e+7 
        8815.35      5.50388e+7 
        8862.78      5.39427e+7 
        8900.38      5.31202e+7 
        8957.65      5.18306e+7 
        9014.91      5.05445e+7 
        9044.62      4.99655e+7 
        9072.17      4.94342e+7 
        9099.72      4.88854e+7 
        9154.81      4.77557e+7 
         9190.8      4.69599e+7 
         9209.9       4.6532e+7 
        9229.01      4.61374e+7 
        9267.22      4.55434e+7 
        9305.43      4.50096e+7 
        9379.63      4.37812e+7 
        9397.45      4.34485e+7 
        9415.28       4.3103e+7 
        9450.94      4.23512e+7 
        9486.59      4.15202e+7 
        9498.52      4.12221e+7 
        9522.24      4.05441e+7 
         9534.1      4.01907e+7 
        9545.97      3.98681e+7 
        9557.83      3.98074e+7 
        9569.68      3.98216e+7 
        9581.55      3.98184e+7 
        9593.41       3.9788e+7 
        9605.27      3.97264e+7 
        9628.99      3.95728e+7 
        9668.45      3.92228e+7 
        9707.91      3.87764e+7 
        9747.38      3.82586e+7 
        9786.84      3.76982e+7 
        9826.31      3.70827e+7 
        9857.65      3.65804e+7 
        9881.44      3.61343e+7 
        9905.23      3.56294e+7 
        9929.03      3.50875e+7 
        9952.82      3.44972e+7 
        9976.61      3.38554e+7 
        10000.4      3.31268e+7 
        10046.6      3.16867e+7 
        10057.6         3.16e+7 
        10074.1      3.17361e+7 
          10096      3.19698e+7 
          10118        3.212e+7 
          10140      3.21746e+7 
        10161.9      3.22054e+7 
        10183.9      3.21668e+7 
        10205.8      3.20995e+7 
        10218.4      3.20398e+7 
        10237.2      3.19236e+7 
          10256      3.17873e+7 
        10293.5      3.14753e+7 
          10331      3.11183e+7 
        10368.5      3.07428e+7 
        10443.6       2.9899e+7 
        10518.6      2.90888e+7 
        10593.7      2.82781e+7 
        10631.2      2.78355e+7 
        10668.7      2.73658e+7 
        10706.3      2.68518e+7 
        10743.8      2.62669e+7 
        10781.3      2.56413e+7 
        10818.8      2.48983e+7 
        10837.6      2.45007e+7 
        10856.4      2.40456e+7 
        10875.1      2.35399e+7 
        10893.9      2.29676e+7 
        10912.7       2.2286e+7 
        10924.7      2.17665e+7 
        10934.8      2.11893e+7 
        10944.8      2.13212e+7 
        10956.4       2.1727e+7 
        10976.4      2.21889e+7 
        10989.8      2.24215e+7 
        11003.1      2.26008e+7 
        11016.5      2.27364e+7 
        11029.8      2.28378e+7 
        11043.2      2.29284e+7 
        11069.8      2.30145e+7 
        11096.5      2.30622e+7 
        11123.2       2.3041e+7 
        11149.9      2.29868e+7 
        11176.6      2.29045e+7 
        11203.3      2.27882e+7 
        11252.3      2.25209e+7 
        11269.5      2.24164e+7 
        11286.6      2.23072e+7 
        11320.8      2.20806e+7 
        11389.3      2.16127e+7 
        11457.9        2.118e+7 
        11526.4      2.07011e+7 
        11594.9      2.02355e+7 
        11663.4       1.9783e+7 
        11731.9      1.93429e+7 
        11800.4       1.8915e+7 
        11868.9      1.84988e+7 
        11937.4       1.8094e+7 
        12005.9      1.77001e+7 
        12074.4      1.72897e+7 
        12142.9      1.69095e+7 
        12211.4      1.65358e+7 
        12275.1      1.61916e+7 
        12294.1      1.60888e+7 
        12313.2      1.59858e+7 
        12351.2      1.57789e+7 
        12427.3      1.53557e+7 
        12503.5       1.4902e+7 
        12541.5      1.46581e+7 
        12579.6      1.43915e+7 
        12617.6      1.40907e+7 
        12636.7      1.39304e+7 
        12655.7      1.37564e+7 
        12674.7      1.35639e+7 
        12693.7      1.33516e+7 
        12712.8      1.31243e+7 
        12731.8      1.28578e+7 
        12750.8      1.25533e+7 
        12769.8      1.21852e+7 
        12788.9      1.17179e+7 
        12802.8      1.12675e+7 
          12813      1.09421e+7 
        12824.4      1.09271e+7 
        12838.8      1.13265e+7 
        12851.6       1.1612e+7 
        12864.4      1.18277e+7 
        12877.2      1.19859e+7 
          12890      1.21225e+7 
        12902.8      1.22232e+7 
        12915.6      1.23061e+7 
        12928.4      1.23713e+7 
        12941.2      1.24175e+7 
          12954      1.24575e+7 
        12966.8      1.24871e+7 
        12992.4      1.25193e+7 
          13018      1.25214e+7 
        13043.6      1.25088e+7 
        13069.1      1.24785e+7 
        13094.7      1.24341e+7 
        13145.9      1.23184e+7 
        13197.1      1.21806e+7 
        13248.3      1.20285e+7 
        13290.6       1.1897e+7 
        13308.4      1.18409e+7 
        13326.1      1.17845e+7 
        13361.5      1.16712e+7 
        13432.5      1.14439e+7 
        13503.4      1.12185e+7 
        13574.3      1.09967e+7 
        13645.2      1.07872e+7 
        13716.2      1.05724e+7 
        13787.1      1.03629e+7 
          13858      1.01586e+7 
        13928.9      9.95932e+6 
        13999.9      9.76489e+6 
        14070.8      9.57513e+6 
        14141.7      9.38997e+6 
        14212.6      9.20923e+6 
        14235.1      9.15303e+6 
        14283.6      9.03283e+6 
        14332.1      8.91461e+6 
        14400.5      8.75062e+6 
        14429.1      8.68333e+6 
        14457.6      8.61667e+6 
        14514.8      8.48528e+6 
        14560.5       8.3818e+6 
        14571.9      8.35639e+6 
        14583.2       8.3311e+6 
        14597.2      8.29999e+6 
        14613.2      8.26462e+6 
        14645.2      8.19447e+6 
        14709.2      8.05639e+6 
        14773.2      7.92121e+6 
        14837.1      7.78882e+6 
        14901.1      7.65923e+6 
        14965.1      7.53228e+6 
        15029.1      7.40797e+6 
        15093.1      7.28623e+6 
        15157.1      7.16695e+6 
          15221      7.05011e+6 
          15285      6.93563e+6 
          15349      6.82348e+6 
          15413      6.71355e+6 
        15471.6      6.61484e+6 
        15482.4      6.59687e+6 
        15493.1        6.579e+6 
        15514.7       6.5434e+6 
        15557.9      6.47294e+6 
        15644.2      6.33483e+6 
        15730.5       6.2004e+6 
        15816.8      6.06949e+6 
        15903.1      5.94204e+6 
        15989.4      5.81792e+6 
        16075.8        5.697e+6 
        16162.1      5.57922e+6 
        16248.4      5.46445e+6 
        16289.9      5.41033e+6 
        16334.7      5.35265e+6 
        16379.5      5.29569e+6 
        16469.1      5.18482e+6 
        16558.8      5.07681e+6 
        16648.4       4.9716e+6 
          16738      4.86912e+6 
        16827.7      4.76925e+6 
        16917.3      4.67196e+6 
        17006.9      4.57711e+6 
        17096.6      4.48469e+6 
        17186.2      4.39455e+6 
        17275.8      4.30672e+6 
        17327.7      4.25686e+6 
        17365.5      4.22101e+6 
        17403.2      4.18554e+6 
        17478.8      4.11615e+6 
        17554.3      4.04819e+6 
        17629.9      3.98162e+6 
        17705.4       3.9164e+6 
          17781      3.85254e+6 
        17856.5      3.78995e+6 
        17932.1      3.72863e+6 
        18007.6      3.66002e+6 
        18083.2      3.59891e+6 
        18158.7      3.53809e+6 
        18234.3      3.47693e+6 
        18309.8      3.41441e+6 
        18343.7      3.38541e+6 
        18385.3      3.34862e+6 
          18427      3.30982e+6 
        18468.6      3.26795e+6 
        18510.2      3.22133e+6 
        18551.8      3.16754e+6 
        18572.6      3.13723e+6 
        18593.4      3.10354e+6 
        18614.2      3.06557e+6 
          18635      3.02238e+6 
        18655.8       2.9717e+6 
        18666.2      2.94309e+6 
        18676.6      2.91162e+6 
          18687      2.87607e+6 
        18697.4      2.83631e+6 
        18707.8      2.79044e+6 
        18718.2      2.73604e+6 
        18728.6      2.66928e+6 
          18739      2.58424e+6 
        18749.4      2.44768e+6 
        18760.6      2.54873e+6 
        18774.3      2.64937e+6 
        18788.1      2.71765e+6 
        18801.8      2.76713e+6 
        18822.5      2.81921e+6 
        18836.2      2.84443e+6 
          18850      2.86449e+6 
        18863.7      2.88043e+6 
        18877.5      2.89262e+6 
          18905      2.90957e+6 
        18932.5      2.91837e+6 
          18960      2.92139e+6 
        18987.5      2.92029e+6 
        19015.1      2.91584e+6 
        19070.1      2.90011e+6 
        19125.1      2.87866e+6 
        19180.1       2.8539e+6 
        19235.2      2.82725e+6 
        19290.2      2.79952e+6 
        19345.2      2.77122e+6 
        19400.2      2.74267e+6 
        19450.7      2.71645e+6 
        19501.1      2.69019e+6 
        19551.6      2.66821e+6 
          19602      2.64161e+6 
        19652.4      2.61533e+6 
        19702.9      2.58938e+6 
        19753.3      2.56375e+6 
        19803.8      2.53843e+6 
        19854.2      2.51343e+6 
        19904.7      2.48873e+6 
        19955.1      2.46433e+6 
        20005.5      2.44023e+6 
          20056      2.41643e+6 
        20106.4      2.39291e+6 
        20156.9      2.36968e+6 
        20207.3      2.34672e+6 
        20257.8      2.32404e+6 
        20308.2      2.30164e+6 
        20358.6       2.2795e+6 
        20409.1      2.25763e+6 
        20444.7      2.24236e+6 
        20459.5      2.23602e+6 
        20474.4       2.2297e+6 
        20504.1      2.21708e+6 
        20563.6      2.19212e+6 
        20623.1      2.16749e+6 
        20682.6      2.14322e+6 
          20742      2.11928e+6 
        20801.5      2.09568e+6 
          20861       2.0724e+6 
        20920.5      2.04944e+6 
          20980       2.0268e+6 
        21039.4      2.00447e+6 
        21098.9      1.98245e+6 
        21158.4      1.96072e+6 
        21217.9       1.9393e+6 
        21277.4      1.91816e+6 
        21336.8      1.89731e+6 
        21396.3      1.87673e+6 
        21455.8      1.85644e+6 
        21515.3      1.83642e+6 
        21574.8      1.81667e+6 
        21630.6      1.79836e+6 
        21686.5      1.78024e+6 
        21742.3      1.76234e+6 
        21798.2      1.74467e+6 
        21854.1      1.72722e+6 
        21909.9      1.70998e+6 
        21965.8      1.69296e+6 
        22021.7      1.67615e+6 
        22077.5      1.65955e+6 
        22133.4      1.64315e+6 
        22189.3      1.62695e+6 
        22245.1      1.61095e+6 
          22301      1.59514e+6 
        22356.9      1.57953e+6 
        22412.7      1.56411e+6 
        22468.6      1.54888e+6 
        22524.5      1.53383e+6 
        22580.3      1.51896e+6 
        22636.2      1.50427e+6 
        22692.1      1.48976e+6 
        22709.1      1.48539e+6 
        22747.9      1.47542e+6 
        22784.8      1.46605e+6 
        22800.8        1.462e+6 
        22816.8      1.45797e+6 
        22848.8      1.44994e+6 
        22912.8      1.43406e+6 
        22976.8      1.41839e+6 
        23040.8      1.40293e+6 
        23104.8      1.38769e+6 
        23168.7      1.37264e+6 
        23232.7      1.35781e+6 
        23296.7      1.34317e+6 
        23360.7      1.32872e+6 
        23424.7      1.31447e+6 
        23488.6      1.30041e+6 
        23552.6      1.28654e+6 
        23616.6      1.27285e+6 
        23680.6      1.25934e+6 
        23744.6      1.24601e+6 
        23808.6      1.23286e+6 
        23872.5      1.21988e+6 
        23936.5      1.20707e+6 
        24000.5      1.19442e+6 
        24064.5      1.18194e+6 
        24128.5      1.16962e+6 
        24192.5      1.15747e+6 
        24256.4      1.14547e+6 
        24320.4      1.13362e+6 
        24384.4      1.12193e+6 
        24448.4      1.11038e+6 
        24512.4      1.09899e+6 
        24576.3      1.08774e+6 
        24640.3      1.07663e+6 
        24704.3      1.06566e+6 
        24768.3      1.05483e+6 
        24832.3      1.04414e+6 
        24896.3      1.03359e+6 
        24960.2      1.02317e+6 
        25004.4      1.01604e+6 
        25024.2      1.01287e+6 
          25044      1.00972e+6 
        25083.6      1.00345e+6 
        25162.8          991053 
        25241.9          978848 
        25321.1          966831 
        25400.2          954997 
        25479.4          943345 
        25558.5          931869 
        25637.7          920562 
        25716.9          909431 
          25796          898464 
        25875.2          887663 
        25954.3          877023 
        26033.5          866542 
        26112.7          856216 
        26191.8          846043 
          26271          836022 
        26350.1          826148 
        26429.3          816418 
        26508.4          806830 
        26587.6          797383 
        26666.8          788072 
        26745.9          778898 
        26825.1          769854 
        26904.2          760944 
        26983.4          752160 
        27062.6          743502 
        27141.7          734969 
        27220.9          726556 
        27299.2          718353 
        27377.5          710264 
        27455.8          702290 
        27534.2          694430 
        27612.5          686677 
        27690.8          679033 
        27769.1          671493 
        27847.5          664060 
        27925.8          656728 
        28004.1          649496 
        28082.4          642365 
        28160.8          635331 
        28239.1          628391 
        28317.4          621548 
        28395.7          614797 
          28474          608137 
        28552.4          601565 
        28630.7          595084 
          28709          588690 
        28787.3          582379 
        28865.7          576156 
          28944          570014 
        29022.3          563954 
        29100.6          557972 
          29179          552069 
        29257.3          546248 
        29335.6          540498 
        29413.9          534828 
        29492.3          529230 
        29570.6          523703 
        29648.9          518250 
        29727.2          512868 
        29805.5          507556 
        29883.9          502312 
        29932.6          499083 
        29962.2          497135 
        29991.8          495197 
