# Koester WD models
# teff = 27000 K (value for the effective temperature for the model. Temperatures are given in K)
# logg = 8.25 log(cm/s2) (value for Log(G) for the model.)
#
# column 1: WAVELENGTH (ANGSTROM), Wavelength in Angstrom
# column 2: FLUX (ERG/CM2/S/A), Flux in erg/cm2/s/A
         899.23      4.67346e+8 
        909.241      4.85605e+8 
        919.241      5.87248e+8 
        929.261      6.61475e+8 
        939.271      1.55266e+9 
         949.28       4.3544e+8 
        959.289      8.46703e+9 
        969.297      1.82109e+9 
        979.305      7.26371e+9 
        989.312     2.33455e+10 
        999.319     3.01256e+10 
        1009.33     2.11173e+10 
        1019.33      4.48965e+9 
        1029.34      3.18341e+9 
        1039.34     1.95385e+10 
        1049.35     3.90629e+10 
        1059.36     4.97647e+10 
        1069.36     5.41677e+10 
        1079.36     5.55277e+10 
        1089.37     5.54529e+10 
        1099.37     5.46628e+10 
        1109.38     5.34884e+10 
        1119.38     5.20804e+10 
        1129.38     5.04973e+10 
        1139.39     4.87365e+10 
        1149.39     4.67353e+10 
        1159.39     4.43354e+10 
        1169.39     4.11904e+10 
         1179.4     3.65509e+10 
         1189.4     2.89235e+10 
         1199.4     1.67828e+10 
         1209.4       4.6586e+9 
        1219.41      3.64133e+9 
        1229.41      1.4589e+10 
        1239.41     2.53898e+10 
        1249.41     3.08707e+10 
        1259.41     3.30326e+10 
        1269.41     3.36725e+10 
        1279.42     3.36166e+10 
        1289.42     3.32289e+10 
        1299.42     3.26773e+10 
        1309.42     3.20439e+10 
        1319.42     3.13731e+10 
        1329.42     3.06868e+10 
        1339.42     2.99983e+10 
        1349.42      2.9316e+10 
        1359.42     2.86441e+10 
        1369.42     2.79853e+10 
        1379.42     2.73408e+10 
        1389.42     2.67114e+10 
        1399.42     2.60982e+10 
        1409.42     2.55013e+10 
        1419.42     2.49212e+10 
        1429.42     2.43572e+10 
        1439.42     2.38087e+10 
        1454.42     2.30146e+10 
        1464.42     2.25036e+10 
        1474.42     2.20072e+10 
        1489.42     2.12887e+10 
        1504.42     2.06002e+10 
        1514.42     2.01573e+10 
        1529.42     1.95158e+10 
        1544.42     1.89004e+10 
        1559.42     1.83102e+10 
        1570.19     1.79014e+10 
        1584.41     1.73792e+10 
        1599.41       1.685e+10 
        1614.41     1.63411e+10 
        1629.41     1.58522e+10 
        1644.41     1.53825e+10 
        1659.41     1.49311e+10 
        1670.17     1.46177e+10 
         1684.4     1.42169e+10 
         1699.4     1.38102e+10 
         1714.4     1.34186e+10 
         1729.4     1.30412e+10 
         1744.4     1.26774e+10 
        1759.39     1.23269e+10 
         1771.7     1.20487e+10 
        1784.39     1.17704e+10 
        1799.39     1.14522e+10 
           1824     1.09538e+10 
        1834.77     1.07446e+10 
        1845.54     1.05408e+10 
           1864     1.02029e+10 
        1876.29      9.98587e+9 
        1888.59      9.77491e+9 
        1906.98      9.46983e+9 
        1919.37      9.27131e+9 
        1931.76      9.07848e+9 
        1944.47      8.88593e+9 
        1956.53      8.70821e+9 
         1967.6      8.54906e+9 
        1992.71      8.20235e+9 
        2017.81      7.87352e+9 
        2042.92      7.56175e+9 
        2067.03      7.27715e+9 
        2091.15      7.00673e+9 
        2114.28      6.75948e+9 
        2126.36      6.63482e+9 
        2145.92      6.43929e+9 
        2165.47      6.25114e+9 
        2194.48      5.98511e+9 
        2204.59      5.89583e+9 
         2214.7       5.8083e+9 
        2234.91      5.63844e+9 
        2263.91      5.40571e+9 
        2292.92      5.18536e+9 
        2313.13      5.03861e+9 
        2344.77      4.81974e+9 
        2362.35       4.7034e+9 
        2379.94      4.59072e+9 
        2409.27      4.41026e+9 
        2432.73      4.27257e+9 
        2451.59      4.16581e+9 
        2466.76       4.0825e+9 
        2488.39      3.96736e+9 
        2510.01      3.85637e+9 
         2547.3      3.67434e+9 
        2559.23      3.61839e+9 
        2571.17       3.5636e+9 
        2595.04       3.4572e+9 
        2627.89       3.3173e+9 
        2642.78      3.25626e+9 
        2657.67      3.19663e+9 
        2687.45      3.08171e+9 
        2717.24      2.97201e+9 
        2737.93      2.89871e+9 
        2756.11       2.8362e+9 
        2766.75      2.80046e+9 
        2810.65      2.65892e+9 
        2854.55      2.52636e+9 
        2898.45      2.40231e+9 
        2931.71      2.31343e+9 
        2942.34      2.28589e+9 
        2952.98      2.25876e+9 
        2974.26      2.20578e+9 
        3016.81      2.10447e+9 
        3051.42      2.02642e+9 
        3086.03       1.9521e+9 
        3117.94      1.88661e+9 
        3149.86      1.82386e+9 
        3179.08      1.76877e+9 
        3213.69      1.70621e+9 
        3248.29      1.64644e+9 
         3282.9      1.58936e+9 
        3317.51      1.53476e+9 
        3346.73       1.4905e+9 
        3365.17      1.46342e+9 
        3405.17      1.40679e+9 
        3445.17       1.3529e+9 
        3485.16      1.30164e+9 
        3506.72      1.27503e+9 
        3525.16      1.25281e+9 
         3543.6      1.23107e+9 
        3569.68      1.20115e+9 
        3580.48      1.18903e+9 
        3591.28      1.17704e+9 
        3612.88      1.15352e+9 
        3635.88      1.12915e+9 
        3647.12      1.11747e+9 
        3658.96      1.10533e+9 
        3671.11      1.09295e+9 
        3682.58      1.08147e+9 
         3693.5      1.07067e+9 
        3703.57      1.06081e+9 
        3713.83      1.05088e+9 
        3724.38      1.04082e+9 
        3734.43      1.03128e+9 
        3744.62      1.02199e+9 
        3754.84      1.01293e+9 
        3765.07      1.00338e+9 
         3775.5       9.9488e+8 
        3786.22      9.86344e+8 
        3796.45      9.71915e+8 
        3807.84      9.71456e+8 
        3818.92      9.63002e+8 
        3830.45      9.37338e+8 
        3840.76      9.34684e+8 
        3851.98      9.50363e+8 
        3862.01      9.46926e+8 
        3872.59      9.21106e+8 
         3884.4      8.63247e+8 
        3894.46      8.65053e+8 
        3904.96      9.12868e+8 
        3916.39      9.39726e+8 
        3928.22        9.407e+8 
        3938.89      9.17738e+8 
        3950.65      8.61497e+8 
        3962.28      7.69656e+8 
        3972.79      7.16692e+8 
        3984.18      8.11951e+8 
        3996.37      8.83884e+8 
        4008.87      9.22167e+8 
        4023.86      9.34925e+8 
         4035.9      9.30251e+8 
        4048.86       9.1115e+8 
        4061.35      8.72298e+8 
        4073.85      8.06406e+8 
        4085.65      7.20242e+8 
        4097.26      5.97082e+8 
         4107.8      6.12158e+8 
        4117.93      7.05379e+8 
        4127.94      7.68895e+8 
        4138.83      8.18539e+8 
        4149.25      8.50106e+8 
         4160.7      8.68185e+8 
        4173.82       8.7493e+8 
        4188.82      8.73947e+8 
        4203.81      8.68217e+8 
        4216.52      8.61183e+8 
        4228.81      8.52569e+8 
        4243.81      8.39251e+8 
         4258.8      8.20958e+8 
         4273.8      7.93928e+8 
        4288.79      7.52873e+8 
        4303.79       6.9612e+8 
        4314.07      6.44498e+8 
        4326.14      5.64441e+8 
        4336.17      4.66696e+8 
        4346.17       4.8067e+8 
        4357.43      5.71204e+8 
        4367.98      6.25777e+8 
        4378.77      6.65509e+8 
        4393.77      7.01031e+8 
        4408.76      7.20568e+8 
        4423.76      7.27643e+8 
        4438.75      7.27282e+8 
        4453.75      7.23169e+8 
        4468.74       7.1721e+8 
        4483.74      7.10276e+8 
        4498.74      7.02931e+8 
        4513.73       6.9536e+8 
        4527.19      6.88461e+8 
        4538.73      6.82508e+8 
        4553.72      6.74761e+8 
        4568.72      6.67017e+8 
        4583.72      6.59295e+8 
        4596.53      6.52719e+8 
        4608.71      6.46524e+8 
         4623.7      6.38874e+8 
         4638.7      6.31243e+8 
         4653.7      6.23609e+8 
        4668.69      6.15909e+8 
        4683.69      6.08036e+8 
        4698.68      5.99909e+8 
        4713.68      5.91342e+8 
        4724.83      5.84537e+8 
        4738.67      5.75329e+8 
        4753.67      5.64368e+8 
        4768.67      5.51481e+8 
        4783.66      5.35506e+8 
        4798.66      5.14797e+8 
        4813.65      4.86893e+8 
        4828.65      4.49333e+8 
        4839.16      4.14156e+8 
        4849.39      3.68999e+8 
        4859.63      2.85998e+8 
        4869.98      3.46474e+8 
        4880.32      3.92046e+8 
        4891.13      4.23672e+8 
        4903.63      4.48484e+8 
        4915.55      4.63928e+8 
        4928.62      4.74484e+8 
        4943.62      4.80494e+8 
        4958.61      4.82335e+8 
        4973.61      4.81584e+8 
        4988.61      4.79303e+8 
         5003.6      4.76177e+8 
         5018.6      4.72332e+8 
         5033.6      4.68078e+8 
        5048.59       4.6358e+8 
        5063.59      4.58952e+8 
        5078.58      4.54249e+8 
        5093.58      4.49543e+8 
        5108.57      4.44853e+8 
        5123.57      4.40191e+8 
        5138.57      4.35566e+8 
        5153.56      4.30986e+8 
        5168.56      4.26449e+8 
        5183.56      4.21963e+8 
        5198.55       4.1753e+8 
        5213.55      4.13145e+8 
        5228.54      4.08815e+8 
        5243.54      4.04537e+8 
        5258.53      4.00308e+8 
        5273.53      3.96133e+8 
        5288.53      3.92011e+8 
        5303.52       3.8794e+8 
        5318.52      3.83918e+8 
        5333.52       3.7995e+8 
        5348.51       3.7603e+8 
        5363.51      3.72232e+8 
         5378.5      3.68402e+8 
         5393.5      3.64623e+8 
        5408.49      3.60894e+8 
        5423.49      3.57209e+8 
        5438.49      3.53571e+8 
        5453.48       3.4998e+8 
        5468.48      3.46436e+8 
        5483.48      3.42933e+8 
        5498.47      3.39477e+8 
        5513.47      3.36062e+8 
        5528.46      3.32692e+8 
        5543.46      3.29361e+8 
        5558.45      3.26075e+8 
        5573.45      3.22827e+8 
        5588.45      3.19622e+8 
        5603.44      3.16456e+8 
        5618.44      3.13328e+8 
        5633.43       3.1024e+8 
        5648.43      3.07189e+8 
        5663.43      3.04176e+8 
        5673.98      3.02118e+8 
         5686.2      2.99709e+8 
        5698.42      2.97324e+8 
        5708.88        2.953e+8 
        5723.41      2.92519e+8 
        5738.41      2.89683e+8 
         5753.4      2.86881e+8 
         5768.4      2.84067e+8 
        5783.39      2.81332e+8 
        5798.39      2.78629e+8 
        5813.39      2.75959e+8 
        5828.38       2.7332e+8 
        5843.38      2.70714e+8 
        5858.37      2.68137e+8 
        5873.37      2.65592e+8 
        5888.37      2.63076e+8 
        5903.36       2.6059e+8 
        5918.36      2.58133e+8 
        5933.35      2.55705e+8 
        5948.35      2.53304e+8 
        5963.35      2.50932e+8 
        5978.34      2.48586e+8 
        5993.34      2.46268e+8 
        6008.33      2.43976e+8 
        6023.33       2.4171e+8 
        6038.32      2.39469e+8 
        6053.32      2.37254e+8 
        6068.32      2.35063e+8 
        6083.31      2.32895e+8 
        6098.31      2.30749e+8 
        6113.31      2.28627e+8 
         6128.3      2.26526e+8 
         6143.3      2.24446e+8 
        6158.29      2.22388e+8 
        6173.29      2.20348e+8 
        6188.28      2.18327e+8 
        6203.28      2.16323e+8 
        6218.28      2.14335e+8 
        6233.27       2.1236e+8 
        6244.38      2.10904e+8 
        6256.04       2.0939e+8 
        6266.59      2.08031e+8 
        6278.26      2.06533e+8 
        6290.52      2.04964e+8 
        6302.31      2.03461e+8 
        6312.59      2.02152e+8 
        6323.25      2.00793e+8 
        6338.24      1.98879e+8 
        6353.24      1.96957e+8 
        6368.24      1.95015e+8 
        6383.23      1.93043e+8 
        6398.23      1.91017e+8 
        6413.22      1.88908e+8 
        6428.22      1.86669e+8 
        6443.22      1.84225e+8 
        6458.21      1.81452e+8 
        6473.21      1.78193e+8 
         6488.2      1.74228e+8 
         6503.2      1.69168e+8 
         6518.2      1.62318e+8 
        6532.67      1.53027e+8 
        6543.19       1.4365e+8 
        6554.64      1.28108e+8 
        6564.88      1.11517e+8 
        6575.67      1.33884e+8 
        6586.23      1.43915e+8 
        6598.17      1.51098e+8 
         6608.5      1.55195e+8 
        6618.82      1.57933e+8 
        6629.14      1.59692e+8 
        6639.46      1.60741e+8 
        6649.78      1.61311e+8 
         6660.1      1.61518e+8 
        6670.42      1.61451e+8 
        6680.74       1.6118e+8 
        6691.06      1.60757e+8 
        6711.48      1.59623e+8 
        6731.89      1.58259e+8 
         6752.3      1.56768e+8 
        6793.12      1.53617e+8 
        6824.78      1.51119e+8 
        6888.09      1.46144e+8 
         6951.4      1.41296e+8 
        7014.72      1.36604e+8 
        7046.91      1.34285e+8 
        7078.03      1.32086e+8 
        7109.15       1.2993e+8 
        7171.38      1.25747e+8 
        7233.61      1.21729e+8 
        7295.84      1.17869e+8 
        7322.63      1.16254e+8 
        7358.07       1.1416e+8 
        7393.51      1.12118e+8 
         7464.4      1.08159e+8 
        7535.29      1.04373e+8 
        7606.18      1.00751e+8 
        7676.24      9.73237e+7 
        7689.36      9.66989e+7 
        7702.48       9.6079e+7 
        7728.71      9.48538e+7 
        7781.17      9.24621e+7 
        7833.64      9.01449e+7 
         7886.1      8.78999e+7 
        7914.89      8.66979e+7 
        7936.66      8.58029e+7 
        7962.25      8.47649e+7 
         8009.6      8.28859e+7 
        8082.55      8.00921e+7 
        8108.14      7.91399e+7 
         8155.5      7.74151e+7 
        8200.85      7.58069e+7 
        8216.85      7.52499e+7 
        8232.84       7.4698e+7 
        8264.83      7.36091e+7 
        8289.72      7.27759e+7 
        8328.82      7.14901e+7 
        8343.44      7.10166e+7 
        8367.92      7.02322e+7 
        8388.68      6.95762e+7 
        8408.65      6.89529e+7 
        8432.02      6.82316e+7 
        8467.25       6.7161e+7 
        8502.48      6.61114e+7 
        8516.58      6.56967e+7 
        8530.98      6.52766e+7 
        8545.38      6.48663e+7 
        8574.18      6.40524e+7 
        8598.39      6.33782e+7 
         8628.6      6.25501e+7 
        8646.81      6.20549e+7 
        8665.01      6.15636e+7 
        8685.59      6.10182e+7 
        8701.43      6.06004e+7 
        8750.47       5.9301e+7 
        8767.92      5.88606e+7 
        8815.35      5.76583e+7 
        8862.78      5.64918e+7 
        8900.38        5.567e+7 
        8957.65      5.43131e+7 
        8986.28      5.35871e+7 
        9014.91      5.28699e+7 
        9043.54      5.23559e+7 
        9072.17      5.18394e+7 
        9099.72      5.12925e+7 
        9127.26      5.07069e+7 
        9154.81      5.00544e+7 
        9182.36      4.93302e+7 
         9209.9      4.85495e+7 
        9229.01      4.80595e+7 
        9248.11      4.78072e+7 
        9267.22      4.76507e+7 
        9305.43      4.72527e+7 
        9343.64      4.67054e+7 
        9379.63      4.60718e+7 
        9397.45      4.57155e+7 
        9415.28      4.53379e+7 
        9450.94      4.44642e+7 
        9468.76      4.39823e+7 
        9486.59      4.34262e+7 
        9498.52      4.30269e+7 
        9522.24      4.20399e+7 
         9534.1      4.14806e+7 
        9545.97      4.09774e+7 
        9557.83      4.10993e+7 
        9569.68      4.13044e+7 
        9581.55      4.14565e+7 
        9593.41      4.15435e+7 
         9611.2      4.15705e+7 
        9634.92       4.1492e+7 
        9648.82       4.1425e+7 
        9668.45       4.1273e+7 
        9688.08      4.10697e+7 
        9727.33      4.05925e+7 
        9766.58      4.00387e+7 
        9805.83       3.9433e+7 
        9815.86      3.92696e+7 
        9845.09      3.87588e+7 
        9884.34      3.80255e+7 
        9918.58      3.72109e+7 
         9935.7       3.6761e+7 
        9952.82       3.6242e+7 
        9969.94       3.5696e+7 
        9987.06      3.50756e+7 
        10004.2      3.43706e+7 
        10021.3      3.35506e+7 
        10035.3       3.2835e+7 
        10049.4      3.24024e+7 
        10059.9      3.24102e+7 
        10070.4      3.26958e+7 
        10080.9      3.29745e+7 
          10102      3.33967e+7 
          10116      3.35814e+7 
          10130      3.37039e+7 
        10144.1      3.37715e+7 
        10158.1       3.3834e+7 
        10186.2      3.38199e+7 
        10214.2      3.37215e+7 
        10237.2      3.35729e+7 
        10260.1      3.33848e+7 
          10306      3.29393e+7 
        10351.9      3.24461e+7 
        10443.7      3.13828e+7 
        10535.5       3.0343e+7 
        10581.4      2.98373e+7 
        10627.3      2.92963e+7 
        10673.2      2.87284e+7 
        10719.1      2.80989e+7 
          10742      2.77486e+7 
          10765      2.73825e+7 
        10787.9      2.69652e+7 
        10810.9      2.65033e+7 
        10833.8      2.59898e+7 
        10845.3      2.56834e+7 
        10856.8      2.53766e+7 
        10868.2      2.50299e+7 
        10879.7      2.46186e+7 
        10891.2      2.42099e+7 
        10902.7       2.3709e+7 
        10914.1      2.31419e+7 
        10925.6      2.24608e+7 
        10936.1      2.15952e+7 
          10949      2.22062e+7 
        10960.9      2.27389e+7 
        10976.8      2.32506e+7 
        10992.7      2.36162e+7 
        11016.6      2.39917e+7 
        11032.5      2.41374e+7 
        11048.4      2.42494e+7 
        11064.3      2.43003e+7 
        11080.2      2.43273e+7 
          11112      2.43131e+7 
        11143.8      2.42124e+7 
        11175.6       2.4069e+7 
        11207.4      2.38879e+7 
        11217.4      2.38245e+7 
        11239.2      2.36811e+7 
        11260.9      2.35313e+7 
        11304.4      2.32174e+7 
        11391.3      2.25722e+7 
        11478.2      2.19534e+7 
        11565.2      2.13236e+7 
        11652.1      2.07161e+7 
          11739        2.013e+7 
          11826      1.95644e+7 
        11912.9      1.90185e+7 
        11999.8      1.84915e+7 
        12086.8      1.79671e+7 
        12173.7        1.747e+7 
        12236.6      1.71185e+7 
        12260.6      1.69857e+7 
        12284.6      1.68536e+7 
        12332.6      1.65902e+7 
        12428.6       1.6061e+7 
        12476.6      1.57889e+7 
        12524.6      1.55056e+7 
        12572.6      1.51996e+7 
        12620.6      1.48516e+7 
        12644.6      1.46564e+7 
        12668.6      1.44342e+7 
        12692.6      1.41797e+7 
        12716.6      1.38811e+7 
        12728.6      1.37064e+7 
        12740.6      1.35162e+7 
        12752.6      1.32975e+7 
        12764.6      1.30483e+7 
        12776.6      1.27561e+7 
        12788.5      1.24008e+7 
        12800.5       1.1938e+7 
        12811.2      1.14156e+7 
        12821.6      1.12561e+7 
        12835.2      1.18039e+7 
          12848      1.22048e+7 
        12860.8      1.24783e+7 
        12873.6      1.26787e+7 
        12886.4       1.2835e+7 
        12899.2      1.29519e+7 
          12912      1.30394e+7 
        12924.8      1.31086e+7 
        12937.6      1.31574e+7 
        12950.4      1.31898e+7 
        12963.2      1.32107e+7 
        12988.8      1.32253e+7 
        13014.4      1.32076e+7 
          13040      1.31709e+7 
        13091.1      1.30565e+7 
        13142.3      1.29083e+7 
        13193.5      1.27442e+7 
        13244.7      1.25723e+7 
        13283.4      1.24395e+7 
        13295.9      1.23965e+7 
        13308.4      1.23534e+7 
        13333.3      1.22674e+7 
        13383.1      1.20959e+7 
        13482.9      1.17575e+7 
        13582.6      1.14283e+7 
        13682.3      1.11131e+7 
          13782      1.08036e+7 
        13881.7      1.05048e+7 
        13981.4      1.02161e+7 
        14081.2      9.93733e+6 
        14180.9      9.66797e+6 
        14229.1      9.54092e+6 
        14280.6      9.40766e+6 
        14332.1      9.27668e+6 
        14383.6      9.14785e+6 
        14412.4      9.07656e+6 
        14422.5       9.0519e+6 
          14435      9.02124e+6 
        14457.6      8.96636e+6 
        14502.9      8.85781e+6 
        14581.2      8.67353e+6 
        14597.2      8.63649e+6 
        14613.2      8.59967e+6 
        14645.2       8.5266e+6 
        14709.2      8.38331e+6 
        14773.2       8.2425e+6 
        14837.1      8.10462e+6 
        14901.1      7.96962e+6 
        14965.1      7.83743e+6 
        15029.1      7.70793e+6 
        15093.1       7.5811e+6 
        15157.1      7.45688e+6 
          15221      7.33474e+6 
          15285      7.21596e+6 
          15349      7.09912e+6 
          15413      6.98467e+6 
        15471.6      6.88188e+6 
        15482.4      6.86315e+6 
        15493.1      6.84456e+6 
        15514.7      6.80755e+6 
        15557.9      6.73429e+6 
        15644.2      6.59072e+6 
        15730.5      6.45091e+6 
        15816.8      6.31482e+6 
        15903.1      6.18231e+6 
        15989.4      6.05325e+6 
        16075.8      5.92753e+6 
        16162.1      5.80507e+6 
        16248.4      5.68575e+6 
        16289.9      5.62948e+6 
        16334.7      5.56948e+6 
        16379.5      5.51029e+6 
        16469.1      5.39528e+6 
        16558.8      5.28325e+6 
        16648.4      5.17414e+6 
          16738      5.06783e+6 
        16827.7      4.96425e+6 
        16917.3      4.86328e+6 
        17006.9      4.76488e+6 
        17096.6      4.66897e+6 
        17186.2      4.57545e+6 
        17275.8      4.48428e+6 
        17327.7      4.43257e+6 
        17365.5      4.39537e+6 
        17403.2      4.35855e+6 
        17478.8      4.28636e+6 
        17554.3      4.21567e+6 
        17629.9      4.14643e+6 
        17705.4       4.0786e+6 
          17781      4.01216e+6 
        17856.5      3.94703e+6 
        17932.1      3.88326e+6 
        18007.6      3.81587e+6 
        18083.2      3.75329e+6 
        18158.7      3.69137e+6 
        18234.3      3.62973e+6 
        18309.8      3.56759e+6 
        18343.7      3.53919e+6 
        18385.3      3.50357e+6 
          18427      3.46659e+6 
        18468.6      3.42716e+6 
        18510.2      3.38381e+6 
        18551.8      3.33392e+6 
        18572.6       3.3054e+6 
        18593.4      3.27341e+6 
        18614.2      3.23697e+6 
          18635      3.19465e+6 
        18655.8      3.14392e+6 
        18666.2      3.11476e+6 
        18676.6      3.08225e+6 
          18687      3.04518e+6 
        18697.4      3.00279e+6 
        18707.8      2.95297e+6 
        18718.2      2.89392e+6 
        18728.6      2.82159e+6 
          18739      2.72758e+6 
        18749.4      2.58076e+6 
        18760.6      2.68927e+6 
        18770.9      2.77718e+6 
        18784.6      2.85896e+6 
        18798.4      2.91706e+6 
        18812.2      2.95929e+6 
        18825.9      2.99131e+6 
        18839.7      3.01509e+6 
        18853.4      3.03349e+6 
        18867.2      3.04729e+6 
        18880.9      3.05732e+6 
        18908.4      3.06915e+6 
          18936       3.0729e+6 
        18963.5      3.07106e+6 
          18991      3.06527e+6 
        19018.5      3.05665e+6 
        19073.5      3.03397e+6 
        19128.5      3.00716e+6 
        19183.6      2.97824e+6 
        19238.6      2.94824e+6 
        19293.6      2.91773e+6 
        19348.6      2.88705e+6 
        19403.7       2.8564e+6 
        19450.7      2.83034e+6 
        19544.7      2.77851e+6 
        19638.7      2.72931e+6 
        19732.7      2.67886e+6 
        19826.7      2.62957e+6 
        19920.7       2.5814e+6 
        20014.7      2.53432e+6 
        20108.7       2.4883e+6 
        20202.7      2.44333e+6 
        20296.7      2.39936e+6 
        20307.1      2.39458e+6 
        20390.7      2.35637e+6 
        20474.4      2.31892e+6 
          20558      2.28211e+6 
        20641.7      2.24602e+6 
        20725.3      2.21064e+6 
          20809      2.17595e+6 
        20892.6      2.14194e+6 
        20976.3      2.10859e+6 
        21059.9      2.07588e+6 
        21143.6      2.04379e+6 
        21227.3      2.01233e+6 
        21310.9      1.98147e+6 
        21394.6      1.95119e+6 
        21478.2      1.92149e+6 
        21493.1      1.91626e+6 
        21561.9      1.89235e+6 
        21630.6      1.86881e+6 
        21699.4      1.84559e+6 
        21768.1      1.82274e+6 
        21836.9      1.80024e+6 
        21905.7      1.77808e+6 
        21974.4      1.75626e+6 
        22043.2      1.73478e+6 
          22112      1.71362e+6 
        22180.7      1.69278e+6 
        22249.5      1.67225e+6 
        22318.2      1.65204e+6 
          22387      1.63213e+6 
        22455.8      1.61252e+6 
        22524.5       1.5932e+6 
        22593.3      1.57417e+6 
          22662      1.55542e+6 
        22674.8      1.55198e+6 
        22730.8      1.53695e+6 
        22784.8      1.52262e+6 
        22800.8      1.51841e+6 
        22816.8      1.51421e+6 
        22848.8      1.50586e+6 
        22912.8      1.48933e+6 
        22976.8      1.47303e+6 
        23040.8      1.45695e+6 
        23104.8      1.44108e+6 
        23168.7      1.42543e+6 
        23232.7      1.40999e+6 
        23296.7      1.39476e+6 
        23360.7      1.37973e+6 
        23424.7      1.36491e+6 
        23488.6      1.35028e+6 
        23552.6      1.33585e+6 
        23616.6      1.32161e+6 
        23680.6      1.30755e+6 
        23744.6      1.29369e+6 
        23808.6      1.28001e+6 
        23872.5       1.2665e+6 
        23936.5      1.25318e+6 
        24000.5      1.24003e+6 
        24064.5      1.22705e+6 
        24128.5      1.21424e+6 
        24192.5       1.2016e+6 
        24256.4      1.18911e+6 
        24320.4       1.1768e+6 
        24384.4      1.16464e+6 
        24448.4      1.15263e+6 
        24512.4      1.14078e+6 
        24576.3      1.12909e+6 
        24640.3      1.11753e+6 
        24704.3      1.10613e+6 
        24768.3      1.09488e+6 
        24832.3      1.08376e+6 
        24896.3      1.07278e+6 
        24960.2      1.06195e+6 
        25004.4      1.05454e+6 
        25024.2      1.05125e+6 
          25044      1.04797e+6 
        25083.6      1.04145e+6 
        25162.8      1.02857e+6 
        25241.9      1.01588e+6 
        25321.1      1.00339e+6 
        25400.2          991094 
        25479.4          978983 
        25558.5          967058 
        25637.7          955311 
        25716.9          943741 
          25796          932346 
        25875.2          921124 
        25954.3          910069 
        26033.5          899180 
        26112.7          888452 
        26191.8          877884 
          26271          867472 
        26350.1          857212 
        26429.3          847105 
        26508.4          837146 
        26587.6          827332 
        26666.8          817662 
        26745.9          808131 
        26825.1          798741 
        26904.2          789482 
        26983.4          780362 
        27062.6          771368 
        27141.7          762505 
        27220.9          753772 
        27299.2          745249 
        27377.5          736864 
        27455.8          728592 
        27534.2          720439 
        27612.5          712397 
        27690.8          704468 
        27769.1          696648 
        27847.5          688939 
        27925.8          681333 
        28004.1          673834 
        28082.4          666435 
        28160.8          659141 
        28239.1          651943 
        28317.4          644843 
        28395.7          637841 
          28474          630932 
        28552.4          624118 
        28630.7          617395 
          28709          610763 
        28787.3          604219 
        28865.7          597763 
          28944          591392 
        29022.3          585106 
        29100.6          578901 
          29179          572781 
        29257.3          566740 
        29335.6          560777 
        29413.9          554896 
        29492.3          549088 
        29570.6          543357 
        29648.9          537702 
        29727.2          532120 
        29805.5          526609 
        29883.9          521168 
        29932.6          517819 
        29962.2          515799 
        29991.8          513789 
