# Koester WD models
# teff = 28000 K (value for the effective temperature for the model. Temperatures are given in K)
# logg = 7.25 log(cm/s2) (value for Log(G) for the model.)
#
# column 1: WAVELENGTH (ANGSTROM), Wavelength in Angstrom
# column 2: FLUX (ERG/CM2/S/A), Flux in erg/cm2/s/A
         899.23      6.95608e+8 
        909.241      7.19959e+8 
        919.241      1.01205e+9 
        929.261      1.22799e+9 
        939.271      3.45107e+9 
         949.28       7.3398e+8 
        959.289      2.5001e+10 
        969.297      3.98266e+9 
        979.305     2.06638e+10 
        989.312     5.23474e+10 
        999.319     5.91452e+10 
        1009.33      4.6515e+10 
        1019.33     1.15341e+10 
        1029.34      7.48777e+9 
        1039.34     4.16757e+10 
        1049.35     5.85002e+10 
        1059.36     6.27973e+10 
        1069.36      6.3256e+10 
        1079.36     6.24351e+10 
        1089.37     6.11294e+10 
        1099.37     5.96268e+10 
        1109.38      5.8046e+10 
        1119.38     5.64353e+10 
        1129.38     5.48117e+10 
        1139.39     5.31705e+10 
        1149.39     5.14894e+10 
        1159.39     4.97091e+10 
        1169.39     4.76847e+10 
         1179.4     4.50407e+10 
         1189.4     4.06506e+10 
         1199.4     3.07563e+10 
         1209.4      9.86784e+9 
        1219.41      7.21423e+9 
        1229.41     2.72423e+10 
        1239.41     3.56008e+10 
        1249.41     3.76055e+10 
        1259.41     3.77547e+10 
        1269.41     3.72964e+10 
        1279.42     3.66112e+10 
        1289.42     3.58371e+10 
        1299.42     3.50319e+10 
        1309.42     3.42217e+10 
        1319.42     3.34206e+10 
        1329.42     3.26339e+10 
        1339.42     3.18645e+10 
        1349.42     3.11152e+10 
        1359.42     3.03858e+10 
        1369.42     2.96766e+10 
        1379.42     2.89867e+10 
        1389.42     2.83158e+10 
        1399.42     2.76642e+10 
        1409.42     2.70313e+10 
        1419.42     2.64177e+10 
        1429.42     2.58218e+10 
        1439.42     2.52431e+10 
        1454.42      2.4406e+10 
        1464.42     2.38676e+10 
        1474.42     2.33444e+10 
        1489.42     2.25875e+10 
        1504.42     2.18625e+10 
        1514.42     2.13961e+10 
        1529.42     2.07207e+10 
        1544.42     2.00728e+10 
        1559.42     1.94509e+10 
        1570.19     1.90199e+10 
        1584.41     1.84693e+10 
        1599.41     1.79112e+10 
        1614.41     1.73746e+10 
        1629.41     1.68589e+10 
        1644.41     1.63631e+10 
        1659.41     1.58864e+10 
        1670.17     1.55553e+10 
         1684.4     1.51316e+10 
         1699.4     1.47016e+10 
         1714.4     1.42876e+10 
         1729.4     1.38884e+10 
         1744.4     1.35035e+10 
        1759.39     1.31323e+10 
         1771.7     1.28376e+10 
        1784.39     1.25427e+10 
        1799.39     1.22056e+10 
           1824     1.16773e+10 
        1834.77     1.14555e+10 
        1845.54     1.12393e+10 
           1864     1.08807e+10 
        1876.29     1.06502e+10 
        1888.59     1.04261e+10 
        1906.98     1.01021e+10 
        1919.37      9.89127e+9 
        1931.76      9.68632e+9 
        1944.47      9.48161e+9 
        1956.53      9.29267e+9 
         1967.6      9.12344e+9 
        1992.71      8.75442e+9 
        2017.81      8.40451e+9 
        2042.92      8.07257e+9 
        2066.04       7.7816e+9 
        2091.15      7.48133e+9 
        2116.25      7.19576e+9 
        2140.86      6.92944e+9 
        2165.42      6.67614e+9 
        2178.22      6.54893e+9 
        2191.02      6.42484e+9 
         2214.7      6.20317e+9 
        2238.37      5.99146e+9 
        2260.18      5.80456e+9 
        2275.12      5.68094e+9 
        2290.06      5.56065e+9 
        2313.13      5.38123e+9 
        2336.21      5.20939e+9 
        2356.21       5.0661e+9 
         2368.5      4.98056e+9 
        2380.79      4.89689e+9 
        2401.46      4.76017e+9 
        2417.09      4.66008e+9 
        2432.72      4.56266e+9 
        2451.59      4.44843e+9 
        2466.76      4.35931e+9 
        2488.39      4.23622e+9 
        2510.01      4.11753e+9 
         2547.3      3.92281e+9 
        2559.23      3.86297e+9 
        2571.17      3.80437e+9 
        2595.04      3.69052e+9 
        2627.89      3.54083e+9 
        2642.78      3.47554e+9 
        2657.67      3.41177e+9 
        2687.45      3.28881e+9 
        2717.24      3.17141e+9 
        2737.93      3.09298e+9 
        2756.11      3.02609e+9 
        2766.75      2.98783e+9 
        2810.65      2.83636e+9 
        2854.55      2.69455e+9 
        2898.45      2.56179e+9 
        2931.71      2.46668e+9 
        2942.34       2.4372e+9 
        2952.98      2.40817e+9 
        2974.26      2.35148e+9 
        3016.81      2.24311e+9 
        3051.42      2.15961e+9 
        3086.03       2.0801e+9 
        3117.94      2.01003e+9 
        3149.86       1.9429e+9 
        3179.08      1.88397e+9 
        3213.69      1.81707e+9 
        3248.29      1.75316e+9 
         3282.9      1.69212e+9 
        3317.51      1.63373e+9 
        3346.73      1.58641e+9 
        3365.17      1.55745e+9 
        3405.17      1.49692e+9 
        3445.17      1.43933e+9 
        3485.16      1.38455e+9 
        3506.72      1.35611e+9 
        3525.16      1.33236e+9 
         3543.6      1.30913e+9 
        3569.68      1.27717e+9 
        3580.48      1.26422e+9 
        3591.28      1.25142e+9 
        3612.88      1.22632e+9 
        3635.88      1.20029e+9 
        3647.12      1.18783e+9 
        3658.96      1.17486e+9 
        3671.11      1.16165e+9 
        3682.58      1.14938e+9 
         3693.5      1.13784e+9 
        3703.57      1.12735e+9 
        3713.83      1.11698e+9 
        3724.38       1.1067e+9 
        3734.43       1.0962e+9 
        3744.62      1.08791e+9 
        3754.84      1.08003e+9 
        3765.07      1.06847e+9 
         3775.5        1.062e+9 
        3786.22      1.05902e+9 
        3796.45      1.01568e+9 
        3807.84      1.05057e+9 
        3818.92      1.04895e+9 
        3830.45       9.7281e+8 
        3840.76      9.76178e+8 
        3851.98      1.05111e+9 
        3862.01      1.06167e+9 
        3872.59      1.01333e+9 
         3884.4      8.71098e+8 
        3894.46      8.78964e+8 
        3906.01      1.00937e+9 
        3916.91       1.0651e+9 
        3928.22      1.07387e+9 
        3938.89      1.04948e+9 
        3950.65      9.68663e+8 
        3962.28      8.15781e+8 
        3972.79       7.1279e+8 
           3983      8.78637e+8 
        3993.57      9.76143e+8 
        4003.87      1.02944e+9 
        4015.11      1.04804e+9 
        4025.34       1.0497e+9 
         4035.9      1.04389e+9 
        4048.86      1.02712e+9 
        4061.35      9.92875e+8 
        4073.85      9.27565e+8 
        4083.99      8.40225e+8 
        4094.51      6.96334e+8 
        4104.78      6.08728e+8 
        4115.15      7.73793e+8 
        4125.26      8.63234e+8 
        4135.54      9.16035e+8 
        4146.66      9.45299e+8 
        4158.83      9.55016e+8 
        4173.82      9.52509e+8 
        4188.82      9.44733e+8 
        4203.81      9.34885e+8 
        4216.52      9.25677e+8 
        4228.81      9.16176e+8 
        4243.81      9.03689e+8 
         4258.8      8.89068e+8 
         4273.8      8.69722e+8 
        4288.79      8.40891e+8 
        4303.79      7.95809e+8 
        4314.07      7.46845e+8 
        4326.14      6.52612e+8 
        4336.17      5.20955e+8 
        4346.33      5.44297e+8 
        4357.43      6.61503e+8 
        4368.77      7.26075e+8 
        4379.56      7.57667e+8 
        4393.77      7.76146e+8 
        4408.76      7.81578e+8 
        4423.76      7.78788e+8 
        4438.75      7.72235e+8 
        4453.75       7.6424e+8 
        4468.74      7.55767e+8 
        4483.74      7.47099e+8 
        4498.74        7.384e+8 
        4513.73      7.29723e+8 
        4527.19      7.21988e+8 
        4538.73      7.15403e+8 
        4553.72      7.06924e+8 
        4568.72      6.98536e+8 
        4583.72      6.90242e+8 
        4596.53      6.83234e+8 
        4608.71      6.76652e+8 
         4623.7      6.68609e+8 
         4638.7      6.60655e+8 
         4653.7      6.52776e+8 
        4668.69      6.44956e+8 
        4683.69      6.37168e+8 
        4698.68      6.29377e+8 
        4713.68       6.2152e+8 
        4724.83      6.15579e+8 
        4738.67      6.07986e+8 
        4753.67      5.99331e+8 
        4768.67      5.89765e+8 
        4783.66      5.78813e+8 
        4798.66      5.64789e+8 
        4813.65      5.44969e+8 
        4826.15      5.19924e+8 
        4838.65      4.79526e+8 
        4850.22      4.18228e+8 
        4860.28      3.03581e+8 
        4870.76      4.01373e+8 
        4882.01      4.58138e+8 
        4893.63      4.89843e+8 
        4908.63      5.08586e+8 
         4921.7      5.14631e+8 
        4933.62      5.15997e+8 
        4948.62      5.14477e+8 
        4963.61      5.11244e+8 
        4978.61      5.07059e+8 
        4993.61      5.02369e+8 
         5008.6      4.97408e+8 
         5023.6      4.92313e+8 
        5038.59      4.87157e+8 
        5053.59      4.81996e+8 
        5068.59      4.76853e+8 
        5083.58      4.71751e+8 
        5098.58      4.66693e+8 
        5113.57      4.61688e+8 
        5128.57      4.56747e+8 
        5143.57      4.51862e+8 
        5158.56      4.47039e+8 
        5173.56      4.42277e+8 
        5188.55      4.37574e+8 
        5203.55      4.32933e+8 
        5218.55       4.2835e+8 
        5233.54      4.23829e+8 
        5248.54      4.19365e+8 
        5263.53       4.1496e+8 
        5278.53      4.10609e+8 
        5293.52      4.06318e+8 
        5308.52       4.0208e+8 
        5323.52      3.97898e+8 
        5338.51       3.9377e+8 
        5353.51      3.89696e+8 
        5368.51      3.85693e+8 
         5383.5      3.81719e+8 
         5398.5      3.77799e+8 
        5413.49      3.73928e+8 
        5428.49      3.70105e+8 
        5443.48      3.66335e+8 
        5458.48      3.62609e+8 
        5473.48      3.58933e+8 
        5488.47      3.55302e+8 
        5503.47      3.51717e+8 
        5518.47       3.4818e+8 
        5533.46      3.44683e+8 
        5548.46      3.41234e+8 
        5563.45      3.37828e+8 
        5578.45      3.34463e+8 
        5593.44       3.3114e+8 
        5608.44       3.2786e+8 
        5623.44      3.24618e+8 
        5638.43      3.21419e+8 
        5653.43      3.18256e+8 
        5668.43      3.15136e+8 
        5682.86      3.12165e+8 
        5693.42      3.10016e+8 
        5704.77      3.07725e+8 
        5715.23      3.05633e+8 
        5728.41      3.03024e+8 
         5743.4      3.00087e+8 
         5758.4      2.97186e+8 
         5773.4      2.94307e+8 
        5788.39      2.91475e+8 
        5803.39      2.88678e+8 
        5818.39      2.85915e+8 
        5833.38      2.83184e+8 
        5848.38      2.80486e+8 
        5863.37      2.77821e+8 
        5878.37      2.75187e+8 
        5893.36      2.72584e+8 
        5908.36      2.70011e+8 
        5923.36       2.6747e+8 
        5938.35      2.64957e+8 
        5953.35      2.62474e+8 
        5968.34      2.60021e+8 
        5983.34      2.57596e+8 
        5998.34      2.55198e+8 
        6013.33      2.52828e+8 
        6028.33      2.50486e+8 
        6043.32       2.4817e+8 
        6058.32      2.45881e+8 
        6073.32      2.43619e+8 
        6088.31      2.41381e+8 
        6103.31      2.39169e+8 
         6118.3      2.36982e+8 
         6133.3      2.34818e+8 
         6148.3      2.32679e+8 
        6163.29      2.30563e+8 
        6178.29       2.2847e+8 
        6193.28        2.264e+8 
        6208.28      2.24351e+8 
        6223.28      2.22324e+8 
        6238.27      2.20317e+8 
        6252.16      2.18476e+8 
        6262.16      2.17162e+8 
        6273.26      2.15711e+8 
        6284.63      2.14237e+8 
        6295.99      2.12772e+8 
        6306.09      2.11479e+8 
        6316.22      2.10188e+8 
        6328.25      2.08662e+8 
        6343.24      2.06774e+8 
        6358.24      2.04896e+8 
        6373.23      2.03024e+8 
        6388.23       2.0115e+8 
        6403.23      1.99266e+8 
        6418.22      1.97357e+8 
        6433.22      1.95398e+8 
        6448.22       1.9335e+8 
        6463.21      1.91146e+8 
        6478.21      1.88681e+8 
         6493.2      1.85739e+8 
         6508.2      1.81838e+8 
        6523.19      1.75951e+8 
        6537.09      1.66765e+8 
        6548.06      1.54482e+8 
        6558.19      1.33423e+8 
        6568.45      1.35831e+8 
        6579.61      1.54605e+8 
        6590.04      1.63257e+8 
        6603.34       1.6879e+8 
        6613.66      1.70759e+8 
        6629.14      1.71783e+8 
        6639.46      1.71763e+8 
        6649.78      1.71433e+8 
        6670.42      1.70267e+8 
        6691.06      1.68745e+8 
        6711.48      1.67075e+8 
         6752.3      1.63563e+8 
        6824.78      1.57296e+8 
        6897.26      1.51235e+8 
        6969.74      1.45432e+8 
        7042.22      1.39893e+8 
        7109.15      1.35006e+8 
        7176.07      1.30331e+8 
           7243      1.25855e+8 
        7309.93       1.2157e+8 
        7360.21      1.18469e+8 
        7376.86      1.17466e+8 
        7393.51      1.16471e+8 
        7426.82      1.14515e+8 
        7493.43      1.10723e+8 
        7560.04      1.07087e+8 
        7575.42      1.06269e+8 
        7626.65      1.03599e+8 
        7677.88      1.01012e+8 
        7729.11      9.85068e+7 
        7780.35      9.60787e+7 
        7831.58      9.37247e+7 
        7882.81      9.14427e+7 
        7905.84      9.04395e+7 
        7934.04      8.92294e+7 
        7962.25      8.80394e+7 
        8018.66       8.5719e+7 
         8067.6      8.37674e+7 
        8082.55      8.31825e+7 
         8097.5      8.26025e+7 
         8127.4      8.14577e+7 
        8171.58      7.98027e+7 
        8187.21      7.92272e+7 
        8200.85      7.87293e+7 
        8216.85      7.81503e+7 
        8232.84      7.75766e+7 
        8264.83       7.6445e+7 
        8289.72      7.55792e+7 
        8328.82      7.42424e+7 
        8343.44      7.37501e+7 
        8367.92      7.29346e+7 
        8388.68      7.22554e+7 
        8408.65      7.16098e+7 
        8432.02      7.08624e+7 
        8467.25        6.975e+7 
        8502.48      6.86576e+7 
        8516.58      6.82266e+7 
        8530.98      6.77874e+7 
        8545.38      6.73727e+7 
        8574.18      6.65524e+7 
        8598.39        6.586e+7 
         8628.6      6.50272e+7 
        8646.81      6.45085e+7 
        8665.01      6.39867e+7 
        8701.43      6.30301e+7 
        8750.47      6.15787e+7 
        8783.66      6.08231e+7 
        8799.51      6.04172e+7 
        8815.35       5.9968e+7 
        8831.29       5.9493e+7 
        8847.03      5.89881e+7 
        8862.78      5.84883e+7 
        8878.53      5.82652e+7 
        8894.27      5.80419e+7 
        8910.02      5.77742e+7 
        8925.77      5.74512e+7 
        8941.51      5.70366e+7 
        8957.26      5.65735e+7 
        8973.01      5.60237e+7 
        8988.75      5.54045e+7 
        9001.83      5.48387e+7 
        9014.91      5.43232e+7 
        9027.99      5.42949e+7 
        9041.06      5.43112e+7 
        9054.14      5.42842e+7 
        9067.21      5.41956e+7 
        9086.83      5.39543e+7 
        9099.72      5.37442e+7 
        9125.49      5.31711e+7 
        9151.27      5.24181e+7 
        9164.16      5.19362e+7 
        9177.05      5.14128e+7 
        9189.94      5.07873e+7 
        9202.83      5.00808e+7 
        9228.19      4.85951e+7 
        9241.22      4.87742e+7 
        9254.24      4.90736e+7 
        9267.26      4.92963e+7 
        9280.28       4.9432e+7 
         9293.3      4.94697e+7 
        9306.32      4.94641e+7 
        9332.36      4.92592e+7 
         9358.4      4.89001e+7 
        9384.08      4.84522e+7 
        9409.77       4.7908e+7 
        9435.45      4.72693e+7 
        9448.29      4.68905e+7 
        9461.14      4.64701e+7 
        9473.98      4.59788e+7 
        9486.82      4.53897e+7 
        9499.66      4.46581e+7 
         9512.5      4.37115e+7 
        9525.35      4.24772e+7 
        9538.19      4.10974e+7 
        9548.88      4.04989e+7 
        9559.57      4.13016e+7 
         9576.1      4.24354e+7 
        9591.66      4.31061e+7 
        9607.21      4.34407e+7 
        9630.54      4.35918e+7 
        9646.09      4.35557e+7 
        9661.65      4.34595e+7 
        9682.06       4.3249e+7 
        9709.28      4.28984e+7 
        9763.71      4.20785e+7 
        9818.15       4.1196e+7 
        9845.37      4.07285e+7 
        9872.58      4.02504e+7 
         9899.8      3.96805e+7 
        9927.02      3.90299e+7 
        9939.92      3.86636e+7 
        9952.82      3.82583e+7 
        9965.72      3.78147e+7 
        9978.62      3.72898e+7 
        9991.52      3.66684e+7 
        10004.4      3.58987e+7 
        10017.3      3.49801e+7 
        10030.2      3.37797e+7 
        10043.1      3.22632e+7 
          10054      3.19616e+7 
          10065      3.30376e+7 
        10077.5      3.39396e+7 
          10090      3.45647e+7 
        10102.5       3.5024e+7 
          10115      3.53018e+7 
        10127.5      3.54909e+7 
          10140      3.55773e+7 
        10152.4       3.5626e+7 
        10177.4      3.56002e+7 
        10202.4      3.54507e+7 
        10217.6      3.53285e+7 
        10237.2        3.514e+7 
        10256.7      3.49282e+7 
        10295.8      3.44724e+7 
          10374      3.35239e+7 
        10452.1      3.25689e+7 
        10530.3      3.16468e+7 
        10608.5      3.07483e+7 
        10686.6      2.98353e+7 
        10725.7      2.93549e+7 
        10764.8      2.88276e+7 
        10784.3      2.85343e+7 
        10803.9      2.82139e+7 
        10823.4      2.78491e+7 
          10843      2.74081e+7 
        10862.5      2.68717e+7 
        10882.1      2.61528e+7 
        10896.7      2.54267e+7 
        10911.4      2.44688e+7 
        10923.7      2.33856e+7 
        10934.5      2.20204e+7 
          10945      2.24016e+7 
        10957.6      2.35767e+7 
        10971.9      2.44303e+7 
        10986.3      2.49697e+7 
        11000.7      2.53166e+7 
          11015       2.5535e+7 
        11029.4      2.56501e+7 
        11043.7      2.57119e+7 
        11058.1      2.57256e+7 
        11072.4      2.57026e+7 
        11086.8       2.5655e+7 
        11115.5      2.55187e+7 
        11144.2      2.53385e+7 
        11172.9      2.51319e+7 
        11199.7      2.49276e+7 
        11230.3      2.46854e+7 
        11260.9      2.44394e+7 
        11322.2      2.39447e+7 
        11383.4       2.3456e+7 
        11444.7      2.29845e+7 
        11505.9      2.25145e+7 
        11567.2      2.20565e+7 
        11628.4        2.161e+7 
        11689.7      2.11748e+7 
        11750.9      2.07505e+7 
        11812.2      2.03368e+7 
        11873.4      1.99332e+7 
        11934.7      1.95397e+7 
        11995.9      1.91557e+7 
        12057.2       1.8777e+7 
        12118.4      1.84108e+7 
        12179.7      1.80529e+7 
        12197.2      1.79519e+7 
        12240.9      1.77031e+7 
        12284.6      1.74578e+7 
          12372      1.69769e+7 
        12459.5      1.65043e+7 
        12546.9      1.60279e+7 
        12590.6      1.57788e+7 
        12634.3      1.55084e+7 
        12656.1      1.53573e+7 
          12678      1.51888e+7 
        12699.8      1.49932e+7 
        12721.7      1.47523e+7 
        12732.6      1.46082e+7 
        12743.6      1.44417e+7 
        12754.5      1.42445e+7 
        12765.4      1.40091e+7 
        12776.3      1.37177e+7 
        12787.3      1.33564e+7 
        12798.2      1.28719e+7 
        12809.1      1.21624e+7 
        12819.4      1.14658e+7 
        12829.8      1.22916e+7 
        12840.3      1.28284e+7 
        12854.3      1.32672e+7 
        12868.2      1.35472e+7 
        12882.2        1.373e+7 
        12896.1      1.38482e+7 
        12910.1      1.39191e+7 
          12924      1.39594e+7 
          12938      1.39757e+7 
        12951.9      1.39741e+7 
        12965.9      1.39598e+7 
        12993.8      1.39062e+7 
        13021.7      1.38308e+7 
        13049.6      1.37424e+7 
        13105.4      1.35469e+7 
        13161.2      1.33404e+7 
          13217       1.3131e+7 
        13237.4      1.30548e+7 
        13272.9      1.29223e+7 
        13308.4      1.27906e+7 
        13379.3      1.25311e+7 
        13450.3      1.22769e+7 
        13521.3      1.20287e+7 
        13592.3      1.17865e+7 
        13663.3      1.15513e+7 
        13734.3      1.13205e+7 
        13805.2      1.10954e+7 
        13876.2      1.08759e+7 
        13947.2      1.06618e+7 
        14018.2       1.0453e+7 
        14089.2      1.02492e+7 
        14160.2      1.00503e+7 
        14231.1      9.85624e+6 
        14272.2      9.74616e+6 
        14302.1      9.66684e+6 
        14332.1       9.5883e+6 
          14392      9.43357e+6 
        14446.1      9.29651e+6 
        14457.6      9.26748e+6 
        14469.2      9.23854e+6 
        14492.4      9.18102e+6 
        14538.8      9.06733e+6 
        14581.2      8.96475e+6 
        14597.2      8.92649e+6 
        14613.2      8.88845e+6 
        14645.2      8.81292e+6 
        14709.2      8.66432e+6 
        14773.2      8.51881e+6 
        14837.1      8.37633e+6 
        14901.1      8.23685e+6 
        14965.1      8.10025e+6 
        15029.1      7.96645e+6 
        15093.1      7.83541e+6 
        15157.1      7.70705e+6 
          15221      7.58132e+6 
          15285      7.45814e+6 
          15349      7.33744e+6 
          15413      7.21916e+6 
        15471.6      7.11291e+6 
        15482.4      7.09359e+6 
        15493.1      7.07452e+6 
        15514.7      7.03657e+6 
        15557.9      6.96142e+6 
        15644.2      6.81415e+6 
        15730.5      6.67073e+6 
        15816.8      6.53109e+6 
        15903.1      6.39509e+6 
        15989.4      6.26261e+6 
        16075.8      6.13352e+6 
        16162.1      6.00776e+6 
        16248.4      5.88521e+6 
        16289.9      5.82743e+6 
        16334.7       5.7658e+6 
        16379.5      5.70498e+6 
        16469.1      5.58695e+6 
        16558.8      5.47196e+6 
        16648.4       5.3599e+6 
          16738      5.25073e+6 
        16827.7       5.1443e+6 
        16917.3      5.04056e+6 
        17006.9       4.9394e+6 
        17096.6      4.84079e+6 
        17186.2      4.74459e+6 
        17275.8      4.65078e+6 
        17327.7       4.5976e+6 
        17365.5       4.5593e+6 
        17403.2      4.52141e+6 
        17478.8      4.44626e+6 
        17554.3      4.37269e+6 
        17629.9      4.30059e+6 
        17705.4         4.23e+6 
          17781      4.16082e+6 
        17856.5      4.09306e+6 
        17932.1      4.02664e+6 
        18007.6      3.95998e+6 
        18083.2      3.89573e+6 
        18158.7      3.83259e+6 
        18234.3      3.77035e+6 
        18309.8      3.70868e+6 
        18343.7      3.68104e+6 
        18385.3      3.64704e+6 
          18427      3.61264e+6 
        18510.2      3.53988e+6 
        18551.8      3.49901e+6 
        18593.4      3.45107e+6 
        18614.2      3.42236e+6 
          18635      3.38824e+6 
        18655.8       3.3457e+6 
        18666.2      3.31994e+6 
        18676.6      3.29013e+6 
          18687      3.25504e+6 
        18697.4      3.21313e+6 
        18707.8      3.16192e+6 
        18718.2       3.0986e+6 
        18728.6       3.0157e+6 
          18739      2.90328e+6 
        18749.4      2.71594e+6 
        18760.6      2.85764e+6 
        18770.9      2.96552e+6 
        18784.6      3.06101e+6 
        18798.4      3.12233e+6 
        18812.2       3.1638e+6 
        18825.9      3.19198e+6 
        18839.7      3.21074e+6 
        18853.4      3.22293e+6 
        18867.2      3.23012e+6 
        18894.7      3.23446e+6 
        18922.2      3.23047e+6 
        18949.7      3.22167e+6 
        19004.7      3.19619e+6 
        19059.8      3.16566e+6 
        19114.8      3.13317e+6 
        19169.8      3.09994e+6 
        19224.8      3.06653e+6 
        19279.9       3.0332e+6 
        19334.9      3.00008e+6 
        19389.9      2.96727e+6 
        19439.2      2.93817e+6 
        19450.7      2.93145e+6 
        19462.1      2.92472e+6 
        19485.1      2.91131e+6 
          19531       2.8847e+6 
        19622.7      2.83288e+6 
        19714.5      2.78143e+6 
        19806.2      2.73114e+6 
          19898      2.68197e+6 
        19989.7      2.63391e+6 
        20081.5      2.58691e+6 
        20173.3      2.54095e+6 
          20265      2.49601e+6 
        20356.8      2.45205e+6 
        20422.7      2.42108e+6 
        20448.5      2.40905e+6 
        20474.4       2.3971e+6 
        20526.1      2.37339e+6 
        20577.9      2.34997e+6 
        20629.6      2.32684e+6 
        20681.4        2.304e+6 
        20733.1      2.28143e+6 
        20784.8      2.25913e+6 
        20836.6      2.23711e+6 
        20888.3      2.21536e+6 
        20940.1      2.19387e+6 
        20991.8      2.17263e+6 
        21043.5      2.15166e+6 
        21095.3      2.13093e+6 
          21147      2.11046e+6 
        21198.8      2.09023e+6 
        21250.5      2.07024e+6 
        21302.3      2.05049e+6 
          21354      2.03097e+6 
        21405.7      2.01168e+6 
        21457.5      1.99262e+6 
        21509.2      1.97379e+6 
          21561      1.95518e+6 
        21594.8      1.94313e+6 
        21612.7      1.93679e+6 
        21630.6      1.93047e+6 
        21666.4      1.91791e+6 
        21738.1      1.89309e+6 
        21809.7      1.86867e+6 
        21881.3      1.84464e+6 
          21953        1.821e+6 
        22024.6      1.79773e+6 
        22096.3      1.77483e+6 
        22167.9       1.7523e+6 
        22239.5      1.73012e+6 
        22311.2      1.70829e+6 
        22382.8       1.6868e+6 
        22454.4      1.66565e+6 
        22526.1      1.64483e+6 
        22597.7      1.62433e+6 
        22669.4      1.60415e+6 
        22695.2      1.59696e+6 
          22741      1.58428e+6 
        22784.8      1.57227e+6 
        22800.8      1.56792e+6 
        22816.8      1.56358e+6 
        22848.8      1.55495e+6 
        22912.8      1.53786e+6 
        22976.8      1.52101e+6 
        23040.8      1.50439e+6 
        23104.8      1.48799e+6 
        23168.7      1.47182e+6 
        23232.7      1.45587e+6 
        23296.7      1.44013e+6 
        23360.7       1.4246e+6 
        23424.7      1.40928e+6 
        23488.6      1.39417e+6 
        23552.6      1.37926e+6 
        23616.6      1.36454e+6 
        23680.6      1.35003e+6 
        23744.6       1.3357e+6 
        23808.6      1.32156e+6 
        23872.5      1.30761e+6 
        23936.5      1.29385e+6 
        24000.5      1.28026e+6 
        24064.5      1.26685e+6 
        24128.5      1.25361e+6 
        24192.5      1.24055e+6 
        24256.4      1.22766e+6 
        24320.4      1.21493e+6 
        24384.4      1.20237e+6 
        24448.4      1.18997e+6 
        24512.4      1.17772e+6 
        24576.3      1.16564e+6 
        24640.3      1.15371e+6 
        24704.3      1.14192e+6 
        24768.3      1.13029e+6 
        24832.3      1.11882e+6 
        24896.3      1.10748e+6 
        24960.2      1.09628e+6 
        25004.4      1.08863e+6 
        25024.2      1.08523e+6 
          25044      1.08184e+6 
        25083.6      1.07512e+6 
        25162.8      1.06184e+6 
        25241.9      1.04877e+6 
        25321.1       1.0359e+6 
        25400.2      1.02322e+6 
        25479.4      1.01074e+6 
        25558.5          998439 
        25637.7          986331 
        25716.9          974406 
          25796          962659 
        25875.2          951092 
        25954.3          939694 
        26033.5          928469 
        26112.7          917408 
        26191.8          906513 
          26271          895781 
        26350.1          885203 
        26429.3          874783 
        26508.4          864516 
        26587.6          854397 
        26666.8          844429 
        26745.9          834602 
        26825.1          824919 
        26904.2          815375 
        26983.4          805969 
        27062.6          796698 
        27141.7          787563 
        27220.9          778553 
        27299.2          769769 
        27377.5          761114 
        27455.8          752581 
        27534.2          744168 
        27612.5          735871 
        27690.8          727687 
        27769.1          719619 
        27847.5          711662 
        27925.8          703817 
        28004.1          696076 
        28082.4          688442 
        28160.8          680912 
        28239.1          673485 
        28317.4          666159 
        28395.7          658930 
          28474          651802 
        28552.4          644768 
        28630.7          637828 
          28709          630983 
        28787.3          624228 
        28865.7          617562 
          28944          610986 
        29022.3          604496 
        29100.6          598093 
          29179          591776 
        29257.3          585539 
        29335.6          579385 
        29413.9          573309 
        29492.3          567315 
        29570.6          561399 
        29648.9          555559 
        29727.2          549794 
        29805.5          544105 
        29883.9          538488 
        29932.6          535032 
        29962.2          532943 
        29991.8          530866 
