# Koester WD models
# teff = 28000 K (value for the effective temperature for the model. Temperatures are given in K)
# logg = 8.5 log(cm/s2) (value for Log(G) for the model.)
#
# column 1: WAVELENGTH (ANGSTROM), Wavelength in Angstrom
# column 2: FLUX (ERG/CM2/S/A), Flux in erg/cm2/s/A
         899.23      8.23971e+8 
        909.241       8.5068e+8 
        919.244      9.56197e+8 
        929.261      1.01353e+9 
        939.271      2.23587e+9 
         949.28      6.95941e+8 
        959.289     1.06591e+10 
        969.297        2.597e+9 
        979.305      9.31102e+9 
        989.312     2.67224e+10 
        999.319     3.38749e+10 
        1009.33     2.45838e+10 
        1019.33      6.04332e+9 
        1029.34      4.38271e+9 
        1039.34     2.31439e+10 
        1049.35     4.45572e+10 
        1059.36     5.67312e+10 
        1069.36     6.19638e+10 
        1079.36     6.36914e+10 
        1089.37     6.37184e+10 
        1099.37     6.28821e+10 
        1109.38     6.15762e+10 
        1119.38     5.99802e+10 
        1129.38     5.81663e+10 
        1139.39     5.61337e+10 
        1149.39     5.38079e+10 
        1159.39     5.10056e+10 
        1169.39       4.733e+10 
         1179.4     4.19431e+10 
         1189.4     3.32729e+10 
         1199.4     1.98331e+10 
         1209.4       6.0842e+9 
        1219.41      4.81524e+9 
        1229.41     1.73529e+10 
        1239.41     2.92672e+10 
        1249.41     3.55003e+10 
        1259.41     3.80503e+10 
        1269.41      3.8847e+10 
        1279.42     3.88238e+10 
        1289.42     3.84035e+10 
        1299.42     3.77842e+10 
        1309.42     3.70642e+10 
        1319.42      3.6297e+10 
        1329.42     3.55088e+10 
        1339.42     3.47168e+10 
        1349.42     3.39301e+10 
        1359.42     3.31548e+10 
        1369.42     3.23936e+10 
        1379.42     3.16484e+10 
        1389.42     3.09206e+10 
        1399.42     3.02109e+10 
        1409.42     2.95197e+10 
        1419.42      2.8848e+10 
        1429.42     2.81945e+10 
        1439.42     2.75588e+10 
        1454.42     2.66379e+10 
        1464.42     2.60452e+10 
        1474.42     2.54692e+10 
        1489.42     2.46351e+10 
        1504.42     2.38361e+10 
        1514.42     2.33219e+10 
        1529.42     2.25768e+10 
        1544.42      2.1862e+10 
        1559.42     2.11762e+10 
        1570.19     2.07009e+10 
        1584.41     2.00939e+10 
        1599.41     1.94788e+10 
        1614.41     1.88872e+10 
        1629.41     1.83187e+10 
        1644.41     1.77724e+10 
        1659.41     1.72473e+10 
        1670.17     1.68827e+10 
         1684.4     1.64165e+10 
         1699.4     1.59434e+10 
         1714.4     1.54878e+10 
         1729.4     1.50487e+10 
         1744.4     1.46253e+10 
        1759.39     1.42174e+10 
         1771.7     1.38938e+10 
        1784.39       1.357e+10 
        1799.39     1.31999e+10 
           1824     1.26202e+10 
        1834.77     1.23768e+10 
        1845.54     1.21397e+10 
           1864     1.17466e+10 
        1876.29     1.14942e+10 
        1888.59     1.12488e+10 
        1906.98     1.08942e+10 
        1919.37     1.06634e+10 
        1931.76     1.04392e+10 
        1944.47     1.02153e+10 
        1956.53     1.00086e+10 
         1967.6      9.82367e+9 
        1992.71      9.42076e+9 
        2017.81       9.0388e+9 
        2042.92       8.6767e+9 
        2067.03      8.34624e+9 
        2091.15      8.03227e+9 
        2114.28      7.74535e+9 
        2126.36      7.60071e+9 
        2145.92      7.37388e+9 
        2165.47      7.15564e+9 
        2194.48      6.84716e+9 
        2204.59      6.74371e+9 
         2214.7      6.64227e+9 
        2234.91      6.44545e+9 
        2263.91      6.17587e+9 
        2292.92      5.92074e+9 
        2313.13      5.75084e+9 
        2344.77      5.49763e+9 
        2362.35      5.36304e+9 
        2379.94      5.23276e+9 
        2409.27      5.02422e+9 
        2432.73       4.8651e+9 
        2451.59      4.74179e+9 
        2466.76       4.6456e+9 
        2488.39      4.51271e+9 
        2510.01      4.38463e+9 
         2547.3      4.17467e+9 
        2559.23      4.11018e+9 
        2571.17      4.04703e+9 
        2595.04      3.92438e+9 
        2627.89      3.76325e+9 
        2642.78      3.69297e+9 
        2657.67      3.62436e+9 
        2687.45      3.49213e+9 
        2717.24      3.36597e+9 
        2737.93      3.28171e+9 
        2756.11      3.20986e+9 
        2766.75       3.1688e+9 
        2810.65      3.00627e+9 
        2854.55      2.85417e+9 
        2898.45      2.71192e+9 
        2931.71      2.61006e+9 
        2942.34      2.57851e+9 
        2952.98      2.54745e+9 
        2974.26       2.4868e+9 
        3016.81      2.37089e+9 
        3051.42      2.28163e+9 
        3086.03      2.19669e+9 
        3117.94      2.12186e+9 
        3149.86      2.05023e+9 
        3179.08      1.98737e+9 
        3213.69      1.91603e+9 
        3248.29       1.8479e+9 
         3282.9      1.78287e+9 
        3317.51      1.72071e+9 
        3346.73      1.67033e+9 
        3365.17      1.63953e+9 
        3405.17      1.57515e+9 
        3445.17      1.51392e+9 
        3485.16       1.4557e+9 
        3506.72       1.4255e+9 
        3525.16      1.40029e+9 
         3543.6      1.37562e+9 
        3569.68       1.3417e+9 
        3580.48      1.32796e+9 
        3591.28      1.31437e+9 
        3612.88      1.28772e+9 
        3635.88      1.26011e+9 
        3647.12      1.24689e+9 
        3658.96      1.23315e+9 
        3671.11      1.21913e+9 
        3682.58      1.20615e+9 
         3693.5      1.19394e+9 
        3703.57      1.18279e+9 
        3713.83      1.17156e+9 
        3724.38      1.16015e+9 
        3734.43      1.14938e+9 
        3744.62      1.13872e+9 
        3754.84      1.12825e+9 
        3765.07      1.11758e+9 
         3775.5      1.10749e+9 
        3786.22      1.09721e+9 
        3796.45      1.08414e+9 
        3807.84      1.07858e+9 
        3818.92      1.06833e+9 
        3830.45      1.04734e+9 
        3840.76      1.04205e+9 
        3851.98       1.0484e+9 
        3862.01      1.04207e+9 
        3872.59      1.01969e+9 
         3884.4       9.7499e+8 
        3894.46      9.74425e+8 
        3908.89      1.01547e+9 
        3919.07      1.02541e+9 
        3929.34      1.02049e+9 
        3939.89      9.96252e+8 
        3951.72      9.43241e+8 
        3961.86      8.72533e+8 
        3972.06      8.20213e+8 
        3982.23      8.91914e+8 
        3992.62      9.48224e+8 
        4003.87      9.86677e+8 
         4015.8      1.00417e+9 
        4028.86      1.00547e+9 
        4043.86      9.90048e+8 
        4058.85      9.49795e+8 
        4071.35      8.88106e+8 
        4082.28      8.17006e+8 
        4093.69      7.14015e+8 
        4103.79      6.43568e+8 
           4115      7.51833e+8 
        4126.11      8.25777e+8 
        4137.37      8.78154e+8 
        4147.97      9.12271e+8 
        4158.83      9.31828e+8 
        4173.82      9.41253e+8 
        4188.82      9.40646e+8 
        4203.81      9.34759e+8 
        4216.52      9.27272e+8 
        4228.81      9.17929e+8 
        4243.81      9.03136e+8 
         4258.8      8.82539e+8 
         4273.8      8.52138e+8 
        4288.79      8.07876e+8 
        4303.79      7.48013e+8 
        4314.07      6.94641e+8 
        4326.14      6.13638e+8 
        4336.17      5.16044e+8 
        4346.88      5.36474e+8 
        4357.43       6.1912e+8 
        4367.98      6.73887e+8 
        4378.77      7.14624e+8 
        4393.77      7.52345e+8 
        4408.76      7.73938e+8 
        4423.76      7.83234e+8 
        4438.75      7.84057e+8 
        4453.75      7.80419e+8 
        4468.74      7.74469e+8 
        4483.74      7.67315e+8 
        4498.74      7.59609e+8 
        4513.73      7.51582e+8 
        4527.19      7.44218e+8 
        4538.73      7.37844e+8 
        4553.72      7.29519e+8 
        4568.72      7.21178e+8 
        4583.72      7.12837e+8 
        4596.53      7.05721e+8 
        4608.71      6.99008e+8 
         4623.7      6.90695e+8 
         4638.7      6.82382e+8 
         4653.7      6.74044e+8 
        4668.69      6.65612e+8 
        4683.69       6.5696e+8 
        4698.68      6.47972e+8 
        4713.68      6.38412e+8 
        4724.83       6.3076e+8 
        4738.67      6.20323e+8 
        4753.67      6.07735e+8 
        4768.67      5.93073e+8 
        4783.66      5.74858e+8 
        4798.66      5.51645e+8 
        4813.65      5.21156e+8 
        4828.65      4.81308e+8 
        4839.16      4.44639e+8 
        4849.39      3.97823e+8 
        4859.63      3.14467e+8 
        4869.98      3.74044e+8 
        4880.32      4.21212e+8 
        4891.13      4.53888e+8 
        4903.63      4.79888e+8 
        4915.55      4.96723e+8 
        4928.62      5.08636e+8 
        4943.62      5.16107e+8 
        4958.61      5.18919e+8 
        4973.61      5.18765e+8 
        4988.61      5.16827e+8 
         5003.6      5.13801e+8 
         5018.6      5.09884e+8 
         5033.6      5.05441e+8 
        5048.59      5.00672e+8 
        5063.59      4.95734e+8 
        5078.58      4.90692e+8 
        5093.58      4.85637e+8 
        5108.57      4.80582e+8 
        5123.57      4.75555e+8 
        5138.57       4.7056e+8 
        5153.56      4.65609e+8 
        5168.56      4.60702e+8 
        5183.56      4.55845e+8 
        5198.55      4.51042e+8 
        5213.55      4.46295e+8 
        5228.54      4.41601e+8 
        5243.54      4.36961e+8 
        5258.53      4.32381e+8 
        5273.53      4.27854e+8 
        5288.53      4.23386e+8 
        5303.52      4.18969e+8 
        5318.52      4.14612e+8 
        5333.52      4.10305e+8 
        5348.51      4.06054e+8 
        5363.51      4.01954e+8 
         5378.5      3.97798e+8 
         5393.5      3.93698e+8 
        5408.49      3.89649e+8 
        5423.49      3.85652e+8 
        5438.49      3.81707e+8 
        5453.48      3.77811e+8 
        5468.48      3.73963e+8 
        5483.48      3.70168e+8 
        5498.47      3.66417e+8 
        5513.47      3.62713e+8 
        5528.46      3.59056e+8 
        5543.46      3.55446e+8 
        5558.45       3.5188e+8 
        5573.45      3.48362e+8 
        5588.45      3.44884e+8 
        5603.44       3.4145e+8 
        5618.44      3.38061e+8 
        5633.43      3.34712e+8 
        5648.43      3.31403e+8 
        5663.43      3.28136e+8 
        5673.98      3.25953e+8 
         5686.2      3.23339e+8 
        5698.42       3.2075e+8 
        5708.88      3.18554e+8 
        5723.41      3.15538e+8 
        5738.41      3.12462e+8 
         5753.4      3.09424e+8 
         5768.4       3.0636e+8 
        5783.39      3.03393e+8 
        5798.39      3.00462e+8 
        5813.39      2.97566e+8 
        5828.38      2.94705e+8 
        5843.38      2.91878e+8 
        5858.37      2.89084e+8 
        5873.37      2.86324e+8 
        5888.37      2.83596e+8 
        5903.36        2.809e+8 
        5918.36      2.78236e+8 
        5933.35      2.75603e+8 
        5948.35      2.73001e+8 
        5963.35      2.70429e+8 
        5978.34      2.67886e+8 
        5993.34      2.65372e+8 
        6008.33      2.62888e+8 
        6023.33      2.60431e+8 
        6038.32      2.58002e+8 
        6053.32        2.556e+8 
        6068.32      2.53224e+8 
        6083.31      2.50872e+8 
        6098.31      2.48545e+8 
        6113.31      2.46242e+8 
         6128.3      2.43963e+8 
         6143.3      2.41706e+8 
        6158.29      2.39471e+8 
        6173.29      2.37257e+8 
        6188.28      2.35061e+8 
        6203.28      2.32883e+8 
        6218.28      2.30721e+8 
        6233.27      2.28573e+8 
        6244.38      2.26987e+8 
        6256.04      2.25338e+8 
        6266.59      2.23857e+8 
        6278.26      2.22223e+8 
        6290.52       2.2051e+8 
        6302.31      2.18869e+8 
        6312.59      2.17439e+8 
        6323.25      2.15954e+8 
        6338.24      2.13858e+8 
        6353.24      2.11746e+8 
        6368.24      2.09605e+8 
        6383.23      2.07425e+8 
        6398.23      2.05174e+8 
        6413.22      2.02817e+8 
        6428.22      2.00302e+8 
        6443.22      1.97541e+8 
        6458.21      1.94399e+8 
        6473.21      1.90702e+8 
         6488.2      1.86216e+8 
         6503.2      1.80572e+8 
         6518.2      1.73075e+8 
        6532.67      1.63117e+8 
        6543.19       1.5319e+8 
        6554.64      1.36843e+8 
        6564.88       1.2072e+8 
        6575.67      1.42837e+8 
        6586.72      1.53797e+8 
        6598.17      1.61032e+8 
         6608.5      1.65463e+8 
        6618.82      1.68505e+8 
        6629.14      1.70529e+8 
        6639.46      1.71807e+8 
        6649.78      1.72566e+8 
         6660.1      1.72917e+8 
        6670.42      1.72955e+8 
        6680.74      1.72757e+8 
        6691.06       1.7238e+8 
        6711.48      1.71273e+8 
        6731.89      1.69884e+8 
        6772.71      1.66693e+8 
        6802.29      1.64236e+8 
        6813.53      1.63289e+8 
        6824.78      1.62338e+8 
        6847.27      1.60437e+8 
        6892.25      1.56661e+8 
        6982.21       1.4931e+8 
        7035.19       1.4514e+8 
        7072.17      1.42306e+8 
        7109.15      1.39537e+8 
         7183.1      1.34194e+8 
        7257.06        1.291e+8 
        7268.51      1.28332e+8 
        7331.01      1.24242e+8 
        7393.51      1.20322e+8 
        7456.01      1.16546e+8 
        7518.51      1.12918e+8 
        7581.01       1.0943e+8 
        7609.15      1.07904e+8 
        7643.52      1.06075e+8 
        7677.88      1.04285e+8 
        7746.61      1.00819e+8 
        7815.35      9.74952e+7 
        7884.08      9.43072e+7 
        7943.38       9.1661e+7 
        7955.15      9.11467e+7 
        7981.11      9.00252e+7 
        8018.85      8.84261e+7 
        8082.55      8.58066e+7 
        8146.25      8.32833e+7 
        8200.85      8.11938e+7 
        8216.85      8.05944e+7 
        8232.84      8.00003e+7 
        8264.83      7.88285e+7 
        8289.72      7.79319e+7 
        8328.82      7.65484e+7 
        8343.44      7.60388e+7 
        8367.92      7.51953e+7 
        8388.68      7.44894e+7 
        8408.65      7.38183e+7 
        8432.02       7.3042e+7 
        8467.25      7.18906e+7 
        8502.48      7.07619e+7 
        8516.58      7.03161e+7 
        8530.98      6.98646e+7 
        8545.38       6.9421e+7 
        8574.18       6.8542e+7 
        8598.39      6.78141e+7 
         8628.6        6.692e+7 
        8646.81      6.63866e+7 
        8665.01      6.58581e+7 
        8685.59      6.52691e+7 
        8701.43      6.48192e+7 
        8750.47       6.3431e+7 
        8767.92      6.29537e+7 
        8815.35      6.16641e+7 
        8862.78      6.04241e+7 
        8900.38      5.95055e+7 
        8957.65      5.80507e+7 
        9014.91      5.65788e+7 
        9044.62      5.59442e+7 
        9072.17      5.53599e+7 
        9099.72      5.47488e+7 
        9154.81      5.34592e+7 
         9190.8       5.2529e+7 
         9209.9      5.20267e+7 
        9229.01      5.15604e+7 
        9248.11      5.12124e+7 
        9267.22      5.09485e+7 
        9305.43      5.03893e+7 
        9379.63      4.90374e+7 
        9397.45      4.86611e+7 
        9415.28      4.82681e+7 
        9450.94      4.73972e+7 
        9486.59      4.64136e+7 
        9498.52      4.60554e+7 
        9522.24      4.52141e+7 
         9534.1      4.47668e+7 
        9545.97      4.43624e+7 
        9557.83      4.43452e+7 
        9569.68      4.44086e+7 
        9581.55      4.44469e+7 
        9593.41      4.44451e+7 
        9605.27      4.43954e+7 
        9628.99       4.4255e+7 
        9668.45      4.38884e+7 
        9707.91      4.33898e+7 
        9747.38      4.28086e+7 
        9786.84      4.21803e+7 
        9826.31      4.14957e+7 
        9857.65      4.09365e+7 
        9881.44      4.04402e+7 
        9905.23      3.98756e+7 
        9929.03      3.92721e+7 
        9952.82      3.85948e+7 
        9976.61      3.78518e+7 
        10000.4       3.6986e+7 
        10046.6      3.52012e+7 
        10060.3      3.51309e+7 
        10076.8      3.53781e+7 
        10098.8      3.56998e+7 
        10120.7      3.58936e+7 
        10142.7      3.59574e+7 
        10164.7      3.59876e+7 
        10186.6      3.59317e+7 
        10208.6      3.58374e+7 
        10223.9        3.574e+7 
        10237.2      3.56367e+7 
        10250.5      3.55195e+7 
          10277      3.52707e+7 
        10330.1       3.4692e+7 
        10383.2      3.40762e+7 
        10436.3      3.34523e+7 
        10489.4      3.27561e+7 
        10542.5       3.2114e+7 
        10595.5      3.14803e+7 
        10648.6      3.07955e+7 
        10701.7      3.00468e+7 
        10728.3      2.96282e+7 
        10754.8      2.91834e+7 
        10781.4      2.86978e+7 
        10807.9      2.81413e+7 
        10834.4      2.75379e+7 
        10847.7      2.71798e+7 
          10861      2.68123e+7 
        10874.3        2.639e+7 
        10887.5      2.59299e+7 
        10900.8      2.53966e+7 
        10914.1      2.48132e+7 
        10926.1      2.41846e+7 
        10936.6      2.33947e+7 
        10948.6       2.3931e+7 
        10960.6      2.43745e+7 
        10972.6      2.47089e+7 
        10984.6      2.49882e+7 
        10996.6      2.51799e+7 
        11008.6      2.53764e+7 
        11020.6      2.55028e+7 
        11032.6      2.55984e+7 
        11056.6      2.57228e+7 
        11080.6      2.57672e+7 
        11104.6      2.57656e+7 
        11128.6      2.57041e+7 
        11152.6      2.56197e+7 
        11200.7       2.5372e+7 
        11236.4      2.51374e+7 
        11248.7      2.50512e+7 
        11260.9      2.49632e+7 
        11285.4      2.47804e+7 
        11334.4      2.44023e+7 
        11432.3      2.36363e+7 
        11530.2      2.29025e+7 
        11628.2      2.21655e+7 
        11726.1      2.14579e+7 
        11824.1      2.07781e+7 
          11922      2.01249e+7 
        12019.9      1.94817e+7 
        12117.9      1.88708e+7 
          12147      1.86934e+7 
        12215.8        1.828e+7 
        12284.6      1.78728e+7 
        12353.5      1.74673e+7 
        12422.3      1.70585e+7 
        12491.1      1.66319e+7 
        12525.5      1.64075e+7 
        12559.9      1.61696e+7 
        12594.3      1.59096e+7 
        12628.8       1.5621e+7 
        12663.2      1.52926e+7 
        12680.4      1.51036e+7 
        12697.6       1.4896e+7 
        12714.8      1.46655e+7 
          12732      1.43974e+7 
        12749.2      1.40902e+7 
        12766.4      1.37205e+7 
        12783.6      1.32651e+7 
        12796.5      1.28397e+7 
        12807.3      1.24027e+7 
        12817.5      1.24662e+7 
        12831.1      1.24118e+7 
        12846.7      1.28714e+7 
        12862.3      1.31981e+7 
        12877.9      1.34264e+7 
        12901.3      1.36719e+7 
        12916.9      1.37806e+7 
        12932.5      1.38578e+7 
        12948.1      1.39079e+7 
        12963.7      1.39416e+7 
        12979.3      1.39603e+7 
        13010.5      1.39561e+7 
        13041.7      1.39197e+7 
        13072.9      1.38587e+7 
        13104.1      1.37792e+7 
        13135.3      1.36872e+7 
        13197.7      1.34837e+7 
        13211.9      1.34348e+7 
        13260.1      1.32644e+7 
        13308.4      1.30903e+7 
        13404.8      1.27408e+7 
        13501.2      1.23962e+7 
        13597.6      1.20605e+7 
          13694      1.17395e+7 
        13790.4      1.14226e+7 
        13886.8      1.11163e+7 
        13983.3      1.08202e+7 
        14079.7      1.05339e+7 
        14176.1      1.02569e+7 
        14212.9      1.01535e+7 
        14272.5      9.98895e+6 
        14332.1      9.82775e+6 
        14391.6      9.66954e+6 
        14444.8      9.53103e+6 
        14457.6      9.49798e+6 
        14470.5      9.46508e+6 
        14496.1      9.39968e+6 
        14511.7      9.36028e+6 
        14547.5      9.27056e+6 
        14581.2      9.18683e+6 
        14597.2       9.1475e+6 
        14613.2      9.10839e+6 
        14645.2      9.03076e+6 
        14709.2      8.87798e+6 
        14773.2      8.72841e+6 
        14837.1      8.58198e+6 
        14901.1       8.4386e+6 
        14965.1       8.2982e+6 
        15029.1       8.1607e+6 
        15093.1      8.02605e+6 
        15157.1      7.89413e+6 
          15221      7.76492e+6 
          15285      7.63834e+6 
          15349      7.51434e+6 
          15413      7.39283e+6 
        15471.6      7.28369e+6 
        15482.4      7.26383e+6 
        15493.1      7.24404e+6 
        15514.7      7.20474e+6 
        15557.9      7.12686e+6 
        15644.2      6.97427e+6 
        15730.5      6.82574e+6 
        15816.8      6.68113e+6 
        15903.1      6.54032e+6 
        15989.4      6.40323e+6 
        16075.8      6.26968e+6 
        16162.1      6.13961e+6 
        16248.4      6.01288e+6 
        16289.9      5.95313e+6 
        16334.7      5.88942e+6 
        16379.5      5.82655e+6 
        16469.1      5.70419e+6 
        16558.8      5.58506e+6 
        16648.4      5.46898e+6 
          16738      5.35591e+6 
        16827.7      5.24577e+6 
        16917.3      5.13845e+6 
        17006.9      5.03384e+6 
        17096.6      4.93189e+6 
        17186.2      4.83252e+6 
        17275.8      4.73564e+6 
        17327.7      4.68069e+6 
        17365.5      4.64114e+6 
        17403.2      4.60206e+6 
        17478.8      4.52546e+6 
        17554.3      4.45044e+6 
        17629.9      4.37699e+6 
        17705.4      4.30505e+6 
          17781      4.23458e+6 
        17856.5      4.16553e+6 
        17932.1      4.09792e+6 
        18007.6      4.02532e+6 
        18083.2      3.95869e+6 
        18158.7      3.89265e+6 
        18234.3      3.82671e+6 
        18309.8      3.75998e+6 
        18343.7      3.72932e+6 
        18385.3      3.69074e+6 
          18427      3.65044e+6 
        18468.6      3.60727e+6 
        18510.2      3.55955e+6 
        18551.8      3.50442e+6 
        18572.6        3.473e+6 
        18593.4      3.43788e+6 
        18614.2      3.39788e+6 
          18635      3.35173e+6 
        18655.8      3.29688e+6 
        18666.2      3.26572e+6 
        18676.6      3.23125e+6 
          18687      3.19236e+6 
        18697.4      3.14888e+6 
        18707.8      3.09897e+6 
        18718.2      3.04101e+6 
        18728.6      2.97244e+6 
          18739      2.88927e+6 
        18749.6      2.75277e+6 
        18762.5      2.86959e+6 
        18774.6      2.95111e+6 
        18786.7      3.01328e+6 
        18798.8      3.06172e+6 
          18811       3.0989e+6 
        18823.1      3.12964e+6 
        18835.2      3.15369e+6 
        18847.3      3.17304e+6 
        18871.6        3.201e+6 
        18895.8      3.21768e+6 
          18920      3.22645e+6 
        18944.3       3.2294e+6 
        18968.5      3.22814e+6 
        18992.8      3.22368e+6 
        19041.2      3.20797e+6 
        19089.7      3.18667e+6 
        19186.7      3.13587e+6 
        19283.7      3.08054e+6 
        19310.6      3.06487e+6 
        19380.6      3.02397e+6 
        19450.7      2.98315e+6 
        19520.7      2.94247e+6 
        19590.8      2.90492e+6 
        19660.8      2.86465e+6 
        19730.9      2.82506e+6 
        19800.9      2.78616e+6 
          19871      2.74792e+6 
          19941      2.71033e+6 
          20011      2.67338e+6 
        20081.1      2.63705e+6 
        20151.1      2.60134e+6 
        20221.2      2.56623e+6 
        20291.2      2.53171e+6 
        20361.3      2.49776e+6 
        20388.3      2.48484e+6 
        20431.3      2.46438e+6 
        20474.4      2.44414e+6 
        20560.5      2.40414e+6 
        20646.7      2.36496e+6 
        20732.8      2.32657e+6 
        20818.9      2.28896e+6 
        20905.1      2.25209e+6 
        20991.2      2.21597e+6 
        21077.3      2.18056e+6 
        21163.5      2.14586e+6 
        21249.6      2.11184e+6 
        21335.7      2.07849e+6 
        21421.9      2.04579e+6 
          21508      2.01373e+6 
        21557.7      1.99554e+6 
        21594.1       1.9823e+6 
        21630.6      1.96917e+6 
        21703.6      1.94319e+6 
        21776.5      1.91764e+6 
        21849.5       1.8925e+6 
        21922.4      1.86777e+6 
        21995.4      1.84345e+6 
        22068.3      1.81952e+6 
        22141.3      1.79597e+6 
        22214.3       1.7728e+6 
        22287.2      1.75001e+6 
        22360.2      1.72758e+6 
        22433.1       1.7055e+6 
        22506.1      1.68378e+6 
          22579       1.6624e+6 
          22652      1.64136e+6 
          22663       1.6382e+6 
        22724.9      1.62065e+6 
        22784.8      1.60388e+6 
        22800.8      1.59944e+6 
        22816.8      1.59501e+6 
        22848.8       1.5862e+6 
        22912.8      1.56875e+6 
        22976.8      1.55155e+6 
        23040.8      1.53458e+6 
        23104.8      1.51784e+6 
        23168.7      1.50133e+6 
        23232.7      1.48504e+6 
        23296.7      1.46897e+6 
        23360.7      1.45312e+6 
        23424.7      1.43747e+6 
        23488.6      1.42204e+6 
        23552.6      1.40682e+6 
        23616.6      1.39179e+6 
        23680.6      1.37697e+6 
        23744.6      1.36235e+6 
        23808.6      1.34791e+6 
        23872.5      1.33367e+6 
        23936.5      1.31961e+6 
        24000.5      1.30574e+6 
        24064.5      1.29205e+6 
        24128.5      1.27853e+6 
        24192.5       1.2652e+6 
        24256.4      1.25203e+6 
        24320.4      1.23904e+6 
        24384.4      1.22622e+6 
        24448.4      1.21356e+6 
        24512.4      1.20106e+6 
        24576.3      1.18872e+6 
        24640.3      1.17654e+6 
        24704.3      1.16452e+6 
        24768.3      1.15264e+6 
        24832.3      1.14092e+6 
        24896.3      1.12935e+6 
        24960.2      1.11792e+6 
        25004.4      1.11012e+6 
        25024.2      1.10664e+6 
          25044      1.10318e+6 
        25083.6      1.09631e+6 
        25162.8      1.08272e+6 
        25241.9      1.06934e+6 
        25321.1      1.05617e+6 
        25400.2      1.04319e+6 
        25479.4      1.03042e+6 
        25558.5      1.01784e+6 
        25637.7      1.00545e+6 
        25716.9          993252 
          25796          981236 
        25875.2          969398 
        25954.3          957740 
        26033.5          946254 
        26112.7          934941 
        26191.8          923798 
          26271          912818 
        26350.1          902002 
        26429.3          891342 
        26508.4          880840 
        26587.6          870494 
        26666.8          860297 
        26745.9          850250 
        26825.1          840348 
        26904.2          830590 
        26983.4          820974 
        27062.6          811495 
        27141.7          802152 
        27220.9          792944 
        27299.2          783962 
        27377.5          775116 
        27455.8          766392 
        27534.2          757793 
        27612.5          749314 
        27690.8          740951 
        27769.1          732704 
        27847.5          724574 
        27925.8          716553 
        28004.1          708646 
        28082.4          700845 
        28160.8          693152 
        28239.1          685565 
        28317.4          678078 
        28395.7          670695 
          28474          663413 
        28552.4          656228 
        28630.7          649141 
          28709          642151 
        28787.3          635252 
        28865.7          628444 
          28944          621731 
        29022.3          615105 
        29100.6          608567 
          29179          602115 
        29257.3          595750 
        29335.6          589466 
        29413.9          583268 
        29492.3          577148 
        29570.6          571110 
        29648.9          565151 
        29727.2          559266 
        29805.5          553461 
        29883.9          547730 
        29932.6          544202 
        29962.2          542072 
        29991.8          539955 
