# Koester WD models
# teff = 28000 K (value for the effective temperature for the model. Temperatures are given in K)
# logg = 8.75 log(cm/s2) (value for Log(G) for the model.)
#
# column 1: WAVELENGTH (ANGSTROM), Wavelength in Angstrom
# column 2: FLUX (ERG/CM2/S/A), Flux in erg/cm2/s/A
         899.23       8.5882e+8 
        909.241       8.8614e+8 
        919.244      9.70799e+8 
        929.261      1.00049e+9 
        939.271      2.10389e+9 
         949.28      6.98759e+8 
        959.281      9.19375e+9 
        969.297      2.43985e+9 
        979.305       8.1279e+9 
        989.312     2.28558e+10 
        999.319     2.92744e+10 
        1009.33     2.11846e+10 
        1019.33      5.47002e+9 
        1029.34        4.053e+9 
        1039.34     2.02213e+10 
        1049.35     4.06836e+10 
        1059.36     5.40291e+10 
        1069.36     6.05115e+10 
        1079.36     6.30772e+10 
        1089.37     6.36053e+10 
        1099.37     6.30502e+10 
        1109.38     6.18831e+10 
        1119.38     6.03267e+10 
        1129.38     5.84735e+10 
        1139.39      5.6324e+10 
        1149.39      5.3791e+10 
        1159.39     5.06576e+10 
        1169.39     4.64786e+10 
         1179.4     4.03867e+10 
         1189.4     3.10214e+10 
         1199.4     1.78478e+10 
         1209.4      5.65421e+9 
        1219.41        4.539e+9 
        1229.41     1.56486e+10 
        1239.41     2.73513e+10 
        1249.41     3.43514e+10 
        1259.41     3.75901e+10 
        1269.41     3.88257e+10 
        1279.42     3.90654e+10 
        1289.42     3.88012e+10 
        1299.42     3.82753e+10 
        1309.42     3.76111e+10 
        1319.42     3.68763e+10 
        1329.42      3.6106e+10 
        1339.42     3.53216e+10 
        1349.42     3.45368e+10 
        1359.42     3.37586e+10 
        1369.42     3.29917e+10 
        1379.42     3.22387e+10 
        1389.42     3.15017e+10 
        1399.42     3.07819e+10 
        1409.42       3.008e+10 
        1419.42     2.93971e+10 
        1429.42     2.87323e+10 
        1439.42     2.80854e+10 
        1454.42     2.71474e+10 
        1464.42     2.65433e+10 
        1474.42      2.5956e+10 
        1489.42     2.51056e+10 
        1504.42     2.42904e+10 
        1514.42     2.37659e+10 
        1529.42     2.30057e+10 
        1544.42     2.22762e+10 
        1559.42     2.15761e+10 
        1570.19      2.1091e+10 
        1584.41     2.04714e+10 
        1599.41     1.98435e+10 
        1614.41     1.92396e+10 
        1629.41     1.86592e+10 
        1644.41     1.81015e+10 
        1659.41     1.75655e+10 
        1670.17     1.71932e+10 
         1684.4     1.67172e+10 
         1699.4     1.62344e+10 
         1714.4     1.57693e+10 
         1729.4     1.53211e+10 
         1744.4      1.4889e+10 
        1759.39     1.44726e+10 
         1771.7     1.41423e+10 
        1784.39     1.38119e+10 
        1799.39     1.34342e+10 
           1824     1.28426e+10 
        1834.77     1.25943e+10 
        1845.54     1.23523e+10 
           1864     1.19512e+10 
        1876.29     1.16936e+10 
        1888.59     1.14433e+10 
        1906.98     1.10816e+10 
        1919.37     1.08462e+10 
        1931.76     1.06175e+10 
        1944.47     1.03891e+10 
        1956.53     1.01784e+10 
         1967.6       9.9897e+9 
        1992.71      9.57878e+9 
        2017.81      9.18938e+9 
        2042.92      8.82027e+9 
        2067.03      8.48334e+9 
        2091.15       8.1633e+9 
        2114.28      7.87085e+9 
        2126.36      7.72345e+9 
        2145.92      7.49235e+9 
        2165.47      7.26999e+9 
        2194.48      6.95571e+9 
        2204.59      6.85031e+9 
         2214.7      6.74695e+9 
        2234.91      6.54645e+9 
        2263.91      6.27188e+9 
        2292.92       6.0121e+9 
        2313.13      5.83912e+9 
        2344.77      5.58126e+9 
        2362.35      5.44425e+9 
        2379.94      5.31162e+9 
        2409.27      5.09934e+9 
        2432.73      4.93742e+9 
        2451.59      4.81195e+9 
        2466.76      4.71405e+9 
        2488.39      4.57881e+9 
        2510.01      4.44853e+9 
         2547.3      4.23493e+9 
        2559.23      4.16933e+9 
        2571.17      4.10512e+9 
        2595.04      3.98037e+9 
        2627.89       3.8165e+9 
        2642.78      3.74503e+9 
        2657.67      3.67529e+9 
        2687.45      3.54083e+9 
        2717.24      3.41256e+9 
        2737.93      3.32692e+9 
        2756.11       3.2539e+9 
        2766.75      3.21215e+9 
        2810.65      3.04698e+9 
        2854.55      2.89244e+9 
        2898.45      2.74791e+9 
        2931.71      2.64445e+9 
        2942.34       2.6124e+9 
        2952.98      2.58084e+9 
        2974.26      2.51924e+9 
        3016.81      2.40153e+9 
        3051.42      2.31089e+9 
        3086.03      2.22464e+9 
        3117.94      2.14869e+9 
        3149.86      2.07597e+9 
        3179.08      2.01216e+9 
        3213.69      1.93976e+9 
        3248.29      1.87062e+9 
         3282.9      1.80463e+9 
        3317.51      1.74156e+9 
        3346.73      1.69046e+9 
        3365.17      1.65921e+9 
        3405.17      1.59391e+9 
        3445.17      1.53181e+9 
        3485.16      1.47277e+9 
        3506.72      1.44214e+9 
        3525.16      1.41658e+9 
         3543.6      1.39157e+9 
        3569.68      1.35718e+9 
        3580.48      1.34325e+9 
        3591.28      1.32947e+9 
        3612.88      1.30244e+9 
        3635.88      1.27446e+9 
        3647.12      1.26106e+9 
        3658.96      1.24714e+9 
        3671.11      1.23293e+9 
        3682.58      1.21978e+9 
         3693.5      1.20741e+9 
        3703.57      1.19611e+9 
        3713.83      1.18473e+9 
        3724.38      1.17316e+9 
        3734.43      1.16225e+9 
        3744.62      1.15138e+9 
        3754.84      1.14067e+9 
        3765.07      1.12989e+9 
         3775.5      1.11943e+9 
        3786.22      1.10876e+9 
        3796.45      1.09681e+9 
        3807.84       1.0889e+9 
        3818.92      1.07821e+9 
        3830.45      1.06077e+9 
        3840.76      1.05408e+9 
        3851.98      1.05465e+9 
        3862.01        1.047e+9 
        3872.59      1.02816e+9 
         3884.4      9.94217e+8 
        3894.46      9.91964e+8 
        3908.89      1.01819e+9 
        3923.89      1.02178e+9 
        3935.81      1.00556e+9 
        3946.58      9.72505e+8 
        3957.31      9.20041e+8 
        3967.38      8.57831e+8 
        3977.86      8.83388e+8 
        3988.87      9.37238e+8 
        4003.87      9.82712e+8 
        4018.86      9.97723e+8 
        4032.38      9.94025e+8 
        4043.86      9.80453e+8 
        4058.85      9.41017e+8 
        4073.85      8.70953e+8 
        4085.65      7.94581e+8 
        4096.31       7.0039e+8 
        4106.79      6.92131e+8 
        4117.15      7.72983e+8 
        4127.94      8.33364e+8 
        4138.83       8.7909e+8 
        4149.25      9.08753e+8 
         4160.7       9.2758e+8 
        4173.82      9.35761e+8 
        4188.82       9.3616e+8 
        4203.81      9.30914e+8 
        4216.52      9.23694e+8 
        4228.81      9.14361e+8 
        4243.81      8.99017e+8 
         4258.8      8.77136e+8 
         4273.8      8.44645e+8 
        4288.79       7.9924e+8 
        4301.29      7.50391e+8 
        4313.79      6.89055e+8 
        4326.14      6.10738e+8 
        4336.17      5.21052e+8 
        4346.17      5.31658e+8 
        4357.43      6.15092e+8 
        4367.98      6.66992e+8 
        4378.77      7.06657e+8 
        4393.77      7.45387e+8 
        4408.76      7.68949e+8 
        4423.76      7.81072e+8 
        4438.75      7.83918e+8 
        4453.75      7.81625e+8 
        4468.74      7.76545e+8 
        4483.74      7.70004e+8 
        4498.74      7.62735e+8 
        4513.73      7.55022e+8 
        4527.19      7.47862e+8 
        4538.73      7.41623e+8 
        4553.72      7.33424e+8 
        4568.72      7.25164e+8 
        4583.72      7.16874e+8 
        4596.53      7.09771e+8 
        4608.71      7.03051e+8 
         4623.7      6.94691e+8 
         4638.7       6.8629e+8 
         4653.7      6.77817e+8 
        4668.69        6.692e+8 
        4683.69      6.60294e+8 
        4698.68      6.50941e+8 
        4713.68      6.40847e+8 
        4724.83      6.32676e+8 
        4738.67      6.21398e+8 
        4753.67      6.07553e+8 
        4768.67      5.91502e+8 
        4783.66      5.71641e+8 
        4798.66      5.46753e+8 
        4813.65      5.15108e+8 
        4828.65      4.75172e+8 
        4839.16      4.39298e+8 
        4849.39      3.94132e+8 
        4859.47      3.17684e+8 
        4869.53      3.68682e+8 
        4880.32      4.16387e+8 
        4893.63      4.54205e+8 
        4908.63      4.82241e+8 
         4921.7      4.98869e+8 
        4933.62      5.08806e+8 
        4948.62      5.16214e+8 
        4963.61       5.1922e+8 
        4978.61      5.19535e+8 
        4993.61      5.18039e+8 
         5008.6      5.15227e+8 
         5023.6      5.11502e+8 
        5038.59      5.07182e+8 
        5053.59      5.02517e+8 
        5068.59      4.97644e+8 
        5083.58      4.92674e+8 
        5098.58      4.87666e+8 
        5113.57      4.82652e+8 
        5128.57      4.77651e+8 
        5143.57      4.72671e+8 
        5158.56      4.67727e+8 
        5173.56      4.62826e+8 
        5188.55      4.57972e+8 
        5203.55      4.53168e+8 
        5218.55      4.48418e+8 
        5233.54      4.43719e+8 
        5248.54      4.39072e+8 
        5263.53      4.34482e+8 
        5278.53      4.29946e+8 
        5293.52      4.25463e+8 
        5308.52      4.21039e+8 
        5323.52      4.16666e+8 
        5338.51      4.12347e+8 
        5353.51      4.08083e+8 
        5368.51      4.03996e+8 
         5383.5      3.99824e+8 
         5398.5      3.95706e+8 
        5413.49       3.9164e+8 
        5428.49      3.87625e+8 
        5443.48      3.83664e+8 
        5458.48      3.79749e+8 
        5473.48      3.75888e+8 
        5488.47      3.72071e+8 
        5503.47      3.68305e+8 
        5518.47      3.64588e+8 
        5533.46      3.60916e+8 
        5548.46      3.57287e+8 
        5563.45      3.53706e+8 
        5578.45      3.50171e+8 
        5593.44      3.46678e+8 
        5608.44      3.43228e+8 
        5623.44       3.3982e+8 
        5638.43      3.36455e+8 
        5653.43      3.33131e+8 
        5668.43      3.30024e+8 
        5682.86      3.26892e+8 
        5693.42      3.24627e+8 
        5704.77      3.22214e+8 
        5715.23      3.20009e+8 
        5728.41      3.17257e+8 
         5743.4      3.14162e+8 
         5758.4      3.11108e+8 
         5773.4      3.08004e+8 
        5788.39      3.05019e+8 
        5803.39       3.0207e+8 
        5818.39      2.99157e+8 
        5833.38      2.96278e+8 
        5848.38      2.93434e+8 
        5863.37      2.90623e+8 
        5878.37      2.87846e+8 
        5893.36      2.85101e+8 
        5908.36      2.82388e+8 
        5923.36      2.79706e+8 
        5938.35      2.77056e+8 
        5953.35      2.74436e+8 
        5968.34      2.71846e+8 
        5983.34      2.69286e+8 
        5998.34      2.66755e+8 
        6013.33      2.64253e+8 
        6028.33      2.61778e+8 
        6043.32      2.59331e+8 
        6058.32      2.56911e+8 
        6073.32      2.54515e+8 
        6088.31      2.52143e+8 
        6103.31      2.49795e+8 
         6118.3      2.47471e+8 
         6133.3      2.45169e+8 
         6148.3       2.4289e+8 
        6163.29      2.40631e+8 
        6178.29      2.38391e+8 
        6193.28      2.36169e+8 
        6208.28      2.33961e+8 
        6223.28      2.31767e+8 
        6238.27      2.29581e+8 
        6252.16      2.27567e+8 
        6262.16      2.26131e+8 
        6273.26      2.24539e+8 
        6284.63       2.2291e+8 
        6295.99      2.21282e+8 
        6306.09      2.19842e+8 
        6316.22      2.18393e+8 
        6328.25      2.16665e+8 
        6343.24      2.14493e+8 
        6358.24      2.12289e+8 
        6373.23      2.10041e+8 
        6388.23      2.07725e+8 
        6403.23      2.05305e+8 
        6418.22      2.02733e+8 
        6433.22      1.99942e+8 
        6448.22      1.96816e+8 
        6463.21      1.93209e+8 
        6478.21      1.88925e+8 
         6493.2      1.83722e+8 
         6508.2      1.77191e+8 
        6523.19      1.68628e+8 
        6537.09      1.57901e+8 
        6548.06      1.46126e+8 
        6558.19      1.28296e+8 
        6568.28      1.29687e+8 
        6578.81      1.45353e+8 
        6588.98      1.54107e+8 
        6603.34      1.62175e+8 
        6613.66       1.6605e+8 
        6623.98      1.68775e+8 
         6634.3      1.70662e+8 
        6644.62      1.71917e+8 
        6654.94      1.72701e+8 
        6665.26      1.73095e+8 
        6675.58      1.73188e+8 
         6685.9       1.7305e+8 
        6696.23      1.72725e+8 
        6711.48      1.72011e+8 
        6741.98      1.70067e+8 
        6772.48      1.67757e+8 
        6802.98      1.65284e+8 
        6824.78      1.63469e+8 
        6868.37      1.59814e+8 
        6955.56      1.52609e+8 
        6976.35      1.50925e+8 
        7042.75      1.45671e+8 
        7109.15      1.40615e+8 
        7175.54      1.35769e+8 
        7241.94      1.31124e+8 
        7308.33      1.26673e+8 
        7355.95      1.23596e+8 
        7374.73      1.22419e+8 
        7393.51      1.21244e+8 
        7431.08      1.18937e+8 
        7506.22      1.14485e+8 
        7581.35       1.1024e+8 
         7635.1      1.07323e+8 
        7656.49      1.06189e+8 
        7677.88       1.0507e+8 
        7720.67      1.02877e+8 
        7806.23      9.86589e+7 
        7821.36       9.7936e+7 
         7891.8      9.46603e+7 
        7962.25      9.15149e+7 
        7982.84      9.06205e+7 
        8032.69      8.84999e+7 
        8082.55      8.64406e+7 
        8161.68      8.32946e+7 
        8182.26      8.24995e+7 
        8200.85      8.17898e+7 
        8216.85      8.11854e+7 
        8232.84      8.05862e+7 
        8264.83      7.94047e+7 
        8289.72      7.85009e+7 
        8328.82       7.7106e+7 
        8343.44      7.65923e+7 
        8367.92      7.57419e+7 
        8388.68      7.50297e+7 
        8408.65      7.43533e+7 
        8432.02      7.35708e+7 
        8467.25      7.24099e+7 
        8502.48      7.12724e+7 
        8516.58      7.08228e+7 
        8530.98      7.03679e+7 
        8545.38      6.99193e+7 
        8574.18      6.90308e+7 
        8598.39       6.8296e+7 
         8628.6      6.73925e+7 
        8646.81       6.6854e+7 
        8665.01      6.63209e+7 
        8685.59      6.57259e+7 
        8701.43      6.52716e+7 
        8750.47      6.38767e+7 
        8767.92      6.33939e+7 
        8815.35      6.20961e+7 
        8862.78      6.08495e+7 
        8900.38      5.99064e+7 
        8957.65       5.8443e+7 
        9014.91      5.69951e+7 
        9044.62      5.63256e+7 
        9072.17      5.57117e+7 
        9099.72      5.50847e+7 
        9154.81      5.38083e+7 
         9190.8      5.29267e+7 
         9209.9      5.24567e+7 
        9229.01      5.20185e+7 
        9267.22      5.13116e+7 
        9305.43      5.06714e+7 
        9379.63      4.92573e+7 
        9397.45      4.88835e+7 
        9415.28      4.84971e+7 
        9450.94      4.76674e+7 
        9486.59      4.67629e+7 
        9498.52      4.64422e+7 
        9522.24      4.57281e+7 
         9534.1      4.53624e+7 
        9545.97      4.50269e+7 
        9557.83      4.49263e+7 
        9569.68      4.49012e+7 
        9581.55      4.48629e+7 
        9593.41      4.48013e+7 
        9605.27      4.47105e+7 
        9628.99      4.45013e+7 
        9668.45       4.4064e+7 
        9707.91      4.35343e+7 
        9747.38      4.29368e+7 
        9786.84      4.22997e+7 
        9826.31      4.16104e+7 
        9857.65      4.10502e+7 
        9905.23      4.00167e+7 
        9929.03      3.94336e+7 
        9952.82      3.88021e+7 
        9976.61      3.81185e+7 
        10000.4      3.73485e+7 
        10046.6      3.58729e+7 
        10057.6      3.57573e+7 
        10068.6      3.58016e+7 
        10079.6      3.58971e+7 
        10101.5      3.60677e+7 
        10123.5      3.61632e+7 
        10145.4       3.6177e+7 
        10167.4      3.61472e+7 
        10189.4      3.60667e+7 
        10229.4      3.58239e+7 
          10245      3.56891e+7 
        10260.5      3.55518e+7 
        10291.7      3.52418e+7 
        10353.9      3.45468e+7 
        10416.2      3.38221e+7 
        10478.4      3.30065e+7 
        10540.7      3.22478e+7 
        10602.9      3.14904e+7 
        10665.2      3.06546e+7 
        10696.3      3.01998e+7 
        10727.4      2.96974e+7 
        10758.6      2.91613e+7 
        10789.7      2.85669e+7 
        10820.8      2.78975e+7 
        10836.4      2.75422e+7 
          10852      2.71407e+7 
        10867.5      2.67166e+7 
        10883.1      2.62233e+7 
        10898.6      2.56925e+7 
        10914.2      2.50917e+7 
        10926.1      2.45458e+7 
        10936.6      2.38748e+7 
          10947      2.42411e+7 
        10960.5      2.46588e+7 
        10972.4      2.49219e+7 
        10984.3      2.51506e+7 
        10996.3       2.5304e+7 
        11008.2      2.54696e+7 
        11020.2      2.55734e+7 
        11032.1      2.56565e+7 
          11056      2.57615e+7 
        11079.8      2.58094e+7 
        11103.7      2.58132e+7 
        11127.6      2.57606e+7 
        11151.5      2.56895e+7 
        11199.2       2.5467e+7 
          11233      2.52588e+7 
          11247      2.51652e+7 
        11260.9      2.50687e+7 
        11288.8      2.48652e+7 
        11344.6      2.44397e+7 
        11400.4      2.40063e+7 
        11456.2      2.36112e+7 
          11512      2.31724e+7 
        11567.8      2.27437e+7 
        11623.6      2.23248e+7 
        11679.5      2.19154e+7 
        11735.3      2.15154e+7 
        11791.1      2.11244e+7 
        11846.9      2.07422e+7 
        11902.7      2.03685e+7 
        11958.5      2.00033e+7 
        12014.3      1.96461e+7 
        12070.1      1.92708e+7 
        12125.9      1.89239e+7 
        12181.7      1.85824e+7 
        12237.5      1.82455e+7 
        12284.6      1.79628e+7 
        12378.9      1.73946e+7 
        12473.1      1.68031e+7 
        12520.2      1.64851e+7 
        12567.3      1.61415e+7 
        12614.4      1.57484e+7 
          12638      1.55325e+7 
        12661.5      1.52941e+7 
        12685.1       1.5023e+7 
        12708.6      1.47221e+7 
        12720.4      1.45509e+7 
        12732.2      1.43636e+7 
          12744      1.41616e+7 
        12755.8      1.39317e+7 
        12767.5      1.36786e+7 
        12779.3      1.33851e+7 
        12791.1        1.305e+7 
        12802.9      1.26662e+7 
        12813.2      1.24003e+7 
        12823.2      1.23647e+7 
        12836.3      1.26389e+7 
        12851.3      1.29883e+7 
        12866.3      1.32529e+7 
        12888.8      1.35338e+7 
        12903.7      1.36627e+7 
        12918.7      1.37644e+7 
        12933.7      1.38365e+7 
        12948.7      1.38875e+7 
        12978.6      1.39507e+7 
        13008.6      1.39602e+7 
        13038.6      1.39404e+7 
        13068.5      1.38955e+7 
        13098.5      1.38305e+7 
        13128.5      1.37515e+7 
        13188.4      1.35705e+7 
        13248.3      1.33684e+7 
        13308.1      1.31568e+7 
          13324      1.30996e+7 
          13340      1.30424e+7 
        13371.8      1.29276e+7 
        13435.6      1.26983e+7 
        13499.3      1.24715e+7 
        13563.1       1.2248e+7 
        13626.8      1.20368e+7 
        13690.6      1.18198e+7 
        13754.3      1.16076e+7 
        13818.1      1.14001e+7 
        13881.8      1.11973e+7 
        13945.6      1.09989e+7 
        14009.3      1.08049e+7 
        14073.1      1.06151e+7 
        14136.8      1.04295e+7 
        14200.6      1.02479e+7 
        14264.3      1.00702e+7 
          14324       9.9072e+6 
        14340.1      9.86378e+6 
        14356.2      9.82056e+6 
        14388.4      9.73479e+6 
          14448      9.57856e+6 
        14466.9      9.52961e+6 
        14486.5      9.47919e+6 
        14525.1      9.38111e+6 
        14581.2      9.24043e+6 
        14597.2      9.20085e+6 
        14613.2      9.16148e+6 
        14645.2      9.08335e+6 
        14709.2      8.92957e+6 
        14773.2      8.77905e+6 
        14837.1      8.63168e+6 
        14901.1      8.48736e+6 
        14965.1      8.34608e+6 
        15029.1      8.20769e+6 
        15093.1      8.07217e+6 
        15157.1      7.93943e+6 
          15221       7.8094e+6 
          15285      7.68201e+6 
          15349       7.5572e+6 
          15413      7.43492e+6 
        15471.6      7.32513e+6 
        15482.4      7.30511e+6 
        15493.1       7.2852e+6 
        15514.7      7.24561e+6 
        15557.9       7.1672e+6 
        15644.2      7.01354e+6 
        15730.5        6.864e+6 
        15816.8      6.71839e+6 
        15903.1      6.57661e+6 
        15989.4      6.43857e+6 
        16075.8      6.30414e+6 
        16162.1      6.17317e+6 
        16248.4      6.04559e+6 
        16289.9      5.98543e+6 
        16334.7      5.92131e+6 
        16379.5        5.858e+6 
        16469.1      5.73466e+6 
        16558.8      5.61453e+6 
        16648.4      5.49754e+6 
          16738      5.38356e+6 
        16827.7      5.27253e+6 
        16917.3      5.16437e+6 
        17006.9      5.05894e+6 
        17096.6      4.95621e+6 
        17186.2      4.85605e+6 
        17275.8      4.75841e+6 
        17327.7      4.70306e+6 
        17365.5      4.66322e+6 
        17403.2      4.62383e+6 
        17478.8       4.5467e+6 
        17554.3      4.47118e+6 
        17629.9      4.39722e+6 
        17705.4      4.32478e+6 
          17781      4.25381e+6 
        17856.5      4.18432e+6 
        17932.1      4.11621e+6 
        18007.6      4.04116e+6 
        18083.2      3.97361e+6 
        18158.7      3.90648e+6 
        18234.3      3.83912e+6 
        18309.8      3.77051e+6 
        18343.7      3.73881e+6 
        18385.3      3.69869e+6 
          18427      3.65647e+6 
        18468.6      3.61095e+6 
        18510.2      3.56043e+6 
        18551.8      3.50193e+6 
        18572.6      3.46895e+6 
        18593.4       3.4321e+6 
        18614.2      3.39041e+6 
          18635      3.34287e+6 
        18655.8      3.28699e+6 
        18676.6      3.22089e+6 
          18687      3.18212e+6 
        18697.4      3.13942e+6 
        18707.8      3.09141e+6 
        18718.2      3.03615e+6 
        18728.6      2.97126e+6 
          18739      2.89366e+6 
        18749.6      2.76494e+6 
        18762.5      2.87434e+6 
        18774.6       2.9496e+6 
        18786.7      3.00756e+6 
        18798.8      3.05348e+6 
          18811       3.0891e+6 
        18823.1      3.11966e+6 
        18835.2      3.14385e+6 
        18847.3      3.16371e+6 
        18871.6      3.19302e+6 
        18895.8      3.21156e+6 
          18920      3.22233e+6 
        18944.3      3.22711e+6 
        18968.5      3.22777e+6 
        18992.8      3.22503e+6 
        19041.2      3.21222e+6 
        19089.7      3.19302e+6 
        19138.2      3.17006e+6 
        19186.7       3.1448e+6 
        19283.7      3.09078e+6 
        19310.6      3.07535e+6 
        19380.6      3.03487e+6 
        19450.7      2.99428e+6 
        19520.7      2.95375e+6 
        19590.8      2.91712e+6 
        19660.8      2.87671e+6 
        19730.9      2.83698e+6 
        19800.9      2.79795e+6 
          19871      2.75957e+6 
          19941      2.72185e+6 
          20011      2.68477e+6 
        20081.1      2.64832e+6 
        20151.1      2.61249e+6 
        20221.2      2.57725e+6 
        20291.2      2.54261e+6 
        20361.3      2.50855e+6 
        20388.3      2.49558e+6 
        20431.3      2.47505e+6 
        20474.4      2.45473e+6 
        20560.5      2.41459e+6 
        20646.7      2.37527e+6 
        20732.8      2.33674e+6 
        20818.9      2.29899e+6 
        20905.1        2.262e+6 
        20991.2      2.22574e+6 
        21077.3      2.19021e+6 
        21163.5      2.15537e+6 
        21249.6      2.12123e+6 
        21335.7      2.08775e+6 
        21421.9      2.05494e+6 
          21508      2.02276e+6 
        21557.7      2.00449e+6 
        21594.1      1.99121e+6 
        21630.6      1.97803e+6 
        21703.6      1.95194e+6 
        21776.5      1.92629e+6 
        21849.5      1.90105e+6 
        21922.4      1.87622e+6 
        21995.4       1.8518e+6 
        22068.3      1.82777e+6 
        22141.3      1.80413e+6 
        22214.3      1.78086e+6 
        22287.2      1.75797e+6 
        22360.2      1.73545e+6 
        22433.1      1.71328e+6 
        22506.1      1.69147e+6 
          22579         1.67e+6 
          22652      1.64887e+6 
          22663       1.6457e+6 
        22724.9      1.62807e+6 
        22784.8      1.61124e+6 
        22800.8      1.60678e+6 
        22816.8      1.60233e+6 
        22848.8      1.59348e+6 
        22912.8      1.57595e+6 
        22976.8      1.55867e+6 
        23040.8      1.54162e+6 
        23104.8      1.52481e+6 
        23168.7      1.50822e+6 
        23232.7      1.49186e+6 
        23296.7      1.47571e+6 
        23360.7      1.45979e+6 
        23424.7      1.44408e+6 
        23488.6      1.42858e+6 
        23552.6      1.41328e+6 
        23616.6      1.39819e+6 
        23680.6       1.3833e+6 
        23744.6      1.36861e+6 
        23808.6       1.3541e+6 
        23872.5       1.3398e+6 
        23936.5      1.32568e+6 
        24000.5      1.31174e+6 
        24064.5      1.29799e+6 
        24128.5      1.28441e+6 
        24192.5      1.27102e+6 
        24256.4      1.25779e+6 
        24320.4      1.24474e+6 
        24384.4      1.23185e+6 
        24448.4      1.21914e+6 
        24512.4      1.20658e+6 
        24576.3      1.19419e+6 
        24640.3      1.18195e+6 
        24704.3      1.16987e+6 
        24768.3      1.15795e+6 
        24832.3      1.14617e+6 
        24896.3      1.13455e+6 
        24960.2      1.12307e+6 
        25004.4      1.11522e+6 
        25024.2      1.11173e+6 
          25044      1.10825e+6 
        25083.6      1.10134e+6 
        25162.8      1.08769e+6 
        25241.9      1.07425e+6 
        25321.1      1.06102e+6 
        25400.2      1.04799e+6 
        25479.4      1.03515e+6 
        25558.5      1.02251e+6 
        25637.7      1.01007e+6 
        25716.9          997808 
          25796          985734 
        25875.2          973843 
        25954.3          962128 
        26033.5          950589 
        26112.7          939223 
        26191.8          928026 
          26271          916996 
        26350.1          906126 
        26429.3          895417 
        26508.4          884867 
        26587.6          874472 
        26666.8          864227 
        26745.9          854133 
        26825.1          844184 
        26904.2          834379 
        26983.4          824715 
        27062.6          815193 
        27141.7          805806 
        27220.9          796554 
        27299.2          787528 
        27377.5          778634 
        27455.8          769863 
        27534.2          761214 
        27612.5          752688 
        27690.8          744281 
        27769.1          735990 
        27847.5          727813 
        27925.8          719748 
        28004.1          711797 
        28082.4          703956 
        28160.8          696221 
        28239.1          688593 
        28317.4          681066 
        28395.7          673645 
          28474          666322 
        28552.4          659100 
        28630.7          651975 
          28709          644944 
        28787.3          638010 
        28865.7          631168 
          28944          624417 
        29022.3          617756 
        29100.6          611184 
          29179          604697 
        29257.3          598297 
        29335.6          591983 
        29413.9          585750 
        29492.3          579602 
        29570.6          573532 
        29648.9          567541 
        29727.2          561629 
        29805.5          555792 
        29883.9          550030 
        29932.6          546483 
        29962.2          544344 
        29991.8          542214 
