# Koester WD models
# teff = 29000 K (value for the effective temperature for the model. Temperatures are given in K)
# logg = 7 log(cm/s2) (value for Log(G) for the model.)
#
# column 1: WAVELENGTH (ANGSTROM), Wavelength in Angstrom
# column 2: FLUX (ERG/CM2/S/A), Flux in erg/cm2/s/A
         899.23      1.14269e+9 
        909.241       1.1763e+9 
        919.241      1.65253e+9 
        929.261      2.00493e+9 
        939.271      5.95985e+9 
         949.28      1.17781e+9 
        959.289     3.90403e+10 
        969.297      6.79753e+9 
        979.305     3.27109e+10 
        989.312      6.8329e+10 
        999.319     7.37266e+10 
        1009.33     6.13327e+10 
        1019.33      1.8982e+10 
        1029.34     1.24971e+10 
        1039.34     5.50969e+10 
        1049.35      6.9198e+10 
        1059.36     7.17326e+10 
        1069.36     7.13072e+10 
        1079.36     6.99708e+10 
        1089.37     6.83142e+10 
        1099.37     6.65449e+10 
        1109.38     6.47467e+10 
        1119.38     6.29522e+10 
        1129.38     6.11715e+10 
        1139.39     5.94006e+10 
        1149.39     5.76234e+10 
        1159.39     5.57975e+10 
        1169.39     5.38177e+10 
         1179.4     5.14053e+10 
         1189.4     4.76702e+10 
         1199.4     3.90776e+10 
         1209.4     1.50941e+10 
        1219.41      1.1103e+10 
        1229.41     3.50288e+10 
        1239.41     4.17851e+10 
        1249.41     4.28865e+10 
        1259.41     4.25884e+10 
        1269.41     4.18645e+10 
        1279.42     4.09931e+10 
        1289.42     4.00716e+10 
        1299.42     3.91405e+10 
        1309.42     3.82178e+10 
        1319.42      3.7313e+10 
        1329.42     3.64293e+10 
        1339.42     3.55679e+10 
        1349.42     3.47303e+10 
        1359.42      3.3916e+10 
        1369.42     3.31253e+10 
        1379.42     3.23562e+10 
        1389.42     3.16088e+10 
        1399.42     3.08832e+10 
        1409.42     3.01785e+10 
        1419.42     2.94952e+10 
        1429.42     2.88315e+10 
        1439.42     2.81869e+10 
        1454.42     2.72543e+10 
        1464.42     2.66545e+10 
        1474.42     2.60715e+10 
        1489.42     2.52278e+10 
        1504.42     2.44196e+10 
        1514.42     2.38995e+10 
        1529.42     2.31461e+10 
        1544.42     2.24232e+10 
        1559.42     2.17291e+10 
        1570.19     2.12479e+10 
        1584.41     2.06332e+10 
        1599.41     2.00099e+10 
        1614.41     1.94105e+10 
        1629.41     1.88343e+10 
        1644.41     1.82801e+10 
        1659.41     1.77471e+10 
        1670.17     1.73768e+10 
         1684.4     1.69029e+10 
         1699.4      1.6422e+10 
         1714.4     1.59586e+10 
         1729.4     1.55119e+10 
         1744.4     1.50811e+10 
        1759.39     1.46655e+10 
         1771.7     1.43356e+10 
        1784.39     1.40054e+10 
        1799.39     1.36278e+10 
           1824     1.30361e+10 
        1834.77     1.27876e+10 
        1845.54     1.25454e+10 
           1864     1.21436e+10 
        1876.29     1.18853e+10 
        1888.59     1.16342e+10 
        1906.98     1.12712e+10 
        1919.37     1.10348e+10 
        1931.76     1.08051e+10 
        1944.47     1.05757e+10 
        1956.53     1.03639e+10 
         1967.6     1.01742e+10 
        1992.71      9.76058e+9 
        2017.81      9.36832e+9 
        2042.92       8.9963e+9 
        2067.03      8.65653e+9 
        2091.15      8.33355e+9 
        2114.28      8.03811e+9 
        2126.36       7.8891e+9 
        2145.92      7.65543e+9 
        2165.47      7.43053e+9 
        2194.48      7.11244e+9 
        2204.59      7.00572e+9 
         2214.7      6.90104e+9 
        2234.91      6.69791e+9 
        2263.91      6.41947e+9 
        2292.92      6.15586e+9 
        2313.13      5.98027e+9 
        2344.77      5.71836e+9 
        2362.35      5.57915e+9 
        2379.94      5.44432e+9 
        2409.27      5.22836e+9 
        2432.73      5.06359e+9 
        2451.59      4.93588e+9 
        2466.76      4.83617e+9 
        2488.39      4.69844e+9 
        2510.01      4.56565e+9 
         2547.3       4.3479e+9 
        2559.23      4.28099e+9 
        2571.17      4.21545e+9 
        2595.04      4.08819e+9 
        2627.89       3.9209e+9 
        2642.78      3.84792e+9 
        2657.67      3.77667e+9 
        2687.45      3.63928e+9 
        2717.24      3.50819e+9 
        2737.93       3.4206e+9 
        2756.11      3.34595e+9 
        2766.75      3.30326e+9 
        2810.65      3.13421e+9 
        2854.55      2.97601e+9 
        2898.45      2.82797e+9 
        2931.71      2.72196e+9 
        2942.34      2.68912e+9 
        2952.98      2.65677e+9 
        2974.26       2.5936e+9 
        3016.81      2.47289e+9 
        3051.42      2.37993e+9 
        3086.03      2.29143e+9 
        3117.94      2.21347e+9 
        3149.86      2.13881e+9 
        3179.08      2.07328e+9 
        3213.69      1.99891e+9 
        3248.29      1.92789e+9 
         3282.9      1.86008e+9 
        3317.51      1.79525e+9 
        3346.73      1.74272e+9 
        3365.17      1.71059e+9 
        3405.17      1.64342e+9 
        3445.17      1.57955e+9 
        3485.16      1.51882e+9 
        3506.72       1.4873e+9 
        3525.16      1.46099e+9 
         3543.6      1.43525e+9 
        3569.68      1.39986e+9 
        3580.48      1.38552e+9 
        3591.28      1.37135e+9 
        3612.88      1.34356e+9 
        3635.88      1.31476e+9 
        3647.12      1.30096e+9 
        3658.96       1.2866e+9 
        3671.11        1.272e+9 
        3682.58      1.25842e+9 
         3693.5      1.24569e+9 
        3703.57      1.23411e+9 
        3713.83      1.22277e+9 
        3724.38       1.2116e+9 
        3734.43      1.19967e+9 
        3744.62       1.1913e+9 
        3754.84      1.18319e+9 
        3765.07       1.1697e+9 
         3775.5       1.1632e+9 
        3786.22      1.16281e+9 
        3796.45      1.10304e+9 
        3807.84      1.15434e+9 
        3818.92      1.15594e+9 
        3830.45       1.0581e+9 
        3840.76      1.06219e+9 
        3851.84       1.1579e+9 
        3862.22      1.17277e+9 
        3873.19      1.11323e+9 
        3883.93      9.57818e+8 
        3893.94      9.47658e+8 
        3904.25      1.09462e+9 
        3915.24       1.1669e+9 
        3926.39      1.18122e+9 
        3937.35      1.16171e+9 
        3947.73      1.09761e+9 
        3958.09      9.75355e+8 
         3968.2      7.57193e+8 
        3978.38      9.00274e+8 
        3988.87      1.03925e+9 
        3999.99      1.11325e+9 
        4010.75      1.13831e+9 
        4021.38      1.14147e+9 
        4032.38      1.13605e+9 
        4043.86      1.12416e+9 
        4058.85      1.09251e+9 
        4071.35      1.03732e+9 
        4082.28      9.50897e+8 
        4092.86      8.05325e+8 
        4102.94      6.12755e+8 
        4113.31      8.36349e+8 
        4123.84      9.43269e+8 
           4134      9.97163e+8 
        4146.66      1.02591e+9 
        4158.83      1.03104e+9 
        4173.82      1.02516e+9 
        4188.82      1.01525e+9 
        4203.81      1.00384e+9 
        4216.52       9.9357e+8 
        4228.81      9.83259e+8 
        4243.81       9.7007e+8 
         4258.8      9.55295e+8 
         4273.8       9.3682e+8 
        4288.79      9.10669e+8 
        4303.79      8.69364e+8 
        4314.07      8.22582e+8 
        4326.14      7.25516e+8 
        4336.17      5.77852e+8 
        4346.38      6.05127e+8 
        4357.43      7.33719e+8 
        4367.98      7.94562e+8 
        4378.77      8.23669e+8 
        4393.77      8.38453e+8 
        4408.76      8.39842e+8 
        4423.76      8.34668e+8 
        4438.75      8.26588e+8 
        4453.75      8.17464e+8 
        4468.74      8.08049e+8 
        4483.74      7.98555e+8 
        4498.74      7.89083e+8 
        4513.73      7.79677e+8 
        4527.19      7.71311e+8 
        4538.73      7.64205e+8 
        4553.72      7.55066e+8 
        4568.72      7.46037e+8 
        4583.72      7.37121e+8 
        4596.53      7.29591e+8 
        4608.71      7.22522e+8 
         4623.7      7.13905e+8 
         4638.7      7.05391e+8 
         4653.7      6.96972e+8 
        4668.69       6.8864e+8 
        4683.69      6.80372e+8 
        4698.68      6.72144e+8 
        4713.68      6.63903e+8 
        4724.83      6.57727e+8 
        4738.67      6.49926e+8 
        4753.67      6.41155e+8 
        4768.67      6.31727e+8 
        4783.66      6.21253e+8 
        4798.66      6.08278e+8 
        4813.65      5.90255e+8 
        4826.15      5.67035e+8 
        4836.81       5.3485e+8 
        4847.03      4.84283e+8 
        4857.29      3.92322e+8 
        4867.55      4.15611e+8 
        4878.64      4.90421e+8 
        4890.38      5.28444e+8 
        4900.61      5.44187e+8 
        4911.53      5.51648e+8 
         4921.7      5.53992e+8 
        4933.62      5.53737e+8 
        4948.62      5.50787e+8 
        4963.61      5.46511e+8 
        4978.61      5.41541e+8 
        4993.61      5.36201e+8 
         5008.6      5.30687e+8 
         5023.6      5.25102e+8 
        5038.59      5.19497e+8 
        5053.59      5.13914e+8 
        5068.59      5.08373e+8 
        5083.58      5.02884e+8 
        5098.58      4.97455e+8 
        5113.57       4.9209e+8 
        5128.57      4.86793e+8 
        5143.57      4.81559e+8 
        5158.56      4.76394e+8 
        5173.56      4.71295e+8 
        5188.55      4.66266e+8 
        5203.55      4.61299e+8 
        5218.55      4.56398e+8 
        5233.54       4.5156e+8 
        5248.54      4.46785e+8 
        5263.53      4.42072e+8 
        5278.53      4.37423e+8 
        5293.52      4.32833e+8 
        5308.52      4.28303e+8 
        5323.52      4.23829e+8 
        5338.51      4.19418e+8 
        5353.51      4.15061e+8 
        5368.51      4.10776e+8 
         5383.5      4.06532e+8 
         5398.5      4.02344e+8 
        5413.49      3.98206e+8 
        5428.49      3.94122e+8 
        5443.48      3.90092e+8 
        5458.48      3.86114e+8 
        5473.48      3.82187e+8 
        5488.47      3.78307e+8 
        5503.47      3.74481e+8 
        5518.47      3.70699e+8 
        5533.46      3.66966e+8 
        5548.46      3.63281e+8 
        5563.45      3.59643e+8 
        5578.45      3.56049e+8 
        5593.44      3.52502e+8 
        5608.44      3.48996e+8 
        5623.44      3.45537e+8 
        5638.43      3.42119e+8 
        5653.43      3.38742e+8 
        5668.43      3.35409e+8 
        5682.86      3.32236e+8 
        5693.42      3.29943e+8 
        5704.77      3.27495e+8 
        5715.23      3.25262e+8 
        5728.41      3.22475e+8 
         5743.4       3.1934e+8 
         5758.4      3.16242e+8 
         5773.4      3.13174e+8 
        5788.39      3.10152e+8 
        5803.39      3.07166e+8 
        5818.39      3.04216e+8 
        5833.38      3.01302e+8 
        5848.38      2.98423e+8 
        5863.37      2.95578e+8 
        5878.37      2.92766e+8 
        5893.36      2.89988e+8 
        5908.36      2.87244e+8 
        5923.36      2.84531e+8 
        5938.35       2.8185e+8 
        5953.35      2.79201e+8 
        5968.34      2.76583e+8 
        5983.34      2.73995e+8 
        5998.34      2.71438e+8 
        6013.33      2.68909e+8 
        6028.33      2.66411e+8 
        6043.32      2.63941e+8 
        6058.32      2.61499e+8 
        6073.32      2.59086e+8 
        6088.31        2.567e+8 
        6103.31      2.54341e+8 
         6118.3      2.52009e+8 
         6133.3      2.49703e+8 
         6148.3      2.47422e+8 
        6163.29      2.45167e+8 
        6178.29      2.42937e+8 
        6193.28      2.40732e+8 
        6208.28       2.3855e+8 
        6223.28      2.36392e+8 
        6238.27      2.34256e+8 
        6252.16      2.32299e+8 
        6262.16        2.309e+8 
        6273.26      2.29358e+8 
        6284.63      2.27792e+8 
        6295.99      2.26236e+8 
        6306.09      2.24865e+8 
        6316.22      2.23495e+8 
        6328.25       2.2188e+8 
        6343.24      2.19882e+8 
        6358.24      2.17898e+8 
        6373.23      2.15924e+8 
        6388.23      2.13956e+8 
        6403.23      2.11987e+8 
        6418.22      2.10005e+8 
        6433.22      2.07992e+8 
        6448.22      2.05915e+8 
        6463.21      2.03726e+8 
        6478.21      2.01339e+8 
         6493.2      1.98566e+8 
         6508.2       1.9498e+8 
        6523.19      1.89572e+8 
        6537.09      1.80759e+8 
        6548.06      1.68085e+8 
        6558.19      1.45154e+8 
        6568.45      1.47762e+8 
        6579.61      1.68099e+8 
        6590.04      1.76758e+8 
        6603.34      1.81681e+8 
        6613.66      1.83161e+8 
        6623.98      1.83619e+8 
         6634.3      1.83506e+8 
        6644.62      1.83064e+8 
        6660.33      1.82044e+8 
         6685.9      1.79953e+8 
        6711.48      1.77634e+8 
        6762.62      1.72835e+8 
        6802.75      1.69094e+8 
        6813.77       1.6808e+8 
        6824.78      1.67071e+8 
        6846.81      1.65072e+8 
        6890.86      1.61152e+8 
        6978.98      1.53634e+8 
        7025.03      1.49874e+8 
        7067.09      1.46538e+8 
        7109.15      1.43293e+8 
        7193.26       1.3707e+8 
        7277.38       1.3118e+8 
        7329.48      1.27689e+8 
         7361.5      1.25602e+8 
        7393.51      1.23559e+8 
        7457.55      1.19593e+8 
        7521.58      1.15786e+8 
        7585.61      1.12128e+8 
        7621.41      1.10147e+8 
        7649.65      1.08614e+8 
        7677.88      1.07109e+8 
        7734.35      1.04175e+8 
        7790.83      1.01341e+8 
         7847.3      9.86036e+7 
        7903.77      9.59577e+7 
        7958.24      9.34891e+7 
        7974.27      9.27781e+7 
         7990.3      9.20738e+7 
        8022.35      9.06849e+7 
        8082.55      8.81471e+7 
        8142.75      8.56976e+7 
        8200.85      8.34131e+7 
        8216.85      8.27979e+7 
        8232.84      8.21881e+7 
        8264.83      8.09852e+7 
        8289.72      8.00651e+7 
        8328.82      7.86447e+7 
        8343.44      7.81217e+7 
        8367.92      7.72546e+7 
        8388.68      7.65342e+7 
        8408.65       7.5849e+7 
        8432.02      7.50558e+7 
        8467.25      7.38746e+7 
        8502.48      7.27134e+7 
        8516.58       7.2256e+7 
        8530.98      7.17879e+7 
        8545.38      7.13493e+7 
        8574.18      7.04857e+7 
        8598.39      6.97484e+7 
         8628.6      6.88753e+7 
        8646.81      6.83186e+7 
        8665.01      6.77532e+7 
        8701.43      6.67639e+7 
        8725.22      6.60149e+7 
        8737.85      6.55864e+7 
        8750.47      6.51664e+7 
        8775.71      6.46185e+7 
        8786.57      6.43593e+7 
        8800.96      6.39691e+7 
        8815.35      6.35236e+7 
        8825.48      6.31969e+7 
        8844.13      6.25089e+7 
        8862.78       6.1803e+7 
        8881.43      6.16051e+7 
        8900.08      6.13789e+7 
        8918.73      6.10408e+7 
        8937.38      6.05683e+7 
        8956.03      5.99812e+7 
        8971.75      5.93595e+7 
        8993.33      5.83362e+7 
        9004.12      5.77513e+7 
        9014.91      5.72354e+7 
         9025.7      5.72794e+7 
        9036.49      5.73881e+7 
        9047.27      5.74446e+7 
        9058.06      5.74522e+7 
        9068.85       5.7411e+7 
        9081.14      5.72794e+7 
        9099.72      5.70017e+7 
         9118.3      5.65864e+7 
        9136.87       5.6073e+7 
        9155.45       5.5424e+7 
        9174.03      5.46194e+7 
        9192.61      5.35871e+7 
        9210.81        5.231e+7 
        9224.46      5.12322e+7 
        9235.83      5.11354e+7 
        9247.21      5.15768e+7 
        9258.59      5.19368e+7 
        9272.24      5.22161e+7 
        9299.54      5.24168e+7 
        9317.74      5.23568e+7 
        9335.94      5.21545e+7 
        9354.14      5.18872e+7 
        9384.08      5.13424e+7 
        9414.03      5.06758e+7 
           9429      5.02978e+7 
        9443.97      4.98693e+7 
        9458.94       4.9378e+7 
        9473.91      4.87852e+7 
        9488.88      4.80453e+7 
        9503.85      4.70234e+7 
        9518.83      4.56156e+7 
         9533.8      4.38114e+7 
        9544.44      4.24407e+7 
        9555.09      4.31256e+7 
        9565.74      4.40951e+7 
        9581.71      4.52609e+7 
        9593.88      4.57664e+7 
        9606.05      4.60444e+7 
        9618.21      4.61707e+7 
        9630.38      4.62031e+7 
        9642.55      4.61597e+7 
        9665.32      4.59712e+7 
        9677.85      4.58176e+7 
        9690.39      4.56423e+7 
        9715.45       4.5265e+7 
        9765.59       4.4435e+7 
        9815.73       4.3572e+7 
        9865.86      4.26817e+7 
        9879.18        4.242e+7 
        9897.59      4.20342e+7 
           9916       4.1616e+7 
        9934.41       4.1141e+7 
        9952.82      4.05862e+7 
        9971.23      3.99309e+7 
        9989.64      3.90754e+7 
          10008       3.7892e+7 
        10021.9       3.6718e+7 
        10035.7      3.51082e+7 
          10046      3.35554e+7 
        10056.1      3.39041e+7 
        10069.6      3.54045e+7 
        10083.1      3.64019e+7 
        10096.6      3.70136e+7 
        10114.6      3.74871e+7 
        10132.6       3.7707e+7 
        10159.6      3.77415e+7 
        10177.6      3.76668e+7 
        10195.6      3.75276e+7 
        10225.9      3.72254e+7 
        10237.2      3.70959e+7 
        10248.5      3.69599e+7 
          10271      3.66781e+7 
        10316.1      3.60953e+7 
        10406.4       3.4926e+7 
        10496.6      3.37756e+7 
        10586.8      3.26744e+7 
          10677      3.15824e+7 
        10722.1      3.10217e+7 
        10767.3      3.04154e+7 
        10789.8      3.00809e+7 
        10812.4      2.97097e+7 
        10834.9      2.92666e+7 
        10846.2      2.90029e+7 
        10857.5      2.87065e+7 
        10868.8      2.83476e+7 
          10880      2.79186e+7 
        10891.3       2.7385e+7 
        10902.6      2.67232e+7 
        10913.9       2.5855e+7 
        10925.2      2.46457e+7 
        10935.6      2.31107e+7 
        10946.1      2.38628e+7 
        10959.4      2.52214e+7 
        10975.9      2.61924e+7 
        10989.1       2.6662e+7 
        11002.3      2.69516e+7 
        11015.5      2.71262e+7 
        11028.7      2.72107e+7 
        11041.9      2.72429e+7 
        11055.2      2.72352e+7 
        11068.4      2.71974e+7 
        11094.8      2.70661e+7 
        11121.2      2.68935e+7 
        11174.1      2.64803e+7 
          11193      2.63221e+7 
          11227      2.60319e+7 
        11260.9      2.57391e+7 
        11328.8      2.51558e+7 
        11396.7      2.45837e+7 
        11464.7      2.40306e+7 
        11532.6      2.34862e+7 
        11600.5      2.29571e+7 
        11668.4      2.24428e+7 
        11736.3      2.19428e+7 
        11804.2      2.14566e+7 
        11872.1      2.09838e+7 
          11940       2.0524e+7 
          12008      2.00766e+7 
        12075.9      1.96381e+7 
        12143.8      1.92138e+7 
        12211.7      1.88004e+7 
        12274.6      1.84266e+7 
        12284.6      1.83678e+7 
        12294.6      1.83093e+7 
        12314.7      1.81927e+7 
        12354.7      1.79619e+7 
        12434.9      1.75076e+7 
          12515      1.70581e+7 
        12595.2      1.65979e+7 
        12635.2      1.63499e+7 
        12655.3      1.62149e+7 
        12675.3      1.60678e+7 
        12695.3      1.59014e+7 
        12715.4       1.5703e+7 
        12725.4      1.55858e+7 
        12735.4      1.54531e+7 
        12745.4      1.52984e+7 
        12755.4      1.51154e+7 
        12765.4      1.48958e+7 
        12775.5      1.46234e+7 
        12785.5      1.42895e+7 
        12795.5      1.38495e+7 
        12805.5      1.32288e+7 
        12815.5      1.23179e+7 
        12826.6      1.28554e+7 
        12839.4       1.3614e+7 
        12849.5      1.39884e+7 
        12859.7       1.4245e+7 
        12869.9      1.44315e+7 
        12880.1      1.45615e+7 
        12890.2      1.46519e+7 
        12900.4       1.4712e+7 
        12910.6       1.4749e+7 
        12930.9      1.47767e+7 
        12951.3      1.47623e+7 
        12971.6      1.47227e+7 
        13012.3      1.46038e+7 
          13053      1.44582e+7 
        13134.4      1.41402e+7 
        13215.8      1.38144e+7 
        13286.1       1.3536e+7 
        13297.2      1.34922e+7 
        13308.4      1.34486e+7 
        13330.6      1.33618e+7 
        13375.2        1.319e+7 
        13464.4      1.28537e+7 
        13553.6      1.25275e+7 
        13642.8      1.22123e+7 
          13732      1.19057e+7 
        13821.2      1.16086e+7 
        13910.4      1.13207e+7 
        13999.5      1.10417e+7 
        14088.7      1.07712e+7 
        14177.9      1.05089e+7 
        14202.1      1.04391e+7 
        14267.1      1.02545e+7 
        14332.1      1.00741e+7 
          14397      9.89752e+6 
        14457.6      9.73636e+6 
        14518.2      9.57843e+6 
        14574.5      9.43477e+6 
        14585.2      9.40762e+6 
        14597.2      9.37747e+6 
        14613.2      9.33741e+6 
        14645.2      9.25796e+6 
        14709.2       9.1016e+6 
        14773.2      8.94851e+6 
        14837.1      8.79863e+6 
        14901.1      8.65185e+6 
        14965.1      8.50816e+6 
        15029.1      8.36738e+6 
        15093.1      8.22953e+6 
        15157.1       8.0945e+6 
          15221      7.96221e+6 
          15285      7.83262e+6 
          15349      7.70564e+6 
          15413      7.58123e+6 
        15471.6      7.46951e+6 
        15482.4      7.44916e+6 
        15493.1      7.42914e+6 
        15514.7      7.38931e+6 
        15557.9      7.31042e+6 
        15644.2      7.15579e+6 
        15730.5      7.00525e+6 
        15816.8      6.85866e+6 
        15903.1      6.71588e+6 
        15989.4       6.5768e+6 
        16075.8       6.4413e+6 
        16162.1      6.30926e+6 
        16248.4      6.18061e+6 
        16289.9      6.11992e+6 
        16334.7      6.05523e+6 
        16379.5      5.99136e+6 
        16469.1      5.86718e+6 
        16558.8      5.74619e+6 
        16648.4      5.62832e+6 
          16738      5.51343e+6 
        16827.7      5.40143e+6 
        16917.3       5.2923e+6 
        17006.9      5.18589e+6 
        17096.6      5.08215e+6 
        17186.2      4.98096e+6 
        17275.8      4.88229e+6 
        17327.7      4.82633e+6 
        17365.5      4.78606e+6 
        17403.2      4.74619e+6 
        17478.8      4.66699e+6 
        17554.3       4.5894e+6 
        17629.9      4.51343e+6 
        17705.4      4.43901e+6 
          17781      4.36612e+6 
        17856.5      4.29471e+6 
        17932.1      4.22475e+6 
        18007.6      4.15498e+6 
        18083.2      4.08743e+6 
        18158.7      4.02111e+6 
        18234.3      3.95586e+6 
        18309.8       3.8914e+6 
        18343.7      3.86262e+6 
        18385.3      3.82731e+6 
          18427      3.79181e+6 
        18510.2      3.71792e+6 
        18551.8      3.67742e+6 
        18593.4      3.63099e+6 
        18614.2      3.60356e+6 
          18635      3.57114e+6 
        18655.8      3.53046e+6 
        18666.2      3.50558e+6 
        18676.6      3.47649e+6 
          18687      3.44183e+6 
        18697.4      3.39993e+6 
        18707.8      3.34796e+6 
        18718.2      3.28281e+6 
        18728.6      3.19723e+6 
          18739      3.08259e+6 
        18749.4      2.89024e+6 
        18760.1       3.0298e+6 
        18770.2      3.13862e+6 
        18783.6      3.23688e+6 
          18797      3.29983e+6 
        18810.5      3.34149e+6 
        18823.9      3.36898e+6 
        18837.3      3.38654e+6 
        18850.7      3.39722e+6 
        18864.1      3.40291e+6 
          18891      3.40432e+6 
        18917.8      3.39788e+6 
        18944.7      3.38711e+6 
        18998.3      3.35874e+6 
          19052      3.32619e+6 
        19105.7      3.29211e+6 
        19159.4      3.25749e+6 
        19213.1      3.22283e+6 
        19266.7      3.18834e+6 
        19320.4      3.15413e+6 
        19374.1      3.12023e+6 
        19404.9      3.10097e+6 
        19427.8      3.08673e+6 
        19450.7      3.07257e+6 
        19496.4       3.0444e+6 
          19588      2.98944e+6 
        19679.6      2.93505e+6 
        19771.1      2.88189e+6 
        19862.7      2.82992e+6 
        19954.2      2.77911e+6 
        20045.8      2.72943e+6 
        20137.3      2.68086e+6 
        20228.9      2.63336e+6 
        20320.4      2.58691e+6 
        20349.5      2.57235e+6 
          20412      2.54147e+6 
        20474.4      2.51106e+6 
        20536.8      2.48107e+6 
        20599.3      2.45154e+6 
        20661.7      2.42244e+6 
        20724.1      2.39377e+6 
        20786.5      2.36552e+6 
          20849      2.33769e+6 
        20911.4      2.31026e+6 
        20973.8      2.28323e+6 
        21036.3       2.2566e+6 
        21098.7      2.23035e+6 
        21161.1      2.20449e+6 
        21223.6      2.17899e+6 
          21286      2.15387e+6 
        21348.4       2.1291e+6 
        21410.9      2.10469e+6 
        21473.3      2.08062e+6 
        21535.7       2.0569e+6 
        21565.7      2.04563e+6 
        21598.2      2.03351e+6 
        21630.6      2.02148e+6 
        21695.5      1.99768e+6 
        21760.5      1.97423e+6 
        21825.4      1.95112e+6 
        21890.3      1.92834e+6 
        21955.3       1.9059e+6 
        22020.2      1.88378e+6 
        22085.1      1.86198e+6 
          22150      1.84049e+6 
          22215      1.81932e+6 
        22279.9      1.79844e+6 
        22344.8      1.77787e+6 
        22409.7      1.75758e+6 
        22474.7      1.73759e+6 
        22539.6      1.71788e+6 
        22604.5      1.69844e+6 
        22669.5      1.67928e+6 
        22681.9      1.67563e+6 
        22734.4      1.66039e+6 
        22784.8      1.64589e+6 
        22800.8      1.64133e+6 
        22816.8      1.63679e+6 
        22848.8      1.62774e+6 
        22912.8      1.60983e+6 
        22976.8      1.59217e+6 
        23040.8      1.57475e+6 
        23104.8      1.55756e+6 
        23168.7      1.54062e+6 
        23232.7      1.52389e+6 
        23296.7       1.5074e+6 
        23360.7      1.49113e+6 
        23424.7      1.47507e+6 
        23488.6      1.45923e+6 
        23552.6       1.4436e+6 
        23616.6      1.42818e+6 
        23680.6      1.41297e+6 
        23744.6      1.39796e+6 
        23808.6      1.38314e+6 
        23872.5      1.36852e+6 
        23936.5       1.3541e+6 
        24000.5      1.33986e+6 
        24064.5      1.32581e+6 
        24128.5      1.31194e+6 
        24192.5      1.29825e+6 
        24256.4      1.28474e+6 
        24320.4      1.27141e+6 
        24384.4      1.25824e+6 
        24448.4      1.24525e+6 
        24512.4      1.23242e+6 
        24576.3      1.21976e+6 
        24640.3      1.20726e+6 
        24704.3      1.19492e+6 
        24768.3      1.18274e+6 
        24832.3      1.17071e+6 
        24896.3      1.15884e+6 
        24960.2      1.14711e+6 
        25004.4       1.1391e+6 
        25024.2      1.13553e+6 
          25044      1.13198e+6 
        25083.6      1.12495e+6 
        25162.8      1.11105e+6 
        25241.9      1.09736e+6 
        25321.1      1.08388e+6 
        25400.2       1.0706e+6 
        25479.4      1.05753e+6 
        25558.5      1.04466e+6 
        25637.7      1.03198e+6 
        25716.9       1.0195e+6 
          25796       1.0072e+6 
        25875.2          995087 
        25954.3          983155 
        26033.5          971402 
        26112.7          959826 
        26191.8          948419 
          26271          937181 
        26350.1          926107 
        26429.3          915199 
        26508.4          904449 
        26587.6          893859 
        26666.8          883419 
        26745.9          873133 
        26825.1          862999 
        26904.2          853008 
        26983.4          843163 
        27062.6          833458 
        27141.7          823892 
        27220.9          814464 
        27299.2          805269 
        27377.5          796202 
        27455.8          787264 
        27534.2          778452 
        27612.5          769759 
        27690.8          761189 
        27769.1          752738 
        27847.5          744404 
        27925.8          736185 
        28004.1          728077 
        28082.4          720081 
        28160.8          712196 
        28239.1          704414 
        28317.4          696742 
        28395.7          689171 
          28474          681704 
        28552.4          674337 
        28630.7          667070 
          28709          659901 
        28787.3          652826 
        28865.7          645845 
          28944          638959 
        29022.3          632161 
        29100.6          625457 
          29179          618837 
        29257.3          612309 
        29335.6          605862 
        29413.9          599504 
        29492.3          593227 
        29570.6          587032 
        29648.9          580915 
        29727.2          574880 
        29805.5          568924 
        29883.9          563043 
        29932.6          559420 
        29962.2          557237 
        29991.8          555063 
