# Koester WD models
# teff = 32000 K (value for the effective temperature for the model. Temperatures are given in K)
# logg = 8 log(cm/s2) (value for Log(G) for the model.)
#
# column 1: WAVELENGTH (ANGSTROM), Wavelength in Angstrom
# column 2: FLUX (ERG/CM2/S/A), Flux in erg/cm2/s/A
         899.23      5.51415e+9 
        909.241      5.57721e+9 
        919.244      5.90299e+9 
        929.252      5.93871e+9 
        939.271     1.20965e+10 
         949.28      4.14627e+9 
        959.289     4.52396e+10 
        969.297     1.33703e+10 
        979.305     4.01015e+10 
        989.312     7.82866e+10 
        999.319     8.75339e+10 
        1009.33     7.28328e+10 
        1019.33     2.73155e+10 
        1029.34     2.03173e+10 
        1039.34     6.76344e+10 
        1049.35     9.13883e+10 
        1059.36     9.85137e+10 
        1069.36     9.96548e+10 
        1079.36     9.86306e+10 
        1089.37     9.67419e+10 
        1099.37     9.44847e+10 
        1109.38     9.20691e+10 
        1119.38     8.95822e+10 
        1129.38     8.70564e+10 
        1139.39     8.44869e+10 
        1149.39     8.18363e+10 
        1159.39     7.90051e+10 
        1169.39      7.5762e+10 
         1179.4     7.15265e+10 
         1189.4     6.46713e+10 
         1199.4     5.05222e+10 
         1209.4     2.22504e+10 
        1219.41     1.78194e+10 
        1229.41     4.53238e+10 
        1239.41     5.68729e+10 
        1249.41     5.99774e+10 
        1259.41     6.02818e+10 
        1269.41     5.96089e+10 
        1279.42     5.85555e+10 
        1289.42     5.73485e+10 
        1299.42     5.60837e+10 
        1309.42      5.4806e+10 
        1319.42     5.35378e+10 
        1329.42     5.22899e+10 
        1339.42     5.10678e+10 
        1349.42     4.98753e+10 
        1359.42     4.87132e+10 
        1369.42     4.75819e+10 
        1379.42     4.64811e+10 
        1389.42     4.54102e+10 
        1399.42      4.4369e+10 
        1409.42     4.33571e+10 
        1419.42     4.23747e+10 
        1429.42       4.142e+10 
        1439.42      4.0492e+10 
        1454.42      3.9149e+10 
        1464.42     3.82844e+10 
        1474.42     3.74443e+10 
        1489.42     3.62279e+10 
        1504.42     3.50617e+10 
        1514.42     3.43109e+10 
        1529.42      3.3223e+10 
        1544.42     3.21784e+10 
        1559.42     3.11754e+10 
        1570.19       3.048e+10 
        1584.41     2.95914e+10 
        1599.41     2.86901e+10 
        1614.41     2.78232e+10 
        1629.41     2.69893e+10 
        1644.41     2.61874e+10 
        1659.41     2.54161e+10 
        1670.17     2.48803e+10 
         1684.4     2.41943e+10 
         1699.4     2.34979e+10 
         1714.4     2.28268e+10 
         1729.4     2.21797e+10 
         1744.4     2.15556e+10 
        1759.39     2.09539e+10 
         1771.7     2.04762e+10 
        1784.39     1.99981e+10 
        1799.39     1.94513e+10 
           1824     1.85945e+10 
        1834.77     1.82347e+10 
        1845.54     1.78839e+10 
           1864     1.73022e+10 
        1876.29     1.69283e+10 
        1888.59     1.65648e+10 
        1906.98     1.60393e+10 
        1919.37     1.56972e+10 
        1931.76     1.53647e+10 
        1944.47     1.50326e+10 
        1956.53     1.47261e+10 
         1967.6     1.44516e+10 
        1992.71     1.38534e+10 
        2017.81     1.32863e+10 
        2042.92     1.27486e+10 
        2067.03     1.22577e+10 
        2091.15     1.17911e+10 
        2114.28     1.13645e+10 
        2126.36     1.11495e+10 
        2145.92     1.08124e+10 
        2165.47      1.0488e+10 
        2194.48     1.00294e+10 
        2204.59       9.8756e+9 
         2214.7      9.72477e+9 
        2234.91      9.43207e+9 
        2263.91      9.03123e+9 
        2292.92      8.65195e+9 
        2313.13      8.39942e+9 
        2344.77      8.02294e+9 
        2362.35      7.82291e+9 
        2379.94      7.62926e+9 
        2409.27      7.31941e+9 
        2432.73       7.0831e+9 
        2451.59      6.90004e+9 
        2466.76      6.75719e+9 
        2488.39      6.55993e+9 
        2510.01      6.36986e+9 
         2547.3       6.0584e+9 
        2559.23      5.96277e+9 
        2571.17      5.86915e+9 
        2595.04      5.68735e+9 
        2627.89      5.44862e+9 
        2642.78      5.34457e+9 
        2657.67      5.24297e+9 
        2687.45      5.04722e+9 
        2717.24      4.86061e+9 
        2737.93      4.73601e+9 
        2756.11      4.62986e+9 
        2766.75      4.56916e+9 
        2810.65      4.32911e+9 
        2854.55      4.10471e+9 
        2898.45      3.89501e+9 
        2931.71      3.74497e+9 
        2942.34      3.69853e+9 
        2952.98      3.65282e+9 
        2974.26      3.56357e+9 
        3016.81      3.39314e+9 
        3051.42      3.26201e+9 
        3086.03      3.13734e+9 
        3120.64      3.01858e+9 
        3149.86      2.92265e+9 
        3168.31       2.8641e+9 
        3179.08      2.83058e+9 
         3208.3      2.74213e+9 
        3248.29      2.62662e+9 
        3288.29      2.51724e+9 
        3309.83      2.46068e+9 
        3322.09      2.42922e+9 
        3346.73      2.36746e+9 
        3383.63       2.2787e+9 
         3414.4      2.20785e+9 
        3445.17      2.13974e+9 
        3469.81       2.0871e+9 
        3506.71       2.0113e+9 
         3543.6      1.93891e+9 
        3569.71      1.88967e+9 
         3580.5      1.86979e+9 
        3591.28      1.85014e+9 
        3612.85      1.81163e+9 
        3635.88      1.77164e+9 
        3647.12      1.75252e+9 
        3658.96      1.73266e+9 
        3671.11      1.71246e+9 
        3682.58      1.69371e+9 
         3693.5      1.67609e+9 
        3703.57      1.66001e+9 
        3713.83      1.64382e+9 
        3724.38      1.62741e+9 
        3734.43       1.6119e+9 
        3744.62      1.59665e+9 
        3754.84       1.5817e+9 
        3765.07      1.56632e+9 
         3775.5      1.55202e+9 
        3786.22      1.53749e+9 
        3796.45       1.5173e+9 
        3807.84      1.51164e+9 
        3818.92      1.49734e+9 
        3830.45      1.46333e+9 
        3840.76      1.45642e+9 
        3851.98      1.47054e+9 
        3862.01      1.46312e+9 
        3872.59      1.42873e+9 
         3884.4      1.35545e+9 
        3894.46      1.35401e+9 
        3908.89      1.42034e+9 
        3919.07      1.43559e+9 
        3929.34      1.42949e+9 
        3939.89      1.39837e+9 
        3951.72      1.32539e+9 
        3961.86      1.22218e+9 
        3972.06      1.14218e+9 
        3982.23      1.24723e+9 
        3992.62      1.32171e+9 
        4003.87      1.36766e+9 
         4015.8      1.38389e+9 
        4028.86      1.38137e+9 
        4043.86      1.36189e+9 
        4058.85       1.3178e+9 
        4071.35      1.24806e+9 
        4082.28      1.16114e+9 
        4093.69      1.02204e+9 
        4103.79      9.20562e+8 
        4114.69      1.06811e+9 
        4125.26      1.15646e+9 
        4135.54      1.20889e+9 
        4146.66      1.24436e+9 
        4158.83      1.25931e+9 
        4173.82      1.25959e+9 
        4188.82      1.25135e+9 
        4203.81      1.23932e+9 
        4216.52       1.2275e+9 
        4228.81      1.21475e+9 
        4243.81      1.19721e+9 
         4258.8      1.17587e+9 
         4273.8      1.14719e+9 
        4288.79      1.10491e+9 
        4303.79      1.04396e+9 
        4314.07      9.84453e+8 
        4326.14        8.827e+8 
        4336.17      7.51017e+8 
        4346.17      7.67237e+8 
        4357.43      8.86724e+8 
        4367.98      9.50891e+8 
        4378.77      9.91081e+8 
        4393.77      1.02056e+9 
        4408.76      1.03186e+9 
        4423.76      1.03131e+9 
        4438.75      1.02466e+9 
        4453.75      1.01526e+9 
        4468.74      1.00464e+9 
        4483.74      9.93425e+8 
        4498.74      9.82034e+8 
        4513.73      9.70586e+8 
        4527.19      9.60328e+8 
        4538.73       9.5157e+8 
        4553.72       9.4026e+8 
        4568.72      9.29051e+8 
        4583.72      9.17948e+8 
        4596.53      9.08545e+8 
        4608.71      8.99711e+8 
         4623.7      8.88901e+8 
         4638.7      8.78188e+8 
         4653.7      8.67557e+8 
        4668.69      8.56973e+8 
        4683.69      8.46345e+8 
        4698.68      8.35632e+8 
        4713.68      8.24696e+8 
        4724.83      8.16305e+8 
        4738.67      8.05401e+8 
        4753.67      7.92919e+8 
        4768.67      7.78936e+8 
        4783.66      7.62389e+8 
        4798.66      7.41356e+8 
        4813.65      7.12472e+8 
        4828.65      6.70771e+8 
        4839.16      6.27926e+8 
        4849.39      5.67799e+8 
        4859.47      4.69712e+8 
        4869.59      5.32899e+8 
        4880.32      5.96064e+8 
        4891.13      6.33414e+8 
        4903.63      6.58311e+8 
        4915.55      6.70984e+8 
        4928.62      6.77497e+8 
        4943.62      6.78864e+8 
        4958.61      6.76577e+8 
        4973.61      6.72254e+8 
        4988.61      6.66803e+8 
         5003.6      6.60799e+8 
         5018.6      6.54353e+8 
         5033.6       6.4768e+8 
        5048.59      6.40904e+8 
        5063.59      6.34093e+8 
        5078.58      6.27282e+8 
        5093.58      6.20524e+8 
        5108.57      6.13826e+8 
        5123.57      6.07201e+8 
        5138.57      6.00647e+8 
        5153.56      5.94173e+8 
        5168.56      5.87776e+8 
        5183.56      5.81462e+8 
        5198.55      5.75222e+8 
        5213.55      5.69065e+8 
        5228.54      5.62983e+8 
        5243.54      5.56982e+8 
        5258.53      5.51057e+8 
        5273.53      5.45208e+8 
        5288.53      5.39437e+8 
        5303.52      5.33738e+8 
        5318.52      5.28114e+8 
        5333.52      5.22563e+8 
        5348.51      5.17084e+8 
        5363.51      5.11725e+8 
         5378.5      5.06381e+8 
         5393.5      5.01109e+8 
        5408.49      4.95904e+8 
        5423.49      4.90764e+8 
        5438.49      4.85693e+8 
        5453.48      4.80689e+8 
        5468.48      4.75747e+8 
        5483.48      4.70868e+8 
        5498.47      4.66052e+8 
        5513.47      4.61299e+8 
        5528.46      4.56605e+8 
        5543.46      4.51968e+8 
        5558.45      4.47394e+8 
        5573.45      4.42877e+8 
        5588.45      4.38416e+8 
        5603.44      4.34011e+8 
        5618.44       4.2966e+8 
        5633.43      4.25365e+8 
        5648.43      4.21121e+8 
        5663.43       4.1693e+8 
        5673.98       4.1403e+8 
         5686.2      4.10685e+8 
        5698.42       4.0737e+8 
        5708.88      4.04559e+8 
        5723.41      4.00698e+8 
        5738.41      3.96758e+8 
         5753.4      3.92869e+8 
         5768.4      3.88998e+8 
        5783.39        3.852e+8 
        5798.39      3.81452e+8 
        5813.39      3.77748e+8 
        5828.38      3.74088e+8 
        5843.38      3.70472e+8 
        5858.37        3.669e+8 
        5873.37      3.63372e+8 
        5888.37      3.59885e+8 
        5903.36      3.56439e+8 
        5918.36      3.53036e+8 
        5933.35      3.49672e+8 
        5948.35      3.46348e+8 
        5963.35      3.43062e+8 
        5978.34      3.39817e+8 
        5993.34      3.36606e+8 
        6008.33      3.33436e+8 
        6023.33      3.30301e+8 
        6038.32      3.27203e+8 
        6053.32       3.2414e+8 
        6068.32      3.21115e+8 
        6083.31      3.18118e+8 
        6098.31      3.15158e+8 
        6113.31      3.12232e+8 
         6128.3      3.09337e+8 
         6143.3      3.06474e+8 
        6158.29      3.03642e+8 
        6173.29       3.0084e+8 
        6188.28      2.98066e+8 
        6203.28      2.95322e+8 
        6218.28      2.92604e+8 
        6233.27      2.89912e+8 
        6244.38      2.87933e+8 
        6256.04      2.85874e+8 
        6266.59      2.84027e+8 
        6278.26      2.81994e+8 
        6290.52      2.79873e+8 
        6302.31      2.77847e+8 
        6312.59      2.76088e+8 
        6323.25      2.74271e+8 
        6338.24      2.71726e+8 
        6353.24      2.69191e+8 
        6368.24      2.66656e+8 
        6383.23      2.64115e+8 
        6398.23      2.61551e+8 
        6413.22      2.58941e+8 
        6428.22      2.56251e+8 
        6443.22      2.53421e+8 
        6458.21      2.50349e+8 
        6473.21      2.46886e+8 
         6488.2      2.42802e+8 
         6503.2      2.37625e+8 
         6518.2      2.30413e+8 
        6532.67      2.19864e+8 
        6543.19      2.08236e+8 
        6554.64      1.88375e+8 
        6564.69      1.70627e+8 
        6575.67      1.95166e+8 
        6586.28      2.07752e+8 
        6598.17      2.15744e+8 
         6608.5      2.19643e+8 
        6618.82      2.21803e+8 
         6634.3       2.2308e+8 
        6644.62      2.23145e+8 
        6654.94      2.22832e+8 
        6675.58      2.21503e+8 
        6696.23      2.19628e+8 
        6711.48      2.18065e+8 
        6741.98      2.14734e+8 
        6781.19      2.10313e+8 
        6802.98       2.0785e+8 
        6824.78        2.054e+8 
        6868.37      2.00566e+8 
        6955.56      1.91244e+8 
        6976.35      1.89092e+8 
        7042.75      1.82408e+8 
        7109.15      1.76007e+8 
        7175.54      1.69882e+8 
        7241.94      1.64019e+8 
        7308.33      1.58405e+8 
        7355.95      1.54527e+8 
        7374.73      1.53034e+8 
        7393.51      1.51554e+8 
        7431.08      1.48648e+8 
        7506.22      1.43042e+8 
        7581.35      1.37698e+8 
         7635.1      1.34028e+8 
        7656.49      1.32601e+8 
        7677.88      1.31193e+8 
        7720.67      1.28433e+8 
        7806.23      1.23129e+8 
        7821.36       1.2222e+8 
         7891.8      1.18094e+8 
        7962.25      1.14142e+8 
        7982.84      1.13018e+8 
        8032.69      1.10353e+8 
        8082.55      1.07766e+8 
        8161.68      1.03815e+8 
        8182.26      1.02816e+8 
        8200.85      1.01925e+8 
        8216.85      1.01166e+8 
        8232.84      1.00414e+8 
        8264.83      9.89303e+7 
        8289.72      9.77956e+7 
        8328.82      9.60451e+7 
        8343.44      9.54004e+7 
        8367.92      9.43329e+7 
        8388.68      9.34401e+7 
        8408.65      9.25915e+7 
        8432.02      9.16101e+7 
        8467.25      9.01537e+7 
        8502.48      8.87264e+7 
        8516.58      8.81628e+7 
        8530.98      8.75917e+7 
        8545.38      8.70319e+7 
        8574.18      8.59229e+7 
        8598.39       8.5004e+7 
         8628.6      8.38758e+7 
        8646.81      8.32019e+7 
        8665.01      8.25334e+7 
        8685.59      8.17907e+7 
        8701.43      8.12224e+7 
        8750.47      7.94644e+7 
        8767.92      7.88647e+7 
        8815.35      7.72357e+7 
        8862.78       7.5653e+7 
        8900.38      7.45126e+7 
        8957.65      7.26789e+7 
        8986.28       7.1716e+7 
        9014.91      7.07678e+7 
        9043.54      7.00352e+7 
        9072.17      6.93051e+7 
        9099.72      6.85527e+7 
        9154.81      6.68892e+7 
         9190.8      6.56414e+7 
         9209.9      6.49483e+7 
        9229.01      6.43191e+7 
        9248.11      6.39443e+7 
        9267.22      6.36681e+7 
        9305.43      6.30367e+7 
        9343.64        6.225e+7 
        9379.63      6.13877e+7 
        9397.45      6.09174e+7 
        9415.28      6.04257e+7 
        9450.94      5.93164e+7 
        9468.76      5.87132e+7 
        9486.59      5.80258e+7 
        9498.52      5.75342e+7 
        9522.24      5.63394e+7 
         9534.1      5.56775e+7 
        9545.97      5.50875e+7 
        9557.83      5.51588e+7 
        9569.68      5.53228e+7 
        9581.55      5.54394e+7 
        9593.41      5.54815e+7 
         9611.2      5.54268e+7 
        9634.92      5.52251e+7 
        9668.45      5.48186e+7 
        9701.98      5.42622e+7 
        9735.52      5.36389e+7 
        9802.58      5.22843e+7 
        9836.12       5.1557e+7 
        9869.65      5.08083e+7 
        9903.19      4.99121e+7 
        9920.62      4.94138e+7 
        9936.72      4.89127e+7 
        9952.82      4.83419e+7 
        9968.92      4.77466e+7 
        9985.02      4.70755e+7 
        10001.1      4.63152e+7 
        10017.2        4.544e+7 
        10033.3      4.44875e+7 
        10049.4      4.39094e+7 
        10061.4      4.38667e+7 
        10073.5      4.41639e+7 
        10085.5      4.44479e+7 
        10109.6      4.48268e+7 
        10125.7      4.49521e+7 
        10141.8      4.49612e+7 
        10157.9      4.49672e+7 
          10190      4.47799e+7 
        10207.1      4.46351e+7 
        10222.1      4.44796e+7 
        10237.2      4.43002e+7 
        10267.3      4.38997e+7 
        10327.4      4.30153e+7 
        10387.6      4.21014e+7 
        10447.7      4.11605e+7 
        10507.8      4.02554e+7 
          10568      3.93748e+7 
        10628.1      3.84738e+7 
        10688.3      3.75439e+7 
        10718.4      3.70485e+7 
        10748.4      3.65204e+7 
        10778.5      3.59423e+7 
        10808.6      3.52804e+7 
        10823.6      3.49157e+7 
        10838.7      3.45016e+7 
        10853.7       3.4042e+7 
        10868.7      3.35239e+7 
        10883.8      3.29088e+7 
        10898.8      3.22064e+7 
        10913.8      3.13757e+7 
        10924.3      3.07226e+7 
        10935.8      2.97664e+7 
        10946.7      3.01806e+7 
        10960.5      3.08001e+7 
        10978.9      3.13974e+7 
        10997.4      3.17873e+7 
          11025        3.213e+7 
        11043.4      3.22277e+7 
        11061.8      3.22419e+7 
        11080.2       3.2206e+7 
          11117      3.20402e+7 
        11153.9      3.17747e+7 
        11190.7      3.14596e+7 
        11260.9      3.07855e+7 
        11331.1      3.00796e+7 
        11401.4      2.93777e+7 
        11471.6      2.87038e+7 
        11541.8      2.80291e+7 
          11612       2.7374e+7 
        11682.3      2.67379e+7 
        11752.5        2.612e+7 
        11822.7        2.552e+7 
        11892.9       2.4937e+7 
        11963.1      2.43705e+7 
        12033.4      2.38115e+7 
        12103.6      2.32743e+7 
        12173.8      2.27512e+7 
        12203.5      2.25343e+7 
          12244      2.22409e+7 
        12284.6      2.19509e+7 
        12365.8      2.13792e+7 
          12447      2.08119e+7 
        12528.1      2.02351e+7 
        12568.7      1.99314e+7 
        12609.3      1.96046e+7 
        12649.9      1.92374e+7 
        12670.2       1.9026e+7 
        12690.5       1.8789e+7 
        12710.7      1.85155e+7 
          12731      1.81857e+7 
        12741.2      1.79982e+7 
        12751.3      1.77853e+7 
        12761.5      1.75431e+7 
        12771.6      1.72806e+7 
        12781.8        1.697e+7 
        12791.9      1.66132e+7 
        12802.1      1.62073e+7 
        12812.2       1.5769e+7 
        12823.6      1.57058e+7 
        12836.4      1.61336e+7 
        12849.2      1.64983e+7 
          12862      1.67699e+7 
        12874.8      1.69709e+7 
        12887.6      1.71296e+7 
        12900.4      1.72403e+7 
        12913.2      1.73168e+7 
          12926      1.73706e+7 
        12938.8      1.73998e+7 
        12951.6      1.74117e+7 
        12977.2      1.73985e+7 
        13002.8      1.73482e+7 
        13028.4      1.72738e+7 
        13079.5      1.70844e+7 
        13130.7      1.68647e+7 
        13181.9      1.66324e+7 
        13233.1      1.63959e+7 
        13260.2      1.62699e+7 
        13284.3      1.61582e+7 
        13308.4      1.60468e+7 
        13356.5      1.58255e+7 
        13452.7      1.53907e+7 
          13549      1.49688e+7 
        13645.2      1.45631e+7 
        13741.5      1.41672e+7 
        13837.7      1.37846e+7 
        13933.9      1.34148e+7 
        14030.2      1.30573e+7 
        14126.4      1.27117e+7 
        14222.7      1.23773e+7 
        14305.8      1.20975e+7 
        14318.9      1.20539e+7 
        14332.1      1.20106e+7 
        14358.4      1.19244e+7 
        14410.9      1.17545e+7 
        14457.6       1.1606e+7 
          14519      1.14145e+7 
        14551.1      1.13158e+7 
        14581.2      1.12243e+7 
        14597.2       1.1176e+7 
        14613.2       1.1128e+7 
        14645.2      1.10328e+7 
        14709.2      1.08454e+7 
        14773.2       1.0662e+7 
        14837.1      1.04824e+7 
        14901.1      1.03066e+7 
        14965.1      1.01344e+7 
        15029.1      9.96582e+6 
        15093.1      9.80073e+6 
        15157.1      9.63903e+6 
          15221      9.48067e+6 
          15285      9.32554e+6 
          15349      9.17354e+6 
          15413      9.02466e+6 
        15471.6      8.89093e+6 
        15482.4      8.86658e+6 
        15493.1      8.84239e+6 
        15514.7       8.7942e+6 
        15557.9      8.69885e+6 
        15644.2      8.51199e+6 
        15730.5      8.33012e+6 
        15816.8      8.15306e+6 
        15903.1      7.98068e+6 
        15989.4      7.81286e+6 
        16075.8       7.6494e+6 
        16162.1      7.49019e+6 
        16248.4      7.33508e+6 
        16289.9      7.26195e+6 
        16334.7      7.18401e+6 
        16379.5      7.10707e+6 
        16469.1      6.95731e+6 
        16558.8      6.81148e+6 
        16648.4      6.66941e+6 
          16738      6.53106e+6 
        16827.7      6.39628e+6 
        16917.3      6.26496e+6 
        17006.9      6.13701e+6 
        17096.6      6.01229e+6 
        17186.2      5.89071e+6 
        17275.8      5.77221e+6 
        17327.7      5.70501e+6 
        17365.5      5.65666e+6 
        17403.2      5.60884e+6 
        17478.8      5.51494e+6 
        17554.3      5.42295e+6 
        17629.9      5.33292e+6 
        17705.4       5.2447e+6 
          17781      5.15834e+6 
        17856.5       5.0737e+6 
        17932.1      4.99083e+6 
        18007.6      4.90641e+6 
        18083.2      4.82596e+6 
        18158.7      4.74676e+6 
        18234.3      4.66844e+6 
        18309.8      4.59053e+6 
        18343.7       4.5554e+6 
        18385.3      4.51192e+6 
          18427      4.46756e+6 
        18468.6      4.42141e+6 
        18510.2      4.37212e+6 
        18551.8      4.31708e+6 
        18593.4      4.25171e+6 
        18614.2      4.21262e+6 
          18635      4.16704e+6 
        18655.8      4.11222e+6 
        18676.6      4.04565e+6 
          18687       4.0061e+6 
        18697.4      3.96193e+6 
        18707.8      3.91147e+6 
        18718.2      3.85477e+6 
        18728.6      3.79096e+6 
          18739      3.71647e+6 
        18749.6      3.55704e+6 
          18761      3.68371e+6 
        18773.1      3.75364e+6 
        18785.2      3.80824e+6 
        18797.3      3.85291e+6 
        18809.4      3.88807e+6 
        18821.6      3.91612e+6 
        18833.7      3.93742e+6 
        18845.8      3.95344e+6 
          18870      3.97389e+6 
        18894.3      3.98209e+6 
        18918.5      3.98219e+6 
        18942.8      3.97675e+6 
        18991.2      3.95549e+6 
        19039.7      3.92649e+6 
        19136.7      3.85904e+6 
        19233.7       3.7876e+6 
        19330.6      3.71575e+6 
        19404.5      3.66149e+6 
        19427.6      3.64469e+6 
        19450.7      3.62794e+6 
        19496.8      3.59461e+6 
        19589.1      3.53018e+6 
        19681.5       3.4654e+6 
        19773.8      3.40209e+6 
        19866.1      3.34024e+6 
        19958.4      3.27976e+6 
        20050.7      3.22067e+6 
          20143      3.16286e+6 
        20235.4      3.10636e+6 
        20327.7      3.05111e+6 
        20365.6      3.02877e+6 
          20420      2.99708e+6 
        20474.4       2.9658e+6 
        20528.8      2.93487e+6 
        20583.2      2.90435e+6 
        20637.6      2.87421e+6 
          20692      2.84447e+6 
        20746.4      2.81511e+6 
        20800.8      2.78613e+6 
        20855.2      2.75752e+6 
        20909.6      2.72927e+6 
          20964      2.70139e+6 
        21018.4      2.67386e+6 
        21072.8      2.64668e+6 
        21127.2      2.61984e+6 
        21181.6      2.59334e+6 
          21236      2.56717e+6 
        21290.4      2.54133e+6 
        21344.8      2.51582e+6 
        21399.2      2.49063e+6 
        21453.6      2.46574e+6 
          21508      2.44117e+6 
        21562.4      2.41691e+6 
        21603.1      2.39898e+6 
        21616.9      2.39294e+6 
        21630.6      2.38692e+6 
        21658.1      2.37493e+6 
        21713.2      2.35118e+6 
        21768.3      2.32773e+6 
        21823.3      2.30456e+6 
        21878.4      2.28168e+6 
        21933.5      2.25909e+6 
        21988.5      2.23677e+6 
        22043.6      2.21473e+6 
        22098.6      2.19296e+6 
        22153.7      2.17145e+6 
        22208.8      2.15021e+6 
        22263.8      2.12922e+6 
        22318.9       2.1085e+6 
        22373.9      2.08802e+6 
          22429      2.06779e+6 
        22484.1       2.0478e+6 
        22539.1      2.02806e+6 
        22594.2      2.00855e+6 
        22649.2      1.98927e+6 
        22704.3      1.97023e+6 
        22731.9      1.96077e+6 
        22759.4      1.95141e+6 
        22784.8      1.94278e+6 
        22800.8      1.93738e+6 
        22816.8        1.932e+6 
        22848.8       1.9213e+6 
        22912.8      1.90012e+6 
        22976.8      1.87923e+6 
        23040.8      1.85863e+6 
        23104.8      1.83831e+6 
        23168.7      1.81826e+6 
        23232.7      1.79848e+6 
        23296.7      1.77898e+6 
        23360.7      1.75973e+6 
        23424.7      1.74075e+6 
        23488.6      1.72202e+6 
        23552.6      1.70354e+6 
        23616.6      1.68531e+6 
        23680.6      1.66732e+6 
        23744.6      1.64957e+6 
        23808.6      1.63206e+6 
        23872.5      1.61478e+6 
        23936.5      1.59772e+6 
        24000.5      1.58089e+6 
        24064.5      1.56428e+6 
        24128.5      1.54789e+6 
        24192.5      1.53171e+6 
        24256.4      1.51574e+6 
        24320.4      1.49998e+6 
        24384.4      1.48442e+6 
        24448.4      1.46907e+6 
        24512.4      1.45391e+6 
        24576.3      1.43895e+6 
        24640.3      1.42418e+6 
        24704.3      1.40959e+6 
        24768.3      1.39519e+6 
        24832.3      1.38098e+6 
        24896.3      1.36695e+6 
        24960.2      1.35309e+6 
        25004.4      1.34362e+6 
        25024.2      1.33941e+6 
          25044      1.33521e+6 
        25083.6      1.32688e+6 
        25162.8       1.3104e+6 
        25241.9      1.29418e+6 
        25321.1      1.27821e+6 
        25400.2      1.26248e+6 
        25479.4      1.24699e+6 
        25558.5      1.23174e+6 
        25637.7      1.21672e+6 
        25716.9      1.20194e+6 
          25796      1.18737e+6 
        25875.2      1.17302e+6 
        25954.3      1.15889e+6 
        26033.5      1.14497e+6 
        26112.7      1.13133e+6 
        26191.8      1.11783e+6 
          26271      1.10452e+6 
        26350.1      1.09141e+6 
        26429.3       1.0785e+6 
        26508.4      1.06577e+6 
        26587.6      1.05317e+6 
        26666.8      1.04081e+6 
        26745.9      1.02864e+6 
        26825.1      1.01664e+6 
        26904.2      1.00482e+6 
        26983.4          993171 
        27062.6          981691 
        27141.7          970372 
        27220.9          959219 
        27299.2          948340 
        27377.5          937627 
        27455.8          927065 
        27534.2          916710 
        27612.5          906441 
        27690.8          896315 
        27769.1          886331 
        27847.5          876485 
        27925.8          866778 
        28004.1          857202 
        28082.4          847759 
        28160.8          838444 
        28239.1          829258 
        28317.4          820198 
        28395.7          811260 
          28474          802444 
        28552.4          793745 
        28630.7          785166 
          28709          776702 
        28787.3          768352 
        28865.7          760115 
          28944          751987 
        29022.3          743967 
        29100.6          736053 
          29179          728243 
        29257.3          720540 
        29335.6          712934 
        29413.9          705432 
        29492.3          698027 
        29570.6          690717 
        29648.9          683504 
        29727.2          676385 
        29805.5          669357 
        29883.9          662424 
        29932.6          658154 
        29962.2          655575 
        29991.8          653011 
