# Koester WD models
# teff = 32000 K (value for the effective temperature for the model. Temperatures are given in K)
# logg = 9 log(cm/s2) (value for Log(G) for the model.)
#
# column 1: WAVELENGTH (ANGSTROM), Wavelength in Angstrom
# column 2: FLUX (ERG/CM2/S/A), Flux in erg/cm2/s/A
         899.23      6.21605e+9 
        909.241      6.27637e+9 
        919.251      6.36524e+9 
        929.261      5.95844e+9 
        939.271      9.55142e+9 
         949.28      4.26396e+9 
        959.281     2.85493e+10 
        969.297     1.02198e+10 
        979.305     2.58559e+10 
        989.312     5.20295e+10 
        999.319     6.08291e+10 
        1009.33     4.90114e+10 
        1019.33     1.88911e+10 
        1029.34     1.47745e+10 
        1039.34     4.72241e+10 
        1049.35     7.47008e+10 
        1059.36     8.95891e+10 
        1069.36     9.59059e+10 
        1079.36     9.78119e+10 
        1089.37     9.75273e+10 
        1099.37     9.61208e+10 
        1109.38     9.41014e+10 
        1119.38     9.17078e+10 
        1129.38     8.90356e+10 
        1139.39     8.60875e+10 
        1149.39     8.27744e+10 
        1159.39     7.88697e+10 
        1169.39     7.38994e+10 
         1179.4     6.68616e+10 
         1189.4     5.58977e+10 
         1199.4     3.86246e+10 
         1209.4     1.67564e+10 
        1219.41      1.3903e+10 
        1229.41     3.45522e+10 
        1239.41     4.94251e+10 
        1249.41     5.67161e+10 
        1259.41      5.9569e+10 
        1269.41      6.0289e+10 
        1279.42     6.00035e+10 
        1289.42     5.92266e+10 
        1299.42     5.82046e+10 
        1309.42     5.70607e+10 
        1319.42     5.58622e+10 
        1329.42     5.46427e+10 
        1339.42     5.34228e+10 
        1349.42     5.22155e+10 
        1359.42     5.10276e+10 
        1369.42     4.98627e+10 
        1379.42     4.87233e+10 
        1389.42     4.76102e+10 
        1399.42     4.65254e+10 
        1409.42     4.54686e+10 
        1419.42      4.4441e+10 
        1429.42     4.34413e+10 
        1439.42      4.2468e+10 
        1454.42     4.10578e+10 
        1464.42     4.01496e+10 
        1474.42     3.92658e+10 
        1489.42     3.79863e+10 
        1504.42     3.67588e+10 
        1514.42     3.59687e+10 
        1529.42     3.48233e+10 
        1544.42     3.37231e+10 
        1559.42     3.26669e+10 
        1570.19     3.19343e+10 
        1584.41     3.09982e+10 
        1599.41     3.00488e+10 
        1614.41     2.91357e+10 
        1629.41     2.82577e+10 
        1644.41     2.74132e+10 
        1659.41     2.66009e+10 
        1670.17     2.60365e+10 
         1684.4     2.53143e+10 
         1699.4     2.45811e+10 
         1714.4     2.38747e+10 
         1729.4     2.31937e+10 
         1744.4      2.2537e+10 
        1759.39     2.19039e+10 
         1771.7     2.14013e+10 
        1784.39     2.08983e+10 
        1799.39     2.03232e+10 
           1824     1.94224e+10 
        1834.77     1.90441e+10 
        1845.54     1.86754e+10 
           1864      1.8064e+10 
        1876.29     1.76711e+10 
        1888.59     1.72891e+10 
        1906.98      1.6737e+10 
        1919.37     1.63777e+10 
        1931.76     1.60286e+10 
        1944.47     1.56799e+10 
        1956.53     1.53581e+10 
         1967.6     1.50699e+10 
        1992.71     1.44421e+10 
        2017.81      1.3847e+10 
        2042.92     1.32831e+10 
        2067.03     1.27684e+10 
        2091.15     1.22793e+10 
        2114.28     1.18322e+10 
        2126.36     1.16069e+10 
        2145.92     1.12537e+10 
        2165.47     1.09139e+10 
        2194.48     1.04338e+10 
        2204.59     1.02728e+10 
         2214.7     1.01149e+10 
        2234.91      9.80852e+9 
        2263.91      9.38906e+9 
        2292.92      8.99231e+9 
        2313.13      8.72826e+9 
        2344.77      8.33471e+9 
        2362.35      8.12567e+9 
        2379.94      7.92325e+9 
        2409.27      7.59951e+9 
        2432.73      7.35268e+9 
        2451.59      7.16151e+9 
        2466.76      7.01238e+9 
        2488.39      6.80648e+9 
        2510.01      6.60812e+9 
         2547.3      6.28312e+9 
        2559.23      6.18335e+9 
        2571.17       6.0857e+9 
        2595.04      5.89611e+9 
        2618.91       5.7139e+9 
        2642.78      5.53875e+9 
        2657.67      5.43288e+9 
        2687.45       5.2289e+9 
        2717.24      5.03447e+9 
        2737.93      4.90469e+9 
        2756.11      4.79413e+9 
        2766.75      4.73096e+9 
        2810.65       4.4811e+9 
        2854.55      4.24759e+9 
        2898.45      4.02938e+9 
        2931.71      3.87336e+9 
        2942.34      3.82508e+9 
        2952.98      3.77755e+9 
        2974.26      3.68477e+9 
        3016.81      3.50768e+9 
        3051.42      3.37143e+9 
        3086.03       3.2419e+9 
        3120.64      3.11856e+9 
        3149.86      3.01897e+9 
        3168.31      2.95819e+9 
        3179.08      2.92341e+9 
         3208.3      2.83161e+9 
        3248.29      2.71174e+9 
        3288.29      2.59826e+9 
        3309.83      2.53959e+9 
        3322.09      2.50697e+9 
        3346.73      2.44293e+9 
        3383.63      2.35092e+9 
         3414.4      2.27748e+9 
        3445.17      2.20689e+9 
        3469.81      2.15235e+9 
        3506.71      2.07382e+9 
         3543.6      1.99884e+9 
        3569.71      1.94785e+9 
         3580.5      1.92727e+9 
        3591.28      1.90693e+9 
        3612.85      1.86702e+9 
        3635.88      1.82562e+9 
        3647.12      1.80584e+9 
        3658.96      1.78529e+9 
        3671.11      1.76437e+9 
        3682.58      1.74499e+9 
         3693.5      1.72679e+9 
        3703.57      1.71018e+9 
        3713.83      1.69345e+9 
        3724.38      1.67644e+9 
        3734.43      1.66043e+9 
        3744.62      1.64438e+9 
        3754.84       1.6285e+9 
        3765.07      1.61274e+9 
         3775.5      1.59699e+9 
        3786.22      1.58098e+9 
        3796.45      1.56532e+9 
        3807.84      1.54992e+9 
        3818.92      1.53386e+9 
        3830.45      1.51508e+9 
        3840.76      1.50222e+9 
        3851.98      1.49171e+9 
        3862.01      1.47852e+9 
        3872.59      1.45938e+9 
         3884.4      1.43271e+9 
        3894.46      1.42403e+9 
        3908.89      1.42702e+9 
        3923.89      1.41755e+9 
        3935.81      1.39774e+9 
        3946.58      1.36783e+9 
        3957.31       1.3257e+9 
        3967.38      1.28219e+9 
        3977.86      1.29203e+9 
        3988.87      1.32244e+9 
        4003.87      1.34711e+9 
        4018.86      1.35019e+9 
        4032.38      1.33953e+9 
        4043.86      1.32196e+9 
        4058.85      1.27966e+9 
        4073.85      1.21223e+9 
        4085.65       1.1401e+9 
        4096.31      1.05719e+9 
        4106.79      1.04683e+9 
        4117.77      1.11438e+9 
        4128.84      1.16458e+9 
        4143.83      1.21085e+9 
        4158.83      1.23447e+9 
        4173.82      1.23932e+9 
        4188.82      1.23527e+9 
        4203.81      1.22588e+9 
        4216.52      1.21518e+9 
        4228.81      1.20249e+9 
        4243.81      1.18283e+9 
         4258.8      1.15649e+9 
         4273.8      1.11896e+9 
        4288.79      1.06945e+9 
        4303.79      1.00454e+9 
        4314.07      9.49056e+8 
        4326.14      8.67761e+8 
        4336.17      7.80397e+8 
        4346.17      7.86875e+8 
        4357.43      8.65785e+8 
        4367.98      9.16974e+8 
        4378.77      9.55446e+8 
        4393.77       9.9285e+8 
        4408.76       1.0141e+9 
        4423.76      1.02466e+9 
        4438.75       1.0254e+9 
        4453.75      1.02079e+9 
        4468.74      1.01317e+9 
        4483.74      1.00403e+9 
        4498.74      9.94094e+8 
        4513.73       9.8368e+8 
        4527.19      9.74085e+8 
        4538.73      9.65757e+8 
        4553.72      9.54856e+8 
        4568.72       9.4391e+8 
        4583.72      9.32949e+8 
        4596.53      9.23581e+8 
        4608.71      9.14722e+8 
         4623.7      9.03742e+8 
         4638.7      8.92728e+8 
         4653.7      8.81641e+8 
        4668.69      8.70416e+8 
        4683.69      8.58921e+8 
        4698.68      8.46948e+8 
        4713.68      8.34168e+8 
        4724.83      8.23983e+8 
        4738.67      8.10126e+8 
        4753.67      7.93145e+8 
        4768.67      7.73881e+8 
        4783.66      7.50621e+8 
        4798.66      7.21837e+8 
        4813.65      6.85923e+8 
        4828.65      6.40831e+8 
        4839.16       6.0006e+8 
        4849.42       5.4856e+8 
        4859.47      4.77701e+8 
        4870.86      5.27766e+8 
        4881.49      5.74955e+8 
        4892.34       6.0842e+8 
        4903.63      6.32359e+8 
        4915.55      6.50765e+8 
        4928.62      6.63775e+8 
        4943.62      6.72712e+8 
        4958.61      6.76168e+8 
        4973.61      6.76218e+8 
        4988.61      6.74044e+8 
         5003.6      6.70227e+8 
         5018.6      6.65267e+8 
         5033.6      6.59577e+8 
        5048.59      6.53404e+8 
        5063.59      6.47005e+8 
        5078.58      6.40467e+8 
        5093.58      6.33882e+8 
        5108.57      6.27282e+8 
        5123.57        6.207e+8 
        5138.57      6.14153e+8 
        5153.56      6.07653e+8 
        5168.56      6.01213e+8 
        5183.56      5.94835e+8 
        5198.55      5.88524e+8 
        5213.55      5.82282e+8 
        5228.54      5.76112e+8 
        5243.54      5.70014e+8 
        5258.53      5.63988e+8 
        5273.53      5.58035e+8 
        5288.53      5.52154e+8 
        5303.52      5.46345e+8 
        5318.52      5.40612e+8 
        5333.52      5.34947e+8 
        5348.51      5.29352e+8 
        5363.51      5.23983e+8 
         5378.5      5.18514e+8 
         5393.5      5.13116e+8 
        5408.49      5.07785e+8 
        5423.49      5.02526e+8 
        5438.49      4.97333e+8 
        5453.48      4.92209e+8 
        5468.48      4.87148e+8 
        5483.48       4.8215e+8 
        5498.47      4.77217e+8 
        5513.47      4.72348e+8 
        5528.46      4.67541e+8 
        5543.46      4.62794e+8 
        5558.45      4.58107e+8 
        5573.45      4.53479e+8 
        5588.45      4.48908e+8 
        5603.44      4.44397e+8 
        5618.44      4.39939e+8 
        5633.43      4.35538e+8 
        5648.43      4.31193e+8 
        5663.43      4.26898e+8 
        5673.98      4.24181e+8 
         5686.2      4.20741e+8 
        5698.42      4.17339e+8 
        5708.88      4.14451e+8 
        5723.41      4.10484e+8 
        5738.41      4.06437e+8 
         5753.4      4.02441e+8 
         5768.4      3.98398e+8 
        5783.39      3.94496e+8 
        5798.39      3.90641e+8 
        5813.39      3.86837e+8 
        5828.38      3.83073e+8 
        5843.38       3.7936e+8 
        5858.37      3.75687e+8 
        5873.37      3.72059e+8 
        5888.37      3.68477e+8 
        5903.36      3.64934e+8 
        5918.36      3.61434e+8 
        5933.35      3.57975e+8 
        5948.35      3.54554e+8 
        5963.35      3.51177e+8 
        5978.34      3.47834e+8 
        5993.34      3.44532e+8 
        6008.33      3.41268e+8 
        6023.33      3.38042e+8 
        6038.32       3.3485e+8 
        6053.32      3.31692e+8 
        6068.32      3.28573e+8 
        6083.31      3.25482e+8 
        6098.31      3.22425e+8 
        6113.31      3.19399e+8 
         6128.3      3.16402e+8 
         6143.3      3.13438e+8 
        6158.29      3.10502e+8 
        6173.29      3.07593e+8 
        6188.28      3.04709e+8 
        6203.28      3.01847e+8 
        6218.28      2.99007e+8 
        6233.27      2.96184e+8 
        6244.38      2.94101e+8 
        6256.04      2.91929e+8 
        6266.59      2.89975e+8 
        6278.26      2.87816e+8 
        6290.52       2.8555e+8 
        6302.31      2.83384e+8 
        6312.59      2.81497e+8 
        6323.25      2.79535e+8 
        6338.24      2.76764e+8 
        6353.24      2.73967e+8 
        6368.24      2.71128e+8 
        6383.23      2.68226e+8 
        6398.23      2.65224e+8 
        6413.22      2.62074e+8 
        6428.22      2.58713e+8 
        6443.22      2.55036e+8 
        6458.21      2.50891e+8 
        6473.21      2.46098e+8 
         6488.2      2.40372e+8 
         6503.2      2.33356e+8 
         6518.2       2.2435e+8 
        6532.67      2.12759e+8 
        6543.19      2.01534e+8 
        6554.43      1.85316e+8 
        6564.49      1.70947e+8 
        6574.56      1.88526e+8 
        6586.95      2.01519e+8 
        6598.17      2.09271e+8 
         6608.5        2.142e+8 
        6618.82      2.17644e+8 
         6634.3      2.20838e+8 
        6644.62      2.22042e+8 
        6654.94      2.22713e+8 
        6665.26      2.22954e+8 
        6675.58      2.22869e+8 
         6685.9      2.22532e+8 
        6701.62      2.21651e+8 
        6721.34       2.2014e+8 
        6741.06      2.18347e+8 
        6780.49      2.14328e+8 
        6815.08      2.10596e+8 
        6834.48      2.08475e+8 
        6853.88      2.06357e+8 
        6892.68      2.02137e+8 
        6970.27      1.93865e+8 
        6986.58      1.92164e+8 
        7047.86      1.85917e+8 
        7109.15      1.79895e+8 
        7170.43      1.74105e+8 
        7231.71      1.68541e+8 
        7292.99      1.63194e+8 
        7315.03      1.61322e+8 
        7354.27      1.58055e+8 
        7393.51      1.54882e+8 
           7472      1.48746e+8 
        7550.48       1.4291e+8 
        7580.06      1.40786e+8 
        7628.97      1.37357e+8 
        7677.88      1.34033e+8 
        7775.71      1.27681e+8 
        7873.53        1.217e+8 
        7962.25      1.16584e+8 
        8019.38      1.13427e+8 
        8050.96      1.11727e+8 
        8082.55      1.10059e+8 
        8145.72      1.06815e+8 
        8200.85      1.04082e+8 
        8216.85      1.03305e+8 
        8232.84      1.02535e+8 
        8264.83      1.01018e+8 
        8289.72      9.98565e+7 
        8328.82      9.80654e+7 
        8343.44      9.74057e+7 
        8367.92       9.6314e+7 
        8388.68      9.53998e+7 
        8408.65      9.45312e+7 
        8432.02      9.35268e+7 
        8467.25      9.20377e+7 
        8502.48      9.05781e+7 
        8516.58      9.00019e+7 
        8530.98      8.94182e+7 
        8545.38      8.88408e+7 
        8574.18      8.76985e+7 
        8598.39      8.67532e+7 
         8628.6      8.55911e+7 
        8646.81         8.49e+7 
        8665.01      8.42154e+7 
        8685.59      8.34508e+7 
        8701.43      8.28674e+7 
        8750.47      8.10867e+7 
        8767.92      8.04666e+7 
        8815.35      7.88078e+7 
        8862.78      7.72053e+7 
        8900.38      7.59709e+7 
        8957.65      7.41061e+7 
        9014.91      7.22943e+7 
        9044.62       7.1398e+7 
        9072.17      7.05784e+7 
        9099.72      6.97613e+7 
        9154.81      6.81569e+7 
         9190.8      6.71088e+7 
         9209.9      6.65594e+7 
        9229.01      6.60281e+7 
        9267.22       6.5008e+7 
         9303.2      6.41124e+7 
        9343.64      6.30913e+7 
        9384.08       6.2049e+7 
        9464.96      5.98907e+7 
        9545.72      5.76234e+7 
        9561.21      5.73146e+7 
        9576.69      5.70724e+7 
        9607.66      5.65521e+7 
        9668.45      5.54463e+7 
        9729.24      5.42509e+7 
        9790.04      5.29877e+7 
        9850.83      5.16735e+7 
        9870.42      5.12196e+7 
        9911.62      5.01929e+7 
        9952.82      4.90924e+7 
        9994.02      4.79033e+7 
        10021.1      4.70884e+7 
        10035.2      4.66941e+7 
        10049.4       4.6429e+7 
        10063.5      4.62094e+7 
        10077.7      4.61151e+7 
        10091.8      4.60495e+7 
        10120.1      4.59006e+7 
        10176.7      4.54281e+7 
        10229.4       4.4856e+7 
          10245      4.46511e+7 
        10260.6      4.44469e+7 
        10291.9      4.40121e+7 
        10354.5      4.30926e+7 
          10417       4.2158e+7 
        10479.6       4.1131e+7 
        10542.2      4.01747e+7 
        10604.7       3.9224e+7 
        10667.3      3.81989e+7 
        10729.8      3.70677e+7 
        10761.1      3.64528e+7 
        10792.4      3.57915e+7 
        10823.7      3.50734e+7 
          10855      3.43002e+7 
        10886.2      3.34385e+7 
        10896.9       3.3114e+7 
        10907.2      3.27866e+7 
        10917.5      3.24363e+7 
        10927.8      3.20364e+7 
        10938.1      3.15397e+7 
        10948.4      3.18127e+7 
        10958.7      3.19842e+7 
        10977.9      3.21822e+7 
        10998.5      3.23138e+7 
        11019.1      3.23889e+7 
        11039.6       3.2425e+7 
        11060.2      3.23948e+7 
        11080.8       3.2371e+7 
        11121.9      3.22126e+7 
        11163.1      3.19805e+7 
        11204.2      3.16751e+7 
        11229.8      3.14627e+7 
        11245.3      3.13263e+7 
        11260.9       3.1186e+7 
          11292      3.08931e+7 
        11354.3      3.02885e+7 
        11416.6      2.96794e+7 
        11478.9       2.9112e+7 
        11541.2      2.85065e+7 
        11603.5      2.79167e+7 
        11665.7       2.7342e+7 
          11728      2.67819e+7 
        11790.3      2.62361e+7 
        11852.6       2.5704e+7 
        11914.9      2.51853e+7 
        11977.1      2.46795e+7 
        12039.4      2.41586e+7 
        12101.7      2.36715e+7 
          12164      2.31938e+7 
        12226.3      2.27236e+7 
        12284.6      2.22876e+7 
          12343      2.18516e+7 
        12401.4      2.14115e+7 
        12459.8      2.09609e+7 
        12518.1      2.04847e+7 
        12576.5      1.99688e+7 
        12605.7      1.96818e+7 
        12634.9       1.9372e+7 
        12664.1       1.9034e+7 
        12693.3      1.86406e+7 
        12722.4      1.82099e+7 
          12737      1.79558e+7 
        12751.6      1.76929e+7 
        12766.2      1.73908e+7 
        12780.8       1.7061e+7 
        12795.4      1.67195e+7 
        12806.4      1.65117e+7 
        12816.5      1.66874e+7 
        12827.2      1.64006e+7 
        12839.4      1.64886e+7 
        12857.6      1.67289e+7 
        12869.8      1.68693e+7 
        12881.9      1.69927e+7 
        12894.1      1.70867e+7 
        12906.3      1.71682e+7 
        12930.6      1.72816e+7 
          12955      1.73429e+7 
        12979.3      1.73696e+7 
        13003.6      1.73607e+7 
          13028      1.73313e+7 
        13076.6      1.72214e+7 
        13125.3      1.70618e+7 
          13174      1.68765e+7 
        13234.3      1.66228e+7 
        13271.3      1.64606e+7 
        13308.4      1.62958e+7 
        13382.4      1.59633e+7 
        13456.4      1.56323e+7 
        13530.4       1.5306e+7 
        13604.5      1.49862e+7 
        13678.5      1.46815e+7 
        13752.5      1.43742e+7 
        13826.5      1.40749e+7 
        13900.6      1.37833e+7 
        13974.6      1.34993e+7 
        14048.6      1.32224e+7 
        14122.6      1.29527e+7 
        14196.7      1.26897e+7 
        14209.3      1.26454e+7 
        14270.7      1.24334e+7 
        14332.1      1.22257e+7 
        14393.4      1.20219e+7 
          14452      1.18314e+7 
        14463.3      1.17952e+7 
        14474.6       1.1759e+7 
        14497.1      1.16872e+7 
        14542.2      1.15452e+7 
        14581.2      1.14242e+7 
        14597.2      1.13751e+7 
        14613.2      1.13262e+7 
        14645.2      1.12291e+7 
        14709.2      1.10381e+7 
        14773.2      1.08512e+7 
        14837.1      1.06682e+7 
        14901.1       1.0489e+7 
        14965.1      1.03136e+7 
        15029.1      1.01418e+7 
        15093.1      9.97355e+6 
        15157.1      9.80881e+6 
          15221      9.64742e+6 
          15285      9.48934e+6 
          15349      9.33449e+6 
          15413      9.18275e+6 
        15471.6      9.04653e+6 
        15482.4      9.02171e+6 
        15493.1      8.99699e+6 
        15514.7      8.94782e+6 
        15557.9      8.85049e+6 
        15644.2      8.65974e+6 
        15730.5       8.4741e+6 
        15816.8       8.2934e+6 
        15903.1       8.1175e+6 
        15989.4      7.94622e+6 
        16075.8      7.77943e+6 
        16162.1      7.61698e+6 
        16248.4      7.45877e+6 
        16289.9      7.38416e+6 
        16334.7      7.30461e+6 
        16379.5      7.22617e+6 
        16469.1      7.07273e+6 
        16558.8      6.92335e+6 
        16648.4      6.77789e+6 
          16738      6.63624e+6 
        16827.7      6.49826e+6 
        16917.3      6.36386e+6 
        17006.9      6.23292e+6 
        17096.6      6.10531e+6 
        17186.2      5.98096e+6 
        17275.8      5.85976e+6 
        17327.7      5.79102e+6 
        17365.5      5.74161e+6 
        17403.2      5.69272e+6 
        17478.8      5.59681e+6 
        17554.3      5.50294e+6 
        17629.9      5.41102e+6 
        17705.4      5.32101e+6 
          17781      5.23286e+6 
        17856.5      5.14653e+6 
        17932.1      5.06199e+6 
        18007.6      4.96953e+6 
        18083.2      4.88587e+6 
        18158.7      4.80287e+6 
        18234.3       4.7198e+6 
        18309.8      4.63548e+6 
        18343.7      4.59668e+6 
        18385.3      4.54777e+6 
          18427      4.49659e+6 
        18468.6      4.44193e+6 
        18510.2      4.38199e+6 
        18551.8      4.31369e+6 
        18593.4      4.23474e+6 
        18614.2      4.18878e+6 
          18635      4.13798e+6 
        18655.8      4.08071e+6 
        18676.6       4.0154e+6 
        18697.4      3.93971e+6 
          18710      3.88929e+6 
        18726.4       3.8143e+6 
        18738.8      3.74625e+6 
        18749.1      3.63511e+6 
        18759.9       3.7084e+6 
        18771.1      3.75942e+6 
        18783.8      3.80177e+6 
        18796.6      3.83595e+6 
        18809.4       3.8635e+6 
        18822.2      3.88926e+6 
        18847.8      3.92636e+6 
        18873.4      3.95024e+6 
          18899      3.96522e+6 
        18924.6      3.97229e+6 
        18950.2      3.97317e+6 
        18975.8      3.97022e+6 
        19001.4      3.96346e+6 
        19052.6      3.94207e+6 
        19103.8      3.91395e+6 
        19154.9      3.88185e+6 
        19206.1      3.84745e+6 
        19257.3      3.81176e+6 
        19308.5      3.77531e+6 
        19359.7      3.73856e+6 
        19371.1      3.73036e+6 
        19410.9      3.70171e+6 
        19450.7      3.67312e+6 
        19530.3      3.61622e+6 
        19609.9      3.56367e+6 
        19689.4       3.5074e+6 
          19769      3.45223e+6 
        19848.6      3.39814e+6 
        19928.2      3.34507e+6 
        20007.8      3.29308e+6 
        20087.4      3.24206e+6 
          20167      3.19205e+6 
        20246.6      3.14297e+6 
        20326.2      3.09486e+6 
        20337.1       3.0883e+6 
        20405.8      3.04765e+6 
        20474.4      3.00765e+6 
          20543      2.96825e+6 
        20611.7      2.92948e+6 
        20680.3      2.89134e+6 
        20748.9      2.85382e+6 
        20817.6      2.81691e+6 
        20886.2      2.78059e+6 
        20954.9      2.74485e+6 
        21023.5      2.70968e+6 
        21092.1      2.67507e+6 
        21160.8      2.64101e+6 
        21229.4       2.6075e+6 
          21298      2.57451e+6 
        21366.7      2.54204e+6 
        21435.3      2.51008e+6 
          21504      2.47862e+6 
        21514.6       2.4738e+6 
        21572.6      2.44764e+6 
        21630.6      2.42183e+6 
        21688.6      2.39633e+6 
        21746.7      2.37115e+6 
        21804.7       2.3463e+6 
        21862.7      2.32178e+6 
        21920.8      2.29758e+6 
        21978.8      2.27369e+6 
        22036.8      2.25011e+6 
        22094.8      2.22684e+6 
        22152.9      2.20386e+6 
        22210.9      2.18118e+6 
        22268.9      2.15879e+6 
        22326.9      2.13669e+6 
          22385      2.11486e+6 
          22443      2.09332e+6 
          22501      2.07204e+6 
        22559.1      2.05104e+6 
        22617.1       2.0303e+6 
        22675.1      2.00982e+6 
        22733.1       1.9896e+6 
        22784.8       1.9718e+6 
        22800.8      1.96632e+6 
        22816.8      1.96087e+6 
        22848.8      1.95001e+6 
        22912.8      1.92853e+6 
        22976.8      1.90734e+6 
        23040.8      1.88644e+6 
        23104.8      1.86582e+6 
        23168.7      1.84548e+6 
        23232.7      1.82543e+6 
        23296.7      1.80564e+6 
        23360.7      1.78611e+6 
        23424.7      1.76686e+6 
        23488.6      1.74786e+6 
        23552.6      1.72911e+6 
        23616.6      1.71061e+6 
        23680.6      1.69236e+6 
        23744.6      1.67436e+6 
        23808.6      1.65659e+6 
        23872.5      1.63905e+6 
        23936.5      1.62175e+6 
        24000.5      1.60468e+6 
        24064.5      1.58782e+6 
        24128.5      1.57119e+6 
        24192.5      1.55477e+6 
        24256.4      1.53857e+6 
        24320.4      1.52258e+6 
        24384.4       1.5068e+6 
        24448.4      1.49122e+6 
        24512.4      1.47584e+6 
        24576.3      1.46065e+6 
        24640.3      1.44566e+6 
        24704.3      1.43087e+6 
        24768.3      1.41626e+6 
        24832.3      1.40184e+6 
        24896.3      1.38759e+6 
        24960.2      1.37354e+6 
        25004.4      1.36393e+6 
        25024.2      1.35965e+6 
          25044      1.35539e+6 
        25083.6      1.34693e+6 
        25162.8      1.33021e+6 
        25241.9      1.31374e+6 
        25321.1      1.29753e+6 
        25400.2      1.28156e+6 
        25479.4      1.26584e+6 
        25558.5      1.25036e+6 
        25637.7      1.23512e+6 
        25716.9       1.2201e+6 
          25796      1.20532e+6 
        25875.2      1.19075e+6 
        25954.3      1.17641e+6 
        26033.5      1.16228e+6 
        26112.7      1.14836e+6 
        26191.8      1.13465e+6 
          26271      1.12114e+6 
        26350.1      1.10783e+6 
        26429.3      1.09472e+6 
        26508.4       1.0818e+6 
        26587.6      1.06907e+6 
        26666.8      1.05653e+6 
        26745.9      1.04417e+6 
        26825.1      1.03199e+6 
        26904.2      1.01999e+6 
        26983.4      1.00817e+6 
        27062.6          996507 
        27141.7          985018 
        27220.9          973693 
        27299.2          962647 
        27377.5          951745 
        27455.8          941001 
        27534.2          930408 
        27612.5          919962 
        27690.8          909664 
        27769.1          899507 
        27847.5          889492 
        27925.8          879618 
        28004.1          869879 
        28082.4          860275 
        28160.8          850800 
        28239.1          841460 
        28317.4          832242 
        28395.7          823154 
          28474          814191 
        28552.4          805347 
        28630.7          796623 
          28709          788015 
        28787.3          779527 
        28865.7          771148 
          28944          762886 
        29022.3          754730 
        29100.6          746684 
          29179          738746 
        29257.3          730914 
        29335.6          723185 
        29413.9          715557 
        29492.3          708027 
        29570.6          700600 
        29648.9          693268 
        29727.2          686033 
        29805.5          678889 
        29883.9          671839 
        29932.6          667500 
        29962.2          664880 
        29991.8          662276 
