# Koester WD models
# teff = 32000 K (value for the effective temperature for the model. Temperatures are given in K)
# logg = 8.25 log(cm/s2) (value for Log(G) for the model.)
#
# column 1: WAVELENGTH (ANGSTROM), Wavelength in Angstrom
# column 2: FLUX (ERG/CM2/S/A), Flux in erg/cm2/s/A
         899.23       5.6713e+9 
        909.241      5.73385e+9 
        919.251      5.96965e+9 
        929.257      5.84676e+9 
        939.271     1.12475e+10 
         949.28      4.15177e+9 
        959.281     4.01093e+10 
        969.297     1.23827e+10 
        979.305     3.57199e+10 
        989.312     7.12246e+10 
        999.319     8.08319e+10 
        1009.33     6.64799e+10 
        1019.33     2.47175e+10 
        1029.34     1.85981e+10 
        1039.34     6.22968e+10 
        1049.35     8.80513e+10 
        1059.36      9.7171e+10 
        1069.36     9.93764e+10 
        1079.36     9.88885e+10 
        1089.37     9.72722e+10 
        1099.37     9.51491e+10 
        1109.38     9.27882e+10 
        1119.38     9.03054e+10 
        1129.38     8.77434e+10 
        1139.39     8.50988e+10 
        1149.39     8.23239e+10 
        1159.39     7.92929e+10 
        1169.39     7.57196e+10 
         1179.4     7.09026e+10 
         1189.4     6.30276e+10 
         1199.4     4.76137e+10 
         1209.4     2.05981e+10 
        1219.41     1.66314e+10 
        1229.41     4.26283e+10 
        1239.41     5.54752e+10 
        1249.41     5.95775e+10 
        1259.41     6.03802e+10 
        1269.41      5.9951e+10 
        1279.42     5.90224e+10 
        1289.42     5.78798e+10 
        1299.42     5.66479e+10 
        1309.42     5.53853e+10 
        1319.42     5.41224e+10 
        1329.42     5.28724e+10 
        1339.42      5.1645e+10 
        1349.42     5.04442e+10 
        1359.42     4.92724e+10 
        1369.42     4.81305e+10 
        1379.42      4.7018e+10 
        1389.42     4.59354e+10 
        1399.42     4.48827e+10 
        1409.42     4.38591e+10 
        1419.42     4.28648e+10 
        1429.42     4.18985e+10 
        1439.42     4.09595e+10 
        1454.42     3.95995e+10 
        1464.42     3.87242e+10 
        1474.42     3.78735e+10 
        1489.42     3.66417e+10 
        1504.42     3.54607e+10 
        1514.42     3.47001e+10 
        1529.42     3.35984e+10 
        1544.42     3.25403e+10 
        1559.42     3.15246e+10 
        1570.19     3.08205e+10 
        1584.41     2.99205e+10 
        1599.41     2.90079e+10 
        1614.41       2.813e+10 
        1629.41     2.72857e+10 
        1644.41     2.64736e+10 
        1659.41     2.56927e+10 
        1670.17     2.51501e+10 
         1684.4     2.44556e+10 
         1699.4     2.37505e+10 
         1714.4     2.30711e+10 
         1729.4      2.2416e+10 
         1744.4     2.17842e+10 
        1759.39     2.11751e+10 
         1771.7     2.06916e+10 
        1784.39     2.02077e+10 
        1799.39     1.96542e+10 
           1824     1.87872e+10 
        1834.77      1.8423e+10 
        1845.54      1.8068e+10 
           1864     1.74793e+10 
        1876.29      1.7101e+10 
        1888.59     1.67332e+10 
        1906.98     1.62014e+10 
        1919.37     1.58554e+10 
        1931.76     1.55191e+10 
        1944.47     1.51831e+10 
        1956.53      1.4873e+10 
         1967.6     1.45953e+10 
        1992.71     1.39902e+10 
        2017.81     1.34165e+10 
        2042.92     1.28728e+10 
        2067.03     1.23763e+10 
        2091.15     1.19044e+10 
        2114.28     1.14731e+10 
        2126.36     1.12557e+10 
        2145.92     1.09148e+10 
        2165.47     1.05869e+10 
        2194.48     1.01233e+10 
        2204.59       9.9678e+9 
         2214.7      9.81531e+9 
        2234.91      9.51943e+9 
        2263.91      9.11423e+9 
        2292.92      8.73093e+9 
        2313.13      8.47573e+9 
        2344.77      8.09529e+9 
        2362.35      7.89316e+9 
        2379.94      7.69744e+9 
        2409.27      7.38434e+9 
        2432.73      7.14562e+9 
        2451.59      6.96067e+9 
        2466.76      6.81634e+9 
        2488.39      6.61707e+9 
        2510.01      6.42509e+9 
         2547.3      6.11046e+9 
        2559.23      6.01386e+9 
        2571.17      5.91933e+9 
        2595.04      5.73573e+9 
        2627.89      5.49465e+9 
        2642.78      5.38953e+9 
        2657.67      5.28695e+9 
        2687.45      5.08929e+9 
        2717.24      4.90085e+9 
        2737.93      4.77506e+9 
        2756.11       4.6679e+9 
        2766.75      4.60664e+9 
        2810.65       4.3643e+9 
        2854.55      4.13779e+9 
        2898.45      3.92611e+9 
        2931.71      3.77472e+9 
        2942.34      3.72785e+9 
        2952.98       3.6817e+9 
        2974.26      3.59163e+9 
        3016.81      3.41966e+9 
        3051.42      3.28736e+9 
        3086.03      3.16154e+9 
        3120.64      3.04173e+9 
        3149.86      2.94496e+9 
        3168.31      2.88589e+9 
        3179.08      2.85209e+9 
         3208.3      2.76286e+9 
        3248.29      2.64634e+9 
        3288.29      2.53602e+9 
        3309.83      2.47897e+9 
        3322.09      2.44724e+9 
        3346.73      2.38496e+9 
        3383.63      2.29544e+9 
         3414.4      2.22399e+9 
        3445.17      2.15531e+9 
        3469.81      2.10223e+9 
        3506.71       2.0258e+9 
         3543.6      1.95281e+9 
        3569.71      1.90317e+9 
         3580.5      1.88313e+9 
        3591.28      1.86332e+9 
        3612.85      1.82448e+9 
        3635.88      1.78417e+9 
        3647.12       1.7649e+9 
        3658.96      1.74488e+9 
        3671.11       1.7245e+9 
        3682.58      1.70561e+9 
         3693.5      1.68786e+9 
        3703.57      1.67165e+9 
        3713.83      1.65533e+9 
        3724.38      1.63876e+9 
        3734.43      1.62313e+9 
        3744.62      1.60762e+9 
        3754.84      1.59235e+9 
        3765.07      1.57693e+9 
         3775.5      1.56211e+9 
        3786.22        1.547e+9 
        3796.45      1.52915e+9 
        3807.84      1.51937e+9 
        3818.92      1.50435e+9 
        3830.45      1.47697e+9 
        3840.76      1.46814e+9 
        3851.98      1.47266e+9 
        3862.01       1.4629e+9 
        3872.59      1.43374e+9 
         3884.4      1.37785e+9 
        3894.46      1.37447e+9 
        3908.89      1.41927e+9 
        3923.89      1.42665e+9 
        3935.81      1.40521e+9 
        3946.58       1.3588e+9 
        3957.31      1.28216e+9 
        3967.38      1.18661e+9 
        3977.86       1.2244e+9 
        3988.87       1.3018e+9 
        4003.87      1.36001e+9 
        4018.86      1.37494e+9 
        4032.38       1.3682e+9 
        4043.86      1.35136e+9 
        4058.85      1.30652e+9 
        4073.85      1.22251e+9 
        4085.65      1.12382e+9 
        4096.31      9.93108e+8 
        4106.79      9.80698e+8 
        4117.77      1.09653e+9 
        4128.11      1.16619e+9 
        4138.83      1.21397e+9 
           4151      1.24432e+9 
        4163.83      1.25585e+9 
        4178.82      1.25449e+9 
        4193.82      1.24582e+9 
        4208.81      1.23368e+9 
         4221.1      1.22201e+9 
        4233.81      1.20823e+9 
         4248.8      1.18895e+9 
         4263.8      1.16394e+9 
         4278.8      1.12904e+9 
        4293.79      1.07785e+9 
        4308.79      1.00504e+9 
        4320.85      9.21806e+8 
        4331.09      8.20816e+8 
         4341.1      6.93544e+8 
        4351.76      8.30314e+8 
        4363.77      9.18551e+8 
        4378.77      9.81625e+8 
        4393.77      1.01449e+9 
        4408.76      1.02904e+9 
        4423.76      1.03126e+9 
        4438.75       1.0263e+9 
        4453.75      1.01789e+9 
        4468.74      1.00785e+9 
        4483.74      9.96997e+8 
        4498.74      9.85844e+8 
        4513.73      9.74557e+8 
        4527.19      9.64394e+8 
        4538.73      9.55691e+8 
        4553.72      9.44429e+8 
        4568.72      9.33242e+8 
        4583.72      9.22142e+8 
        4596.53      9.12727e+8 
        4608.71      9.03874e+8 
         4623.7       8.9301e+8 
         4638.7      8.82228e+8 
         4653.7      8.71509e+8 
        4668.69        8.608e+8 
        4683.69      8.50005e+8 
        4698.68      8.39047e+8 
        4713.68      8.27753e+8 
        4724.83      8.19004e+8 
        4738.67      8.07493e+8 
        4753.67      7.94122e+8 
        4768.67      7.79018e+8 
        4783.66      7.60853e+8 
        4798.66      7.37759e+8 
        4813.65      7.06554e+8 
        4828.65       6.6308e+8 
        4839.16      6.20072e+8 
        4849.39      5.61912e+8 
        4859.47      4.70469e+8 
        4869.58      5.28463e+8 
        4879.92      5.87079e+8 
        4891.06       6.2584e+8 
        4903.34      6.51865e+8 
        4913.63      6.65003e+8 
        4925.16      6.73727e+8 
        4938.62         6.78e+8 
        4953.62      6.78135e+8 
        4968.61      6.75317e+8 
        4983.61      6.70843e+8 
         4998.6      6.65484e+8 
         5013.6      6.59445e+8 
         5028.6      6.53015e+8 
        5043.59      6.46367e+8 
        5058.59      6.39628e+8 
        5073.58      6.32839e+8 
        5088.58      6.26075e+8 
        5103.58      6.19362e+8 
        5118.57      6.12705e+8 
        5133.57      6.06117e+8 
        5148.56      5.99598e+8 
        5163.56      5.93155e+8 
        5178.56      5.86787e+8 
        5193.55        5.805e+8 
        5208.55      5.74289e+8 
        5223.54      5.68154e+8 
        5238.54        5.621e+8 
        5253.54      5.56122e+8 
        5268.53      5.50219e+8 
        5283.53      5.44391e+8 
        5298.52      5.38639e+8 
        5313.52      5.32962e+8 
        5328.52      5.27357e+8 
        5343.51      5.21825e+8 
        5358.51      5.16365e+8 
         5373.5       5.1103e+8 
         5388.5      5.05705e+8 
         5403.5      5.00446e+8 
        5418.49      4.95256e+8 
        5433.49      4.90132e+8 
        5448.48      4.85078e+8 
        5463.48      4.80086e+8 
        5478.48      4.75156e+8 
        5493.47       4.7029e+8 
        5508.47       4.6549e+8 
        5523.46      4.60746e+8 
        5538.46      4.56065e+8 
        5553.46      4.51444e+8 
        5568.45      4.46879e+8 
        5583.45      4.42374e+8 
        5598.44      4.37922e+8 
        5613.44      4.33527e+8 
        5628.44      4.29189e+8 
        5643.43      4.24904e+8 
        5658.43      4.20672e+8 
        5673.42      4.16531e+8 
         5686.2      4.13009e+8 
        5698.42      4.09676e+8 
        5708.88      4.06846e+8 
        5723.41       4.0296e+8 
        5738.41      3.98998e+8 
         5753.4      3.95084e+8 
         5768.4      3.91179e+8 
        5783.39      3.87355e+8 
        5798.39      3.83582e+8 
        5813.39      3.79856e+8 
        5828.38      3.76174e+8 
        5843.38      3.72536e+8 
        5858.37      3.68942e+8 
        5873.37      3.65389e+8 
        5888.37       3.6188e+8 
        5903.36      3.58415e+8 
        5918.36      3.54987e+8 
        5933.35      3.51604e+8 
        5948.35      3.48258e+8 
        5963.35       3.4495e+8 
        5978.34      3.41683e+8 
        5993.34      3.38453e+8 
        6008.33      3.35261e+8 
        6023.33      3.32107e+8 
        6038.32      3.28988e+8 
        6053.32      3.25906e+8 
        6068.32      3.22858e+8 
        6083.31      3.19842e+8 
        6098.31      3.16861e+8 
        6113.31      3.13913e+8 
         6128.3      3.10997e+8 
         6143.3      3.08112e+8 
        6158.29      3.05258e+8 
        6173.29      3.02434e+8 
        6188.28      2.99637e+8 
        6203.28      2.96868e+8 
        6218.28      2.94125e+8 
        6233.27      2.91406e+8 
        6244.38      2.89405e+8 
        6256.04      2.87324e+8 
        6266.59      2.85457e+8 
        6278.26      2.83402e+8 
        6290.52      2.81255e+8 
        6302.31      2.79202e+8 
        6312.59       2.7742e+8 
        6323.25      2.75577e+8 
        6338.24      2.72991e+8 
        6353.24      2.70407e+8 
        6368.24      2.67817e+8 
        6383.23      2.65211e+8 
        6398.23      2.62568e+8 
        6413.22       2.5986e+8 
        6428.22      2.57046e+8 
        6443.22      2.54054e+8 
        6458.21      2.50762e+8 
        6473.21      2.47004e+8 
         6488.2      2.42524e+8 
         6503.2      2.36858e+8 
         6518.2      2.29081e+8 
        6532.67      2.18077e+8 
        6543.19      2.06408e+8 
        6556.02      1.84215e+8 
        6566.09      1.74745e+8 
        6577.95      1.96854e+8 
        6588.18      2.07575e+8 
        6603.34      2.16592e+8 
        6613.66       2.1993e+8 
        6623.98      2.21846e+8 
         6634.3      2.22816e+8 
        6644.62      2.23154e+8 
        6654.94      2.23064e+8 
        6665.26      2.22667e+8 
        6675.58      2.22042e+8 
        6696.23      2.20351e+8 
        6711.48      2.18875e+8 
        6741.98      2.15649e+8 
        6781.19      2.11289e+8 
        6802.98      2.08841e+8 
        6824.78      2.06399e+8 
        6868.37      2.01565e+8 
        6955.56      1.92222e+8 
        6976.35      1.90061e+8 
        7042.75      1.83346e+8 
        7109.15      1.76912e+8 
        7175.54      1.70753e+8 
        7241.94      1.64858e+8 
        7308.33      1.59214e+8 
        7355.95      1.55314e+8 
        7374.73      1.53814e+8 
        7393.51      1.52326e+8 
        7431.08      1.49404e+8 
        7506.22      1.43767e+8 
        7581.35      1.38393e+8 
         7635.1      1.34702e+8 
        7656.49      1.33268e+8 
        7677.88      1.31852e+8 
        7720.67      1.29077e+8 
        7806.23      1.23743e+8 
        7821.36      1.22829e+8 
         7891.8      1.18681e+8 
        7962.25      1.14707e+8 
        7982.84      1.13577e+8 
        8032.69      1.10898e+8 
        8082.55      1.08297e+8 
        8161.68      1.04324e+8 
        8182.26       1.0332e+8 
        8200.85      1.02424e+8 
        8216.85      1.01661e+8 
        8232.84      1.00905e+8 
        8264.83      9.94138e+7 
        8289.72      9.82731e+7 
        8328.82      9.65132e+7 
        8343.44      9.58651e+7 
        8367.92      9.47922e+7 
        8388.68       9.3894e+7 
        8408.65      9.30408e+7 
        8432.02       9.2054e+7 
        8467.25      9.05903e+7 
        8502.48      8.91556e+7 
        8516.58      8.85891e+7 
        8530.98      8.80152e+7 
        8545.38      8.74506e+7 
        8574.18      8.63325e+7 
        8598.39      8.54067e+7 
         8628.6      8.42695e+7 
        8646.81      8.35912e+7 
        8665.01      8.29192e+7 
        8685.59      8.21706e+7 
        8701.43      8.15985e+7 
        8750.47      7.98382e+7 
        8767.92      7.92319e+7 
        8815.35      7.75961e+7 
        8862.78      7.60181e+7 
        8900.38      7.48428e+7 
        8957.65      7.30018e+7 
        9014.91      7.11476e+7 
        9044.62      7.03315e+7 
        9072.17      6.95803e+7 
        9099.72      6.88024e+7 
        9154.81      6.71673e+7 
         9190.8      6.60052e+7 
         9209.9      6.53775e+7 
        9229.01      6.47966e+7 
        9248.11       6.4353e+7 
        9267.22       6.3998e+7 
        9305.43      6.32509e+7 
        9379.63      6.15209e+7 
        9397.45      6.10503e+7 
        9415.28      6.05627e+7 
        9450.94      5.94923e+7 
        9486.59      5.82966e+7 
        9498.52      5.78609e+7 
        9522.24      5.68553e+7 
         9534.1      5.63237e+7 
        9545.97      5.58428e+7 
        9557.83      5.57931e+7 
        9569.68      5.58242e+7 
        9581.55      5.58296e+7 
        9593.41      5.57912e+7 
        9605.27       5.5702e+7 
        9628.99      5.54708e+7 
        9668.45      5.49373e+7 
        9707.91      5.42584e+7 
        9747.38       5.3501e+7 
        9786.84      5.27021e+7 
        9826.31      5.18576e+7 
        9857.65      5.11747e+7 
        9905.23      4.99337e+7 
        9929.03      4.92423e+7 
        9952.82      4.84588e+7 
        9976.61      4.76074e+7 
        10000.4      4.66131e+7 
        10046.6      4.45798e+7 
        10060.3      4.44495e+7 
        10071.3      4.45836e+7 
        10082.3      4.47529e+7 
        10104.3      4.49948e+7 
        10126.2      4.51051e+7 
        10148.2      4.50935e+7 
        10170.2      4.50118e+7 
          10191      4.48638e+7 
        10214.1      4.46606e+7 
        10237.2      4.43979e+7 
        10283.4      4.37819e+7 
        10329.6      4.31027e+7 
          10422       4.1709e+7 
        10514.5      4.02743e+7 
        10606.9      3.89005e+7 
        10653.1      3.81879e+7 
        10699.3      3.74374e+7 
        10745.6      3.66109e+7 
        10768.7       3.6167e+7 
        10791.8      3.56684e+7 
        10814.9      3.51265e+7 
          10838       3.4523e+7 
        10861.1      3.38139e+7 
        10884.2      3.29519e+7 
        10895.8      3.24665e+7 
        10907.3      3.19337e+7 
        10918.9      3.13328e+7 
        10930.4      3.06379e+7 
          10941      3.01829e+7 
        10951.5      3.07261e+7 
        10966.8      3.12107e+7 
        10989.8      3.17273e+7 
        11005.2      3.19591e+7 
        11020.5      3.21112e+7 
        11035.8      3.22016e+7 
        11051.2      3.22484e+7 
        11066.5      3.22444e+7 
        11081.8      3.22192e+7 
        11112.5      3.21058e+7 
        11143.2      3.19126e+7 
        11173.8      3.16836e+7 
        11209.4      3.13762e+7 
        11235.2      3.11363e+7 
        11260.9      3.08884e+7 
        11312.4      3.03777e+7 
        11363.8      2.98629e+7 
        11415.3      2.93525e+7 
        11466.8      2.88681e+7 
        11518.2      2.83688e+7 
        11569.7      2.78802e+7 
        11621.2      2.74021e+7 
        11672.6      2.69341e+7 
        11724.1      2.64761e+7 
        11775.6      2.60277e+7 
          11827      2.55888e+7 
        11878.5      2.51591e+7 
          11930      2.47383e+7 
        11981.4      2.43262e+7 
        12032.9      2.39113e+7 
        12084.3      2.35141e+7 
        12135.8      2.31244e+7 
        12187.3      2.27418e+7 
        12238.7      2.23657e+7 
        12284.6      2.20348e+7 
        12376.4      2.13811e+7 
        12468.2      2.07261e+7 
        12514.1      2.03897e+7 
          12560      2.00381e+7 
        12605.8      1.96538e+7 
        12628.8      1.94436e+7 
        12651.7      1.92157e+7 
        12674.7      1.89585e+7 
        12697.6      1.86665e+7 
        12720.6      1.83219e+7 
          12732      1.81229e+7 
        12743.5      1.79049e+7 
          12755       1.7655e+7 
        12766.5      1.73812e+7 
        12777.9      1.70664e+7 
        12789.4      1.67098e+7 
        12800.9      1.62944e+7 
        12810.9      1.59284e+7 
        12820.9      1.58598e+7 
        12834.9      1.61212e+7 
        12846.3      1.64225e+7 
        12857.8      1.66621e+7 
        12869.2      1.68566e+7 
        12880.7      1.70059e+7 
        12892.1      1.71301e+7 
        12903.6      1.72203e+7 
          12915      1.72895e+7 
        12937.9      1.73723e+7 
        12960.8      1.73992e+7 
        12983.7      1.73894e+7 
        13006.6      1.73499e+7 
        13052.4      1.72204e+7 
        13098.2      1.70497e+7 
          13144      1.68561e+7 
        13162.9      1.67731e+7 
        13235.6      1.64431e+7 
        13308.4      1.61078e+7 
        13381.1      1.57748e+7 
        13453.8      1.54471e+7 
        13526.6      1.51264e+7 
        13599.4      1.48131e+7 
        13672.1      1.45109e+7 
        13744.8       1.4212e+7 
        13817.6      1.39207e+7 
        13890.3      1.36369e+7 
        13963.1      1.33603e+7 
        14035.8      1.30905e+7 
        14108.6      1.28276e+7 
        14181.3      1.25712e+7 
        14254.1      1.23212e+7 
        14321.6      1.20947e+7 
        14332.1      1.20601e+7 
        14342.5      1.20256e+7 
        14352.7       1.1992e+7 
        14363.4      1.19571e+7 
        14405.2      1.18213e+7 
        14457.6      1.16537e+7 
        14510.1       1.1489e+7 
        14541.9      1.13906e+7 
        14562.5      1.13272e+7 
        14581.2      1.12703e+7 
        14597.2      1.12218e+7 
        14613.2      1.11736e+7 
        14645.2       1.1078e+7 
        14709.2      1.08898e+7 
        14773.2      1.07055e+7 
        14837.1      1.05252e+7 
        14901.1      1.03486e+7 
        14965.1      1.01757e+7 
        15029.1      1.00063e+7 
        15093.1       9.8405e+6 
        15157.1      9.67812e+6 
          15221      9.51903e+6 
          15285       9.3632e+6 
          15349      9.21055e+6 
          15413      9.06101e+6 
        15471.6      8.92671e+6 
        15482.4      8.90227e+6 
        15493.1      8.87792e+6 
        15514.7      8.82951e+6 
        15557.9      8.73366e+6 
        15644.2      8.54585e+6 
        15730.5      8.36305e+6 
        15816.8      8.18511e+6 
        15903.1      8.01188e+6 
        15989.4      7.84317e+6 
        16075.8      7.67893e+6 
        16162.1      7.51893e+6 
        16248.4      7.36308e+6 
        16289.9      7.28956e+6 
        16334.7      7.21124e+6 
        16379.5      7.13393e+6 
        16469.1      6.98326e+6 
        16558.8      6.83655e+6 
        16648.4      6.69367e+6 
          16738      6.55452e+6 
        16827.7      6.41893e+6 
        16917.3      6.28686e+6 
        17006.9      6.15818e+6 
        17096.6      6.03277e+6 
        17186.2      5.91053e+6 
        17275.8      5.79137e+6 
        17327.7      5.72379e+6 
        17365.5      5.67519e+6 
        17403.2       5.6271e+6 
        17478.8      5.53278e+6 
        17554.3      5.44045e+6 
        17629.9      5.35001e+6 
        17705.4      5.26145e+6 
          17781      5.17471e+6 
        17856.5      5.08976e+6 
        17932.1      5.00654e+6 
        18007.6       4.9208e+6 
        18083.2      4.83978e+6 
        18158.7      4.75989e+6 
        18234.3      4.68075e+6 
        18309.8      4.60168e+6 
        18343.7      4.56587e+6 
        18385.3      4.52135e+6 
          18427      4.47567e+6 
        18468.6      4.42779e+6 
        18510.2      4.37614e+6 
        18551.8      4.31799e+6 
        18593.4      4.24897e+6 
        18614.2      4.20738e+6 
          18635      4.15985e+6 
        18655.8      4.10311e+6 
        18676.6      4.03575e+6 
        18697.4      3.95322e+6 
          18710      3.89429e+6 
        18726.4      3.80346e+6 
        18738.8      3.72304e+6 
        18749.1      3.59477e+6 
        18761.1       3.6903e+6 
        18773.9      3.75716e+6 
        18786.6      3.80968e+6 
        18799.4       3.8525e+6 
        18812.2      3.88593e+6 
          18825      3.91339e+6 
        18837.8      3.93434e+6 
        18850.6      3.95065e+6 
        18876.2      3.97135e+6 
        18901.8      3.97986e+6 
        18927.4      3.98027e+6 
          18953       3.9749e+6 
        19004.2      3.95332e+6 
        19055.4      3.92338e+6 
        19106.6      3.88929e+6 
        19157.7      3.85313e+6 
        19208.9        3.816e+6 
        19260.1      3.77839e+6 
        19311.3      3.74069e+6 
        19362.5      3.70312e+6 
        19376.7      3.69272e+6 
        19413.7      3.66574e+6 
        19450.7      3.63891e+6 
        19524.7      3.58563e+6 
        19598.7      3.53483e+6 
        19672.6      3.48277e+6 
        19746.6      3.43169e+6 
        19820.6      3.38155e+6 
        19894.6      3.33229e+6 
        19968.6      3.28394e+6 
        20042.6      3.23647e+6 
        20116.6      3.18985e+6 
        20190.6      3.14404e+6 
        20264.6      3.09906e+6 
        20338.6      3.05489e+6 
        20350.7       3.0477e+6 
        20412.6      3.01149e+6 
        20474.4      2.97582e+6 
        20536.2      2.94061e+6 
          20598      2.90591e+6 
        20659.9       2.8719e+6 
        20721.7      2.83821e+6 
        20783.5      2.80501e+6 
        20845.4       2.7723e+6 
        20907.2      2.74005e+6 
          20969      2.70828e+6 
        21030.8      2.67696e+6 
        21092.7      2.64609e+6 
        21154.5      2.61567e+6 
        21216.3      2.58552e+6 
        21278.1      2.55597e+6 
          21340      2.52683e+6 
        21401.8       2.4981e+6 
        21463.6      2.46978e+6 
        21525.5      2.44201e+6 
        21543.9      2.43373e+6 
        21587.3      2.41448e+6 
        21630.6      2.39541e+6 
        21717.3       2.3578e+6 
          21804      2.32092e+6 
        21890.6      2.28476e+6 
        21977.3       2.2493e+6 
          22064      2.21452e+6 
        22150.6      2.18041e+6 
        22237.3      2.14696e+6 
          22324      2.11414e+6 
        22410.6      2.08195e+6 
        22497.3      2.05036e+6 
          22584      2.01937e+6 
        22670.7      1.98897e+6 
        22727.8      1.96923e+6 
        22757.3      1.95913e+6 
        22784.8      1.94978e+6 
        22800.8      1.94436e+6 
        22816.8      1.93897e+6 
        22848.8      1.92822e+6 
        22912.8      1.90697e+6 
        22976.8        1.886e+6 
        23040.8      1.86532e+6 
        23104.8      1.84493e+6 
        23168.7      1.82481e+6 
        23232.7      1.80496e+6 
        23296.7      1.78539e+6 
        23360.7      1.76607e+6 
        23424.7      1.74702e+6 
        23488.6      1.72823e+6 
        23552.6      1.70968e+6 
        23616.6      1.69139e+6 
        23680.6      1.67333e+6 
        23744.6      1.65552e+6 
        23808.6      1.63794e+6 
        23872.5       1.6206e+6 
        23936.5      1.60348e+6 
        24000.5      1.58659e+6 
        24064.5      1.56992e+6 
        24128.5      1.55347e+6 
        24192.5      1.53723e+6 
        24256.4       1.5212e+6 
        24320.4      1.50539e+6 
        24384.4      1.48977e+6 
        24448.4      1.47436e+6 
        24512.4      1.45915e+6 
        24576.3      1.44413e+6 
        24640.3      1.42931e+6 
        24704.3      1.41467e+6 
        24768.3      1.40022e+6 
        24832.3      1.38596e+6 
        24896.3      1.37187e+6 
        24960.2      1.35797e+6 
        25004.4      1.34846e+6 
        25024.2      1.34424e+6 
          25044      1.34002e+6 
        25083.6      1.33166e+6 
        25162.8      1.31511e+6 
        25241.9      1.29883e+6 
        25321.1       1.2828e+6 
        25400.2      1.26701e+6 
        25479.4      1.25146e+6 
        25558.5      1.23615e+6 
        25637.7      1.22108e+6 
        25716.9      1.20623e+6 
          25796      1.19161e+6 
        25875.2      1.17721e+6 
        25954.3      1.16302e+6 
        26033.5      1.14905e+6 
        26112.7      1.13529e+6 
        26191.8      1.12173e+6 
          26271      1.10838e+6 
        26350.1      1.09522e+6 
        26429.3      1.08225e+6 
        26508.4      1.06948e+6 
        26587.6       1.0569e+6 
        26666.8      1.04449e+6 
        26745.9      1.03228e+6 
        26825.1      1.02024e+6 
        26904.2      1.00837e+6 
        26983.4          996673 
        27062.6          985150 
        27141.7          973790 
        27220.9          962593 
        27299.2          951673 
        27377.5          940916 
        27455.8          930310 
        27534.2          919855 
        27612.5          909544 
        27690.8          899381 
        27769.1          889357 
        27847.5          879470 
        27925.8          869725 
        28004.1          860112 
        28082.4          850630 
        28160.8          841278 
        28239.1          832057 
        28317.4          822959 
        28395.7          813987 
          28474          805137 
        28552.4          796406 
        28630.7          787792 
          28709          779294 
        28787.3          770912 
        28865.7          762644 
          28944          754485 
        29022.3          746433 
        29100.6          738488 
          29179          730650 
        29257.3          722915 
        29335.6          715284 
        29413.9          707751 
        29492.3          700318 
        29570.6          692982 
        29648.9          685741 
        29727.2          678597 
        29805.5          671541 
        29883.9          664579 
        29932.6          660294 
        29962.2          657708 
        29991.8          655135 
