# Koester WD models
# teff = 32000 K (value for the effective temperature for the model. Temperatures are given in K)
# logg = 7.5 log(cm/s2) (value for Log(G) for the model.)
#
# column 1: WAVELENGTH (ANGSTROM), Wavelength in Angstrom
# column 2: FLUX (ERG/CM2/S/A), Flux in erg/cm2/s/A
         899.23      5.24256e+9 
        909.241      5.30659e+9 
        919.251      5.90057e+9 
        929.261      6.22563e+9 
        939.271     1.43707e+10 
         949.28      4.18564e+9 
        959.289     5.76196e+10 
        969.297     1.59247e+10 
        979.305     5.07421e+10 
        989.312     9.20267e+10 
        999.319     9.93811e+10 
        1009.33     8.50539e+10 
        1019.33     3.37809e+10 
        1029.34     2.46765e+10 
        1039.34     7.78223e+10 
        1049.35     9.61129e+10 
        1059.36     9.97418e+10 
        1069.36     9.92834e+10 
        1079.36     9.75141e+10 
        1089.37     9.52723e+10 
        1099.37     9.28579e+10 
        1109.38     9.03927e+10 
        1119.38     8.79256e+10 
        1129.38     8.54721e+10 
        1139.39     8.30279e+10 
        1149.39      8.0569e+10 
        1159.39     7.80378e+10 
        1169.39     7.52895e+10 
         1179.4     7.19484e+10 
         1189.4     6.68446e+10 
         1199.4     5.56847e+10 
         1209.4     2.62358e+10 
        1219.41     2.07458e+10 
        1229.41     5.02482e+10 
        1239.41     5.87283e+10 
        1249.41     6.01687e+10 
        1259.41     5.97459e+10 
        1269.41     5.87396e+10 
        1279.42     5.75279e+10 
        1289.42     5.62452e+10 
        1299.42      5.4948e+10 
        1309.42     5.36612e+10 
        1319.42     5.23986e+10 
        1329.42     5.11637e+10 
        1339.42     4.99595e+10 
        1349.42      4.8788e+10 
        1359.42     4.76488e+10 
        1369.42     4.65411e+10 
        1379.42     4.54645e+10 
        1389.42     4.44174e+10 
        1399.42     4.34002e+10 
        1409.42     4.24121e+10 
        1419.42      4.1453e+10 
        1429.42     4.05215e+10 
        1439.42     3.96161e+10 
        1454.42     3.83058e+10 
        1464.42     3.74629e+10 
        1474.42     3.66432e+10 
        1489.42     3.54563e+10 
        1504.42     3.43184e+10 
        1514.42     3.35861e+10 
        1529.42     3.25246e+10 
        1544.42     3.15058e+10 
        1559.42     3.05273e+10 
        1570.19     2.98487e+10 
        1584.41     2.89815e+10 
        1599.41     2.81018e+10 
        1614.41     2.72555e+10 
        1629.41     2.64417e+10 
        1644.41      2.5659e+10 
        1659.41     2.49059e+10 
        1670.17     2.43826e+10 
         1684.4     2.37128e+10 
         1699.4     2.30325e+10 
         1714.4      2.2377e+10 
         1729.4     2.17449e+10 
         1744.4     2.11353e+10 
        1759.39     2.05474e+10 
         1771.7     2.00806e+10 
        1784.39     1.96134e+10 
        1799.39      1.9079e+10 
           1824     1.82414e+10 
        1834.77     1.78896e+10 
        1845.54     1.75467e+10 
           1864     1.69779e+10 
        1876.29     1.66123e+10 
        1888.59     1.62568e+10 
        1906.98     1.57427e+10 
        1919.37     1.54081e+10 
        1931.76     1.50828e+10 
        1944.47     1.47579e+10 
        1956.53      1.4458e+10 
         1967.6     1.41894e+10 
        1992.71     1.36041e+10 
        2017.81     1.30489e+10 
        2042.92     1.25225e+10 
        2067.03     1.20418e+10 
        2091.15     1.15849e+10 
        2114.28     1.11671e+10 
        2126.36     1.09565e+10 
        2145.92     1.06262e+10 
        2165.47     1.03084e+10 
        2194.48      9.85898e+9 
        2204.59      9.70824e+9 
         2214.7       9.5604e+9 
        2234.91      9.27351e+9 
        2263.91      8.88059e+9 
        2292.92      8.50869e+9 
        2313.13      8.26104e+9 
        2344.77      7.89184e+9 
        2362.35      7.69565e+9 
        2379.94       7.5057e+9 
        2409.27      7.20169e+9 
        2432.73      6.96981e+9 
        2451.59      6.79018e+9 
        2466.76         6.65e+9 
        2488.39      6.45638e+9 
        2510.01      6.26983e+9 
         2547.3      5.96409e+9 
        2559.23      5.87019e+9 
        2571.17      5.77827e+9 
        2595.04      5.59976e+9 
        2627.89      5.36527e+9 
        2642.78      5.26308e+9 
        2657.67       5.1633e+9 
        2687.45      4.97104e+9 
        2717.24      4.78766e+9 
        2737.93      4.66527e+9 
        2756.11      4.56093e+9 
        2766.75      4.50131e+9 
        2810.65      4.26537e+9 
        2854.55      4.04483e+9 
        2898.45      3.83862e+9 
        2931.71      3.69112e+9 
        2942.34      3.64544e+9 
        2952.98      3.60049e+9 
        2974.26      3.51271e+9 
        3016.81      3.34511e+9 
        3051.42      3.21614e+9 
        3086.03      3.09349e+9 
        3120.64      2.97665e+9 
        3149.86      2.88226e+9 
        3168.31      2.82464e+9 
        3179.08      2.79167e+9 
         3208.3      2.70462e+9 
        3248.29      2.59093e+9 
        3288.29      2.48326e+9 
        3309.83      2.42758e+9 
        3322.09      2.39662e+9 
        3346.73      2.33582e+9 
        3383.63      2.24843e+9 
         3414.4      2.17866e+9 
        3445.17      2.11159e+9 
        3469.81      2.05975e+9 
        3506.71      1.98509e+9 
         3543.6      1.91379e+9 
        3569.71      1.86529e+9 
         3580.5       1.8457e+9 
        3591.28      1.82635e+9 
        3612.85      1.78842e+9 
        3635.88      1.74903e+9 
        3647.12      1.73019e+9 
        3658.96      1.71062e+9 
        3671.11      1.69071e+9 
        3682.58      1.67223e+9 
         3693.5      1.65485e+9 
        3703.57        1.639e+9 
        3713.83       1.6231e+9 
        3724.38      1.60708e+9 
        3734.43      1.59175e+9 
        3744.62      1.57725e+9 
        3754.84      1.56327e+9 
        3765.07      1.54759e+9 
         3775.5      1.53483e+9 
        3786.22      1.52272e+9 
        3796.45      1.49207e+9 
        3807.84       1.5016e+9 
        3818.92      1.49043e+9 
        3830.45      1.43329e+9 
        3840.76      1.43061e+9 
        3851.98      1.47402e+9 
        3862.01      1.47373e+9 
        3872.59      1.42751e+9 
         3884.4      1.30777e+9 
        3894.46      1.31039e+9 
        3906.64      1.41699e+9 
        3918.89      1.45639e+9 
        3929.56      1.45365e+9 
        3940.04      1.42129e+9 
        3950.65      1.34442e+9 
        3962.28      1.19211e+9 
        3972.79      1.09352e+9 
        3983.56      1.25265e+9 
        3993.85      1.34115e+9 
        4003.87      1.38698e+9 
         4015.8      1.40265e+9 
        4028.86      1.39903e+9 
        4043.86      1.38048e+9 
        4058.85      1.34021e+9 
        4071.35      1.27428e+9 
        4082.28      1.18235e+9 
        4093.69      1.02164e+9 
        4103.79      8.87644e+8 
        4114.69      1.07925e+9 
        4125.26      1.17764e+9 
        4135.54      1.22991e+9 
        4146.66      1.25936e+9 
        4158.83        1.268e+9 
        4173.82      1.26303e+9 
        4188.82      1.25188e+9 
        4203.81      1.23829e+9 
        4216.52      1.22579e+9 
        4228.81      1.21298e+9 
        4243.81      1.19627e+9 
         4258.8      1.17717e+9 
         4273.8       1.1529e+9 
        4288.79      1.11782e+9 
        4303.79      1.06508e+9 
        4314.07      1.00959e+9 
        4326.14      9.03396e+8 
        4336.17      7.51906e+8 
        4346.88      7.85904e+8 
        4357.43       9.0875e+8 
        4368.77      9.77532e+8 
        4379.56      1.01075e+9 
        4393.77      1.02949e+9 
        4408.76      1.03374e+9 
        4423.76      1.02869e+9 
        4438.75      1.01949e+9 
        4453.75      1.00866e+9 
        4468.74      9.97239e+8 
        4483.74      9.85587e+8 
        4498.74      9.73916e+8 
        4513.73      9.62295e+8 
        4527.19      9.51943e+8 
        4538.73      9.43138e+8 
        4553.72      9.31803e+8 
        4568.72        9.206e+8 
        4583.72      9.09532e+8 
        4596.53      9.00179e+8 
        4608.71      8.91399e+8 
         4623.7      8.80689e+8 
         4638.7      8.70099e+8 
         4653.7      8.59621e+8 
        4668.69      8.49235e+8 
        4683.69      8.38893e+8 
        4698.68      8.28564e+8 
        4713.68      8.18174e+8 
        4724.83      8.10339e+8 
        4738.67      8.00368e+8 
        4753.67      7.89156e+8 
        4768.67      7.76938e+8 
        4783.66      7.63109e+8 
        4798.66      7.45868e+8 
        4813.65       7.2212e+8 
        4828.65      6.85511e+8 
        4839.16      6.44425e+8 
        4850.22      5.75329e+8 
        4860.36      4.54158e+8 
        4870.86      5.54733e+8 
        4882.91      6.22573e+8 
        4893.63      6.53407e+8 
        4908.63      6.72992e+8 
         4921.7       6.7881e+8 
        4933.62      6.79448e+8 
        4948.62      6.76639e+8 
        4963.61      6.71874e+8 
        4978.61       6.6603e+8 
        4993.61      6.59646e+8 
         5008.6       6.5298e+8 
         5023.6       6.4616e+8 
        5038.59      6.39283e+8 
        5053.59      6.32406e+8 
        5068.59       6.2556e+8 
        5083.58      6.18768e+8 
        5098.58      6.12048e+8 
        5113.57      6.05404e+8 
        5128.57      5.98838e+8 
        5143.57      5.92354e+8 
        5158.56      5.85954e+8 
        5173.56      5.79633e+8 
        5188.55      5.73397e+8 
        5203.55       5.6724e+8 
        5218.55      5.61164e+8 
        5233.54      5.55167e+8 
        5248.54      5.49248e+8 
        5263.53      5.43408e+8 
        5278.53      5.37643e+8 
        5293.52      5.31953e+8 
        5308.52      5.26339e+8 
        5323.52      5.20798e+8 
        5338.51      5.15328e+8 
        5353.51      5.09931e+8 
        5368.51      5.04628e+8 
         5383.5      4.99366e+8 
         5398.5      4.94176e+8 
        5413.49      4.89049e+8 
        5428.49      4.83991e+8 
        5443.48      4.78995e+8 
        5458.48      4.74066e+8 
        5473.48      4.69203e+8 
        5488.47        4.644e+8 
        5503.47      4.59656e+8 
        5518.47      4.54975e+8 
        5533.46      4.50354e+8 
        5548.46      4.45792e+8 
        5563.45      4.41284e+8 
        5578.45      4.36835e+8 
        5593.44      4.32443e+8 
        5608.44      4.28105e+8 
        5623.44      4.23823e+8 
        5638.43      4.19594e+8 
        5653.43      4.15416e+8 
        5668.43      4.11291e+8 
        5682.86      4.07367e+8 
        5693.42      4.04527e+8 
        5704.77      4.01502e+8 
        5715.23      3.98737e+8 
        5728.41      3.95291e+8 
         5743.4      3.91414e+8 
         5758.4      3.87585e+8 
         5773.4      3.83786e+8 
        5788.39      3.80048e+8 
        5803.39      3.76357e+8 
        5818.39      3.72709e+8 
        5833.38      3.69109e+8 
        5848.38      3.65546e+8 
        5863.37      3.62031e+8 
        5878.37      3.58556e+8 
        5893.36      3.55122e+8 
        5908.36      3.51733e+8 
        5923.36      3.48381e+8 
        5938.35      3.45066e+8 
        5953.35      3.41793e+8 
        5968.34       3.3856e+8 
        5983.34      3.35362e+8 
        5998.34      3.32205e+8 
        6013.33      3.29082e+8 
        6028.33      3.25997e+8 
        6043.32      3.22946e+8 
        6058.32       3.1993e+8 
        6073.32      3.16949e+8 
        6088.31      3.14004e+8 
        6103.31      3.11092e+8 
         6118.3      3.08212e+8 
         6133.3      3.05365e+8 
         6148.3       3.0255e+8 
        6163.29      2.99765e+8 
        6178.29      2.97012e+8 
        6193.28      2.94288e+8 
        6208.28      2.91594e+8 
        6223.28      2.88928e+8 
        6238.27      2.86289e+8 
        6252.16       2.8387e+8 
        6262.16      2.82143e+8 
        6273.26      2.80238e+8 
        6284.63      2.78303e+8 
        6295.99       2.7638e+8 
        6306.09      2.74684e+8 
        6316.22       2.7299e+8 
        6328.25       2.7099e+8 
        6343.24      2.68516e+8 
        6358.24      2.66057e+8 
        6373.23      2.63607e+8 
        6388.23      2.61161e+8 
        6403.23      2.58707e+8 
        6418.22      2.56229e+8 
        6433.22      2.53699e+8 
        6448.22      2.51072e+8 
        6463.21       2.4827e+8 
        6478.21      2.45172e+8 
         6493.2      2.41541e+8 
         6508.2       2.3684e+8 
        6523.19      2.29905e+8 
        6537.09      2.19203e+8 
        6548.06      2.04755e+8 
        6558.19      1.81073e+8 
        6569.28      1.85486e+8 
        6579.79      2.04634e+8 
        6590.04      2.14241e+8 
        6603.34       2.2028e+8 
        6613.66      2.22311e+8 
        6623.98       2.2309e+8 
         6634.3      2.23134e+8 
        6644.62      2.22734e+8 
        6654.94       2.2206e+8 
        6665.26      2.21221e+8 
         6685.9      2.19218e+8 
        6711.48       2.1644e+8 
        6762.62      2.10609e+8 
        6802.75      2.06034e+8 
        6813.77      2.04791e+8 
        6824.78      2.03555e+8 
        6846.81      2.01104e+8 
        6890.86      1.96295e+8 
        6978.98      1.87066e+8 
        7025.03      1.82449e+8 
        7067.09      1.78353e+8 
        7109.15       1.7437e+8 
        7193.26      1.66732e+8 
        7277.38      1.59506e+8 
        7329.48      1.55225e+8 
         7361.5      1.52666e+8 
        7393.51      1.50161e+8 
        7457.55        1.453e+8 
        7521.58      1.40634e+8 
        7585.61      1.36153e+8 
        7621.41      1.33726e+8 
        7649.65       1.3185e+8 
        7677.88      1.30006e+8 
        7734.35      1.26415e+8 
        7790.83      1.22947e+8 
         7847.3      1.19597e+8 
        7903.77      1.16361e+8 
        7958.24      1.13341e+8 
        7974.27      1.12472e+8 
         7990.3      1.11611e+8 
        8022.35      1.09913e+8 
        8082.55      1.06811e+8 
        8142.75      1.03817e+8 
        8200.85      1.01026e+8 
        8216.85      1.00275e+8 
        8232.84      9.95301e+7 
        8264.83       9.8061e+7 
        8289.72      9.69373e+7 
        8328.82      9.52035e+7 
        8343.44      9.45648e+7 
        8367.92      9.35076e+7 
        8388.68      9.26239e+7 
        8408.65      9.17841e+7 
        8432.02      9.08128e+7 
        8467.25      8.93705e+7 
        8502.48      8.79561e+7 
        8516.58      8.73979e+7 
        8530.98      8.68311e+7 
        8545.38      8.62823e+7 
        8574.18      8.51947e+7 
        8598.39      8.42896e+7 
         8628.6      8.31828e+7 
        8646.81      8.25158e+7 
        8665.01       8.1852e+7 
        8685.59      8.11266e+7 
        8701.43      8.05665e+7 
        8750.47      7.87949e+7 
        8767.92        7.822e+7 
        8815.35      7.66087e+7 
        8862.78      7.49606e+7 
        8900.38      7.39424e+7 
        8957.65      7.21263e+7 
        8986.28      7.10474e+7 
        9000.59      7.04835e+7 
        9014.91      6.99595e+7 
        9029.22      6.96746e+7 
        9043.54      6.94254e+7 
        9057.85      6.91584e+7 
        9072.17       6.8865e+7 
        9086.49      6.85282e+7 
        9099.72      6.81952e+7 
        9126.18      6.74324e+7 
        9152.64      6.65402e+7 
         9179.1       6.5479e+7 
        9204.06        6.432e+7 
        9216.53      6.37068e+7 
        9229.01         6.32e+7 
        9241.49      6.30983e+7 
        9253.96      6.30621e+7 
        9266.44      6.30342e+7 
        9278.92      6.29717e+7 
        9297.63      6.27872e+7 
        9322.58      6.24398e+7 
        9347.54      6.19629e+7 
         9360.9      6.16707e+7 
        9372.49      6.14012e+7 
        9384.08      6.11203e+7 
        9407.27      6.05014e+7 
        9430.46      5.98241e+7 
        9453.65      5.90261e+7 
        9476.83       5.8117e+7 
        9488.54      5.75647e+7 
        9500.02      5.69433e+7 
        9511.51      5.61965e+7 
        9522.99      5.52892e+7 
        9534.48      5.42993e+7 
        9544.53       5.3502e+7 
        9554.58      5.37027e+7 
        9564.63       5.4129e+7 
        9577.55      5.46373e+7 
        9589.04      5.49072e+7 
        9600.52      5.50665e+7 
        9612.01       5.5107e+7 
        9623.49      5.50954e+7 
        9646.47      5.49198e+7 
        9668.45       5.4653e+7 
        9690.44      5.42955e+7 
        9712.42      5.39088e+7 
         9756.4      5.30558e+7 
        9800.37      5.21602e+7 
        9844.34      5.12221e+7 
        9888.32      5.02102e+7 
        9911.76      4.95781e+7 
        9932.29      4.89696e+7 
        9952.82      4.82508e+7 
        9973.35      4.74437e+7 
        9983.62      4.69583e+7 
        9993.88      4.64246e+7 
        10004.1      4.58016e+7 
        10014.4      4.51104e+7 
        10024.7      4.43031e+7 
        10034.9      4.34184e+7 
        10045.8      4.25519e+7 
        10056.6      4.25588e+7 
        10067.4      4.31539e+7 
        10081.8      4.38595e+7 
        10096.2      4.43389e+7 
        10110.6      4.46401e+7 
        10125.1       4.4811e+7 
        10139.5      4.48557e+7 
        10153.9      4.48648e+7 
        10182.8      4.47162e+7 
        10211.6      4.44334e+7 
        10237.2      4.41142e+7 
        10288.4      4.33719e+7 
        10339.6      4.25859e+7 
        10390.8      4.17986e+7 
          10442      4.10025e+7 
        10493.2      4.02334e+7 
        10544.4      3.94769e+7 
        10595.5      3.87368e+7 
        10646.7      3.79891e+7 
        10697.9      3.72263e+7 
        10749.1      3.64145e+7 
        10774.7      3.59646e+7 
        10800.3      3.54667e+7 
        10825.9      3.48978e+7 
        10838.7      3.45613e+7 
        10851.5      3.41868e+7 
        10864.3      3.37649e+7 
        10877.1      3.32509e+7 
        10889.9      3.26537e+7 
        10902.7      3.19101e+7 
        10915.5      3.09994e+7 
        10928.3      2.99052e+7 
        10938.4       2.8663e+7 
        10952.4      3.00254e+7 
          10972      3.10905e+7 
        10991.6      3.17295e+7 
        11011.1       3.2076e+7 
        11030.7      3.22199e+7 
        11050.2      3.22676e+7 
        11069.8      3.22246e+7 
        11089.3      3.21306e+7 
        11128.5      3.18583e+7 
        11152.5      3.16506e+7 
        11167.6      3.15105e+7 
        11206.7      3.11322e+7 
        11260.9      3.05849e+7 
        11315.1      3.00324e+7 
        11369.4      2.94851e+7 
        11423.6      2.89474e+7 
        11477.8      2.84279e+7 
          11532      2.79102e+7 
        11586.3      2.74043e+7 
        11640.5      2.69097e+7 
        11694.7      2.64263e+7 
        11748.9      2.59536e+7 
        11803.1      2.54914e+7 
        11857.4      2.50394e+7 
        11911.6      2.45974e+7 
        11965.8      2.41651e+7 
          12020      2.37377e+7 
        12074.3      2.33232e+7 
        12128.5      2.29176e+7 
        12182.7      2.25202e+7 
        12236.9      2.21309e+7 
        12284.6      2.17943e+7 
          12380      2.11357e+7 
        12475.4      2.04891e+7 
        12523.1       2.0165e+7 
        12570.8      1.98324e+7 
        12618.4      1.94797e+7 
        12642.3      1.92874e+7 
        12666.1      1.90757e+7 
          12690       1.8835e+7 
        12713.8      1.85451e+7 
        12725.7      1.83711e+7 
        12737.7      1.81761e+7 
        12749.6      1.79457e+7 
        12761.5      1.76699e+7 
        12773.4      1.73381e+7 
        12785.4      1.69319e+7 
        12797.3       1.6429e+7 
        12809.2      1.57997e+7 
        12819.6      1.53961e+7 
        12832.4      1.59741e+7 
        12845.2      1.64393e+7 
          12858      1.67896e+7 
        12870.8       1.7035e+7 
        12883.6      1.72018e+7 
        12896.4      1.73139e+7 
        12909.2      1.73819e+7 
          12922      1.74228e+7 
        12934.8      1.74394e+7 
        12947.6      1.74376e+7 
        12960.4       1.7422e+7 
          12986       1.7364e+7 
        13011.6      1.72809e+7 
        13037.2      1.71822e+7 
        13088.3      1.69611e+7 
        13139.5      1.67255e+7 
        13190.7      1.64846e+7 
        13241.9      1.62436e+7 
        13277.8      1.60754e+7 
        13293.1      1.60043e+7 
        13308.4      1.59334e+7 
        13338.9      1.57926e+7 
        13399.9      1.55146e+7 
          13461      1.52419e+7 
          13522      1.49747e+7 
        13583.1      1.47132e+7 
        13644.2      1.44587e+7 
        13705.2      1.42078e+7 
        13766.3      1.39623e+7 
        13827.3      1.37221e+7 
        13888.4       1.3487e+7 
        13949.4       1.3257e+7 
        14010.5      1.30318e+7 
        14071.5      1.28114e+7 
        14132.6      1.25955e+7 
        14193.7      1.23843e+7 
        14254.7      1.21774e+7 
        14299.5      1.20285e+7 
        14315.8      1.19748e+7 
        14332.1      1.19214e+7 
        14364.7      1.18155e+7 
        14402.2      1.16951e+7 
        14429.9      1.16071e+7 
        14457.6        1.152e+7 
        14513.1      1.13481e+7 
        14553.9      1.12238e+7 
        14568.5      1.11795e+7 
        14581.2      1.11413e+7 
        14597.2      1.10935e+7 
        14613.2      1.10459e+7 
        14645.2      1.09514e+7 
        14709.2      1.07655e+7 
        14773.2      1.05836e+7 
        14837.1      1.04054e+7 
        14901.1       1.0231e+7 
        14965.1      1.00602e+7 
        15029.1        9.893e+6 
        15093.1      9.72923e+6 
        15157.1      9.56879e+6 
          15221      9.41168e+6 
          15285      9.25777e+6 
          15349      9.10697e+6 
          15413      8.95926e+6 
        15471.6      8.82659e+6 
        15482.4      8.80243e+6 
        15493.1      8.77846e+6 
        15514.7       8.7308e+6 
        15557.9      8.63643e+6 
        15644.2      8.45148e+6 
        15730.5      8.27144e+6 
        15816.8       8.0962e+6 
        15903.1      7.92555e+6 
        15989.4      7.75939e+6 
        16075.8      7.59756e+6 
        16162.1      7.43992e+6 
        16248.4      7.28636e+6 
        16289.9      7.21394e+6 
        16334.7      7.13672e+6 
        16379.5      7.06054e+6 
        16469.1      6.91245e+6 
        16558.8      6.76818e+6 
        16648.4      6.62769e+6 
          16738      6.49078e+6 
        16827.7      6.35742e+6 
        16917.3      6.22748e+6 
        17006.9      6.10082e+6 
        17096.6      5.97735e+6 
        17186.2      5.85703e+6 
        17275.8      5.73969e+6 
        17327.7      5.67315e+6 
        17365.5      5.62527e+6 
        17403.2      5.57793e+6 
        17478.8      5.48453e+6 
        17554.3      5.39308e+6 
        17629.9      5.30351e+6 
        17705.4       5.2158e+6 
          17781      5.12988e+6 
        17856.5      5.04574e+6 
        17932.1      4.96328e+6 
        18007.6      4.88065e+6 
        18083.2      4.80098e+6 
        18158.7      4.72269e+6 
        18234.3      4.64557e+6 
        18309.8      4.56926e+6 
        18343.7      4.53508e+6 
        18385.3      4.49311e+6 
          18427      4.45069e+6 
        18510.2      4.36166e+6 
        18551.8      4.31209e+6 
        18593.4       4.2545e+6 
        18614.2      4.22032e+6 
          18635       4.1802e+6 
        18655.8      4.13085e+6 
        18666.2      4.10144e+6 
        18676.6      4.06792e+6 
          18687      4.02912e+6 
        18697.4      3.98401e+6 
        18707.8      3.93107e+6 
        18718.2      3.87022e+6 
        18728.6      3.79869e+6 
          18739      3.71302e+6 
        18749.6      3.53492e+6 
        18760.2      3.67192e+6 
        18775.3        3.774e+6 
        18793.5      3.85866e+6 
        18805.7      3.89972e+6 
        18817.8      3.93013e+6 
        18829.9        3.952e+6 
          18842      3.96717e+6 
        18854.1      3.97748e+6 
        18866.3      3.98363e+6 
        18890.5      3.98712e+6 
        18914.7      3.98282e+6 
          18939      3.97371e+6 
        18963.2      3.96142e+6 
        19011.7      3.93129e+6 
        19108.7      3.86168e+6 
        19205.6      3.78885e+6 
        19302.6      3.71613e+6 
        19348.5      3.68207e+6 
        19399.6      3.64444e+6 
        19450.7      3.60721e+6 
        19501.8      3.57029e+6 
        19552.9      3.53467e+6 
          19604      3.49848e+6 
        19655.1      3.46273e+6 
        19706.2      3.42741e+6 
        19757.3      3.39257e+6 
        19808.4      3.35817e+6 
        19859.5      3.32418e+6 
        19910.6      3.29066e+6 
        19961.8      3.25752e+6 
        20012.9      3.22481e+6 
          20064      3.19252e+6 
        20115.1      3.16063e+6 
        20166.2      3.12911e+6 
        20217.3        3.098e+6 
        20268.4      3.06728e+6 
        20319.5      3.03693e+6 
        20370.6      3.00696e+6 
        20421.7      2.97735e+6 
        20471.3      2.94899e+6 
        20483.7       2.9419e+6 
        20496.2      2.93484e+6 
        20521.2      2.92076e+6 
          20571      2.89286e+6 
        20670.8      2.83806e+6 
        20770.5      2.78454e+6 
        20870.3      2.73227e+6 
        20970.1      2.68123e+6 
        21069.8      2.63137e+6 
        21169.6      2.58266e+6 
        21269.3      2.53507e+6 
        21369.1      2.48857e+6 
        21468.9      2.44313e+6 
        21506.6       2.4262e+6 
        21568.6      2.39872e+6 
        21630.6      2.37162e+6 
        21692.6      2.34489e+6 
        21754.6      2.31854e+6 
        21816.6      2.29256e+6 
        21878.6      2.26694e+6 
        21940.6      2.24167e+6 
        22002.6      2.21676e+6 
        22064.6      2.19219e+6 
        22126.7      2.16796e+6 
        22188.7      2.14406e+6 
        22250.7      2.12049e+6 
        22312.7      2.09724e+6 
        22374.7      2.07431e+6 
        22436.7      2.05169e+6 
        22498.7      2.02938e+6 
        22560.7      2.00737e+6 
        22622.7      1.98566e+6 
        22684.7      1.96424e+6 
        22706.6      1.95676e+6 
        22746.7      1.94311e+6 
        22784.8      1.93025e+6 
        22800.8      1.92489e+6 
        22816.8      1.91954e+6 
        22848.8      1.90891e+6 
        22912.8      1.88787e+6 
        22976.8      1.86711e+6 
        23040.8      1.84665e+6 
        23104.8      1.82646e+6 
        23168.7      1.80654e+6 
        23232.7      1.78689e+6 
        23296.7      1.76752e+6 
        23360.7       1.7484e+6 
        23424.7      1.72954e+6 
        23488.6      1.71093e+6 
        23552.6      1.69258e+6 
        23616.6      1.67447e+6 
        23680.6       1.6566e+6 
        23744.6      1.63896e+6 
        23808.6      1.62156e+6 
        23872.5       1.6044e+6 
        23936.5      1.58745e+6 
        24000.5      1.57073e+6 
        24064.5      1.55423e+6 
        24128.5      1.53794e+6 
        24192.5      1.52187e+6 
        24256.4      1.50601e+6 
        24320.4      1.49035e+6 
        24384.4       1.4749e+6 
        24448.4      1.45964e+6 
        24512.4      1.44459e+6 
        24576.3      1.42972e+6 
        24640.3      1.41505e+6 
        24704.3      1.40056e+6 
        24768.3      1.38626e+6 
        24832.3      1.37213e+6 
        24896.3       1.3582e+6 
        24960.2      1.34443e+6 
        25004.4      1.33502e+6 
        25024.2      1.33084e+6 
          25044      1.32667e+6 
        25083.6      1.31839e+6 
        25162.8      1.30204e+6 
        25241.9      1.28593e+6 
        25321.1      1.27007e+6 
        25400.2      1.25446e+6 
        25479.4      1.23908e+6 
        25558.5      1.22394e+6 
        25637.7      1.20904e+6 
        25716.9      1.19435e+6 
          25796      1.17989e+6 
        25875.2      1.16565e+6 
        25954.3      1.15162e+6 
        26033.5       1.1378e+6 
        26112.7      1.12418e+6 
        26191.8      1.11078e+6 
          26271      1.09757e+6 
        26350.1      1.08455e+6 
        26429.3      1.07173e+6 
        26508.4      1.05909e+6 
        26587.6      1.04665e+6 
        26666.8      1.03438e+6 
        26745.9      1.02229e+6 
        26825.1      1.01038e+6 
        26904.2          998643 
        26983.4          987076 
        27062.6          975675 
        27141.7          964438 
        27220.9          953360 
        27299.2          942556 
        27377.5          931922 
        27455.8          921435 
        27534.2          911093 
        27612.5          900899 
        27690.8          890846 
        27769.1          880934 
        27847.5          871157 
        27925.8          861516 
        28004.1          852009 
        28082.4          842632 
        28160.8          833383 
        28239.1          824260 
        28317.4          815262 
        28395.7          806387 
          28474          797632 
        28552.4          788995 
        28630.7          780475 
          28709          772068 
        28787.3          763775 
        28865.7          755594 
          28944          747520 
        29022.3          739556 
        29100.6          731696 
          29179          723939 
        29257.3          716286 
        29335.6          708734 
        29413.9          701282 
        29492.3          693924 
        29570.6          686667 
        29648.9          679501 
        29727.2          672430 
        29805.5          665449 
        29883.9          658560 
        29932.6          654318 
        29962.2          651758 
        29991.8          649210 
