# Koester WD models
# teff = 34000 K (value for the effective temperature for the model. Temperatures are given in K)
# logg = 8.25 log(cm/s2) (value for Log(G) for the model.)
#
# column 1: WAVELENGTH (ANGSTROM), Wavelength in Angstrom
# column 2: FLUX (ERG/CM2/S/A), Flux in erg/cm2/s/A
         899.23     1.12139e+10 
        909.241     1.12569e+10 
        919.251     1.14675e+10 
        929.257     1.09203e+10 
        939.271     1.91087e+10 
         949.28      7.84317e+9 
        959.289     5.78377e+10 
        969.297     2.04996e+10 
        979.305     5.20075e+10 
        989.312     9.27106e+10 
        999.319     1.02477e+11 
        1009.33     8.69294e+10 
        1019.33     3.73388e+10 
        1029.34     2.89313e+10 
        1039.34     8.14895e+10 
        1049.35      1.0755e+11 
        1059.36     1.15695e+11 
        1069.36     1.17072e+11 
        1079.36     1.15916e+11 
        1089.37     1.13734e+11 
        1099.37     1.11109e+11 
        1109.38     1.08288e+11 
        1119.38     1.05378e+11 
        1129.38     1.02419e+11 
        1139.39     9.94082e+10 
        1149.39     9.63002e+10 
        1159.39     9.29817e+10 
        1169.39     8.91848e+10 
         1179.4     8.42487e+10 
         1189.4     7.64007e+10 
         1199.4     6.07254e+10 
         1209.4     2.97094e+10 
        1219.41     2.44785e+10 
        1229.41     5.47221e+10 
        1239.41      6.7259e+10 
        1249.41     7.07107e+10 
        1259.41      7.1032e+10 
        1269.41     7.02331e+10 
        1279.42     6.89938e+10 
        1289.42     6.75747e+10 
        1299.42     6.60878e+10 
        1309.42     6.45852e+10 
        1319.42     6.30935e+10 
        1329.42     6.16245e+10 
        1339.42     6.01857e+10 
        1349.42     5.87814e+10 
        1359.42     5.74132e+10 
        1369.42     5.60809e+10 
        1379.42     5.47843e+10 
        1389.42     5.35227e+10 
        1399.42     5.22965e+10 
        1409.42     5.11043e+10 
        1419.42     4.99463e+10 
        1429.42      4.8821e+10 
        1439.42     4.77268e+10 
        1454.42     4.61428e+10 
        1464.42     4.51233e+10 
        1474.42     4.41322e+10 
        1489.42     4.26971e+10 
        1504.42     4.13207e+10 
        1514.42     4.04348e+10 
        1529.42     3.91505e+10 
        1544.42     3.79175e+10 
        1559.42     3.67334e+10 
        1570.19     3.59122e+10 
        1584.41     3.48629e+10 
        1599.41     3.37982e+10 
        1614.41      3.2774e+10 
        1629.41     3.17891e+10 
        1644.41     3.08417e+10 
        1659.41     2.99303e+10 
        1670.17     2.92971e+10 
         1684.4     2.84865e+10 
         1699.4     2.76634e+10 
         1714.4     2.68701e+10 
         1729.4     2.61052e+10 
         1744.4     2.53675e+10 
        1759.39     2.46562e+10 
         1771.7     2.40915e+10 
        1784.39     2.35263e+10 
        1799.39       2.288e+10 
           1824     2.18672e+10 
        1834.77     2.14418e+10 
        1845.54     2.10272e+10 
           1864     2.03395e+10 
        1876.29     1.98975e+10 
        1888.59     1.94679e+10 
        1906.98     1.88467e+10 
        1919.37     1.84423e+10 
        1931.76     1.80493e+10 
        1944.47     1.76568e+10 
        1956.53     1.72945e+10 
         1967.6     1.69701e+10 
        1992.71      1.6263e+10 
        2017.81     1.55928e+10 
        2042.92     1.49576e+10 
        2067.03     1.43777e+10 
        2091.15     1.38265e+10 
        2114.28     1.33226e+10 
        2126.36     1.30687e+10 
        2145.92     1.26705e+10 
        2165.47     1.22876e+10 
        2194.48     1.17463e+10 
        2204.59     1.15647e+10 
         2214.7     1.13867e+10 
        2234.91     1.10412e+10 
        2263.91     1.05682e+10 
        2292.92     1.01207e+10 
        2313.13      9.82288e+9 
        2344.77      9.37891e+9 
        2362.35      9.14307e+9 
        2379.94      8.91474e+9 
        2409.27      8.54947e+9 
        2432.73      8.27097e+9 
        2451.59      8.05533e+9 
        2466.76      7.88706e+9 
        2488.39      7.65474e+9 
        2510.01      7.43097e+9 
         2547.3      7.06425e+9 
        2559.23      6.95168e+9 
        2571.17      6.84151e+9 
        2595.04       6.6276e+9 
        2618.91      6.42204e+9 
        2642.78      6.22444e+9 
        2657.67      6.10499e+9 
        2687.45      5.87484e+9 
        2717.24       5.6555e+9 
        2737.93      5.50913e+9 
        2756.11      5.38444e+9 
        2766.75      5.31319e+9 
        2810.65      5.03135e+9 
        2854.55        4.768e+9 
        2898.45      4.52195e+9 
        2931.71      4.34605e+9 
        2942.34       4.2916e+9 
        2952.98      4.23801e+9 
        2974.26      4.13342e+9 
        3016.81      3.93378e+9 
        3051.42      3.78022e+9 
        3086.03      3.63426e+9 
        3120.64      3.49527e+9 
        3149.86      3.38309e+9 
        3168.31       3.3146e+9 
        3179.08      3.27542e+9 
         3208.3      3.17203e+9 
        3248.29      3.03705e+9 
        3288.29      2.90927e+9 
        3309.83      2.84322e+9 
        3322.09      2.80649e+9 
        3346.73      2.73442e+9 
        3383.63      2.63085e+9 
         3414.4      2.54821e+9 
        3445.17       2.4688e+9 
        3469.81      2.40744e+9 
        3506.71       2.3191e+9 
         3543.6      2.23478e+9 
        3569.71      2.17744e+9 
         3580.5       2.1543e+9 
        3591.28      2.13144e+9 
        3612.85      2.08661e+9 
        3635.88      2.04008e+9 
        3647.12      2.01785e+9 
        3658.96      1.99475e+9 
        3671.11      1.97126e+9 
        3682.58      1.94948e+9 
         3693.5      1.92901e+9 
        3703.57      1.91034e+9 
        3713.83      1.89152e+9 
        3724.38      1.87243e+9 
        3734.43      1.85442e+9 
        3744.62      1.83649e+9 
        3754.84      1.81882e+9 
        3765.07      1.80108e+9 
         3775.5      1.78381e+9 
        3786.22      1.76622e+9 
        3796.45      1.74679e+9 
        3807.84      1.73347e+9 
        3818.92      1.71594e+9 
        3830.45      1.68804e+9 
        3840.76       1.6766e+9 
        3851.98       1.6762e+9 
        3862.01      1.66381e+9 
        3872.59      1.63398e+9 
         3884.4      1.58052e+9 
        3894.46       1.5747e+9 
        3908.89      1.61088e+9 
        3923.89      1.61341e+9 
        3935.81      1.58986e+9 
        3946.58       1.5431e+9 
        3957.31      1.46772e+9 
        3967.38      1.37673e+9 
        3977.86      1.40915e+9 
        3988.87      1.48021e+9 
        4003.87      1.53261e+9 
        4018.86       1.5437e+9 
        4032.38      1.53434e+9 
        4043.86      1.51573e+9 
        4058.85      1.46919e+9 
        4073.85      1.38403e+9 
        4085.65      1.28435e+9 
        4096.31      1.15384e+9 
        4106.79      1.14014e+9 
        4117.77      1.25254e+9 
        4128.11      1.32012e+9 
        4138.83      1.36559e+9 
           4151      1.39311e+9 
        4163.83      1.40205e+9 
        4178.82      1.39815e+9 
        4193.82      1.38725e+9 
        4208.81      1.37303e+9 
         4221.1      1.35975e+9 
        4233.81      1.34442e+9 
         4248.8      1.32343e+9 
         4263.8      1.29697e+9 
         4278.8       1.2609e+9 
        4293.79      1.20864e+9 
        4308.79      1.13424e+9 
        4320.85      1.04846e+9 
        4331.09      9.45195e+8 
         4341.1      8.19934e+8 
        4351.76      9.52641e+8 
        4363.77      1.04116e+9 
        4378.77      1.10314e+9 
        4393.77      1.13388e+9 
        4408.76      1.14607e+9 
        4423.76      1.14625e+9 
        4438.75      1.13947e+9 
        4453.75      1.12941e+9 
        4468.74      1.11781e+9 
        4483.74      1.10547e+9 
        4498.74      1.09288e+9 
        4513.73      1.08019e+9 
        4527.19      1.06879e+9 
        4538.73      1.05906e+9 
        4553.72      1.04647e+9 
        4568.72      1.03399e+9 
        4583.72      1.02162e+9 
        4596.53      1.01114e+9 
        4608.71      1.00128e+9 
         4623.7      9.89212e+8 
         4638.7      9.77246e+8 
         4653.7      9.65364e+8 
        4668.69      9.53524e+8 
        4683.69      9.41623e+8 
        4698.68        9.296e+8 
        4713.68      9.17285e+8 
        4724.83      9.07804e+8 
        4738.67      8.95439e+8 
        4753.67      8.81198e+8 
        4768.67      8.65308e+8 
        4783.66      8.46446e+8 
        4798.66      8.22711e+8 
        4813.65       7.9078e+8 
        4828.65      7.46103e+8 
        4839.16      7.01533e+8 
        4849.39      6.41375e+8 
        4859.47      5.51529e+8 
        4869.58      6.06475e+8 
        4879.92      6.65528e+8 
        4891.06      7.04703e+8 
        4903.34      7.30279e+8 
        4913.63      7.42698e+8 
        4925.16      7.50448e+8 
        4938.62      7.53593e+8 
        4953.62       7.5254e+8 
        4968.61      7.48629e+8 
        4983.61       7.4315e+8 
         4998.6      7.36832e+8 
         5013.6      7.29893e+8 
         5028.6      7.22601e+8 
        5043.59      7.15118e+8 
        5058.59      7.07571e+8 
        5073.58      6.99991e+8 
        5088.58      6.92454e+8 
        5103.58      6.84977e+8 
        5118.57      6.77572e+8 
        5133.57      6.70246e+8 
        5148.56      6.63005e+8 
        5163.56      6.55845e+8 
        5178.56      6.48777e+8 
        5193.55      6.41796e+8 
        5208.55        6.349e+8 
        5223.54      6.28092e+8 
        5238.54      6.21376e+8 
        5253.54      6.14741e+8 
        5268.53      6.08193e+8 
        5283.53      6.01731e+8 
        5298.52      5.95351e+8 
        5313.52      5.89055e+8 
        5328.52      5.82841e+8 
        5343.51      5.76705e+8 
        5358.51      5.70651e+8 
         5373.5       5.6473e+8 
         5388.5      5.58823e+8 
         5403.5      5.52996e+8 
        5418.49      5.47243e+8 
        5433.49      5.41567e+8 
        5448.48      5.35962e+8 
        5463.48       5.3043e+8 
        5478.48       5.2497e+8 
        5493.47      5.19579e+8 
        5508.47      5.14257e+8 
        5523.46      5.09001e+8 
        5538.46      5.03814e+8 
        5553.46      4.98693e+8 
        5568.45      4.93635e+8 
        5583.45      4.88643e+8 
        5598.44      4.83714e+8 
        5613.44      4.78845e+8 
        5628.44      4.74038e+8 
        5643.43      4.69291e+8 
        5658.43      4.64604e+8 
        5673.42      4.60011e+8 
         5686.2      4.56112e+8 
        5698.42      4.52418e+8 
        5708.88      4.49285e+8 
        5723.41      4.44981e+8 
        5738.41      4.40593e+8 
         5753.4      4.36257e+8 
         5768.4      4.31941e+8 
        5783.39      4.27709e+8 
        5798.39      4.23531e+8 
        5813.39      4.19406e+8 
        5828.38      4.15328e+8 
        5843.38        4.113e+8 
        5858.37       4.0732e+8 
        5873.37       4.0339e+8 
        5888.37      3.99504e+8 
        5903.36      3.95668e+8 
        5918.36      3.91873e+8 
        5933.35      3.88128e+8 
        5948.35      3.84424e+8 
        5963.35      3.80764e+8 
        5978.34      3.77148e+8 
        5993.34      3.73573e+8 
        6008.33      3.70042e+8 
        6023.33      3.66548e+8 
        6038.32      3.63099e+8 
        6053.32      3.59687e+8 
        6068.32      3.56316e+8 
        6083.31       3.5298e+8 
        6098.31      3.49684e+8 
        6113.31      3.46423e+8 
         6128.3      3.43197e+8 
         6143.3      3.40008e+8 
        6158.29      3.36854e+8 
        6173.29      3.33731e+8 
        6188.28      3.30643e+8 
        6203.28      3.27583e+8 
        6218.28      3.24555e+8 
        6233.27      3.21555e+8 
        6244.38      3.19349e+8 
        6256.04      3.17053e+8 
        6266.59      3.14992e+8 
        6278.26      3.12726e+8 
        6290.52       3.1036e+8 
        6302.31      3.08099e+8 
        6312.59      3.06138e+8 
        6323.25      3.04111e+8 
        6338.24      3.01269e+8 
        6353.24      2.98435e+8 
        6368.24      2.95599e+8 
        6383.23      2.92753e+8 
        6398.23      2.89876e+8 
        6413.22      2.86943e+8 
        6428.22      2.83914e+8 
        6443.22      2.80719e+8 
        6458.21       2.7724e+8 
        6473.21      2.73314e+8 
         6488.2       2.6868e+8 
         6503.2      2.62868e+8 
         6518.2      2.54916e+8 
        6532.67      2.43634e+8 
        6543.19      2.31657e+8 
        6556.02       2.0954e+8 
        6566.09      2.00448e+8 
        6577.95       2.2155e+8 
        6588.18      2.32243e+8 
        6603.34      2.41142e+8 
        6613.66      2.44309e+8 
        6623.98      2.46022e+8 
         6634.3      2.46785e+8 
        6644.62      2.46919e+8 
        6654.94      2.46636e+8 
        6665.26      2.46053e+8 
        6675.58      2.45251e+8 
        6696.23      2.43231e+8 
        6711.48      2.41526e+8 
        6741.98      2.37868e+8 
        6781.19      2.32987e+8 
        6802.98       2.3026e+8 
        6824.78      2.27544e+8 
        6868.37      2.22181e+8 
        6955.56      2.11834e+8 
        6976.35      2.09444e+8 
        7042.75      2.02019e+8 
        7109.15      1.94908e+8 
        7175.54      1.88104e+8 
        7241.94      1.81592e+8 
        7308.33      1.75358e+8 
        7355.95      1.71051e+8 
        7374.73      1.69392e+8 
        7393.51      1.67749e+8 
        7431.08      1.64523e+8 
        7506.22      1.58299e+8 
        7581.35      1.52366e+8 
         7635.1      1.48292e+8 
        7656.49      1.46708e+8 
        7677.88      1.45146e+8 
        7720.67      1.42083e+8 
        7806.23      1.36197e+8 
        7821.36      1.35188e+8 
         7891.8      1.30611e+8 
        7962.25      1.26226e+8 
        7982.84      1.24979e+8 
        8032.69      1.22024e+8 
        8082.55      1.19154e+8 
        8161.68      1.14772e+8 
        8182.26      1.13665e+8 
        8200.85      1.12677e+8 
        8216.85      1.11835e+8 
        8232.84      1.11001e+8 
        8264.83      1.09357e+8 
        8289.72      1.08099e+8 
        8328.82      1.06158e+8 
        8343.44      1.05443e+8 
        8367.92      1.04261e+8 
        8388.68       1.0327e+8 
        8408.65       1.0233e+8 
        8432.02      1.01241e+8 
        8467.25      9.96278e+7 
        8502.48       9.8046e+7 
        8516.58      9.74217e+7 
        8530.98       9.6789e+7 
        8545.38      9.61657e+7 
        8574.18      9.49314e+7 
        8598.39      9.39094e+7 
         8628.6       9.2654e+7 
        8646.81      9.19057e+7 
        8665.01      9.11649e+7 
        8685.59      9.03384e+7 
        8701.43      8.97072e+7 
        8750.47      8.77711e+7 
        8767.92      8.71016e+7 
        8815.35      8.53008e+7 
        8862.78      8.35626e+7 
        8900.38      8.22538e+7 
        8957.65      8.02291e+7 
        9014.91      7.82128e+7 
        9044.62      7.72907e+7 
        9072.17      7.64441e+7 
        9099.72      7.55782e+7 
        9154.81      7.37932e+7 
         9190.8      7.25563e+7 
         9209.9      7.18947e+7 
        9229.01      7.12749e+7 
        9267.22      7.03302e+7 
        9305.43       6.9443e+7 
        9379.63      6.74962e+7 
        9397.45      6.69822e+7 
        9415.28      6.64541e+7 
        9450.94      6.53156e+7 
        9486.59      6.40734e+7 
        9498.52      6.36298e+7 
        9522.24      6.26342e+7 
         9534.1      6.21181e+7 
        9545.97      6.16456e+7 
        9557.83      6.15293e+7 
        9569.68      6.14869e+7 
        9581.55       6.1426e+7 
        9593.41      6.13308e+7 
        9605.27      6.11929e+7 
        9628.99      6.08756e+7 
        9668.45      6.02231e+7 
        9707.91      5.94446e+7 
        9747.38      5.85973e+7 
        9826.31      5.67928e+7 
        9857.65      5.60504e+7 
        9905.23      5.47382e+7 
        9929.03      5.40172e+7 
        9952.82      5.32145e+7 
        9976.61      5.23521e+7 
        10000.4      5.13647e+7 
        10046.6      4.94103e+7 
        10057.6      4.92385e+7 
        10068.6      4.92743e+7 
        10079.6      4.93761e+7 
        10101.5      4.95338e+7 
        10123.5       4.9575e+7 
        10145.4      4.94983e+7 
        10167.4      4.93723e+7 
        10189.4      4.91688e+7 
        10229.4      4.86969e+7 
          10245      4.84732e+7 
        10260.5      4.82436e+7 
        10291.7       4.7755e+7 
        10353.9      4.67274e+7 
        10416.2      4.56913e+7 
        10478.4      4.46213e+7 
        10540.7      4.35981e+7 
        10602.9      4.25925e+7 
        10665.2      4.15504e+7 
        10727.4      4.04279e+7 
        10758.6      3.98172e+7 
        10789.7      3.91405e+7 
        10820.8      3.83849e+7 
        10836.4      3.79643e+7 
          10852      3.74937e+7 
        10867.5      3.69866e+7 
        10883.1       3.6391e+7 
        10898.6       3.5752e+7 
        10914.2      3.50366e+7 
        10926.1      3.44061e+7 
        10936.6      3.36185e+7 
          10947      3.40162e+7 
        10960.5      3.44337e+7 
        10972.4      3.46973e+7 
        10984.3      3.49241e+7 
        10996.3      3.50658e+7 
        11008.2      3.52207e+7 
        11032.1      3.53464e+7 
          11056      3.53721e+7 
        11079.8      3.53077e+7 
        11103.7      3.51962e+7 
        11127.6      3.50297e+7 
        11151.5      3.48384e+7 
        11199.2      3.43938e+7 
        11260.9      3.37464e+7 
        11322.6      3.30697e+7 
        11384.3       3.2393e+7 
          11446      3.17464e+7 
        11507.7      3.10876e+7 
        11569.4      3.04456e+7 
        11631.1        2.982e+7 
        11692.8      2.92104e+7 
        11754.5      2.86162e+7 
        11816.2      2.80371e+7 
        11877.9      2.74725e+7 
        11939.6       2.6922e+7 
        12001.3      2.63852e+7 
          12063      2.58499e+7 
        12124.7      2.53367e+7 
        12186.4      2.48349e+7 
        12211.6      2.46332e+7 
        12248.1      2.43435e+7 
        12284.6      2.40568e+7 
        12357.7        2.349e+7 
        12430.7      2.29272e+7 
        12503.8      2.23568e+7 
        12576.8      2.17548e+7 
        12613.3      2.14226e+7 
        12649.9      2.10562e+7 
        12668.1      2.08497e+7 
        12686.4      2.06226e+7 
        12704.7      2.03721e+7 
        12722.9      2.00821e+7 
        12741.2      1.97499e+7 
        12759.4      1.93488e+7 
        12777.7      1.88894e+7 
          12796      1.83309e+7 
        12810.4      1.78425e+7 
        12821.2      1.77562e+7 
        12835.6      1.79861e+7 
        12848.4      1.82703e+7 
        12861.2       1.8492e+7 
          12874      1.86614e+7 
        12886.8      1.88027e+7 
        12899.6      1.89019e+7 
        12912.4      1.89722e+7 
        12925.2      1.90222e+7 
        12950.8      1.90581e+7 
        12976.4      1.90434e+7 
          13002      1.89898e+7 
        13027.6      1.89114e+7 
        13078.7      1.87107e+7 
        13129.9      1.84742e+7 
        13181.1      1.82229e+7 
        13232.3      1.79654e+7 
        13258.6       1.7832e+7 
        13283.5       1.7706e+7 
        13308.4      1.75802e+7 
        13358.1      1.73301e+7 
        13457.5      1.68388e+7 
          13557      1.63621e+7 
        13656.4      1.59043e+7 
        13755.9      1.54578e+7 
        13855.3      1.50267e+7 
        13954.7      1.46106e+7 
        14054.2      1.42088e+7 
        14153.6      1.38207e+7 
        14174.1      1.37425e+7 
        14253.1      1.34457e+7 
        14332.1      1.31568e+7 
        14364.5      1.30405e+7 
        14411.1      1.28755e+7 
        14457.6      1.27132e+7 
        14518.4      1.25053e+7 
        14550.8      1.23961e+7 
        14581.2      1.22947e+7 
        14597.2      1.22418e+7 
        14613.2      1.21892e+7 
        14645.2      1.20848e+7 
        14709.2      1.18793e+7 
        14773.2      1.16782e+7 
        14837.1      1.14814e+7 
        14901.1      1.12886e+7 
        14965.1      1.10999e+7 
        15029.1      1.09151e+7 
        15093.1      1.07342e+7 
        15157.1      1.05569e+7 
          15221      1.03833e+7 
          15285      1.02133e+7 
          15349      1.00467e+7 
          15413      9.88351e+6 
        15471.6      9.73699e+6 
        15482.4      9.71029e+6 
        15493.1      9.68374e+6 
        15514.7      9.63087e+6 
        15557.9      9.52625e+6 
        15644.2      9.32123e+6 
        15730.5      9.12168e+6 
        15816.8      8.92743e+6 
        15903.1      8.73834e+6 
        15989.4      8.55421e+6 
        16075.8      8.37489e+6 
        16162.1      8.20028e+6 
        16248.4      8.03016e+6 
        16289.9      7.94996e+6 
        16334.7      7.86447e+6 
        16379.5      7.78009e+6 
        16469.1      7.61547e+6 
        16558.8      7.45516e+6 
        16648.4      7.29908e+6 
          16738      7.14703e+6 
        16827.7      6.99893e+6 
        16917.3      6.85464e+6 
        17006.9      6.71409e+6 
        17096.6      6.57708e+6 
        17186.2      6.44356e+6 
        17275.8      6.31341e+6 
        17327.7      6.23961e+6 
        17365.5      6.18655e+6 
        17403.2      6.13402e+6 
        17478.8      6.03098e+6 
        17554.3       5.9301e+6 
        17629.9      5.83133e+6 
        17705.4      5.73457e+6 
          17781      5.63985e+6 
        17856.5      5.54705e+6 
        17932.1      5.45616e+6 
        18007.6       5.3633e+6 
        18083.2      5.27502e+6 
        18158.7      5.18809e+6 
        18234.3       5.1021e+6 
        18309.8       5.0165e+6 
        18343.7      4.97785e+6 
        18385.3      4.92998e+6 
          18427      4.88109e+6 
        18468.6      4.83029e+6 
        18510.2      4.77607e+6 
        18551.8      4.71578e+6 
        18593.4      4.64525e+6 
        18614.2      4.60369e+6 
          18635      4.55613e+6 
        18655.8      4.50036e+6 
        18676.6      4.43514e+6 
        18697.4      4.35626e+6 
          18710      4.30084e+6 
        18726.4      4.21636e+6 
        18738.8      4.14112e+6 
        18749.1      3.99749e+6 
        18761.1      4.10694e+6 
        18777.1      4.17838e+6 
        18796.2      4.24024e+6 
          18809      4.27018e+6 
        18821.8      4.29528e+6 
        18834.6      4.31413e+6 
        18847.4      4.32814e+6 
          18873       4.3457e+6 
        18898.6      4.35155e+6 
        18924.2      4.34925e+6 
        18949.8       4.3413e+6 
        18975.4      4.32955e+6 
          19001      4.31498e+6 
        19052.2      4.28061e+6 
        19103.4      4.24228e+6 
        19154.5       4.2021e+6 
        19205.7      4.16104e+6 
        19256.9      4.11966e+6 
        19308.1      4.07826e+6 
        19359.3      4.03704e+6 
        19370.3      4.02821e+6 
        19410.5      3.99611e+6 
        19450.7      3.96419e+6 
        19531.1      3.90098e+6 
        19611.5      3.84031e+6 
        19691.8      3.77893e+6 
        19772.2      3.71877e+6 
        19852.6       3.6598e+6 
          19933      3.60199e+6 
        20013.4      3.54535e+6 
        20093.8      3.48978e+6 
        20174.2       3.4353e+6 
        20254.6      3.38189e+6 
          20335      3.32949e+6 
        20356.3      3.31576e+6 
        20415.4      3.27813e+6 
        20474.4      3.24099e+6 
        20533.4      3.20436e+6 
        20592.5      3.16823e+6 
        20651.5      3.13262e+6 
        20710.6       3.0975e+6 
        20769.6      3.06287e+6 
        20828.6      3.02872e+6 
        20887.7      2.99504e+6 
        20946.7      2.96183e+6 
        21005.8      2.92908e+6 
        21064.8      2.89678e+6 
        21123.8      2.86492e+6 
        21182.9       2.8335e+6 
        21241.9      2.80251e+6 
          21301      2.77194e+6 
          21360      2.74178e+6 
          21419      2.71203e+6 
        21478.1      2.68269e+6 
        21537.1      2.65374e+6 
        21561.7       2.6418e+6 
        21596.2      2.62517e+6 
        21630.6      2.60868e+6 
        21699.5      2.57605e+6 
        21768.5      2.54392e+6 
        21837.4      2.51229e+6 
        21906.3      2.48115e+6 
        21975.3      2.45049e+6 
        22044.2       2.4203e+6 
        22113.1      2.39058e+6 
        22182.1      2.36131e+6 
          22251      2.33249e+6 
        22319.9       2.3041e+6 
        22388.9      2.27614e+6 
        22457.8      2.24861e+6 
        22526.7      2.22149e+6 
        22595.7      2.19478e+6 
        22664.6      2.16847e+6 
        22680.2      2.16256e+6 
        22733.5      2.14255e+6 
        22784.8       2.1235e+6 
        22800.8       2.1176e+6 
        22816.8      2.11173e+6 
        22848.8      2.10004e+6 
        22912.8      2.07689e+6 
        22976.8       2.0542e+6 
        23040.8      2.03169e+6 
        23104.8      2.00949e+6 
        23168.7      1.98758e+6 
        23232.7      1.96597e+6 
        23296.7      1.94466e+6 
        23360.7      1.92363e+6 
        23424.7      1.90289e+6 
        23488.6      1.88243e+6 
        23552.6      1.86224e+6 
        23616.6      1.84232e+6 
        23680.6      1.82266e+6 
        23744.6      1.80327e+6 
        23808.6      1.78414e+6 
        23872.5      1.76525e+6 
        23936.5      1.74651e+6 
        24000.5      1.72823e+6 
        24064.5      1.71008e+6 
        24128.5      1.69217e+6 
        24192.5      1.67449e+6 
        24256.4      1.65704e+6 
        24320.4      1.63982e+6 
        24384.4      1.62282e+6 
        24448.4      1.60604e+6 
        24512.4      1.58948e+6 
        24576.3      1.57313e+6 
        24640.3        1.557e+6 
        24704.3      1.54106e+6 
        24768.3      1.52533e+6 
        24832.3       1.5098e+6 
        24896.3      1.49447e+6 
        24960.2      1.47933e+6 
        25004.4      1.46898e+6 
        25024.2      1.46438e+6 
          25044      1.45979e+6 
        25083.6      1.45068e+6 
        25162.8      1.43267e+6 
        25241.9      1.41494e+6 
        25321.1      1.39747e+6 
        25400.2      1.38028e+6 
        25479.4      1.36336e+6 
        25558.5      1.34669e+6 
        25637.7      1.33027e+6 
        25716.9       1.3141e+6 
          25796      1.29818e+6 
        25875.2       1.2825e+6 
        25954.3      1.26705e+6 
        26033.5      1.25184e+6 
        26112.7      1.23685e+6 
        26191.8      1.22209e+6 
          26271      1.20755e+6 
        26350.1      1.19322e+6 
        26429.3       1.1791e+6 
        26508.4      1.16519e+6 
        26587.6      1.15149e+6 
        26666.8      1.13799e+6 
        26745.9      1.12468e+6 
        26825.1      1.11157e+6 
        26904.2      1.09865e+6 
        26983.4      1.08591e+6 
        27062.6      1.07336e+6 
        27141.7      1.06099e+6 
        27220.9       1.0488e+6 
        27299.2      1.03691e+6 
        27377.5      1.02519e+6 
        27455.8      1.01364e+6 
        27534.2      1.00225e+6 
        27612.5          991025 
        27690.8          979951 
        27769.1          969034 
        27847.5          958267 
        27925.8          947649 
        28004.1          937178 
        28082.4          926852 
        28160.8          916666 
        28239.1          906620 
        28317.4          896711 
        28395.7          886938 
          28474          877299 
        28552.4          867786 
        28630.7          858406 
          28709          849151 
        28787.3          840021 
        28865.7          831011 
          28944          822123 
        29022.3          813355 
        29100.6          804703 
          29179          796164 
        29257.3          787739 
        29335.6          779426 
        29413.9          771220 
        29492.3          763124 
        29570.6          755135 
        29648.9          747247 
        29727.2          739465 
        29805.5          731781 
        29883.9          724197 
        29932.6          719528 
        29962.2          716714 
        29991.8          713908 
