# Koester WD models
# teff = 35000 K (value for the effective temperature for the model. Temperatures are given in K)
# logg = 7 log(cm/s2) (value for Log(G) for the model.)
#
# column 1: WAVELENGTH (ANGSTROM), Wavelength in Angstrom
# column 2: FLUX (ERG/CM2/S/A), Flux in erg/cm2/s/A
         899.23     1.40319e+10 
        909.241     1.40591e+10 
        919.251     1.54668e+10 
        929.261     1.62361e+10 
        939.271     3.60171e+10 
         949.28     1.08293e+10 
        959.289      1.0828e+11 
        969.297     3.86161e+10 
        979.305     9.73532e+10 
        989.312     1.37733e+11 
        999.319     1.40732e+11 
        1009.33     1.28048e+11 
        1019.33      6.9646e+10 
        1029.34     5.38152e+10 
        1039.34     1.16786e+11 
        1049.35     1.26962e+11 
        1059.36     1.26774e+11 
        1069.36     1.24381e+11 
        1079.36     1.21392e+11 
        1089.37     1.18244e+11 
        1099.37     1.15084e+11 
        1109.38      1.1197e+11 
        1119.38     1.08921e+11 
        1129.38     1.05941e+11 
        1139.39     1.03027e+11 
        1149.39     1.00166e+11 
        1159.39     9.73256e+10 
        1169.39     9.44347e+10 
         1179.4     9.12978e+10 
         1189.4      8.7264e+10 
         1199.4     7.93321e+10 
         1209.4     4.92592e+10 
        1219.41     4.06403e+10 
        1229.41     7.25475e+10 
        1239.41     7.67124e+10 
        1249.41     7.62876e+10 
        1259.41     7.49135e+10 
        1269.41      7.3288e+10 
        1279.42     7.15991e+10 
        1289.42     6.99105e+10 
        1299.42     6.82483e+10 
        1309.42     6.66234e+10 
        1319.42      6.5042e+10 
        1329.42     6.35035e+10 
        1339.42     6.20084e+10 
        1349.42     6.05561e+10 
        1359.42     5.91458e+10 
        1369.42     5.77755e+10 
        1379.42     5.64441e+10 
        1389.42     5.51497e+10 
        1399.42     5.38925e+10 
        1409.42     5.26713e+10 
        1419.42      5.1486e+10 
        1429.42     5.03343e+10 
        1439.42     4.92152e+10 
        1454.42     4.75945e+10 
        1464.42     4.65509e+10 
        1474.42     4.55368e+10 
        1489.42     4.40671e+10 
        1504.42     4.26581e+10 
        1514.42     4.17505e+10 
        1529.42     4.04351e+10 
        1544.42     3.91719e+10 
        1559.42      3.7958e+10 
        1570.19     3.71157e+10 
        1584.41     3.60391e+10 
        1599.41     3.49471e+10 
        1614.41     3.38959e+10 
        1629.41     3.28849e+10 
        1644.41      3.1912e+10 
        1659.41     3.09755e+10 
        1670.17     3.03247e+10 
         1684.4     2.94912e+10 
         1699.4     2.86445e+10 
         1714.4     2.78284e+10 
         1729.4     2.70415e+10 
         1744.4     2.62823e+10 
        1759.39     2.55499e+10 
         1771.7     2.49683e+10 
        1784.39      2.4386e+10 
        1799.39     2.37199e+10 
           1824     2.26757e+10 
        1834.77     2.22372e+10 
        1845.54     2.18095e+10 
           1864     2.11001e+10 
        1876.29      2.0644e+10 
        1888.59     2.02005e+10 
        1906.98     1.95591e+10 
        1919.37     1.91416e+10 
        1931.76     1.87356e+10 
        1944.47     1.83301e+10 
        1956.53     1.79557e+10 
         1967.6     1.76204e+10 
        1992.71     1.68895e+10 
        2017.81     1.61964e+10 
        2042.92     1.55391e+10 
        2067.03     1.49391e+10 
        2091.15     1.43685e+10 
        2114.28     1.38467e+10 
        2126.36     1.35837e+10 
        2145.92     1.31713e+10 
        2165.47     1.27745e+10 
        2194.48     1.22134e+10 
        2204.59     1.20252e+10 
         2214.7     1.18407e+10 
        2234.91     1.14824e+10 
        2263.91     1.09919e+10 
        2292.92     1.05276e+10 
        2313.13     1.02186e+10 
        2344.77      9.75785e+9 
        2362.35      9.51306e+9 
        2379.94      9.27599e+9 
        2409.27      8.89674e+9 
        2432.73      8.60752e+9 
        2451.59       8.3835e+9 
        2466.76      8.20873e+9 
        2488.39      7.96736e+9 
        2510.01      7.73485e+9 
         2547.3      7.35375e+9 
        2559.23      7.23675e+9 
        2571.17      7.12221e+9 
        2595.04      6.89982e+9 
        2618.91      6.68609e+9 
        2642.78       6.4806e+9 
        2657.67      6.35642e+9 
        2687.45      6.11706e+9 
        2717.24      5.88888e+9 
        2737.93      5.73661e+9 
        2756.11      5.60689e+9 
        2766.75      5.53275e+9 
        2810.65      5.23945e+9 
        2854.55      4.96544e+9 
        2898.45      4.70931e+9 
        2931.71      4.52622e+9 
        2942.34      4.46954e+9 
        2952.98      4.41375e+9 
        2974.26      4.30486e+9 
        3016.81      4.09698e+9 
        3051.42      3.93714e+9 
        3086.03      3.78512e+9 
        3120.64      3.64038e+9 
        3149.86      3.52352e+9 
        3168.31       3.4522e+9 
        3179.08      3.41139e+9 
         3208.3       3.3037e+9 
        3248.29      3.16311e+9 
        3288.29         3.03e+9 
        3309.83      2.96119e+9 
        3322.09      2.92293e+9 
        3346.73      2.84784e+9 
        3383.63      2.73994e+9 
         3414.4      2.65384e+9 
        3445.17       2.5711e+9 
        3469.81      2.50717e+9 
        3495.92       2.4416e+9 
        3506.71      2.41514e+9 
         3543.6      2.32728e+9 
        3591.28      2.21961e+9 
        3635.88      2.12446e+9 
        3647.12      2.10129e+9 
        3658.96      2.07721e+9 
        3671.11      2.05277e+9 
        3682.58      2.03005e+9 
         3693.5       2.0087e+9 
        3703.57      1.98926e+9 
        3713.83      1.96986e+9 
        3724.38       1.9504e+9 
        3734.43      1.93143e+9 
        3744.62      1.91431e+9 
        3754.84      1.89787e+9 
        3765.07      1.87782e+9 
         3775.5      1.86315e+9 
        3786.22      1.85113e+9 
        3796.45      1.80047e+9 
        3807.84       1.8272e+9 
        3818.92      1.81761e+9 
        3830.45      1.72778e+9 
        3840.76        1.725e+9 
        3851.98      1.79777e+9 
        3862.01      1.80193e+9 
        3872.59      1.74416e+9 
         3884.4      1.57575e+9 
        3894.46      1.57932e+9 
        3906.64      1.72349e+9 
        3918.89      1.76827e+9 
        3929.56      1.76356e+9 
        3940.04      1.73024e+9 
        3950.65      1.64812e+9 
        3962.28      1.46518e+9 
        3972.79      1.33337e+9 
        3983.56      1.53781e+9 
        3993.85      1.63026e+9 
        4003.87      1.66962e+9 
         4015.8      1.67573e+9 
        4028.86      1.66519e+9 
        4043.86      1.64332e+9 
        4058.85      1.60609e+9 
        4071.35      1.54795e+9 
        4082.28      1.45725e+9 
        4093.69      1.27595e+9 
        4103.79      1.10848e+9 
        4114.69      1.34107e+9 
        4125.26      1.43987e+9 
        4135.54      1.48215e+9 
        4146.66       1.4978e+9 
        4158.83      1.49574e+9 
        4173.82       1.4825e+9 
        4188.82      1.46587e+9 
        4203.81      1.44809e+9 
        4216.52      1.43261e+9 
        4228.81      1.41741e+9 
        4243.81      1.39847e+9 
         4258.8      1.37835e+9 
         4273.8      1.35524e+9 
        4288.79      1.32545e+9 
        4303.79      1.28143e+9 
        4314.07      1.23243e+9 
        4326.14      1.12544e+9 
        4336.17       9.4949e+8 
        4346.88      9.88998e+8 
        4357.43      1.12565e+9 
        4368.77      1.18783e+9 
        4379.56      1.20977e+9 
        4393.77      1.21594e+9 
        4408.76      1.21071e+9 
        4423.76      1.19986e+9 
        4438.75      1.18668e+9 
        4453.75      1.17276e+9 
        4468.74      1.15868e+9 
        4483.74      1.14464e+9 
        4498.74      1.13071e+9 
        4513.73      1.11693e+9 
        4527.19      1.10471e+9 
        4538.73      1.09434e+9 
        4553.72      1.08102e+9 
        4568.72      1.06789e+9 
        4583.72      1.05493e+9 
        4596.53      1.04401e+9 
        4608.71      1.03376e+9 
         4623.7      1.02128e+9 
         4638.7      1.00898e+9 
         4653.7      9.96827e+8 
        4668.69       9.8483e+8 
        4683.69      9.72958e+8 
        4698.68      9.61195e+8 
        4713.68      9.49499e+8 
        4724.83       9.4081e+8 
        4738.67      9.29968e+8 
        4753.67      9.18036e+8 
        4768.67       9.0563e+8 
        4783.66      8.92401e+8 
        4798.66      8.77073e+8 
        4813.65      8.57237e+8 
        4828.65      8.26308e+8 
        4839.16      7.88402e+8 
        4850.22      7.15809e+8 
        4860.36      5.79288e+8 
        4870.47       6.8799e+8 
        4882.01      7.58252e+8 
        4893.63      7.86815e+8 
        4908.63      7.97757e+8 
         4921.7      7.97754e+8 
        4933.62      7.94521e+8 
        4948.62      7.88222e+8 
        4963.61      7.80855e+8 
        4978.61      7.72964e+8 
        4993.61      7.64827e+8 
         5008.6      7.56602e+8 
         5023.6      7.48371e+8 
        5038.59      7.40178e+8 
        5053.59      7.32051e+8 
        5068.59      7.24011e+8 
        5083.58       7.1606e+8 
        5098.58      7.08209e+8 
        5113.57      7.00456e+8 
        5128.57      6.92803e+8 
        5143.57      6.85254e+8 
        5158.56      6.77802e+8 
        5173.56      6.70447e+8 
        5188.55      6.63193e+8 
        5203.55      6.56037e+8 
        5218.55      6.48971e+8 
        5233.54      6.42003e+8 
        5248.54      6.35126e+8 
        5263.53      6.28341e+8 
        5278.53      6.21646e+8 
        5293.52      6.15039e+8 
        5308.52       6.0852e+8 
        5323.52      6.02086e+8 
        5338.51      5.95737e+8 
        5353.51      5.89473e+8 
        5368.51        5.833e+8 
         5383.5      5.77195e+8 
         5398.5      5.71173e+8 
        5413.49      5.65226e+8 
        5428.49      5.59357e+8 
        5443.48      5.53564e+8 
        5458.48      5.47847e+8 
        5473.48      5.42204e+8 
        5488.47      5.36634e+8 
        5503.47      5.31133e+8 
        5518.47      5.25705e+8 
        5533.46      5.20342e+8 
        5548.46      5.15052e+8 
        5563.45      5.09827e+8 
        5578.45      5.04669e+8 
        5593.44      4.99573e+8 
        5608.44      4.94543e+8 
        5623.44       4.8958e+8 
        5638.43      4.84675e+8 
        5653.43      4.79831e+8 
        5668.43      4.75047e+8 
        5682.86      4.70497e+8 
        5693.42      4.67208e+8 
        5704.77      4.63702e+8 
        5715.23      4.60498e+8 
        5728.41      4.56502e+8 
         5743.4      4.52009e+8 
         5758.4       4.4757e+8 
         5773.4      4.43178e+8 
        5788.39      4.38846e+8 
        5803.39       4.3457e+8 
        5818.39      4.30345e+8 
        5833.38       4.2617e+8 
        5848.38      4.22045e+8 
        5863.37       4.1797e+8 
        5878.37      4.13943e+8 
        5893.36      4.09965e+8 
        5908.36      4.06038e+8 
        5923.36      4.02155e+8 
        5938.35      3.98319e+8 
        5953.35      3.94527e+8 
        5968.34       3.9078e+8 
        5983.34      3.87079e+8 
        5998.34      3.83419e+8 
        6013.33      3.79806e+8 
        6028.33      3.76231e+8 
        6043.32        3.727e+8 
        6058.32      3.69209e+8 
        6073.32       3.6576e+8 
        6088.31      3.62351e+8 
        6103.31       3.5898e+8 
         6118.3       3.5565e+8 
         6133.3      3.52358e+8 
         6148.3      3.49103e+8 
        6163.29      3.45883e+8 
        6178.29      3.42701e+8 
        6193.28      3.39556e+8 
        6208.28      3.36443e+8 
        6223.28      3.33367e+8 
        6238.27      3.30323e+8 
        6252.16      3.27536e+8 
        6262.16      3.25544e+8 
        6273.26      3.23352e+8 
        6284.63      3.21124e+8 
        6295.99      3.18912e+8 
        6306.09      3.16965e+8 
        6316.22       3.1502e+8 
        6328.25       3.1273e+8 
        6343.24        3.099e+8 
        6358.24      3.07095e+8 
        6373.23      3.04313e+8 
        6388.23      3.01548e+8 
        6403.23      2.98796e+8 
        6418.22      2.96047e+8 
        6433.22      2.93286e+8 
        6448.22      2.90487e+8 
        6463.21      2.87607e+8 
        6478.21      2.84573e+8 
         6493.2      2.81224e+8 
         6508.2      2.77167e+8 
        6523.19      2.71404e+8 
        6537.09      2.62083e+8 
        6548.06      2.47922e+8 
        6558.19      2.22413e+8 
        6569.28      2.26982e+8 
        6579.79      2.47004e+8 
        6590.04      2.55549e+8 
        6603.34      2.59624e+8 
        6613.66      2.60367e+8 
        6623.98      2.60142e+8 
         6634.3      2.59412e+8 
        6654.94      2.57226e+8 
        6675.58      2.54635e+8 
        6711.48      2.49811e+8 
        6741.75       2.4568e+8 
        6783.26      2.40074e+8 
        6824.78      2.34591e+8 
        6907.81      2.24047e+8 
        6990.84      2.14067e+8 
         7038.6      2.08575e+8 
        7073.87       2.0463e+8 
        7109.15      2.00778e+8 
        7179.69      1.93341e+8 
        7250.24      1.86246e+8 
        7320.78      1.79471e+8 
        7389.14      1.73199e+8 
        7406.65      1.71637e+8 
        7424.15      1.70092e+8 
        7459.17      1.67054e+8 
         7529.2      1.61179e+8 
        7599.23       1.5556e+8 
        7660.63      1.50834e+8 
        7677.88      1.49538e+8 
        7695.14      1.48256e+8 
        7729.65      1.45733e+8 
        7798.67      1.40847e+8 
        7867.69      1.36163e+8 
        7911.17      1.33312e+8 
        7936.71      1.31672e+8 
        7962.25      1.30058e+8 
        8013.32      1.26902e+8 
        8046.24      1.24919e+8 
         8064.4      1.23842e+8 
        8082.55      1.22777e+8 
        8118.86       1.2068e+8 
        8180.09      1.17244e+8 
        8191.47      1.16619e+8 
        8202.85      1.15998e+8 
        8216.85       1.1524e+8 
        8232.84      1.14382e+8 
        8264.83      1.12688e+8 
        8289.72      1.11392e+8 
        8328.82      1.09394e+8 
        8343.44      1.08658e+8 
        8367.92      1.07439e+8 
        8388.68      1.06421e+8 
        8408.65      1.05454e+8 
        8432.02      1.04336e+8 
        8467.25      1.02674e+8 
        8502.48      1.01044e+8 
        8516.58      1.00401e+8 
        8530.98      9.97468e+7 
        8545.38      9.91163e+7 
        8574.18       9.7871e+7 
        8598.39       9.6828e+7 
         8628.6      9.55622e+7 
        8646.81        9.479e+7 
        8665.01      9.40175e+7 
        8685.59      9.31969e+7 
        8701.43       9.2556e+7 
        8750.47      9.04735e+7 
        8767.92       8.9842e+7 
        8815.35      8.80061e+7 
        8839.07      8.70033e+7 
        8862.78       8.5975e+7 
         8886.5      8.53181e+7 
        8910.21      8.46204e+7 
        8933.93      8.38004e+7 
        8957.65      8.28535e+7 
        8981.36      8.17433e+7 
        8995.25      8.10239e+7 
        9014.91      8.00547e+7 
        9034.57      7.97528e+7 
        9054.23      7.94773e+7 
        9087.39      7.87497e+7 
        9099.72      7.84091e+7 
        9112.05      7.80221e+7 
        9136.72      7.71462e+7 
        9161.38      7.60734e+7 
        9186.05      7.47891e+7 
        9207.53      7.34551e+7 
        9218.27       7.2714e+7 
        9229.01      7.21127e+7 
        9239.75      7.21005e+7 
        9250.49      7.22023e+7 
        9261.23      7.22708e+7 
        9271.97      7.22758e+7 
        9282.71      7.22579e+7 
        9304.19      7.20251e+7 
        9325.68      7.16453e+7 
        9347.16      7.11552e+7 
        9384.08        7.018e+7 
        9421.01      6.90594e+7 
        9439.47      6.84311e+7 
        9457.93      6.77312e+7 
         9476.4      6.69074e+7 
        9494.86      6.58861e+7 
        9513.32      6.44495e+7 
        9531.79      6.24963e+7 
        9543.49      6.12315e+7 
        9554.62      6.14634e+7 
        9573.17       6.2551e+7 
        9592.96      6.32315e+7 
        9612.75       6.3353e+7 
        9632.53      6.32211e+7 
        9652.32      6.29374e+7 
        9668.45      6.26484e+7 
        9700.71      6.19629e+7 
        9765.24      6.04703e+7 
        9829.76      5.89404e+7 
        9865.02      5.80978e+7 
        9894.29      5.73413e+7 
        9923.55      5.65154e+7 
        9952.82      5.55412e+7 
        9967.45      5.49791e+7 
        9982.08      5.42993e+7 
        9996.72      5.34985e+7 
        10011.4      5.24558e+7 
          10026       5.1142e+7 
        10036.2      4.99875e+7 
        10047.2      4.88273e+7 
        10058.1      4.91452e+7 
        10071.2      5.01599e+7 
        10088.7      5.10248e+7 
        10106.2      5.14876e+7 
        10123.7      5.16487e+7 
        10141.2      5.16211e+7 
        10158.7      5.15023e+7 
        10176.2      5.13167e+7 
        10193.7      5.10754e+7 
        10220.2      5.06638e+7 
        10237.2       5.0377e+7 
        10254.1      5.00795e+7 
        10288.1      4.94713e+7 
        10355.9       4.8248e+7 
        10423.8      4.70482e+7 
        10491.6      4.58685e+7 
        10559.5      4.47335e+7 
        10627.3      4.36179e+7 
        10695.1      4.25142e+7 
          10763      4.13723e+7 
        10796.9      4.07474e+7 
        10813.9      4.04065e+7 
        10830.8      4.00261e+7 
        10847.8      3.95875e+7 
        10864.8      3.90641e+7 
        10881.7      3.83834e+7 
        10898.7      3.74563e+7 
        10915.6      3.61855e+7 
        10927.1      3.50523e+7 
        10937.4      3.36279e+7 
        10951.4      3.49791e+7 
        10962.4      3.57416e+7 
        10973.4      3.62976e+7 
        10984.3      3.66721e+7 
        10995.3      3.69216e+7 
        11006.3      3.70661e+7 
        11017.2      3.71409e+7 
        11028.2      3.71544e+7 
        11039.2      3.71352e+7 
        11061.1       3.7019e+7 
          11083      3.68367e+7 
        11126.9        3.639e+7 
        11170.7      3.58874e+7 
          11256      3.48742e+7 
        11275.6      3.46414e+7 
        11295.3      3.44096e+7 
        11334.5      3.39502e+7 
          11413      3.30511e+7 
        11491.5      3.21831e+7 
          11570      3.13384e+7 
        11648.5      3.05212e+7 
          11727      2.97304e+7 
        11805.5      2.89651e+7 
          11884      2.82242e+7 
        11962.5      2.75068e+7 
          12041      2.68097e+7 
        12119.5      2.61361e+7 
          12198      2.54831e+7 
        12268.5      2.49139e+7 
        12284.6      2.47852e+7 
        12300.8      2.46573e+7 
        12333.2      2.44036e+7 
        12397.9      2.39046e+7 
        12462.6      2.34148e+7 
        12527.3      2.29305e+7 
          12592      2.24431e+7 
        12624.4      2.21915e+7 
        12656.8      2.19253e+7 
        12689.1       2.1629e+7 
        12705.3      2.14588e+7 
        12721.5      2.12629e+7 
        12737.7      2.10291e+7 
        12753.8      2.07333e+7 
          12770      2.03411e+7 
        12786.2      1.98058e+7 
        12802.4       1.9065e+7 
        12814.1      1.83385e+7 
        12824.9      1.84714e+7 
        12836.7      1.90078e+7 
        12848.5      1.93959e+7 
        12864.2      1.97364e+7 
        12879.9      1.99315e+7 
        12903.4       2.0049e+7 
        12919.1      2.00583e+7 
        12934.8      2.00354e+7 
        12966.2      1.99328e+7 
        12997.6       1.9792e+7 
        13060.4      1.94656e+7 
        13123.1      1.91213e+7 
        13185.9      1.87753e+7 
        13248.7      1.84332e+7 
        13308.4      1.81136e+7 
          13368         1.78e+7 
        13427.6      1.74927e+7 
        13487.3      1.71917e+7 
        13546.9       1.6897e+7 
        13606.6      1.66085e+7 
        13666.2      1.63267e+7 
        13725.9      1.60501e+7 
        13785.5      1.57793e+7 
        13845.2      1.55142e+7 
        13904.8      1.52546e+7 
        13964.4      1.50004e+7 
        14024.1      1.47514e+7 
        14083.7      1.45077e+7 
        14143.4      1.42689e+7 
          14203       1.4035e+7 
        14262.7      1.38059e+7 
        14312.6      1.36179e+7 
        14323.5      1.35771e+7 
        14351.6      1.34731e+7 
        14390.6      1.33302e+7 
        14457.6      1.30889e+7 
        14524.7      1.28531e+7 
        14581.2      1.26585e+7 
        14597.2      1.26041e+7 
        14613.2        1.255e+7 
        14645.2      1.24427e+7 
        14709.2      1.22314e+7 
        14773.2      1.20246e+7 
        14837.1      1.18221e+7 
        14901.1      1.16239e+7 
        14965.1      1.14298e+7 
        15029.1      1.12397e+7 
        15093.1      1.10536e+7 
        15157.1      1.08713e+7 
          15221      1.06928e+7 
          15285      1.05179e+7 
          15349      1.03466e+7 
          15413      1.01787e+7 
        15471.6       1.0028e+7 
        15482.4      1.00005e+7 
        15493.1       9.9733e+6 
        15514.7       9.9192e+6 
        15557.9      9.81207e+6 
        15644.2      9.60215e+6 
        15730.5      9.39779e+6 
        15816.8      9.19887e+6 
        15903.1      9.00516e+6 
        15989.4      8.81653e+6 
        16075.8      8.63281e+6 
        16162.1      8.45387e+6 
        16248.4      8.27954e+6 
        16289.9      8.19733e+6 
        16334.7      8.10968e+6 
        16379.5      8.02322e+6 
        16469.1      7.85461e+6 
        16558.8      7.69043e+6 
        16648.4      7.53052e+6 
          16738      7.37473e+6 
        16827.7      7.22293e+6 
        16917.3      7.07506e+6 
        17006.9      6.93092e+6 
        17096.6      6.79043e+6 
        17186.2      6.65348e+6 
        17275.8      6.51997e+6 
        17327.7      6.44425e+6 
        17365.5      6.38978e+6 
        17403.2      6.33587e+6 
        17478.8      6.22934e+6 
        17554.3      6.12501e+6 
        17629.9      6.02284e+6 
        17705.4      5.92278e+6 
          17781      5.82483e+6 
        17856.5      5.72885e+6 
        17932.1      5.63485e+6 
        18007.6      5.54183e+6 
        18083.2      5.45135e+6 
        18158.7      5.36257e+6 
        18234.3      5.27539e+6 
        18309.8       5.1896e+6 
        18343.7      5.15143e+6 
        18385.3      5.10484e+6 
          18427      5.05828e+6 
        18510.2      4.96359e+6 
        18551.8       4.9137e+6 
        18593.4      4.85916e+6 
        18614.2      4.82835e+6 
          18635      4.79319e+6 
        18655.8      4.75065e+6 
        18676.6      4.69596e+6 
          18687      4.66159e+6 
        18697.4      4.62084e+6 
        18707.8      4.57196e+6 
        18718.2      4.51412e+6 
        18728.6      4.44432e+6 
          18739      4.36047e+6 
        18749.2      4.16252e+6 
        18761.7      4.32833e+6 
        18773.8      4.40464e+6 
          18786      4.46131e+6 
        18798.1      4.50222e+6 
        18810.2      4.53074e+6 
        18822.3      4.54943e+6 
        18834.4      4.56049e+6 
        18858.7      4.56753e+6 
        18882.9      4.56203e+6 
        18907.2      4.54991e+6 
        18955.6      4.51598e+6 
        19004.1      4.47633e+6 
        19101.1      4.39204e+6 
        19198.1      4.30697e+6 
          19295      4.22309e+6 
        19333.3      4.19041e+6 
          19392      4.14087e+6 
        19450.7      4.09202e+6 
        19509.4      4.04376e+6 
          19568      3.99658e+6 
        19626.7      3.94958e+6 
        19685.4       3.9033e+6 
        19744.1      3.85769e+6 
        19802.8      3.81273e+6 
        19861.5      3.76843e+6 
        19920.1       3.7248e+6 
        19978.8      3.68176e+6 
        20037.5      3.63935e+6 
        20096.2      3.59753e+6 
        20154.9      3.55635e+6 
        20213.6      3.51572e+6 
        20272.2       3.4757e+6 
        20330.9      3.43621e+6 
        20389.6      3.39732e+6 
        20422.2      3.37596e+6 
        20448.3      3.35896e+6 
        20474.4      3.34206e+6 
        20526.6      3.30857e+6 
        20578.8      3.27552e+6 
          20631      3.24288e+6 
        20683.2      3.21064e+6 
        20735.4      3.17879e+6 
        20787.6      3.14734e+6 
        20839.8      3.11629e+6 
          20892      3.08562e+6 
        20944.2      3.05532e+6 
        20996.4      3.02539e+6 
        21048.6      2.99582e+6 
        21100.8      2.96662e+6 
          21153      2.93777e+6 
        21205.2      2.90927e+6 
        21257.4      2.88111e+6 
        21309.6      2.85329e+6 
        21361.8      2.82582e+6 
          21414      2.79867e+6 
        21466.2      2.77184e+6 
        21518.4      2.74533e+6 
        21570.6      2.71914e+6 
          21615      2.69711e+6 
        21630.6      2.68943e+6 
        21646.2      2.68177e+6 
        21677.4      2.66654e+6 
        21739.7       2.6364e+6 
        21802.1      2.60668e+6 
        21864.5      2.57738e+6 
        21926.8       2.5485e+6 
        21989.2      2.52001e+6 
        22051.5      2.49192e+6 
        22113.9      2.46423e+6 
        22176.2      2.43691e+6 
        22238.6      2.40998e+6 
          22301      2.38341e+6 
        22363.3      2.35721e+6 
        22425.7      2.33137e+6 
          22488      2.30588e+6 
        22550.4      2.28074e+6 
        22612.7      2.25594e+6 
        22675.1      2.23147e+6 
        22688.1      2.22643e+6 
        22737.4      2.20734e+6 
        22784.8      2.18922e+6 
        22800.8      2.18314e+6 
        22816.8      2.17709e+6 
        22848.8      2.16504e+6 
        22912.8       2.1412e+6 
        22976.8      2.11768e+6 
        23040.8      2.09449e+6 
        23104.8      2.07161e+6 
        23168.7      2.04905e+6 
        23232.7      2.02679e+6 
        23296.7      2.00483e+6 
        23360.7      1.98317e+6 
        23424.7      1.96181e+6 
        23488.6      1.94072e+6 
        23552.6      1.91992e+6 
        23616.6       1.8994e+6 
        23680.6      1.87915e+6 
        23744.6      1.85917e+6 
        23808.6      1.83946e+6 
        23872.5         1.82e+6 
        23936.5      1.80081e+6 
        24000.5      1.78186e+6 
        24064.5      1.76317e+6 
        24128.5      1.74471e+6 
        24192.5       1.7265e+6 
        24256.4      1.70853e+6 
        24320.4      1.69079e+6 
        24384.4      1.67328e+6 
        24448.4      1.65599e+6 
        24512.4      1.63893e+6 
        24576.3      1.62208e+6 
        24640.3      1.60545e+6 
        24704.3      1.58904e+6 
        24768.3      1.57284e+6 
        24832.3      1.55684e+6 
        24896.3      1.54104e+6 
        24960.2      1.52544e+6 
        25004.4      1.51478e+6 
        25024.2      1.51004e+6 
          25044      1.50532e+6 
        25083.6      1.49594e+6 
        25162.8       1.4774e+6 
        25241.9      1.45915e+6 
        25321.1      1.44119e+6 
        25400.2      1.42349e+6 
        25479.4      1.40607e+6 
        25558.5      1.38892e+6 
        25637.7      1.37202e+6 
        25716.9      1.35538e+6 
          25796        1.339e+6 
        25875.2      1.32286e+6 
        25954.3      1.30696e+6 
        26033.5       1.2913e+6 
        26112.7      1.27587e+6 
        26191.8      1.26067e+6 
          26271       1.2457e+6 
        26350.1      1.23095e+6 
        26429.3      1.21642e+6 
        26508.4      1.20211e+6 
        26587.6        1.188e+6 
        26666.8      1.17409e+6 
        26745.9       1.1604e+6 
        26825.1       1.1469e+6 
        26904.2      1.13359e+6 
        26983.4      1.12048e+6 
        27062.6      1.10756e+6 
        27141.7      1.09482e+6 
        27220.9      1.08227e+6 
        27299.2      1.07002e+6 
        27377.5      1.05796e+6 
        27455.8      1.04606e+6 
        27534.2      1.03433e+6 
        27612.5      1.02276e+6 
        27690.8      1.01136e+6 
        27769.1      1.00011e+6 
        27847.5          989020 
        27925.8          978085 
        28004.1          967296 
        28082.4          956659 
        28160.8          946166 
        28239.1          935818 
        28317.4          925607 
        28395.7          915539 
          28474          905605 
        28552.4          895806 
        28630.7          886140 
          28709          876605 
        28787.3          867196 
        28865.7          857912 
          28944          848755 
        29022.3          839716 
        29100.6          830800 
          29179          822001 
        29257.3          813317 
        29335.6          804750 
        29413.9          796293 
        29492.3          787949 
        29570.6          779712 
        29648.9          771581 
        29727.2          763558 
        29805.5          755641 
        29883.9          747822 
        29932.6          743009 
        29962.2          740106 
        29991.8          737216 
