# Koester WD models
# teff = 35000 K (value for the effective temperature for the model. Temperatures are given in K)
# logg = 8.5 log(cm/s2) (value for Log(G) for the model.)
#
# column 1: WAVELENGTH (ANGSTROM), Wavelength in Angstrom
# column 2: FLUX (ERG/CM2/S/A), Flux in erg/cm2/s/A
         899.23     1.48965e+10 
        909.241     1.49092e+10 
        919.251      1.4999e+10 
        929.261      1.3998e+10 
        939.271     2.22521e+10 
         949.28     1.00936e+10 
        959.281      6.0595e+10 
        969.297     2.33654e+10 
        979.305     5.48538e+10 
        989.312     9.52873e+10 
        999.319     1.05458e+11 
        1009.33     8.96472e+10 
        1019.33     4.03497e+10 
        1029.34     3.18828e+10 
        1039.34     8.46587e+10 
        1049.35     1.12954e+11 
        1059.36     1.22843e+11 
        1069.36     1.25035e+11 
        1079.36     1.24186e+11 
        1089.37     1.22055e+11 
        1099.37     1.19349e+11 
        1109.38     1.16376e+11 
        1119.38      1.1327e+11 
        1129.38     1.10082e+11 
        1139.39      1.0681e+11 
        1149.39       1.034e+11 
        1159.39     9.97126e+10 
        1169.39     9.54281e+10 
         1179.4     8.97842e+10 
         1189.4     8.08256e+10 
         1199.4     6.36766e+10 
         1209.4     3.21143e+10 
        1219.41     2.68225e+10 
        1229.41     5.74252e+10 
        1239.41     7.12058e+10 
        1249.41     7.54504e+10 
        1259.41     7.61082e+10 
        1269.41     7.54146e+10 
        1279.42     7.41724e+10 
        1289.42     7.26971e+10 
        1299.42     7.11275e+10 
        1309.42     6.95288e+10 
        1319.42     6.79344e+10 
        1329.42     6.63605e+10 
        1339.42     6.48155e+10 
        1349.42     6.33059e+10 
        1359.42     6.18335e+10 
        1369.42      6.0399e+10 
        1379.42     5.90023e+10 
        1389.42     5.76429e+10 
        1399.42     5.63209e+10 
        1409.42     5.50357e+10 
        1419.42     5.37872e+10 
        1429.42     5.25733e+10 
        1439.42      5.1393e+10 
        1454.42     4.96843e+10 
        1464.42     4.85844e+10 
        1474.42     4.75153e+10 
        1489.42     4.59672e+10 
        1504.42     4.44824e+10 
        1514.42     4.35265e+10 
        1529.42     4.21407e+10 
        1544.42     4.08102e+10 
        1559.42     3.95322e+10 
        1570.19      3.8646e+10 
        1584.41     3.75138e+10 
        1599.41     3.63655e+10 
        1614.41     3.52603e+10 
        1629.41     3.41975e+10 
        1644.41     3.31755e+10 
        1659.41     3.21919e+10 
        1670.17     3.15089e+10 
         1684.4     3.06342e+10 
         1699.4     2.97461e+10 
         1714.4     2.88903e+10 
         1729.4     2.80651e+10 
         1744.4     2.72694e+10 
        1759.39     2.65021e+10 
         1771.7      2.5893e+10 
        1784.39     2.52834e+10 
        1799.39     2.45864e+10 
           1824     2.34942e+10 
        1834.77     2.30355e+10 
        1845.54     2.25884e+10 
           1864     2.18468e+10 
        1876.29     2.13703e+10 
        1888.59      2.0907e+10 
        1906.98     2.02373e+10 
        1919.37     1.98014e+10 
        1931.76     1.93778e+10 
        1944.47     1.89547e+10 
        1956.53     1.85642e+10 
         1967.6     1.82145e+10 
        1992.71     1.74526e+10 
        2017.81     1.67303e+10 
        2042.92     1.60459e+10 
        2067.03     1.54213e+10 
        2091.15     1.48275e+10 
        2114.28     1.42849e+10 
        2126.36     1.40114e+10 
        2145.92     1.35826e+10 
        2165.47     1.31703e+10 
        2194.48     1.25875e+10 
        2204.59     1.23921e+10 
         2214.7     1.22005e+10 
        2234.91     1.18287e+10 
        2263.91     1.13196e+10 
        2292.92     1.08381e+10 
        2313.13     1.05177e+10 
        2344.77     1.00402e+10 
        2362.35      9.78653e+9 
        2379.94      9.54099e+9 
        2409.27      9.14825e+9 
        2432.73      8.84886e+9 
        2451.59      8.61704e+9 
        2466.76      8.43618e+9 
        2488.39      8.18652e+9 
        2510.01      7.94609e+9 
         2547.3      7.55214e+9 
        2559.23      7.43122e+9 
        2571.17      7.31284e+9 
        2595.04      7.08313e+9 
        2618.91      6.86237e+9 
        2642.78      6.65019e+9 
        2657.67      6.52198e+9 
        2687.45      6.27495e+9 
        2717.24      6.03952e+9 
        2737.93      5.88244e+9 
        2756.11      5.74867e+9 
        2774.29      5.61877e+9 
        2810.65      5.36986e+9 
        2839.47      5.18234e+9 
        2854.55      5.08746e+9 
        2869.63      4.99485e+9 
        2899.79      4.81587e+9 
        2926.39      4.66464e+9 
        2952.93      4.51959e+9 
        2965.73      4.45176e+9 
        2978.53      4.38519e+9 
        3004.12      4.25576e+9 
        3051.42       4.0289e+9 
        3098.72      3.81716e+9 
        3142.18      3.63473e+9 
        3157.53      3.57296e+9 
        3172.87      3.51252e+9 
        3203.56      3.39543e+9 
        3248.29      3.23336e+9 
        3293.03      3.08097e+9 
        3328.79      2.96555e+9 
        3346.73      2.90968e+9 
        3364.67      2.85516e+9 
        3400.55      2.74991e+9 
        3445.17      2.62573e+9 
        3489.78      2.50853e+9 
        3525.18      2.42015e+9 
         3543.6      2.37569e+9 
        3562.02      2.33228e+9 
        3591.28      2.26532e+9 
        3635.88      2.16778e+9 
        3647.12      2.14405e+9 
        3658.96      2.11939e+9 
        3671.11      2.09433e+9 
        3682.58      2.07109e+9 
         3693.5      2.04925e+9 
        3703.57      2.02934e+9 
        3713.83      2.00928e+9 
        3724.38      1.98891e+9 
        3734.43      1.96971e+9 
        3744.62      1.95052e+9 
        3754.84      1.93155e+9 
        3765.07      1.91267e+9 
         3775.5      1.89396e+9 
        3786.22      1.87492e+9 
        3796.45      1.85559e+9 
        3807.84      1.83859e+9 
        3818.92      1.81957e+9 
        3830.45      1.79475e+9 
        3840.76       1.7806e+9 
        3851.98      1.77226e+9 
        3862.01      1.75737e+9 
        3872.59      1.73117e+9 
         3884.4      1.69036e+9 
        3894.46      1.68155e+9 
        3908.89      1.69784e+9 
        3923.89      1.69191e+9 
        3935.81      1.66779e+9 
        3946.58      1.62667e+9 
        3957.31      1.56465e+9 
        3967.38      1.49549e+9 
        3977.86       1.5151e+9 
        3988.87      1.56587e+9 
        4003.87      1.60446e+9 
        4018.86       1.6105e+9 
        4032.38      1.59893e+9 
        4043.86      1.57915e+9 
        4058.85      1.53188e+9 
        4073.85      1.45043e+9 
        4085.65      1.35915e+9 
        4096.31      1.24639e+9 
        4106.79      1.23284e+9 
        4117.77       1.3258e+9 
        4128.84      1.38825e+9 
        4143.83      1.44016e+9 
        4158.83      1.46066e+9 
        4173.82      1.46075e+9 
        4188.82      1.45191e+9 
        4203.81       1.4384e+9 
        4216.52      1.42482e+9 
        4228.81      1.40994e+9 
        4243.81      1.38882e+9 
         4258.8      1.36251e+9 
         4273.8       1.3269e+9 
        4288.79      1.27787e+9 
        4303.79      1.21074e+9 
        4314.07      1.14904e+9 
        4326.14      1.05238e+9 
        4336.17      9.43458e+8 
        4346.17      9.51475e+8 
        4357.43      1.04912e+9 
        4367.98      1.10812e+9 
        4378.77      1.14813e+9 
        4393.77      1.18055e+9 
        4408.76      1.19463e+9 
        4423.76      1.19686e+9 
        4438.75      1.19112e+9 
        4453.75      1.18143e+9 
        4468.74      1.16979e+9 
        4483.74      1.15723e+9 
        4498.74       1.1443e+9 
        4513.73      1.13118e+9 
        4527.19      1.11937e+9 
        4538.73      1.10924e+9 
        4553.72      1.09614e+9 
        4568.72      1.08311e+9 
        4583.72      1.07018e+9 
        4596.53      1.05922e+9 
        4608.71       1.0489e+9 
         4623.7      1.03624e+9 
         4638.7      1.02366e+9 
         4653.7      1.01116e+9 
        4668.69      9.98665e+8 
        4683.69      9.86086e+8 
        4698.68      9.73313e+8 
        4713.68      9.60134e+8 
        4724.83       9.4993e+8 
        4738.67      9.36506e+8 
        4753.67      9.20826e+8 
        4768.67      9.03312e+8 
        4783.66      8.82376e+8 
        4798.66      8.56197e+8 
        4813.65      8.21743e+8 
        4828.65      7.75197e+8 
        4839.16      7.30273e+8 
        4851.78      6.55339e+8 
        4861.84      5.77167e+8 
        4872.13      6.54761e+8 
        4882.71      7.04951e+8 
        4893.63       7.3906e+8 
        4903.92      7.59524e+8 
        4915.55      7.74208e+8 
        4928.62      7.82882e+8 
        4943.62      7.86281e+8 
        4958.61       7.8499e+8 
        4973.61      7.80975e+8 
        4988.61      7.75411e+8 
         5003.6      7.68917e+8 
         5018.6      7.61733e+8 
         5033.6      7.54171e+8 
        5048.59      7.46392e+8 
        5063.59      7.38538e+8 
        5078.58      7.30659e+8 
        5093.58      7.22818e+8 
        5108.57      7.15033e+8 
        5123.57       7.0732e+8 
        5138.57      6.99686e+8 
        5153.56      6.92134e+8 
        5168.56      6.84666e+8 
        5183.56      6.77293e+8 
        5198.55      6.70007e+8 
        5213.55      6.62813e+8 
        5228.54       6.5571e+8 
        5243.54      6.48695e+8 
        5258.53      6.41771e+8 
        5273.53      6.34935e+8 
        5288.53      6.28187e+8 
        5303.52      6.21526e+8 
        5318.52      6.14951e+8 
        5333.52      6.08461e+8 
        5348.51      6.02055e+8 
        5363.51      5.95809e+8 
         5378.5      5.89558e+8 
         5393.5      5.83391e+8 
        5408.49      5.77305e+8 
        5423.49      5.71295e+8 
        5438.49      5.65364e+8 
        5453.48      5.59511e+8 
        5468.48      5.53734e+8 
        5483.48      5.48029e+8 
        5498.47      5.42396e+8 
        5513.47      5.36835e+8 
        5528.46      5.31347e+8 
        5543.46      5.25928e+8 
        5558.45      5.20578e+8 
        5573.45      5.15297e+8 
        5588.45      5.10082e+8 
        5603.44      5.04929e+8 
        5618.44      4.99846e+8 
        5633.43      4.94823e+8 
        5648.43      4.89865e+8 
        5663.43      4.84968e+8 
        5673.98      4.81638e+8 
         5686.2      4.77723e+8 
        5698.42       4.7385e+8 
        5708.88       4.7056e+8 
        5723.41      4.66046e+8 
        5738.41       4.6144e+8 
         5753.4      4.56891e+8 
         5768.4      4.52352e+8 
        5783.39      4.47913e+8 
        5798.39       4.4353e+8 
        5813.39      4.39198e+8 
        5828.38      4.34922e+8 
        5843.38      4.30694e+8 
        5858.37      4.26518e+8 
        5873.37      4.22393e+8 
        5888.37      4.18319e+8 
        5903.36      4.14291e+8 
        5918.36      4.10314e+8 
        5933.35      4.06381e+8 
        5948.35      4.02495e+8 
        5963.35      3.98656e+8 
        5978.34       3.9486e+8 
        5993.34      3.91109e+8 
        6008.33      3.87405e+8 
        6023.33      3.83742e+8 
        6038.32       3.8012e+8 
        6053.32      3.76542e+8 
        6068.32      3.73001e+8 
        6083.31      3.69502e+8 
        6098.31      3.66043e+8 
        6113.31      3.62618e+8 
         6128.3      3.59235e+8 
         6143.3      3.55886e+8 
        6158.29      3.52572e+8 
        6173.29      3.49295e+8 
        6188.28       3.4605e+8 
        6203.28      3.42836e+8 
        6218.28      3.39653e+8 
        6233.27      3.36496e+8 
        6244.38      3.34174e+8 
        6256.04      3.31758e+8 
        6266.59      3.29591e+8 
        6278.26      3.27203e+8 
        6290.52      3.24709e+8 
        6302.31      3.22327e+8 
        6312.59      3.20257e+8 
        6323.25      3.18118e+8 
        6338.24      3.15117e+8 
        6353.24      3.12116e+8 
        6368.24      3.09106e+8 
        6383.23      3.06078e+8 
        6398.23      3.03005e+8 
        6413.22      2.99856e+8 
        6428.22      2.96586e+8 
        6443.22      2.93112e+8 
        6458.21      2.89301e+8 
        6473.21      2.84977e+8 
         6488.2      2.79852e+8 
         6503.2      2.73472e+8 
         6518.2       2.6491e+8 
        6532.67      2.53169e+8 
        6543.19      2.41189e+8 
        6554.43       2.2338e+8 
        6564.44      2.07681e+8 
        6574.47      2.26493e+8 
        6586.28      2.39846e+8 
        6598.17      2.48107e+8 
         6608.5      2.52496e+8 
        6618.82      2.55153e+8 
         6634.3      2.57015e+8 
        6644.62      2.57351e+8 
        6654.94      2.57224e+8 
        6665.26       2.5675e+8 
        6675.58      2.56023e+8 
        6696.23      2.54074e+8 
        6711.48      2.52373e+8 
        6741.98      2.48652e+8 
        6781.19      2.43616e+8 
        6802.98      2.40785e+8 
        6824.78      2.37959e+8 
        6868.37      2.32369e+8 
        6955.56      2.21557e+8 
        6976.35      2.19056e+8 
        7042.75      2.11286e+8 
        7109.15       2.0384e+8 
        7175.54      1.96716e+8 
        7241.94      1.89896e+8 
        7308.33      1.83368e+8 
        7355.95      1.78857e+8 
        7374.73      1.77123e+8 
        7393.51      1.75402e+8 
        7431.08      1.72023e+8 
        7506.22      1.65506e+8 
        7581.35      1.59294e+8 
         7635.1      1.55029e+8 
        7656.49      1.53371e+8 
        7677.88      1.51735e+8 
        7720.67      1.48529e+8 
        7806.23      1.42367e+8 
        7821.36      1.41311e+8 
         7891.8       1.3652e+8 
        7962.25       1.3193e+8 
        7982.84      1.30625e+8 
        8032.69      1.27532e+8 
        8082.55      1.24529e+8 
        8161.68      1.19943e+8 
        8182.26      1.18784e+8 
        8200.85       1.1775e+8 
        8216.85      1.16869e+8 
        8232.84      1.15997e+8 
        8264.83      1.14276e+8 
        8289.72       1.1296e+8 
        8328.82      1.10929e+8 
        8343.44      1.10181e+8 
        8367.92      1.08944e+8 
        8388.68      1.07907e+8 
        8408.65      1.06923e+8 
        8432.02      1.05784e+8 
        8467.25      1.04096e+8 
        8502.48      1.02442e+8 
        8516.58      1.01789e+8 
        8530.98      1.01127e+8 
        8545.38      1.00473e+8 
        8574.18      9.91795e+7 
        8598.39      9.81088e+7 
         8628.6      9.67931e+7 
        8646.81      9.60096e+7 
        8665.01      9.52342e+7 
        8685.59      9.43681e+7 
        8701.43      9.37074e+7 
        8750.47      9.16868e+7 
        8767.92      9.09849e+7 
        8815.35       8.9104e+7 
        8862.78      8.72876e+7 
        8900.38      8.58993e+7 
        8957.65      8.37856e+7 
        9014.91      8.17147e+7 
        9044.62      8.07169e+7 
        9072.17      7.98034e+7 
        9099.72      7.88844e+7 
        9154.81      7.70469e+7 
         9190.8      7.58211e+7 
         9209.9      7.51739e+7 
        9229.01       7.4556e+7 
        9267.22      7.34655e+7 
         9303.2      7.25036e+7 
        9343.64      7.13811e+7 
        9384.08      7.02093e+7 
        9424.52      6.89843e+7 
        9464.96      6.76844e+7 
         9505.4      6.62951e+7 
        9545.72      6.48249e+7 
        9561.21      6.45591e+7 
        9576.69      6.43615e+7 
        9607.66      6.38786e+7 
        9668.45      6.27285e+7 
        9729.24       6.1398e+7 
        9790.04      5.99771e+7 
        9850.83      5.84968e+7 
        9870.42      5.79828e+7 
        9911.62      5.68072e+7 
        9952.82      5.55101e+7 
        9994.02      5.40486e+7 
        10021.1      5.29886e+7 
        10035.2      5.24611e+7 
        10049.4       5.2135e+7 
        10063.5      5.19101e+7 
        10077.7      5.18806e+7 
        10091.8      5.18774e+7 
        10120.1      5.18086e+7 
        10148.4      5.16173e+7 
        10176.7      5.13434e+7 
        10229.4      5.06817e+7 
          10245      5.04427e+7 
        10260.6      5.02005e+7 
        10291.9      4.96896e+7 
        10354.5      4.86177e+7 
          10417      4.75376e+7 
        10479.6      4.64117e+7 
        10542.2      4.53395e+7 
        10604.7      4.42829e+7 
        10667.3      4.31812e+7 
        10729.8      4.19858e+7 
        10761.1      4.13418e+7 
        10792.4       4.0633e+7 
        10823.7      3.98593e+7 
          10855      3.89793e+7 
        10886.2       3.7946e+7 
        10896.9      3.75511e+7 
        10907.2      3.71515e+7 
        10917.5      3.67249e+7 
        10927.8      3.62351e+7 
        10938.1      3.55525e+7 
        10948.4      3.59803e+7 
        10967.7      3.63517e+7 
        10988.2       3.6598e+7 
        11008.8      3.67522e+7 
        11029.4      3.68063e+7 
        11049.9      3.68126e+7 
        11070.5      3.67519e+7 
        11091.1      3.66684e+7 
        11132.2      3.63859e+7 
        11173.3      3.60369e+7 
        11214.5      3.56247e+7 
        11250.3      3.52377e+7 
        11260.9      3.51211e+7 
        11271.5      3.50027e+7 
        11292.6      3.47642e+7 
        11334.9      3.42836e+7 
        11419.5      3.33276e+7 
          11504      3.24109e+7 
        11588.6      3.14976e+7 
        11673.2      3.06163e+7 
        11757.7      2.97654e+7 
        11842.3      2.89438e+7 
        11926.9      2.81503e+7 
        12011.4      2.73838e+7 
          12096      2.66261e+7 
        12180.6      2.59041e+7 
        12245.7      2.53621e+7 
        12265.1      2.52017e+7 
        12284.6      2.50422e+7 
        12323.6      2.47246e+7 
        12401.5      2.40937e+7 
        12479.4      2.34566e+7 
        12557.4       2.2789e+7 
        12596.3      2.24249e+7 
        12635.3      2.20259e+7 
        12674.3      2.15692e+7 
        12693.7      2.13049e+7 
        12713.2      2.10201e+7 
        12732.7      2.06874e+7 
        12752.2      2.03098e+7 
        12764.2        2.004e+7 
        12777.7       1.9713e+7 
        12791.1      1.93488e+7 
        12801.2      1.90574e+7 
        12811.3      1.88171e+7 
        12822.8      1.87629e+7 
        12837.2      1.89169e+7 
          12850      1.91293e+7 
        12862.8        1.931e+7 
        12875.6      1.94466e+7 
        12888.4       1.9569e+7 
        12901.2      1.96516e+7 
          12914      1.97141e+7 
        12939.6       1.9776e+7 
        12965.2      1.97846e+7 
        12990.8      1.97506e+7 
        13016.4      1.96834e+7 
        13067.5      1.95012e+7 
        13118.7      1.92702e+7 
        13169.9      1.90177e+7 
        13221.1      1.87548e+7 
        13236.2       1.8676e+7 
        13272.3      1.84875e+7 
        13308.4      1.82988e+7 
        13380.5      1.79239e+7 
        13452.6      1.75547e+7 
        13524.7      1.71933e+7 
        13596.8      1.68401e+7 
        13668.9      1.64994e+7 
          13741      1.61621e+7 
        13813.2      1.58333e+7 
        13885.3      1.55128e+7 
        13957.4      1.52004e+7 
        14029.5      1.48958e+7 
        14101.6      1.45988e+7 
        14173.7      1.43091e+7 
        14245.9      1.40266e+7 
        14303.9      1.38043e+7 
          14318       1.3751e+7 
        14332.1      1.36979e+7 
        14360.3      1.35924e+7 
        14375.6      1.35354e+7 
        14416.6      1.33846e+7 
        14457.6      1.32358e+7 
        14496.1       1.3098e+7 
        14539.7      1.29444e+7 
        14581.2      1.27999e+7 
        14597.2      1.27448e+7 
        14613.2        1.269e+7 
        14645.2      1.25813e+7 
        14709.2      1.23673e+7 
        14773.2      1.21578e+7 
        14837.1      1.19528e+7 
        14901.1      1.17521e+7 
        14965.1      1.15555e+7 
        15029.1      1.13631e+7 
        15093.1      1.11746e+7 
        15157.1        1.099e+7 
          15221      1.08092e+7 
          15285      1.06322e+7 
          15349      1.04587e+7 
          15413      1.02887e+7 
        15471.6      1.01361e+7 
        15482.4      1.01083e+7 
        15493.1      1.00806e+7 
        15514.7      1.00256e+7 
        15557.9      9.91656e+6 
        15644.2      9.70297e+6 
        15730.5      9.49506e+6 
        15816.8      9.29267e+6 
        15903.1       9.0957e+6 
        15989.4      8.90387e+6 
        16075.8      8.71707e+6 
        16162.1      8.53517e+6 
        16248.4      8.35799e+6 
        16289.9      8.27442e+6 
        16334.7      8.18536e+6 
        16379.5      8.09749e+6 
        16469.1       7.9258e+6 
        16558.8       7.7586e+6 
        16648.4      7.59581e+6 
          16738      7.43725e+6 
        16827.7      7.28284e+6 
        16917.3      7.13239e+6 
        17006.9       6.9858e+6 
        17096.6      6.84299e+6 
        17186.2      6.70378e+6 
        17275.8       6.5681e+6 
        17327.7      6.49116e+6 
        17365.5      6.43584e+6 
        17403.2      6.38111e+6 
        17478.8       6.2737e+6 
        17554.3      6.16855e+6 
        17629.9      6.06557e+6 
        17705.4      5.96475e+6 
          17781      5.86601e+6 
        17856.5      5.76931e+6 
        17932.1       5.6746e+6 
        18007.6      5.57702e+6 
        18083.2      5.48484e+6 
        18158.7      5.39396e+6 
        18234.3      5.30427e+6 
        18309.8      5.21442e+6 
        18343.7      5.17373e+6 
        18385.3      5.12325e+6 
          18427       5.0715e+6 
        18468.6       5.0175e+6 
        18510.2       4.9597e+6 
        18551.8      4.89539e+6 
        18593.4      4.82096e+6 
        18614.2      4.77755e+6 
          18635      4.72873e+6 
        18655.8      4.67252e+6 
        18676.6      4.60793e+6 
        18697.4      4.53222e+6 
          18710      4.48076e+6 
        18726.4      4.40329e+6 
        18738.8      4.33254e+6 
        18749.1      4.18737e+6 
        18761.5       4.3004e+6 
        18777.5      4.36392e+6 
        18796.6      4.41642e+6 
        18809.4      4.44165e+6 
        18822.2      4.46401e+6 
        18847.8      4.49399e+6 
        18873.4      4.51023e+6 
          18899      4.51613e+6 
        18924.6      4.51422e+6 
        18950.2      4.50665e+6 
        18975.8       4.4954e+6 
        19001.4      4.48114e+6 
        19052.6      4.44683e+6 
        19103.8      4.40806e+6 
        19154.9      4.36697e+6 
        19206.1      4.32478e+6 
        19257.3      4.28209e+6 
        19308.5       4.2393e+6 
        19359.7       4.1966e+6 
        19371.1      4.18715e+6 
        19410.9      4.15416e+6 
        19450.7      4.12139e+6 
        19530.3      4.05649e+6 
        19609.9      3.99444e+6 
        19689.4      3.93126e+6 
          19769      3.86931e+6 
        19848.6      3.80855e+6 
        19928.2      3.74902e+6 
        20007.8      3.69062e+6 
        20087.4      3.63335e+6 
          20167      3.57721e+6 
        20246.6       3.5221e+6 
        20326.2       3.4681e+6 
        20337.1      3.46075e+6 
        20405.8       3.4151e+6 
        20474.4      3.37021e+6 
          20543      3.32597e+6 
        20611.7      3.28246e+6 
        20680.3      3.23967e+6 
        20748.9      3.19758e+6 
        20817.6      3.15617e+6 
        20886.2       3.1154e+6 
        20954.9      3.07531e+6 
        21023.5      3.03585e+6 
        21092.1      2.99703e+6 
        21160.8      2.95882e+6 
        21229.4      2.92122e+6 
          21298      2.88421e+6 
        21366.7      2.84778e+6 
        21435.3      2.81194e+6 
          21504      2.77665e+6 
        21514.6      2.77124e+6 
        21572.6      2.74191e+6 
        21630.6      2.71296e+6 
        21688.6      2.68437e+6 
        21746.7      2.65615e+6 
        21804.7       2.6283e+6 
        21862.7      2.60081e+6 
        21920.8      2.57369e+6 
        21978.8      2.54691e+6 
        22036.8      2.52048e+6 
        22094.8       2.4944e+6 
        22152.9      2.46865e+6 
        22210.9      2.44323e+6 
        22268.9      2.41813e+6 
        22326.9      2.39336e+6 
          22385       2.3689e+6 
          22443      2.34476e+6 
          22501      2.32092e+6 
        22559.1      2.29738e+6 
        22617.1      2.27414e+6 
        22675.1      2.25119e+6 
        22733.1      2.22854e+6 
        22784.8      2.20858e+6 
        22800.8      2.20245e+6 
        22816.8      2.19634e+6 
        22848.8      2.18419e+6 
        22912.8      2.16013e+6 
        22976.8       2.1364e+6 
        23040.8      2.11299e+6 
        23104.8       2.0899e+6 
        23168.7      2.06713e+6 
        23232.7      2.04466e+6 
        23296.7      2.02251e+6 
        23360.7      2.00064e+6 
        23424.7      1.97908e+6 
        23488.6       1.9578e+6 
        23552.6      1.93681e+6 
        23616.6       1.9161e+6 
        23680.6      1.89567e+6 
        23744.6       1.8755e+6 
        23808.6       1.8556e+6 
        23872.5      1.83597e+6 
        23936.5       1.8166e+6 
        24000.5      1.79747e+6 
        24064.5      1.77861e+6 
        24128.5      1.75998e+6 
        24192.5       1.7416e+6 
        24256.4      1.72346e+6 
        24320.4      1.70556e+6 
        24384.4      1.68788e+6 
        24448.4      1.67044e+6 
        24512.4      1.65322e+6 
        24576.3      1.63622e+6 
        24640.3      1.61943e+6 
        24704.3      1.60287e+6 
        24768.3      1.58651e+6 
        24832.3      1.57036e+6 
        24896.3      1.55442e+6 
        24960.2      1.53868e+6 
        25004.4      1.52792e+6 
        25024.2      1.52314e+6 
          25044      1.51837e+6 
        25083.6      1.50889e+6 
        25162.8      1.49016e+6 
        25241.9      1.47172e+6 
        25321.1      1.45356e+6 
        25400.2      1.43569e+6 
        25479.4      1.41808e+6 
        25558.5      1.40075e+6 
        25637.7      1.38368e+6 
        25716.9      1.36687e+6 
          25796      1.35031e+6 
        25875.2        1.334e+6 
        25954.3      1.31794e+6 
        26033.5      1.30211e+6 
        26112.7      1.28653e+6 
        26191.8      1.27118e+6 
          26271      1.25605e+6 
        26350.1      1.24115e+6 
        26429.3      1.22647e+6 
        26508.4      1.21201e+6 
        26587.6      1.19776e+6 
        26666.8      1.18371e+6 
        26745.9      1.16988e+6 
        26825.1      1.15624e+6 
        26904.2       1.1428e+6 
        26983.4      1.12956e+6 
        27062.6      1.11651e+6 
        27141.7      1.10364e+6 
        27220.9      1.09096e+6 
        27299.2      1.07859e+6 
        27377.5       1.0664e+6 
        27455.8      1.05438e+6 
        27534.2      1.04253e+6 
        27612.5      1.03085e+6 
        27690.8      1.01933e+6 
        27769.1      1.00797e+6 
        27847.5          996768 
        27925.8          985722 
        28004.1          974827 
        28082.4          964083 
        28160.8          953489 
        28239.1          943037 
        28317.4          932726 
        28395.7          922560 
          28474          912529 
        28552.4          902636 
        28630.7          892875 
          28709          883246 
        28787.3          873746 
        28865.7          864375 
          28944          855129 
        29022.3          846006 
        29100.6          837002 
          29179          828121 
        29257.3          819356 
        29335.6          810707 
        29413.9          802171 
        29492.3          793745 
        29570.6          785433 
        29648.9          777230 
        29727.2          769131 
        29805.5          761139 
        29883.9          753250 
        29932.6          748393 
        29962.2          745462 
        29991.8          742547 
