# Koester WD models
# teff = 35000 K (value for the effective temperature for the model. Temperatures are given in K)
# logg = 8.75 log(cm/s2) (value for Log(G) for the model.)
#
# column 1: WAVELENGTH (ANGSTROM), Wavelength in Angstrom
# column 2: FLUX (ERG/CM2/S/A), Flux in erg/cm2/s/A
         899.23     1.51235e+10 
        909.241     1.51325e+10 
        919.251     1.51703e+10 
        929.261     1.41055e+10 
        939.271     2.11451e+10 
         949.28     1.01037e+10 
        959.289     5.49066e+10 
        969.297     2.19018e+10 
        979.305     4.98825e+10 
        989.312     8.74393e+10 
        999.319     9.76721e+10 
        1009.33     8.24121e+10 
        1019.33     3.71255e+10 
        1029.34     2.95995e+10 
        1039.34     7.84204e+10 
        1049.35     1.08234e+11 
        1059.36     1.20368e+11 
        1069.36     1.23953e+11 
        1079.36     1.23865e+11 
        1089.37     1.22145e+11 
        1099.37     1.19656e+11 
        1109.38     1.16785e+11 
        1119.38     1.13705e+11 
        1129.38     1.10484e+11 
        1139.39     1.07121e+11 
        1149.39      1.0355e+11 
        1159.39      9.9597e+10 
        1169.39      9.4878e+10 
         1179.4     8.85056e+10 
         1189.4     7.84013e+10 
         1199.4     6.01577e+10 
         1209.4     3.00852e+10 
        1219.41     2.52848e+10 
        1229.41      5.4206e+10 
        1239.41     6.91502e+10 
        1249.41      7.4555e+10 
        1259.41     7.58701e+10 
        1269.41     7.55239e+10 
        1279.42     7.44696e+10 
        1289.42     7.30986e+10 
        1299.42     7.15875e+10 
        1309.42     7.00211e+10 
        1319.42     6.84437e+10 
        1329.42      6.6877e+10 
        1339.42     6.53332e+10 
        1349.42     6.38202e+10 
        1359.42     6.23418e+10 
        1369.42     6.08998e+10 
        1379.42     5.94942e+10 
        1389.42     5.81254e+10 
        1399.42     5.67934e+10 
        1409.42     5.54981e+10 
        1419.42     5.42396e+10 
        1429.42     5.30153e+10 
        1439.42      5.1825e+10 
        1454.42     5.01005e+10 
        1464.42     4.89909e+10 
        1474.42     4.79118e+10 
        1489.42     4.63492e+10 
        1504.42     4.48509e+10 
        1514.42     4.38862e+10 
        1529.42     4.24872e+10 
        1544.42     4.11442e+10 
        1559.42     3.98542e+10 
        1570.19     3.89598e+10 
        1584.41     3.78166e+10 
        1599.41     3.66574e+10 
        1614.41     3.55421e+10 
        1629.41     3.44696e+10 
        1644.41     3.34379e+10 
        1659.41     3.24451e+10 
        1670.17     3.17555e+10 
         1684.4     3.08729e+10 
         1699.4     2.99766e+10 
         1714.4      2.9113e+10 
         1729.4     2.82803e+10 
         1744.4     2.74773e+10 
        1759.39      2.6703e+10 
         1771.7     2.60884e+10 
        1784.39     2.54733e+10 
        1799.39     2.47699e+10 
           1824     2.36681e+10 
        1834.77     2.32053e+10 
        1845.54     2.27543e+10 
           1864     2.20062e+10 
        1876.29     2.15254e+10 
        1888.59     2.10581e+10 
        1906.98     2.03826e+10 
        1919.37      1.9943e+10 
        1931.76     1.95157e+10 
        1944.47      1.9089e+10 
        1956.53     1.86952e+10 
         1967.6     1.83425e+10 
        1992.71     1.75742e+10 
        2017.81     1.68458e+10 
        2042.92     1.61557e+10 
        2067.03     1.55259e+10 
        2091.15     1.49274e+10 
        2114.28     1.43804e+10 
        2126.36     1.41047e+10 
        2145.92     1.36724e+10 
        2165.47     1.32568e+10 
        2194.48     1.26694e+10 
        2204.59     1.24725e+10 
         2214.7     1.22794e+10 
        2234.91     1.19047e+10 
        2263.91     1.13917e+10 
        2292.92     1.09065e+10 
        2313.13     1.05837e+10 
        2344.77     1.01025e+10 
        2362.35      9.84701e+9 
        2379.94      9.59967e+9 
        2409.27      9.20405e+9 
        2432.73      8.90246e+9 
        2451.59      8.66897e+9 
        2466.76      8.48682e+9 
        2488.39      8.23537e+9 
        2510.01      7.99319e+9 
         2547.3      7.59647e+9 
        2559.23       7.4747e+9 
        2571.17      7.35551e+9 
        2595.04      7.12419e+9 
        2618.91      6.90192e+9 
        2642.78      6.68826e+9 
        2657.67      6.55917e+9 
        2687.45      6.31049e+9 
        2717.24      6.07348e+9 
        2737.93      5.91537e+9 
        2756.11      5.78066e+9 
        2774.29      5.64993e+9 
        2810.65      5.39936e+9 
        2839.47      5.21061e+9 
        2854.55      5.11514e+9 
        2869.63      5.02193e+9 
        2899.79      4.84179e+9 
        2926.39      4.68958e+9 
        2952.93      4.54362e+9 
        2965.73      4.47536e+9 
        2978.53      4.40838e+9 
        3004.12      4.27813e+9 
        3051.42      4.04986e+9 
        3098.72       3.8368e+9 
        3142.18      3.65326e+9 
        3157.53      3.59112e+9 
        3172.87      3.53033e+9 
        3203.56      3.41252e+9 
        3248.29      3.24951e+9 
        3293.03      3.09622e+9 
        3328.79      2.98013e+9 
        3346.73      2.92394e+9 
        3364.67      2.86911e+9 
        3400.55      2.76325e+9 
        3445.17      2.63837e+9 
        3489.78      2.52051e+9 
        3525.18      2.43164e+9 
         3543.6      2.38693e+9 
        3562.02      2.34328e+9 
        3591.28      2.27595e+9 
        3635.88      2.17786e+9 
        3647.12        2.154e+9 
        3658.96      2.12921e+9 
        3671.11      2.10401e+9 
        3682.58      2.08065e+9 
         3693.5       2.0587e+9 
        3703.57      2.03869e+9 
        3713.83      2.01853e+9 
        3724.38      1.99805e+9 
        3734.43      1.97876e+9 
        3744.62      1.95945e+9 
        3754.84      1.94034e+9 
        3765.07      1.92136e+9 
         3775.5      1.90242e+9 
        3786.22      1.88318e+9 
        3796.45      1.86429e+9 
        3807.84      1.84593e+9 
        3818.92      1.82668e+9 
        3830.45      1.80391e+9 
        3840.76      1.78858e+9 
        3851.98      1.77626e+9 
        3862.01      1.76052e+9 
        3872.59      1.73728e+9 
         3884.4      1.70451e+9 
        3894.46      1.69398e+9 
        3908.89      1.69811e+9 
        3923.89      1.68699e+9 
        3935.81      1.66358e+9 
        3946.58      1.62802e+9 
        3957.31      1.57742e+9 
        3967.38      1.52448e+9 
        3977.86      1.53556e+9 
        3988.87      1.57092e+9 
        4003.87      1.59816e+9 
        4018.86      1.60014e+9 
        4032.38      1.58721e+9 
        4043.86      1.56722e+9 
        4058.85      1.52087e+9 
        4073.85      1.44554e+9 
        4085.65      1.36387e+9 
        4096.31      1.26835e+9 
        4106.79      1.25549e+9 
        4117.77      1.33116e+9 
        4128.84      1.38524e+9 
        4143.83      1.43213e+9 
        4158.83      1.45253e+9 
        4173.82      1.45342e+9 
        4188.82      1.44552e+9 
        4203.81      1.43265e+9 
        4216.52      1.41936e+9 
        4228.81       1.4045e+9 
        4243.81      1.38286e+9 
         4258.8       1.3553e+9 
         4273.8      1.31746e+9 
        4288.79      1.26686e+9 
        4303.79      1.19917e+9 
        4314.07      1.13924e+9 
        4326.14      1.04891e+9 
        4336.17      9.52075e+8 
        4346.17      9.58026e+8 
        4357.43      1.04387e+9 
        4367.98      1.09866e+9 
        4378.77      1.13753e+9 
        4393.77      1.17167e+9 
        4408.76      1.18817e+9 
        4423.76      1.19329e+9 
        4438.75      1.18948e+9 
        4453.75      1.18104e+9 
        4468.74      1.17021e+9 
        4483.74      1.15821e+9 
        4498.74      1.14568e+9 
        4513.73      1.13286e+9 
        4527.19      1.12123e+9 
        4538.73      1.11124e+9 
        4553.72      1.09826e+9 
        4568.72      1.08532e+9 
        4583.72      1.07245e+9 
        4596.53      1.06151e+9 
        4608.71       1.0512e+9 
         4623.7      1.03852e+9 
         4638.7      1.02589e+9 
         4653.7      1.01328e+9 
        4668.69      1.00064e+9 
        4683.69      9.87858e+8 
        4698.68       9.7478e+8 
        4713.68      9.61148e+8 
        4724.83      9.50495e+8 
        4738.67      9.36327e+8 
        4753.67      9.19469e+8 
        4768.67      9.00566e+8 
        4783.66      8.77871e+8 
        4798.66      8.49647e+8 
        4813.65      8.13424e+8 
        4828.65      7.66206e+8 
        4839.16       7.2212e+8 
        4849.42      6.66322e+8 
        4859.47        5.916e+8 
        4870.86      6.42704e+8 
        4881.49      6.92438e+8 
        4892.34      7.27323e+8 
        4903.63      7.51013e+8 
        4915.55       7.6762e+8 
        4928.62      7.77987e+8 
        4943.62      7.83422e+8 
        4958.61      7.83667e+8 
        4973.61      7.80827e+8 
        4988.61       7.7614e+8 
         5003.6      7.70218e+8 
         5018.6      7.63426e+8 
         5033.6      7.56125e+8 
        5048.59      7.48513e+8 
        5063.59      7.40772e+8 
        5078.58      7.32974e+8 
        5093.58      7.25193e+8 
        5108.57      7.17446e+8 
        5123.57      7.09755e+8 
        5138.57      7.02133e+8 
        5153.56      6.94584e+8 
        5168.56       6.8712e+8 
        5183.56      6.79737e+8 
        5198.55      6.72445e+8 
        5213.55      6.65239e+8 
        5228.54      6.58123e+8 
        5243.54      6.51095e+8 
        5258.53      6.44152e+8 
        5273.53        6.373e+8 
        5288.53      6.30533e+8 
        5303.52      6.23854e+8 
        5318.52       6.1726e+8 
        5333.52      6.10751e+8 
        5348.51      6.04326e+8 
        5363.51      5.98084e+8 
         5378.5      5.91813e+8 
         5393.5      5.85621e+8 
        5408.49      5.79511e+8 
        5423.49      5.73482e+8 
        5438.49      5.67529e+8 
        5453.48      5.61651e+8 
        5468.48      5.55851e+8 
        5483.48      5.50124e+8 
        5498.47      5.44473e+8 
        5513.47      5.38893e+8 
        5528.46      5.33383e+8 
        5543.46      5.27942e+8 
        5558.45      5.22573e+8 
        5573.45       5.1727e+8 
        5588.45      5.12032e+8 
        5603.44      5.06861e+8 
        5618.44      5.01756e+8 
        5633.43      4.96717e+8 
        5648.43      4.91738e+8 
        5663.43      4.86821e+8 
        5673.98      4.83548e+8 
         5686.2      4.79614e+8 
        5698.42      4.75725e+8 
        5708.88       4.7242e+8 
        5723.41      4.67884e+8 
        5738.41      4.63259e+8 
         5753.4      4.58688e+8 
         5768.4      4.54111e+8 
        5783.39      4.49653e+8 
        5798.39      4.45249e+8 
        5813.39      4.40897e+8 
        5828.38        4.366e+8 
        5843.38      4.32355e+8 
        5858.37      4.28161e+8 
        5873.37      4.24018e+8 
        5888.37      4.19924e+8 
        5903.36      4.15878e+8 
        5918.36      4.11879e+8 
        5933.35       4.0793e+8 
        5948.35      4.04025e+8 
        5963.35      4.00167e+8 
        5978.34      3.96353e+8 
        5993.34      3.92583e+8 
        6008.33       3.8886e+8 
        6023.33      3.85178e+8 
        6038.32      3.81537e+8 
        6053.32       3.7794e+8 
        6068.32       3.7438e+8 
        6083.31      3.70862e+8 
        6098.31      3.67381e+8 
        6113.31      3.63938e+8 
         6128.3      3.60532e+8 
         6143.3      3.57161e+8 
        6158.29      3.53828e+8 
        6173.29      3.50526e+8 
        6188.28      3.47259e+8 
        6203.28       3.4402e+8 
        6218.28      3.40809e+8 
        6233.27      3.37627e+8 
        6244.38      3.35283e+8 
        6256.04      3.32839e+8 
        6266.59      3.30649e+8 
        6278.26      3.28234e+8 
        6290.52      3.25705e+8 
        6302.31      3.23289e+8 
        6312.59      3.21193e+8 
        6323.25      3.19019e+8 
        6338.24      3.15963e+8 
        6353.24        3.129e+8 
        6368.24      3.09817e+8 
        6383.23        3.067e+8 
        6398.23      3.03518e+8 
        6413.22      3.00234e+8 
        6428.22      2.96791e+8 
        6443.22      2.93098e+8 
        6458.21      2.89009e+8 
        6473.21      2.84338e+8 
         6488.2      2.78784e+8 
         6503.2      2.71918e+8 
         6518.2      2.62897e+8 
        6532.67      2.50948e+8 
        6543.19      2.39179e+8 
        6554.43       2.2233e+8 
        6564.49      2.07727e+8 
        6575.67      2.26606e+8 
        6586.28      2.37768e+8 
        6598.17      2.46035e+8 
         6608.5      2.50665e+8 
        6618.82      2.53655e+8 
         6634.3      2.56028e+8 
        6644.62       2.5667e+8 
        6654.94      2.56805e+8 
        6665.26      2.56547e+8 
        6675.58      2.55999e+8 
        6696.23      2.54316e+8 
        6711.48      2.52751e+8 
        6741.98      2.49205e+8 
        6772.48      2.45392e+8 
        6802.98      2.41486e+8 
        6824.78      2.38682e+8 
        6868.37      2.33117e+8 
        6955.56      2.22309e+8 
        6976.35      2.19803e+8 
        7042.75      2.12014e+8 
        7109.15      2.04545e+8 
        7175.54      1.97395e+8 
        7241.94      1.90551e+8 
        7308.33      1.83998e+8 
        7355.95       1.7947e+8 
        7374.73      1.77731e+8 
        7393.51      1.76004e+8 
        7431.08      1.72612e+8 
        7506.22       1.6607e+8 
        7581.35      1.59834e+8 
         7635.1      1.55552e+8 
        7656.49      1.53888e+8 
        7677.88      1.52245e+8 
        7720.67      1.49027e+8 
        7806.23      1.42841e+8 
        7821.36      1.41782e+8 
         7891.8      1.36973e+8 
        7962.25      1.32366e+8 
        7982.84      1.31056e+8 
        8032.69      1.27951e+8 
        8082.55      1.24938e+8 
        8161.68      1.20334e+8 
        8182.26      1.19172e+8 
        8200.85      1.18134e+8 
        8216.85       1.1725e+8 
        8232.84      1.16374e+8 
        8264.83      1.14647e+8 
        8289.72      1.13326e+8 
        8328.82      1.11288e+8 
        8343.44      1.10537e+8 
        8367.92      1.09295e+8 
        8388.68      1.08255e+8 
        8408.65      1.07267e+8 
        8432.02      1.06124e+8 
        8467.25       1.0443e+8 
        8502.48       1.0277e+8 
        8516.58      1.02114e+8 
        8530.98      1.01451e+8 
        8545.38      1.00794e+8 
        8574.18      9.94942e+7 
        8598.39      9.84189e+7 
         8628.6      9.70972e+7 
        8646.81      9.63109e+7 
        8665.01      9.55324e+7 
        8685.59      9.46625e+7 
        8701.43      9.39993e+7 
        8750.47      9.19742e+7 
        8767.92      9.12692e+7 
        8815.35       8.9383e+7 
        8862.78      8.75593e+7 
        8900.38      8.61569e+7 
        8957.65      8.40379e+7 
        9014.91      8.19755e+7 
        9044.62      8.09592e+7 
        9072.17      8.00296e+7 
        9099.72      7.91018e+7 
        9154.81      7.72731e+7 
         9190.8      7.60752e+7 
         9209.9      7.54463e+7 
        9229.01      7.48384e+7 
        9267.22      7.36939e+7 
         9303.2      7.26814e+7 
        9343.64      7.15243e+7 
        9384.08      7.03421e+7 
        9464.96       6.7882e+7 
        9545.72      6.52726e+7 
        9561.21      6.49355e+7 
        9576.69      6.46659e+7 
        9607.66      6.40816e+7 
        9668.45      6.28243e+7 
        9729.24       6.1458e+7 
        9790.04      6.00245e+7 
        9850.83      5.85423e+7 
        9870.42      5.80343e+7 
        9911.62      5.68895e+7 
        9952.82      5.56593e+7 
        9994.02      5.43241e+7 
        10021.1      5.33948e+7 
        10035.2      5.29402e+7 
        10049.4      5.26355e+7 
        10063.5      5.23845e+7 
        10077.7      5.22789e+7 
        10091.8      5.22023e+7 
        10120.1      5.20169e+7 
        10176.7      5.14386e+7 
        10229.4      5.07433e+7 
          10245      5.05008e+7 
        10260.6      5.02576e+7 
        10291.9      4.97471e+7 
        10354.5      4.86793e+7 
          10417      4.76033e+7 
        10479.6      4.64654e+7 
        10542.2      4.53894e+7 
        10604.7       4.4326e+7 
        10667.3      4.32079e+7 
        10729.8       4.1993e+7 
        10761.1      4.13405e+7 
        10792.4      4.06356e+7 
        10823.7      3.98722e+7 
          10855      3.90409e+7 
        10886.2      3.81009e+7 
        10896.9      3.77472e+7 
        10907.2      3.73928e+7 
        10917.5      3.70152e+7 
        10927.8      3.65826e+7 
        10938.1      3.60171e+7 
        10948.4       3.6325e+7 
        10958.7      3.64949e+7 
        10977.9      3.66794e+7 
        10998.5      3.67943e+7 
        11019.1      3.68493e+7 
        11039.6      3.68547e+7 
        11060.2      3.67912e+7 
        11080.8       3.6724e+7 
        11121.9      3.64811e+7 
        11147.5      3.62863e+7 
        11163.1      3.61594e+7 
        11204.2       3.5773e+7 
        11260.9      3.51774e+7 
        11317.6      3.45446e+7 
        11374.3      3.39047e+7 
          11431      3.32698e+7 
        11487.7      3.26694e+7 
        11544.5      3.20483e+7 
        11601.2      3.14417e+7 
        11657.9      3.08494e+7 
        11714.6      3.02709e+7 
        11771.3      2.97059e+7 
          11828      2.91539e+7 
        11884.7      2.86148e+7 
        11941.4      2.80879e+7 
        11998.1      2.75732e+7 
        12054.8      2.70502e+7 
        12111.5      2.65544e+7 
        12168.2      2.60682e+7 
          12225      2.55906e+7 
        12278.7      2.51444e+7 
        12290.6      2.50464e+7 
        12302.4      2.49485e+7 
        12326.2      2.47533e+7 
        12373.6      2.43634e+7 
        12468.6      2.35749e+7 
        12516.1      2.31647e+7 
        12563.5      2.27344e+7 
          12611      2.22604e+7 
        12634.7      2.20036e+7 
        12658.5      2.17288e+7 
        12682.2      2.14202e+7 
        12705.9      2.10827e+7 
        12729.7      2.06963e+7 
        12753.4      2.02545e+7 
        12777.1      1.97338e+7 
        12792.3      1.93623e+7 
        12805.2      1.90628e+7 
        12815.9       1.9106e+7 
        12826.1      1.89024e+7 
        12843.3      1.90633e+7 
        12860.5      1.92821e+7 
        12877.7      1.94479e+7 
        12894.9      1.95749e+7 
          12912      1.96632e+7 
        12929.2      1.97178e+7 
        12946.4      1.97404e+7 
        12963.6      1.97511e+7 
          12998      1.97134e+7 
        13032.3      1.96263e+7 
        13066.7      1.95091e+7 
        13135.4      1.92108e+7 
        13204.1       1.8875e+7 
        13237.4      1.87054e+7 
        13272.9      1.85225e+7 
        13308.4      1.83387e+7 
        13379.3       1.7972e+7 
        13450.2      1.76097e+7 
        13521.2      1.72551e+7 
        13592.1       1.6907e+7 
        13663.1      1.65726e+7 
          13734      1.62381e+7 
          13805      1.59129e+7 
        13875.9      1.55958e+7 
        13946.9      1.52866e+7 
        14017.8      1.49859e+7 
        14088.8      1.46917e+7 
        14159.7      1.44046e+7 
        14230.7      1.41245e+7 
        14271.2      1.39677e+7 
        14301.6      1.38512e+7 
        14332.1      1.37359e+7 
          14393      1.35085e+7 
        14450.2      1.32994e+7 
        14465.1      1.32455e+7 
          14480      1.31918e+7 
        14509.9      1.30853e+7 
          14556       1.2923e+7 
        14569.6      1.28755e+7 
        14581.2      1.28352e+7 
        14597.2      1.27799e+7 
        14613.2      1.27249e+7 
        14645.2      1.26159e+7 
        14709.2      1.24012e+7 
        14773.2      1.21911e+7 
        14837.1      1.19855e+7 
        14901.1      1.17841e+7 
        14965.1       1.1587e+7 
        15029.1      1.13939e+7 
        15093.1      1.12049e+7 
        15157.1      1.10198e+7 
          15221      1.08384e+7 
          15285      1.06608e+7 
          15349      1.04868e+7 
          15413      1.03164e+7 
        15471.6      1.01633e+7 
        15482.4      1.01354e+7 
        15493.1      1.01077e+7 
        15514.7      1.00524e+7 
        15557.9      9.94305e+6 
        15644.2      9.72876e+6 
        15730.5      9.52019e+6 
        15816.8      9.31718e+6 
        15903.1      9.11954e+6 
        15989.4      8.92712e+6 
        16075.8      8.73975e+6 
        16162.1      8.55726e+6 
        16248.4      8.37954e+6 
        16289.9      8.29572e+6 
        16334.7      8.20637e+6 
        16379.5      8.11822e+6 
        16469.1      7.94587e+6 
        16558.8      7.77805e+6 
        16648.4      7.61462e+6 
          16738       7.4555e+6 
        16827.7       7.3005e+6 
        16917.3      7.14948e+6 
        17006.9      7.00236e+6 
        17096.6      6.85901e+6 
        17186.2      6.71933e+6 
        17275.8      6.58318e+6 
        17327.7      6.50596e+6 
        17365.5      6.45044e+6 
        17403.2       6.3955e+6 
        17478.8      6.28771e+6 
        17554.3      6.18218e+6 
        17629.9      6.07886e+6 
        17705.4      5.97767e+6 
          17781      5.87858e+6 
        17856.5      5.78157e+6 
        17932.1       5.6865e+6 
        18007.6      5.58704e+6 
        18083.2      5.49417e+6 
        18158.7      5.40244e+6 
        18234.3      5.31137e+6 
        18309.8      5.22001e+6 
        18343.7      5.17848e+6 
        18385.3       5.1267e+6 
          18427       5.0733e+6 
        18468.6      5.01725e+6 
        18510.2      4.95687e+6 
        18551.8      4.88939e+6 
        18593.4      4.81198e+6 
        18614.2      4.76721e+6 
          18635       4.7176e+6 
        18655.8       4.6614e+6 
        18676.6       4.5975e+6 
        18697.4       4.5238e+6 
          18710       4.4747e+6 
        18726.4       4.4015e+6 
        18738.8      4.33339e+6 
        18749.1      4.19544e+6 
        18761.5      4.30144e+6 
        18777.5      4.36185e+6 
        18796.6      4.40963e+6 
        18809.4      4.43282e+6 
        18822.2      4.45421e+6 
        18847.8      4.48346e+6 
        18873.4      4.50002e+6 
          18899      4.50743e+6 
        18924.6      4.50734e+6 
        18975.8      4.49226e+6 
          19027      4.46467e+6 
        19078.2      4.42996e+6 
        19129.4      4.39132e+6 
        19180.5       4.3506e+6 
        19231.7      4.30879e+6 
        19282.9       4.2665e+6 
        19334.1      4.22406e+6 
        19385.3      4.18174e+6 
        19422.3      4.15127e+6 
        19436.5      4.13961e+6 
        19450.7      4.12796e+6 
        19479.1      4.10474e+6 
        19535.9      4.05865e+6 
        19592.7      4.01565e+6 
        19649.5      3.97016e+6 
        19706.3      3.92529e+6 
        19763.1      3.88106e+6 
        19819.9      3.83746e+6 
        19876.7      3.79448e+6 
        19933.5       3.7521e+6 
        19990.4      3.71028e+6 
        20047.2      3.66907e+6 
          20104      3.62841e+6 
        20160.8       3.5883e+6 
        20217.6      3.54877e+6 
        20274.4      3.50976e+6 
        20331.2       3.4713e+6 
          20388      3.43335e+6 
        20415.2      3.41535e+6 
        20444.8      3.39594e+6 
        20474.4      3.37665e+6 
        20533.5      3.33844e+6 
        20592.7      3.30078e+6 
        20651.8      3.26364e+6 
          20711      3.22701e+6 
        20770.1      3.19092e+6 
        20829.3      3.15532e+6 
        20888.4       3.1202e+6 
        20947.5      3.08557e+6 
        21006.7      3.05142e+6 
        21065.8      3.01775e+6 
          21125      2.98454e+6 
        21184.1      2.95178e+6 
        21243.3      2.91947e+6 
        21302.4      2.88759e+6 
        21361.6      2.85616e+6 
        21420.7      2.82515e+6 
        21479.8      2.79455e+6 
          21539      2.76438e+6 
        21565.6      2.75091e+6 
        21598.1       2.7346e+6 
        21630.6      2.71842e+6 
        21695.6      2.68637e+6 
        21760.6      2.65479e+6 
        21825.6      2.62367e+6 
        21890.5        2.593e+6 
        21955.5      2.56279e+6 
        22020.5      2.53301e+6 
        22085.5      2.50366e+6 
        22150.5      2.47474e+6 
        22215.4      2.44623e+6 
        22280.4      2.41813e+6 
        22345.4      2.39043e+6 
        22410.4      2.36312e+6 
        22475.4      2.33621e+6 
        22540.3      2.30968e+6 
        22605.3      2.28352e+6 
        22670.3      2.25773e+6 
        22683.7      2.25245e+6 
        22735.3       2.2323e+6 
        22784.8      2.21315e+6 
        22800.8      2.20701e+6 
        22816.8      2.20088e+6 
        22848.8       2.1887e+6 
        22912.8       2.1646e+6 
        22976.8      2.14082e+6 
        23040.8      2.11736e+6 
        23104.8      2.09423e+6 
        23168.7      2.07142e+6 
        23232.7      2.04891e+6 
        23296.7       2.0267e+6 
        23360.7       2.0048e+6 
        23424.7      1.98319e+6 
        23488.6      1.96187e+6 
        23552.6      1.94084e+6 
        23616.6      1.92008e+6 
        23680.6      1.89961e+6 
        23744.6       1.8794e+6 
        23808.6      1.85947e+6 
        23872.5       1.8398e+6 
        23936.5      1.82038e+6 
        24000.5      1.80122e+6 
        24064.5      1.78231e+6 
        24128.5      1.76365e+6 
        24192.5      1.74524e+6 
        24256.4      1.72706e+6 
        24320.4      1.70912e+6 
        24384.4      1.69141e+6 
        24448.4      1.67393e+6 
        24512.4      1.65667e+6 
        24576.3      1.63963e+6 
        24640.3      1.62282e+6 
        24704.3      1.60622e+6 
        24768.3      1.58983e+6 
        24832.3      1.57365e+6 
        24896.3      1.55767e+6 
        24960.2      1.54189e+6 
        25004.4      1.53111e+6 
        25024.2      1.52632e+6 
          25044      1.52154e+6 
        25083.6      1.51205e+6 
        25162.8      1.49328e+6 
        25241.9       1.4748e+6 
        25321.1       1.4566e+6 
        25400.2      1.43869e+6 
        25479.4      1.42105e+6 
        25558.5      1.40368e+6 
        25637.7      1.38657e+6 
        25716.9      1.36972e+6 
          25796      1.35313e+6 
        25875.2      1.33679e+6 
        25954.3      1.32069e+6 
        26033.5      1.30484e+6 
        26112.7      1.28922e+6 
        26191.8      1.27383e+6 
          26271      1.25868e+6 
        26350.1      1.24374e+6 
        26429.3      1.22904e+6 
        26508.4      1.21454e+6 
        26587.6      1.20026e+6 
        26666.8      1.18618e+6 
        26745.9      1.17232e+6 
        26825.1      1.15865e+6 
        26904.2      1.14519e+6 
        26983.4      1.13192e+6 
        27062.6      1.11883e+6 
        27141.7      1.10594e+6 
        27220.9      1.09324e+6 
        27299.2      1.08084e+6 
        27377.5      1.06862e+6 
        27455.8      1.05657e+6 
        27534.2      1.04469e+6 
        27612.5      1.03298e+6 
        27690.8      1.02143e+6 
        27769.1      1.01004e+6 
        27847.5          998813 
        27925.8          987739 
        28004.1          976819 
        28082.4          966046 
        28160.8          955424 
        28239.1          944947 
        28317.4          934614 
        28395.7          924420 
          28474          914367 
        28552.4          904449 
        28630.7          894666 
          28709          885012 
        28787.3          875490 
        28865.7          866096 
          28944          856829 
        29022.3          847683 
        29100.6          838658 
          29179          829754 
        29257.3          820967 
        29335.6          812300 
        29413.9          803742 
        29492.3          795300 
        29570.6          786966 
        29648.9          778741 
        29727.2          770626 
        29805.5          762615 
        29883.9          754705 
        29932.6          749838 
        29962.2          746901 
        29991.8          743979 
