# Koester WD models
# teff = 35000 K (value for the effective temperature for the model. Temperatures are given in K)
# logg = 8 log(cm/s2) (value for Log(G) for the model.)
#
# column 1: WAVELENGTH (ANGSTROM), Wavelength in Angstrom
# column 2: FLUX (ERG/CM2/S/A), Flux in erg/cm2/s/A
         899.23     1.44963e+10 
        909.241     1.45152e+10 
        919.251     1.48053e+10 
        929.257     1.41949e+10 
        939.257     2.51774e+10 
        949.258     1.00259e+10 
        959.281     7.41092e+10 
        969.297     2.70247e+10 
        979.305     6.67158e+10 
        989.312     1.11368e+11 
        999.319     1.20351e+11 
        1009.33     1.04359e+11 
        1019.33     4.81016e+10 
        1029.34     3.74443e+10 
        1039.34     9.70705e+10 
        1049.35     1.20333e+11 
        1059.36      1.2595e+11 
        1069.36     1.25924e+11 
        1079.36     1.23961e+11 
        1089.37     1.21263e+11 
        1099.37     1.18275e+11 
        1109.38     1.15182e+11 
        1119.38     1.12062e+11 
        1129.38      1.0894e+11 
        1139.39     1.05814e+11 
        1149.39     1.02648e+11 
        1159.39     9.93585e+10 
        1169.39      9.5735e+10 
         1179.4     9.12604e+10 
         1189.4     8.44124e+10 
         1199.4     7.02221e+10 
         1209.4     3.68628e+10 
        1219.41     3.04797e+10 
        1229.41     6.35516e+10 
        1239.41     7.42512e+10 
        1249.41     7.64299e+10 
        1259.41     7.60821e+10 
        1269.41     7.48975e+10 
        1279.42     7.34043e+10 
        1289.42     7.17976e+10 
        1299.42     7.01599e+10 
        1309.42     6.85282e+10 
        1319.42     6.69219e+10 
        1329.42     6.53483e+10 
        1339.42     6.38123e+10 
        1349.42     6.23169e+10 
        1359.42     6.08614e+10 
        1369.42     5.94462e+10 
        1379.42     5.80698e+10 
        1389.42     5.67312e+10 
        1399.42     5.54303e+10 
        1409.42     5.41658e+10 
        1419.42      5.2938e+10 
        1429.42     5.17452e+10 
        1439.42     5.05856e+10 
        1454.42     4.89074e+10 
        1464.42     4.78273e+10 
        1474.42     4.67777e+10 
        1489.42     4.52568e+10 
        1504.42     4.37985e+10 
        1514.42     4.28598e+10 
        1529.42     4.14986e+10 
        1544.42      4.0192e+10 
        1559.42     3.89372e+10 
        1570.19      3.8067e+10 
        1584.41     3.69549e+10 
        1599.41     3.58264e+10 
        1614.41      3.4741e+10 
        1629.41      3.3697e+10 
        1644.41     3.26927e+10 
        1659.41     3.17266e+10 
        1670.17     3.10553e+10 
         1684.4     3.01958e+10 
         1699.4     2.93228e+10 
         1714.4     2.84816e+10 
         1729.4     2.76705e+10 
         1744.4     2.68883e+10 
        1759.39      2.6134e+10 
         1771.7     2.55351e+10 
        1784.39     2.49357e+10 
        1799.39     2.42502e+10 
           1824     2.31759e+10 
        1834.77     2.27247e+10 
        1845.54     2.22849e+10 
           1864     2.15554e+10 
        1876.29     2.10866e+10 
        1888.59     2.06308e+10 
        1906.98     1.99718e+10 
        1919.37     1.95428e+10 
        1931.76     1.91259e+10 
        1944.47     1.87094e+10 
        1956.53      1.8325e+10 
         1967.6     1.79808e+10 
        1992.71     1.72306e+10 
        2017.81     1.65196e+10 
        2042.92     1.58455e+10 
        2067.03     1.52303e+10 
        2091.15     1.46454e+10 
        2114.28     1.41107e+10 
        2126.36     1.38413e+10 
        2145.92     1.34188e+10 
        2165.47     1.30125e+10 
        2194.48     1.24381e+10 
        2204.59     1.22455e+10 
         2214.7     1.20566e+10 
        2234.91     1.16901e+10 
        2263.91     1.11882e+10 
        2292.92     1.07135e+10 
        2313.13     1.03975e+10 
        2344.77      9.92652e+9 
        2362.35      9.67633e+9 
        2379.94      9.43411e+9 
        2409.27      9.04669e+9 
        2432.73      8.75131e+9 
        2451.59      8.52258e+9 
        2466.76      8.34413e+9 
        2488.39      8.09774e+9 
        2510.01      7.86042e+9 
         2547.3      7.47156e+9 
        2559.23      7.35221e+9 
        2571.17      7.23534e+9 
        2595.04      7.00855e+9 
        2618.91      6.79062e+9 
        2642.78       6.5811e+9 
        2657.67       6.4545e+9 
        2687.45      6.21049e+9 
        2717.24      5.97798e+9 
        2737.93      5.82282e+9 
        2756.11      5.69068e+9 
        2774.29      5.56235e+9 
        2810.65      5.31645e+9 
        2839.47      5.13113e+9 
        2854.55      5.03739e+9 
        2869.63      4.94587e+9 
        2899.79      4.76897e+9 
        2926.39      4.61952e+9 
        2952.93      4.47617e+9 
        2965.73       4.4091e+9 
        2978.53      4.34331e+9 
        3004.12      4.21536e+9 
        3051.42      3.99105e+9 
        3098.72      3.78166e+9 
        3142.18      3.60127e+9 
        3157.53      3.54017e+9 
        3172.87      3.48041e+9 
        3203.56      3.36458e+9 
        3248.29      3.20427e+9 
        3293.03       3.0535e+9 
        3328.79       2.9393e+9 
        3346.73      2.88403e+9 
        3364.67      2.83009e+9 
        3400.55      2.72593e+9 
        3445.17      2.60304e+9 
        3489.78      2.48703e+9 
        3525.18      2.39954e+9 
         3543.6      2.35553e+9 
        3562.02      2.31256e+9 
        3591.28      2.24627e+9 
        3635.88      2.14971e+9 
        3647.12      2.12621e+9 
        3658.96       2.1018e+9 
        3671.11      2.07699e+9 
        3682.58      2.05396e+9 
         3693.5      2.03232e+9 
        3703.57      2.01259e+9 
        3713.83      1.99271e+9 
        3724.38      1.97254e+9 
        3734.43      1.95351e+9 
        3744.62      1.93465e+9 
        3754.84      1.91609e+9 
        3765.07      1.89731e+9 
         3775.5      1.87931e+9 
        3786.22      1.86099e+9 
        3796.45      1.83903e+9 
        3807.84      1.82749e+9 
        3818.92      1.80932e+9 
        3830.45      1.77553e+9 
        3840.76       1.7647e+9 
        3851.98      1.77049e+9 
        3862.01      1.75892e+9 
        3872.59      1.72374e+9 
         3884.4      1.65537e+9 
        3894.46      1.65032e+9 
        3908.89      1.70279e+9 
        3923.89      1.71026e+9 
        3935.81       1.6858e+9 
        3946.58       1.6332e+9 
        3957.31      1.54554e+9 
        3967.38      1.43358e+9 
        3977.86      1.47603e+9 
        3988.87       1.5621e+9 
        4003.87      1.62191e+9 
        4018.86      1.63325e+9 
        4032.38      1.62319e+9 
        4043.86      1.60416e+9 
        4058.85      1.55757e+9 
        4073.85      1.47005e+9 
        4085.65      1.36277e+9 
        4096.31      1.21601e+9 
        4106.79      1.20086e+9 
        4117.77      1.32828e+9 
        4128.11      1.40056e+9 
        4138.83       1.4455e+9 
           4151      1.47058e+9 
        4163.83      1.47628e+9 
        4178.82      1.46929e+9 
        4193.82      1.45615e+9 
        4208.81      1.44029e+9 
         4221.1      1.42601e+9 
        4233.81      1.41001e+9 
         4248.8      1.38895e+9 
         4263.8      1.36342e+9 
         4278.8      1.32939e+9 
        4293.79      1.28003e+9 
        4308.79      1.20716e+9 
        4320.85      1.11955e+9 
        4331.09       1.0077e+9 
         4341.1       8.6986e+8 
        4351.76      1.01619e+9 
        4363.77      1.11009e+9 
        4378.77      1.17033e+9 
        4393.77       1.1965e+9 
        4408.76      1.20434e+9 
        4423.76      1.20083e+9 
        4438.75      1.19158e+9 
        4453.75      1.17981e+9 
        4468.74      1.16693e+9 
        4483.74      1.15356e+9 
        4498.74      1.14006e+9 
        4513.73      1.12655e+9 
        4527.19      1.11449e+9 
        4538.73       1.1042e+9 
        4553.72      1.09095e+9 
        4568.72      1.07782e+9 
        4583.72      1.06485e+9 
        4596.53      1.05387e+9 
        4608.71      1.04356e+9 
         4623.7      1.03096e+9 
         4638.7      1.01849e+9 
         4653.7      1.00615e+9 
        4668.69      9.93874e+8 
        4683.69      9.81606e+8 
        4698.68      9.69298e+8 
        4713.68      9.56819e+8 
        4724.83      9.47325e+8 
        4738.67      9.35111e+8 
        4753.67      9.21288e+8 
        4768.67      9.06095e+8 
        4783.66      8.88477e+8 
        4798.66      8.66514e+8 
        4813.65      8.36691e+8 
        4828.65      7.93525e+8 
        4839.16      7.48676e+8 
        4849.39      6.85631e+8 
        4859.47      5.89482e+8 
        4869.58      6.48346e+8 
        4879.92      7.10685e+8 
        4891.06      7.49892e+8 
        4903.34       7.7362e+8 
        4913.63      7.83934e+8 
        4925.16      7.89404e+8 
        4938.62      7.90271e+8 
        4953.62      7.87258e+8 
        4968.61      7.81939e+8 
        4983.61      7.75342e+8 
         4998.6      7.68148e+8 
         5013.6      7.60514e+8 
         5028.6      7.52647e+8 
        5043.59      7.44677e+8 
        5058.59      7.36691e+8 
        5073.58      7.28708e+8 
        5088.58      7.20794e+8 
        5103.58      7.12953e+8 
        5118.57      7.05203e+8 
        5133.57      6.97537e+8 
        5148.56      6.89969e+8 
        5163.56      6.82492e+8 
        5178.56      6.75109e+8 
        5193.55      6.67821e+8 
        5208.55      6.60627e+8 
        5223.54      6.53527e+8 
        5238.54      6.46518e+8 
        5253.54        6.396e+8 
        5268.53      6.32773e+8 
        5283.53      6.26038e+8 
        5298.52      6.19387e+8 
        5313.52      6.12824e+8 
        5328.52      6.06349e+8 
        5343.51      5.99956e+8 
        5358.51      5.93645e+8 
         5373.5      5.87459e+8 
         5388.5      5.81308e+8 
         5403.5      5.75241e+8 
        5418.49       5.6925e+8 
        5433.49      5.63335e+8 
        5448.48      5.57498e+8 
        5463.48      5.51739e+8 
        5478.48       5.4605e+8 
        5493.47      5.40436e+8 
        5508.47      5.34894e+8 
        5523.46      5.29421e+8 
        5538.46      5.24021e+8 
        5553.46      5.18686e+8 
        5568.45      5.13421e+8 
        5583.45      5.08222e+8 
        5598.44      5.03088e+8 
        5613.44      4.98021e+8 
        5628.44      4.93016e+8 
        5643.43      4.88072e+8 
        5658.43      4.83193e+8 
        5673.42      4.78386e+8 
         5686.2      4.74327e+8 
        5698.42      4.70485e+8 
        5708.88      4.67224e+8 
        5723.41      4.62744e+8 
        5738.41      4.58176e+8 
         5753.4      4.53668e+8 
         5768.4      4.49185e+8 
        5783.39      4.44784e+8 
        5798.39      4.40436e+8 
        5813.39      4.36141e+8 
        5828.38      4.31897e+8 
        5843.38      4.27706e+8 
        5858.37      4.23565e+8 
        5873.37      4.19475e+8 
        5888.37      4.15432e+8 
        5903.36      4.11439e+8 
        5918.36      4.07493e+8 
        5933.35      4.03594e+8 
        5948.35      3.99739e+8 
        5963.35      3.95932e+8 
        5978.34      3.92171e+8 
        5993.34      3.88452e+8 
        6008.33      3.84779e+8 
        6023.33      3.81147e+8 
        6038.32      3.77557e+8 
        6053.32       3.7401e+8 
        6068.32      3.70504e+8 
        6083.31      3.67035e+8 
        6098.31      3.63608e+8 
        6113.31      3.60221e+8 
         6128.3      3.56869e+8 
         6143.3      3.53555e+8 
        6158.29      3.50278e+8 
        6173.29      3.47039e+8 
        6188.28      3.43832e+8 
        6203.28      3.40659e+8 
        6218.28      3.37517e+8 
        6233.27      3.34407e+8 
        6244.38      3.32123e+8 
        6256.04      3.29745e+8 
        6266.59      3.27612e+8 
        6278.26      3.25265e+8 
        6290.52      3.22821e+8 
        6302.31      3.20483e+8 
        6312.59       3.1846e+8 
        6323.25      3.16368e+8 
        6338.24      3.13445e+8 
        6353.24      3.10535e+8 
        6368.24      3.07634e+8 
        6383.23      3.04733e+8 
        6398.23      3.01817e+8 
        6413.22      2.98867e+8 
        6428.22      2.95849e+8 
        6443.22      2.92709e+8 
        6458.21      2.89349e+8 
        6473.21      2.85625e+8 
         6488.2      2.81308e+8 
         6503.2      2.75927e+8 
         6518.2      2.68505e+8 
        6532.67      2.57632e+8 
        6543.19      2.45608e+8 
        6556.02      2.22515e+8 
        6566.09       2.1292e+8 
        6577.95      2.35046e+8 
        6588.18      2.45844e+8 
        6603.34      2.54171e+8 
        6613.66      2.56814e+8 
        6623.98      2.58034e+8 
         6634.3      2.58367e+8 
        6644.62      2.58136e+8 
        6654.94      2.57544e+8 
        6675.58      2.55698e+8 
        6696.23      2.53351e+8 
        6711.48      2.51459e+8 
        6741.98      2.47503e+8 
        6781.19       2.4232e+8 
        6802.98      2.39448e+8 
        6824.78      2.36597e+8 
        6868.37      2.30984e+8 
        6955.56      2.20184e+8 
        6976.35      2.17694e+8 
        7042.75      2.09964e+8 
        7109.15      2.02564e+8 
        7175.54      1.95486e+8 
        7241.94      1.88712e+8 
        7308.33      1.82228e+8 
        7355.95      1.77749e+8 
        7374.73      1.76023e+8 
        7393.51      1.74314e+8 
        7431.08      1.70959e+8 
        7506.22      1.64487e+8 
        7581.35      1.58318e+8 
         7635.1      1.54082e+8 
        7656.49      1.52436e+8 
        7677.88      1.50811e+8 
        7720.67      1.47627e+8 
        7806.23      1.41506e+8 
        7821.36      1.40457e+8 
         7891.8      1.35699e+8 
        7962.25       1.3114e+8 
        7982.84      1.29844e+8 
        8032.69      1.26771e+8 
        8082.55      1.23788e+8 
        8161.68      1.19233e+8 
        8182.26      1.18082e+8 
        8200.85      1.17054e+8 
        8216.85       1.1618e+8 
        8232.84      1.15313e+8 
        8264.83      1.13603e+8 
        8289.72      1.12296e+8 
        8328.82      1.10278e+8 
        8343.44      1.09535e+8 
        8367.92      1.08306e+8 
        8388.68      1.07277e+8 
        8408.65      1.06299e+8 
        8432.02      1.05168e+8 
        8467.25       1.0349e+8 
        8502.48      1.01846e+8 
        8516.58      1.01197e+8 
        8530.98      1.00539e+8 
        8545.38      9.98926e+7 
        8574.18      9.86115e+7 
        8598.39      9.75505e+7 
         8628.6      9.62474e+7 
        8646.81      9.54705e+7 
        8665.01      9.47002e+7 
        8685.59      9.38425e+7 
        8701.43      9.31872e+7 
        8750.47      9.11706e+7 
        8767.92      9.04772e+7 
        8815.35      8.86045e+7 
        8862.78      8.67896e+7 
        8900.38      8.54466e+7 
        8957.65      8.33414e+7 
        9014.91      8.12061e+7 
        9044.62      8.02796e+7 
        9072.17      7.94267e+7 
        9099.72      7.85401e+7 
        9154.81      7.66599e+7 
         9190.8      7.53162e+7 
         9209.9      7.45868e+7 
        9229.01      7.39123e+7 
        9248.11      7.34215e+7 
        9267.22      7.30188e+7 
        9305.43      7.21658e+7 
        9379.63      7.01895e+7 
        9397.45      6.96551e+7 
        9415.28      6.91034e+7 
        9450.94      6.78948e+7 
        9486.59      6.65424e+7 
        9498.52      6.60451e+7 
        9522.24      6.48912e+7 
         9534.1      6.42723e+7 
        9545.97      6.37106e+7 
        9557.83      6.36675e+7 
        9569.68      6.37036e+7 
        9581.55      6.37068e+7 
        9593.41      6.36556e+7 
        9605.27      6.35453e+7 
        9628.99      6.32572e+7 
        9668.45      6.26075e+7 
        9707.91      6.18002e+7 
        9747.38      6.09183e+7 
        9826.31      5.90484e+7 
        9857.65      5.82835e+7 
        9905.23      5.69329e+7 
        9929.03      5.61912e+7 
        9952.82      5.53454e+7 
        9976.61      5.44287e+7 
        10000.4      5.33508e+7 
        10024.2      5.20854e+7 
        10046.6      5.10581e+7 
        10060.3      5.09145e+7 
        10071.3      5.10685e+7 
        10082.3      5.12419e+7 
        10104.3      5.14634e+7 
        10126.2      5.15265e+7 
        10148.2      5.14524e+7 
        10170.2      5.13069e+7 
          10191      5.10898e+7 
        10214.1      5.08115e+7 
        10237.2      5.04779e+7 
        10283.4      4.97267e+7 
        10375.8      4.81166e+7 
        10468.3      4.64849e+7 
        10560.7      4.49254e+7 
        10653.1      4.33574e+7 
        10699.3       4.2546e+7 
        10745.6      4.16776e+7 
        10791.8      4.06987e+7 
        10814.9      4.01458e+7 
          10838      3.95194e+7 
        10861.1      3.87877e+7 
        10884.2      3.78895e+7 
        10895.8      3.73771e+7 
        10907.3      3.68119e+7 
        10918.9      3.61748e+7 
        10930.4      3.54538e+7 
          10941      3.49706e+7 
        10951.5      3.55075e+7 
        10966.8       3.5981e+7 
        10989.8      3.64773e+7 
        11005.2      3.66797e+7 
        11020.5      3.67975e+7 
        11035.8      3.68477e+7 
        11051.2      3.68547e+7 
        11081.8      3.67387e+7 
        11112.5      3.65408e+7 
        11143.2      3.62713e+7 
        11204.5      3.56404e+7 
        11260.9      3.50036e+7 
        11317.3      3.43524e+7 
        11373.7      3.37043e+7 
        11430.1      3.30665e+7 
        11486.5      3.24527e+7 
        11542.9      3.18378e+7 
        11599.3      3.12373e+7 
        11655.7      3.06509e+7 
        11712.1      3.00782e+7 
        11768.5      2.95188e+7 
        11824.9      2.89723e+7 
        11881.3      2.84383e+7 
        11937.7      2.79166e+7 
        11994.1      2.74068e+7 
        12050.5      2.69005e+7 
        12106.9      2.64119e+7 
        12163.3      2.59337e+7 
        12219.7      2.54654e+7 
        12267.6      2.50749e+7 
        12284.6      2.49372e+7 
        12301.7      2.48001e+7 
        12335.8      2.45279e+7 
          12404       2.3989e+7 
        12472.1      2.34524e+7 
        12540.3      2.29073e+7 
        12574.4      2.26229e+7 
        12608.5      2.23228e+7 
        12642.6      2.19975e+7 
        12676.7      2.16239e+7 
        12693.8      2.14103e+7 
        12710.8      2.11717e+7 
        12727.9       2.0893e+7 
        12744.9      2.05752e+7 
        12761.9      2.01883e+7 
          12779      1.97337e+7 
          12796       1.9181e+7 
        12808.1      1.87232e+7 
        12818.1      1.87211e+7 
          12830      1.86681e+7 
        12849.2      1.91383e+7 
          12862      1.93666e+7 
        12874.8       1.9535e+7 
        12887.6      1.96697e+7 
        12900.4      1.97597e+7 
        12913.2      1.98183e+7 
          12926      1.98556e+7 
        12951.6      1.98668e+7 
        12977.2      1.98267e+7 
        13002.8      1.97517e+7 
          13054      1.95429e+7 
        13105.1       1.9295e+7 
        13156.3      1.90294e+7 
        13207.5      1.87579e+7 
        13258.7      1.84853e+7 
        13308.4       1.8222e+7 
        13407.7      1.77043e+7 
          13507      1.72016e+7 
        13606.3      1.67156e+7 
        13705.6      1.62479e+7 
        13804.9      1.57939e+7 
        13904.2      1.53555e+7 
        14003.5      1.49322e+7 
        14102.8      1.45234e+7 
        14202.1      1.41285e+7 
        14270.8      1.38632e+7 
        14301.4      1.37469e+7 
        14332.1      1.36318e+7 
        14393.3      1.34051e+7 
        14451.6       1.3194e+7 
        14463.7      1.31504e+7 
        14475.9      1.31069e+7 
        14500.2      1.30206e+7 
        14514.7      1.29698e+7 
        14548.9      1.28501e+7 
        14581.2      1.27386e+7 
        14597.2      1.26838e+7 
        14613.2      1.26293e+7 
        14645.2      1.25212e+7 
        14709.2      1.23083e+7 
        14773.2         1.21e+7 
        14837.1       1.1896e+7 
        14901.1      1.16964e+7 
        14965.1      1.15009e+7 
        15029.1      1.13095e+7 
        15093.1       1.1122e+7 
        15157.1      1.09384e+7 
          15221      1.07585e+7 
          15285      1.05824e+7 
          15349      1.04098e+7 
          15413      1.02408e+7 
        15471.6      1.00889e+7 
        15482.4      1.00613e+7 
        15493.1      1.00338e+7 
        15514.7      9.97905e+6 
        15557.9       9.8707e+6 
        15644.2      9.65839e+6 
        15730.5       9.4517e+6 
        15816.8      9.25055e+6 
        15903.1      9.05473e+6 
        15989.4      8.86404e+6 
        16075.8      8.67834e+6 
        16162.1      8.49751e+6 
        16248.4      8.32132e+6 
        16289.9      8.23826e+6 
        16334.7       8.1497e+6 
        16379.5      8.06233e+6 
        16469.1       7.8919e+6 
        16558.8      7.72596e+6 
        16648.4      7.56436e+6 
          16738      7.40693e+6 
        16827.7      7.25359e+6 
        16917.3      7.10421e+6 
        17006.9      6.95866e+6 
        17096.6      6.81682e+6 
        17186.2      6.67855e+6 
        17275.8      6.54381e+6 
        17327.7      6.46738e+6 
        17365.5      6.41243e+6 
        17403.2      6.35805e+6 
        17478.8      6.25124e+6 
        17554.3      6.14668e+6 
        17629.9      6.04427e+6 
        17705.4      5.94402e+6 
          17781      5.84581e+6 
        17856.5      5.74962e+6 
        17932.1       5.6554e+6 
        18007.6      5.56034e+6 
        18083.2      5.46917e+6 
        18158.7      5.37951e+6 
        18234.3      5.29107e+6 
        18309.8      5.20336e+6 
        18343.7      5.16396e+6 
        18385.3      5.11546e+6 
          18427      5.06626e+6 
        18510.2       4.9623e+6 
        18551.8      4.90399e+6 
        18593.4      4.83645e+6 
        18614.2      4.79687e+6 
          18635      4.75141e+6 
        18655.8      4.69759e+6 
        18676.6      4.63353e+6 
        18697.4      4.55478e+6 
          18710      4.49851e+6 
        18726.4      4.41234e+6 
        18738.8      4.33461e+6 
        18749.1      4.17631e+6 
        18759.1      4.28388e+6 
        18775.1      4.36524e+6 
        18787.8      4.40995e+6 
        18800.6       4.4457e+6 
        18813.4      4.47306e+6 
        18826.2      4.49436e+6 
          18839      4.50957e+6 
        18864.6      4.52751e+6 
        18890.2      4.53209e+6 
        18915.8      4.52791e+6 
        18941.4      4.51789e+6 
          18967      4.50398e+6 
        18992.6      4.48742e+6 
        19043.8       4.4495e+6 
          19095      4.40819e+6 
        19146.2      4.36537e+6 
        19197.3      4.32198e+6 
        19248.5      4.27844e+6 
        19299.7      4.23506e+6 
        19350.9      4.19192e+6 
        19402.1      4.14916e+6 
        19450.7      4.10895e+6 
        19547.9       4.0296e+6 
          19645      3.95288e+6 
        19742.2      3.87673e+6 
        19839.4       3.8024e+6 
        19936.6      3.72986e+6 
        20033.8      3.65901e+6 
          20131      3.58984e+6 
        20228.2      3.52229e+6 
        20325.3      3.45632e+6 
        20370.7       3.4261e+6 
        20422.5      3.39188e+6 
        20474.4      3.35811e+6 
        20526.3      3.32472e+6 
        20578.1      3.29173e+6 
          20630      3.25915e+6 
        20681.9      3.22698e+6 
        20733.7      3.19522e+6 
        20785.6      3.16384e+6 
        20837.5      3.13282e+6 
        20889.3      3.10219e+6 
        20941.2      3.07194e+6 
        20993.1      3.04205e+6 
        21044.9      3.01253e+6 
        21096.8      2.98336e+6 
        21148.6      2.95455e+6 
        21200.5      2.92608e+6 
        21252.4      2.89795e+6 
        21304.2      2.87016e+6 
        21356.1       2.8427e+6 
          21408      2.81557e+6 
        21459.8      2.78876e+6 
        21511.7      2.76227e+6 
        21563.6      2.73609e+6 
        21600.3      2.71776e+6 
        21615.4      2.71022e+6 
        21630.6      2.70272e+6 
          21661      2.68776e+6 
        21721.7      2.65816e+6 
        21782.4      2.62897e+6 
        21843.1      2.60018e+6 
        21903.8      2.57178e+6 
        21964.5      2.54376e+6 
        22025.2      2.51613e+6 
        22085.9      2.48887e+6 
        22146.6      2.46198e+6 
        22207.3      2.43544e+6 
          22268      2.40927e+6 
        22328.7      2.38344e+6 
        22389.4      2.35797e+6 
        22450.1      2.33283e+6 
        22510.8      2.30802e+6 
        22571.5      2.28354e+6 
        22632.2      2.25939e+6 
        22692.9      2.23555e+6 
        22720.3      2.22489e+6 
        22753.6      2.21203e+6 
        22784.8      2.20003e+6 
        22800.8      2.19392e+6 
        22816.8      2.18783e+6 
        22848.8      2.17573e+6 
        22912.8      2.15176e+6 
        22976.8      2.12811e+6 
        23040.8       2.1048e+6 
        23104.8       2.0818e+6 
        23168.7      2.05911e+6 
        23232.7      2.03673e+6 
        23296.7      2.01466e+6 
        23360.7      1.99288e+6 
        23424.7       1.9714e+6 
        23488.6       1.9502e+6 
        23552.6      1.92929e+6 
        23616.6      1.90866e+6 
        23680.6       1.8883e+6 
        23744.6      1.86822e+6 
        23808.6       1.8484e+6 
        23872.5      1.82884e+6 
        23936.5      1.80954e+6 
        24000.5      1.79049e+6 
        24064.5       1.7717e+6 
        24128.5      1.75315e+6 
        24192.5      1.73484e+6 
        24256.4      1.71677e+6 
        24320.4      1.69893e+6 
        24384.4      1.68133e+6 
        24448.4      1.66395e+6 
        24512.4      1.64679e+6 
        24576.3      1.62986e+6 
        24640.3      1.61314e+6 
        24704.3      1.59664e+6 
        24768.3      1.58035e+6 
        24832.3      1.56426e+6 
        24896.3      1.54838e+6 
        24960.2       1.5327e+6 
        25004.4      1.52199e+6 
        25024.2      1.51722e+6 
          25044      1.51247e+6 
        25083.6      1.50304e+6 
        25162.8      1.48438e+6 
        25241.9      1.46601e+6 
        25321.1      1.44793e+6 
        25400.2      1.43013e+6 
        25479.4       1.4126e+6 
        25558.5      1.39533e+6 
        25637.7      1.37833e+6 
        25716.9      1.36159e+6 
          25796       1.3451e+6 
        25875.2      1.32886e+6 
        25954.3      1.31286e+6 
        26033.5       1.2971e+6 
        26112.7      1.28158e+6 
        26191.8      1.26629e+6 
          26271      1.25123e+6 
        26350.1      1.23639e+6 
        26429.3      1.22177e+6 
        26508.4      1.20737e+6 
        26587.6      1.19317e+6 
        26666.8      1.17919e+6 
        26745.9      1.16541e+6 
        26825.1      1.15183e+6 
        26904.2      1.13844e+6 
        26983.4      1.12526e+6 
        27062.6      1.11226e+6 
        27141.7      1.09944e+6 
        27220.9      1.08682e+6 
        27299.2       1.0745e+6 
        27377.5      1.06237e+6 
        27455.8       1.0504e+6 
        27534.2      1.03861e+6 
        27612.5      1.02698e+6 
        27690.8      1.01552e+6 
        27769.1      1.00421e+6 
        27847.5          993057 
        27925.8          982062 
        28004.1          971217 
        28082.4          960523 
        28160.8          949974 
        28239.1          939572 
        28317.4          929308 
        28395.7          919189 
          28474          909202 
        28552.4          899353 
        28630.7          889639 
          28709          880054 
        28787.3          870595 
        28865.7          861268 
          28944          852063 
        29022.3          842980 
        29100.6          834017 
          29179          825174 
        29257.3          816447 
        29335.6          807835 
        29413.9          799337 
        29492.3          790952 
        29570.6          782674 
        29648.9          774506 
        29727.2          766445 
        29805.5          758487 
        29883.9          750630 
        29932.6          745795 
        29962.2          742877 
        29991.8          739974 
