# Koester WD models
# teff = 35000 K (value for the effective temperature for the model. Temperatures are given in K)
# logg = 8.25 log(cm/s2) (value for Log(G) for the model.)
#
# column 1: WAVELENGTH (ANGSTROM), Wavelength in Angstrom
# column 2: FLUX (ERG/CM2/S/A), Flux in erg/cm2/s/A
         899.23     1.46873e+10 
        909.241     1.47031e+10 
        919.251     1.48737e+10 
        929.261     1.40179e+10 
        939.271     2.36254e+10 
         949.28     1.01142e+10 
        959.281     6.69938e+10 
        969.297     2.50605e+10 
        979.305     6.04571e+10 
        989.312     1.03338e+11 
        999.319       1.131e+11 
        1009.33     9.70334e+10 
        1019.33     4.39949e+10 
        1029.34     3.44843e+10 
        1039.34     9.09347e+10 
        1049.35     1.17002e+11 
        1059.36     1.24684e+11 
        1069.36      1.2567e+11 
        1079.36     1.24199e+11 
        1089.37     1.21746e+11 
        1099.37     1.18877e+11 
        1109.38     1.15831e+11 
        1119.38     1.12712e+11 
        1129.38     1.09558e+11 
        1139.39     1.06363e+11 
        1149.39     1.03087e+11 
        1159.39     9.96183e+10 
        1169.39     9.56964e+10 
         1179.4     9.06849e+10 
         1189.4     8.28271e+10 
         1199.4     6.70629e+10 
         1209.4     3.43687e+10 
        1219.41     2.85476e+10 
        1229.41     6.05686e+10 
        1239.41     7.29054e+10 
        1249.41     7.60614e+10 
        1259.41      7.6166e+10 
        1269.41     7.51962e+10 
        1279.42     7.38101e+10 
        1289.42     7.22585e+10 
        1299.42     7.06481e+10 
        1309.42     6.90283e+10 
        1319.42     6.74252e+10 
        1329.42      6.5849e+10 
        1339.42     6.43071e+10 
        1349.42     6.28036e+10 
        1359.42      6.1339e+10 
        1369.42     5.99136e+10 
        1379.42     5.85269e+10 
        1389.42     5.71776e+10 
        1399.42     5.58663e+10 
        1409.42     5.45915e+10 
        1419.42      5.3353e+10 
        1429.42     5.21495e+10 
        1439.42     5.09799e+10 
        1454.42     4.92862e+10 
        1464.42     4.81964e+10 
        1474.42     4.71371e+10 
        1489.42      4.5603e+10 
        1504.42     4.41315e+10 
        1514.42     4.31843e+10 
        1529.42     4.18111e+10 
        1544.42     4.04926e+10 
        1559.42     3.92266e+10 
        1570.19     3.83485e+10 
        1584.41     3.72266e+10 
        1599.41     3.60881e+10 
        1614.41     3.49933e+10 
        1629.41     3.39402e+10 
        1644.41      3.2927e+10 
        1659.41     3.19525e+10 
        1670.17     3.12754e+10 
         1684.4     3.04086e+10 
         1699.4     2.95283e+10 
         1714.4     2.86799e+10 
         1729.4      2.7862e+10 
         1744.4     2.70731e+10 
        1759.39     2.63126e+10 
         1771.7     2.57087e+10 
        1784.39     2.51043e+10 
        1799.39     2.44132e+10 
           1824     2.33303e+10 
        1834.77     2.28754e+10 
        1845.54      2.2432e+10 
           1864     2.16966e+10 
        1876.29     2.12241e+10 
        1888.59     2.07646e+10 
        1906.98     2.01004e+10 
        1919.37     1.96681e+10 
        1931.76     1.92479e+10 
        1944.47     1.88283e+10 
        1956.53     1.84409e+10 
         1967.6      1.8094e+10 
        1992.71      1.7338e+10 
        2017.81     1.66216e+10 
        2042.92     1.59425e+10 
        2067.03     1.53226e+10 
        2091.15     1.47335e+10 
        2114.28     1.41949e+10 
        2126.36     1.39235e+10 
        2145.92      1.3498e+10 
        2165.47     1.30888e+10 
        2194.48     1.25104e+10 
        2204.59     1.23164e+10 
         2214.7     1.21262e+10 
        2234.91     1.17571e+10 
        2263.91     1.12517e+10 
        2292.92     1.07737e+10 
        2313.13     1.04556e+10 
        2344.77      9.98137e+9 
        2362.35      9.72954e+9 
        2379.94      9.48569e+9 
        2409.27       9.0957e+9 
        2432.73      8.79838e+9 
        2451.59      8.56813e+9 
        2466.76      8.38856e+9 
        2488.39      8.14056e+9 
        2510.01      7.90173e+9 
         2547.3      7.51039e+9 
        2559.23      7.39028e+9 
        2571.17      7.27269e+9 
        2595.04      7.04449e+9 
        2618.91      6.82517e+9 
        2642.78      6.61437e+9 
        2657.67      6.48698e+9 
        2687.45      6.24153e+9 
        2717.24       6.0076e+9 
        2737.93       5.8515e+9 
        2756.11      5.71858e+9 
        2774.29      5.58949e+9 
        2810.65      5.34215e+9 
        2839.47      5.15576e+9 
        2854.55      5.06145e+9 
        2869.63       4.9694e+9 
        2899.79      4.79149e+9 
        2926.39       4.6412e+9 
        2952.93      4.49703e+9 
        2965.73      4.42958e+9 
        2978.53      4.36342e+9 
        3004.12      4.23477e+9 
        3051.42      4.00924e+9 
        3098.72      3.79869e+9 
        3142.18      3.61732e+9 
        3157.53      3.55591e+9 
        3172.87      3.49581e+9 
        3203.56      3.37938e+9 
        3248.29      3.21825e+9 
        3293.03      3.06668e+9 
        3328.79       2.9519e+9 
        3346.73      2.89634e+9 
        3364.67      2.84213e+9 
        3400.55      2.73745e+9 
        3445.17      2.61394e+9 
        3489.78      2.49736e+9 
        3525.18      2.40945e+9 
         3543.6      2.36523e+9 
        3562.02      2.32204e+9 
        3591.28      2.25543e+9 
        3635.88      2.15841e+9 
        3647.12      2.13479e+9 
        3658.96      2.11026e+9 
        3671.11      2.08533e+9 
        3682.58      2.06221e+9 
         3693.5      2.04047e+9 
        3703.57      2.02065e+9 
        3713.83      2.00068e+9 
        3724.38      1.98041e+9 
        3734.43      1.96129e+9 
        3744.62      1.94225e+9 
        3754.84      1.92346e+9 
        3765.07      1.90465e+9 
         3775.5      1.88624e+9 
        3786.22       1.8675e+9 
        3796.45      1.84726e+9 
        3807.84      1.83239e+9 
        3818.92       1.8137e+9 
        3830.45      1.78543e+9 
        3840.76      1.77278e+9 
        3851.98      1.77025e+9 
        3862.01      1.75668e+9 
        3872.59      1.72651e+9 
         3884.4      1.67402e+9 
        3894.46      1.66705e+9 
        3908.89      1.69941e+9 
        3923.89      1.69974e+9 
        3935.81      1.67522e+9 
        3946.58      1.62832e+9 
        3957.31      1.55361e+9 
        3967.38      1.46465e+9 
        3977.86      1.49467e+9 
        3988.87      1.56267e+9 
        4003.87      1.61237e+9 
        4018.86      1.62171e+9 
        4032.38      1.61115e+9 
        4043.86      1.59171e+9 
        4058.85      1.54436e+9 
        4073.85       1.4587e+9 
        4085.65      1.35879e+9 
        4096.31      1.22883e+9 
        4106.79      1.21453e+9 
        4117.77      1.32486e+9 
        4128.84      1.39466e+9 
        4139.69      1.43849e+9 
        4150.55      1.46131e+9 
        4163.83      1.46962e+9 
        4178.82      1.46457e+9 
        4193.82      1.45264e+9 
        4208.81      1.43747e+9 
         4221.1      1.42345e+9 
        4233.81      1.40739e+9 
         4248.8       1.3856e+9 
         4263.8      1.35843e+9 
         4278.8      1.32178e+9 
        4293.79      1.26899e+9 
        4308.79      1.19389e+9 
        4320.85      1.10713e+9 
        4331.09       1.0033e+9 
         4341.1      8.78958e+8 
        4351.76      1.00964e+9 
        4363.77      1.09785e+9 
        4378.77      1.15919e+9 
        4393.77      1.18897e+9 
        4408.76      1.20011e+9 
        4423.76      1.19937e+9 
        4438.75      1.19177e+9 
        4453.75      1.18095e+9 
        4468.74      1.16863e+9 
        4483.74      1.15561e+9 
        4498.74      1.14235e+9 
        4513.73      1.12901e+9 
        4527.19      1.11705e+9 
        4538.73      1.10683e+9 
        4553.72      1.09364e+9 
        4568.72      1.08055e+9 
        4583.72      1.06759e+9 
        4596.53      1.05661e+9 
        4608.71      1.04629e+9 
         4623.7      1.03366e+9 
         4638.7      1.02114e+9 
         4653.7      1.00872e+9 
        4668.69       9.9635e+8 
        4683.69      9.83941e+8 
        4698.68      9.71418e+8 
        4713.68      9.58619e+8 
        4724.83      9.48799e+8 
        4738.67      9.36028e+8 
        4753.67      9.21366e+8 
        4768.67      9.05102e+8 
        4783.66      8.85891e+8 
        4798.66      8.61839e+8 
        4813.65       8.2956e+8 
        4828.65      7.84361e+8 
        4839.16      7.39188e+8 
        4849.39      6.78405e+8 
        4859.47      5.89388e+8 
        4869.58      6.42974e+8 
        4879.92       7.0186e+8 
        4891.06      7.41061e+8 
        4903.34      7.66373e+8 
        4913.63      7.78462e+8 
        4925.16      7.85775e+8 
        4938.62      7.88414e+8 
        4953.62      7.86834e+8 
        4968.61      7.82429e+8 
        4983.61      7.76492e+8 
         4998.6       7.6974e+8 
         5013.6      7.62389e+8 
         5028.6      7.54699e+8 
        5043.59      7.46832e+8 
        5058.59      7.38912e+8 
        5073.58      7.30967e+8 
        5088.58      7.23072e+8 
        5103.58      7.15243e+8 
        5118.57      7.07493e+8 
        5133.57      6.99824e+8 
        5148.56      6.92247e+8 
        5163.56       6.8476e+8 
        5178.56      6.77365e+8 
        5193.55      6.70061e+8 
        5208.55      6.62851e+8 
        5223.54      6.55732e+8 
        5238.54      6.48704e+8 
        5253.54      6.41771e+8 
        5268.53      6.34922e+8 
        5283.53      6.28165e+8 
        5298.52      6.21498e+8 
        5313.52      6.14913e+8 
        5328.52      6.08417e+8 
        5343.51      6.02001e+8 
        5358.51      5.95671e+8 
         5373.5      5.89479e+8 
         5388.5      5.83306e+8 
         5403.5      5.77214e+8 
        5418.49      5.71204e+8 
        5433.49       5.6527e+8 
        5448.48      5.59411e+8 
        5463.48       5.5363e+8 
        5478.48      5.47922e+8 
        5493.47      5.42286e+8 
        5508.47      5.36725e+8 
        5523.46      5.31234e+8 
        5538.46      5.25812e+8 
        5553.46      5.20458e+8 
        5568.45      5.15174e+8 
        5583.45      5.09956e+8 
        5598.44      5.04804e+8 
        5613.44      4.99717e+8 
        5628.44      4.94694e+8 
        5643.43      4.89733e+8 
        5658.43      4.84836e+8 
        5673.42      4.80035e+8 
         5686.2      4.75961e+8 
        5698.42      4.72103e+8 
        5708.88      4.68829e+8 
        5723.41      4.64331e+8 
        5738.41      4.59747e+8 
         5753.4      4.55217e+8 
         5768.4      4.50709e+8 
        5783.39      4.46288e+8 
        5798.39      4.41925e+8 
        5813.39      4.37611e+8 
        5828.38      4.33354e+8 
        5843.38      4.29145e+8 
        5858.37      4.24988e+8 
        5873.37      4.20882e+8 
        5888.37      4.16823e+8 
        5903.36      4.12812e+8 
        5918.36       4.0885e+8 
        5933.35      4.04936e+8 
        5948.35      4.01068e+8 
        5963.35      3.97245e+8 
        5978.34      3.93469e+8 
        5993.34      3.89733e+8 
        6008.33      3.86045e+8 
        6023.33      3.82398e+8 
        6038.32      3.78794e+8 
        6053.32      3.75232e+8 
        6068.32       3.7171e+8 
        6083.31      3.68229e+8 
        6098.31      3.64786e+8 
        6113.31      3.61381e+8 
         6128.3      3.58013e+8 
         6143.3      3.54683e+8 
        6158.29       3.5139e+8 
        6173.29      3.48132e+8 
        6188.28      3.44906e+8 
        6203.28      3.41714e+8 
        6218.28      3.38554e+8 
        6233.27      3.35422e+8 
        6244.38      3.33122e+8 
        6256.04      3.30725e+8 
        6266.59      3.28576e+8 
        6278.26      3.26214e+8 
        6290.52      3.23744e+8 
        6302.31      3.21388e+8 
        6312.59      3.19343e+8 
        6323.25      3.17232e+8 
        6338.24      3.14272e+8 
        6353.24      3.11322e+8 
        6368.24      3.08372e+8 
        6383.23      3.05415e+8 
        6398.23       3.0243e+8 
        6413.22      2.99392e+8 
        6428.22      2.96261e+8 
        6443.22      2.92971e+8 
        6458.21      2.89404e+8 
        6473.21      2.85398e+8 
         6488.2      2.80691e+8 
         6503.2      2.74813e+8 
         6518.2      2.66789e+8 
        6532.67      2.55409e+8 
        6543.19      2.43344e+8 
        6556.02      2.21309e+8 
        6566.09      2.12372e+8 
        6577.95      2.33014e+8 
        6588.18      2.43628e+8 
        6603.34      2.52429e+8 
        6613.66      2.55507e+8 
        6623.98      2.57124e+8 
         6634.3      2.57791e+8 
        6644.62      2.57834e+8 
        6654.94      2.57462e+8 
        6675.58      2.55913e+8 
        6696.23      2.53744e+8 
        6711.48      2.51935e+8 
        6741.98       2.4808e+8 
        6781.19      2.42959e+8 
        6802.98      2.40104e+8 
        6824.78      2.37263e+8 
        6868.37      2.31657e+8 
        6955.56      2.20849e+8 
        6976.35      2.18353e+8 
        7042.75      2.10602e+8 
        7109.15       2.0318e+8 
        7175.54      1.96079e+8 
        7241.94      1.89283e+8 
        7308.33      1.82778e+8 
        7355.95      1.78283e+8 
        7374.73      1.76553e+8 
        7393.51      1.74838e+8 
        7431.08      1.71472e+8 
        7506.22      1.64978e+8 
        7581.35      1.58788e+8 
         7635.1      1.54538e+8 
        7656.49      1.52886e+8 
        7677.88      1.51256e+8 
        7720.67      1.48061e+8 
        7806.23      1.41921e+8 
        7821.36      1.40868e+8 
         7891.8      1.36094e+8 
        7962.25       1.3152e+8 
        7982.84       1.3022e+8 
        8032.69      1.27137e+8 
        8082.55      1.24144e+8 
        8161.68      1.19574e+8 
        8182.26       1.1842e+8 
        8200.85      1.17389e+8 
        8216.85      1.16511e+8 
        8232.84      1.15642e+8 
        8264.83      1.13927e+8 
        8289.72      1.12615e+8 
        8328.82      1.10591e+8 
        8343.44      1.09846e+8 
        8367.92      1.08612e+8 
        8388.68       1.0758e+8 
        8408.65      1.06599e+8 
        8432.02      1.05464e+8 
        8467.25      1.03781e+8 
        8502.48      1.02132e+8 
        8516.58      1.01481e+8 
        8530.98      1.00822e+8 
        8545.38      1.00171e+8 
        8574.18      9.88835e+7 
        8598.39      9.78176e+7 
         8628.6      9.65078e+7 
        8646.81      9.57278e+7 
        8665.01       9.4955e+7 
        8685.59      9.40929e+7 
        8701.43       9.3435e+7 
        8750.47      9.14175e+7 
        8767.92      9.07195e+7 
        8815.35       8.8843e+7 
        8862.78      8.70303e+7 
        8900.38      8.56612e+7 
        8957.65      8.35519e+7 
        9014.91       8.1459e+7 
        9044.62      8.04898e+7 
        9072.17      7.96001e+7 
        9099.72      7.86941e+7 
        9154.81      7.68399e+7 
         9190.8      7.55669e+7 
         9209.9      7.48883e+7 
        9229.01      7.42493e+7 
        9267.22      7.32406e+7 
        9305.43      7.22909e+7 
        9379.63      7.02454e+7 
        9397.45      6.97116e+7 
        9415.28       6.9165e+7 
        9450.94      6.79954e+7 
        9486.59      6.67309e+7 
        9498.52      6.62826e+7 
        9522.24      6.52883e+7 
         9534.1      6.47759e+7 
        9545.97      6.43046e+7 
        9557.83      6.41607e+7 
        9569.68      6.40879e+7 
        9581.55      6.39983e+7 
        9593.41      6.38783e+7 
        9605.27      6.37187e+7 
        9628.99      6.33628e+7 
        9668.45      6.26556e+7 
        9707.91      6.18313e+7 
        9747.38      6.09425e+7 
        9826.31      5.90638e+7 
        9857.65      5.82945e+7 
        9905.23      5.69498e+7 
        9929.03      5.62157e+7 
        9952.82      5.54042e+7 
        9976.61      5.45368e+7 
        10000.4      5.35525e+7 
        10046.6      5.16255e+7 
        10057.6      5.14351e+7 
        10068.6      5.14477e+7 
        10079.6      5.15215e+7 
        10101.5      5.16318e+7 
        10123.5      5.16346e+7 
        10145.4      5.15265e+7 
        10167.4      5.13723e+7 
        10189.4      5.11442e+7 
        10229.4      5.06327e+7 
          10245      5.03955e+7 
        10260.5      5.01524e+7 
        10291.7       4.9639e+7 
        10353.9      4.85643e+7 
        10416.2      4.74842e+7 
        10478.4      4.63727e+7 
        10540.7      4.53093e+7 
        10602.9      4.42647e+7 
        10665.2      4.31865e+7 
        10727.4      4.20314e+7 
        10758.6      4.14068e+7 
        10789.7      4.07179e+7 
        10820.8      3.99532e+7 
        10836.4        3.953e+7 
          10852      3.90582e+7 
        10867.5      3.85521e+7 
        10883.1      3.79611e+7 
        10898.6      3.73306e+7 
        10914.2       3.6631e+7 
        10926.1      3.60133e+7 
        10936.6      3.52427e+7 
          10947      3.56162e+7 
        10960.5      3.60036e+7 
        10972.4      3.62408e+7 
        10984.3      3.64459e+7 
        11008.2      3.67086e+7 
        11032.1      3.68078e+7 
          11056       3.6811e+7 
        11079.8      3.67284e+7 
        11103.7      3.65999e+7 
        11151.5      3.62125e+7 
        11199.2      3.57416e+7 
          11233       3.5375e+7 
          11247      3.52195e+7 
        11260.9      3.50627e+7 
        11288.8      3.47448e+7 
        11344.6      3.41048e+7 
        11400.4      3.34702e+7 
        11456.2      3.28636e+7 
          11512      3.22462e+7 
        11567.8      3.16431e+7 
        11623.6      3.10538e+7 
        11679.5      3.04782e+7 
        11735.3      2.99159e+7 
        11791.1      2.93665e+7 
        11846.9      2.88296e+7 
        11902.7      2.83049e+7 
        11958.5      2.77921e+7 
        12014.3      2.72908e+7 
        12070.1      2.67891e+7 
        12125.9      2.63076e+7 
        12181.7      2.58359e+7 
        12237.5      2.53734e+7 
        12284.6      2.49888e+7 
        12378.9      2.42318e+7 
        12473.1      2.34781e+7 
        12520.2      2.30938e+7 
        12567.3      2.26937e+7 
        12614.4       2.2259e+7 
          12638      2.20233e+7 
        12661.5      2.17653e+7 
        12685.1      2.14751e+7 
        12708.6      2.11465e+7 
        12732.2      2.07523e+7 
          12744      2.05286e+7 
        12755.8      2.02737e+7 
        12767.5      1.99983e+7 
        12779.3      1.96852e+7 
        12791.1      1.93368e+7 
        12802.9      1.89562e+7 
        12812.9      1.86616e+7 
        12824.4      1.86154e+7 
        12840.4      1.89428e+7 
        12853.2      1.91821e+7 
          12866      1.93782e+7 
        12878.8      1.95219e+7 
        12891.6      1.96412e+7 
        12904.4      1.97209e+7 
        12917.2      1.97777e+7 
          12930       1.9812e+7 
        12955.6      1.98264e+7 
        12981.2      1.97947e+7 
        13006.8      1.97271e+7 
          13058      1.95343e+7 
        13109.1      1.92964e+7 
        13160.3      1.90375e+7 
        13211.5      1.87703e+7 
        13262.7      1.85001e+7 
        13308.4      1.82594e+7 
        13399.7      1.77839e+7 
          13491      1.73199e+7 
        13582.3      1.68694e+7 
        13673.6      1.64357e+7 
        13764.9      1.60118e+7 
        13856.2      1.56014e+7 
        13947.5      1.52041e+7 
        14038.8      1.48193e+7 
        14130.1      1.44466e+7 
        14221.5      1.40856e+7 
        14293.5      1.38087e+7 
        14312.8      1.37357e+7 
        14332.1      1.36632e+7 
        14370.7      1.35194e+7 
        14438.1      1.32729e+7 
        14449.4       1.3232e+7 
        14477.2      1.31324e+7 
        14516.3      1.29938e+7 
        14581.2      1.27677e+7 
        14597.2      1.27128e+7 
        14613.2      1.26581e+7 
        14645.2      1.25497e+7 
        14709.2      1.23363e+7 
        14773.2      1.21275e+7 
        14837.1       1.1923e+7 
        14901.1      1.17228e+7 
        14965.1      1.15268e+7 
        15029.1      1.13349e+7 
        15093.1       1.1147e+7 
        15157.1      1.09629e+7 
          15221      1.07826e+7 
          15285       1.0606e+7 
          15349       1.0433e+7 
          15413      1.02635e+7 
        15471.6      1.01113e+7 
        15482.4      1.00836e+7 
        15493.1       1.0056e+7 
        15514.7      1.00011e+7 
        15557.9      9.89247e+6 
        15644.2       9.6795e+6 
        15730.5      9.47225e+6 
        15816.8      9.27049e+6 
        15903.1      9.07408e+6 
        15989.4      8.88285e+6 
        16075.8      8.69662e+6 
        16162.1      8.51526e+6 
        16248.4       8.3386e+6 
        16289.9      8.25529e+6 
        16334.7      8.16648e+6 
        16379.5      8.07889e+6 
        16469.1      7.90783e+6 
        16558.8      7.74126e+6 
        16648.4      7.57906e+6 
          16738       7.4211e+6 
        16827.7      7.26723e+6 
        16917.3      7.11731e+6 
        17006.9      6.97126e+6 
        17096.6      6.82894e+6 
        17186.2      6.69021e+6 
        17275.8      6.55503e+6 
        17327.7      6.47834e+6 
        17365.5      6.42321e+6 
        17403.2      6.36867e+6 
        17478.8       6.2616e+6 
        17554.3      6.15677e+6 
        17629.9      6.05413e+6 
        17705.4       5.9536e+6 
          17781      5.85517e+6 
        17856.5      5.75876e+6 
        17932.1      5.66432e+6 
        18007.6      5.56819e+6 
        18083.2      5.47658e+6 
        18158.7      5.38635e+6 
        18234.3      5.29723e+6 
        18309.8       5.2086e+6 
        18343.7      5.16864e+6 
        18385.3      5.11923e+6 
          18427       5.0689e+6 
        18510.2      4.96133e+6 
        18551.8      4.90013e+6 
        18593.4      4.82904e+6 
        18614.2      4.78744e+6 
          18635         4.74e+6 
        18655.8      4.68462e+6 
        18676.6      4.62021e+6 
        18697.4      4.54271e+6 
          18710      4.48871e+6 
        18726.4      4.40671e+6 
        18738.8      4.33301e+6 
        18749.1      4.18102e+6 
        18759.5      4.28658e+6 
        18772.3      4.34982e+6 
          18785      4.39317e+6 
        18797.8      4.42807e+6 
        18810.6        4.455e+6 
        18823.4      4.47749e+6 
          18849      4.50639e+6 
        18874.6      4.52072e+6 
        18900.2      4.52408e+6 
        18925.8      4.51968e+6 
          18977      4.49666e+6 
        19028.2      4.46298e+6 
        19079.4      4.42402e+6 
        19130.6      4.38262e+6 
        19181.7      4.33998e+6 
        19232.9      4.29691e+6 
        19284.1      4.25378e+6 
        19335.3      4.21074e+6 
        19386.5      4.16801e+6 
        19424.7      4.13635e+6 
        19437.7      4.12563e+6 
        19450.7      4.11492e+6 
        19476.7      4.09356e+6 
        19528.7      4.05118e+6 
        19580.7      4.01078e+6 
        19632.7      3.96909e+6 
        19684.7      3.92796e+6 
        19736.7      3.88734e+6 
        19788.7      3.84726e+6 
        19840.7      3.80767e+6 
        19892.8      3.76859e+6 
        19944.8      3.73001e+6 
        19996.8      3.69194e+6 
        20048.8      3.65433e+6 
        20100.8      3.61723e+6 
        20152.8      3.58057e+6 
        20204.8      3.54438e+6 
        20256.8      3.50862e+6 
        20308.8      3.47334e+6 
        20360.8       3.4385e+6 
        20412.9       3.4041e+6 
        20455.3       3.3763e+6 
        20474.4      3.36392e+6 
        20493.5      3.35161e+6 
        20531.6       3.3271e+6 
        20607.8      3.27875e+6 
          20684      3.23129e+6 
        20760.3       3.1847e+6 
        20836.5      3.13891e+6 
        20912.7      3.09395e+6 
          20989       3.0498e+6 
        21065.2      3.00642e+6 
        21141.5      2.96382e+6 
        21217.7      2.92197e+6 
        21293.9      2.88085e+6 
        21370.2      2.84045e+6 
        21446.4      2.80075e+6 
        21522.6      2.76175e+6 
        21567.1      2.73931e+6 
        21598.9      2.72342e+6 
        21630.6      2.70765e+6 
        21694.1      2.67643e+6 
        21757.6      2.64565e+6 
        21821.1      2.61532e+6 
        21884.7      2.58542e+6 
        21948.2      2.55594e+6 
        22011.7      2.52689e+6 
        22075.2      2.49824e+6 
        22138.7         2.47e+6 
        22202.2      2.44215e+6 
        22265.7       2.4147e+6 
        22329.2      2.38763e+6 
        22392.7      2.36094e+6 
        22456.2      2.33462e+6 
        22519.7      2.30867e+6 
        22583.2      2.28307e+6 
        22646.8      2.25783e+6 
        22710.3      2.23294e+6 
        22760.7      2.21341e+6 
        22773.8      2.20839e+6 
        22784.8      2.20414e+6 
        22800.8      2.19802e+6 
        22816.8      2.19193e+6 
        22848.8      2.17979e+6 
        22912.8      2.15578e+6 
        22976.8      2.13209e+6 
        23040.8      2.10873e+6 
        23104.8      2.08569e+6 
        23168.7      2.06296e+6 
        23232.7      2.04054e+6 
        23296.7      2.01843e+6 
        23360.7      1.99674e+6 
        23424.7      1.97521e+6 
        23488.6      1.95398e+6 
        23552.6      1.93303e+6 
        23616.6      1.91235e+6 
        23680.6      1.89183e+6 
        23744.6      1.87171e+6 
        23808.6      1.85185e+6 
        23872.5      1.83226e+6 
        23936.5      1.81292e+6 
        24000.5      1.79384e+6 
        24064.5      1.77501e+6 
        24128.5      1.75642e+6 
        24192.5      1.73808e+6 
        24256.4      1.71997e+6 
        24320.4       1.7021e+6 
        24384.4      1.68457e+6 
        24448.4      1.66716e+6 
        24512.4      1.64997e+6 
        24576.3        1.633e+6 
        24640.3      1.61625e+6 
        24704.3      1.59972e+6 
        24768.3      1.58339e+6 
        24832.3      1.56727e+6 
        24896.3      1.55136e+6 
        24960.2      1.53565e+6 
        25004.4      1.52491e+6 
        25024.2      1.52014e+6 
          25044      1.51538e+6 
        25083.6      1.50592e+6 
        25162.8      1.48723e+6 
        25241.9      1.46882e+6 
        25321.1       1.4507e+6 
        25400.2      1.43286e+6 
        25479.4      1.41529e+6 
        25558.5      1.39799e+6 
        25637.7      1.38095e+6 
        25716.9      1.36417e+6 
          25796      1.34765e+6 
        25875.2      1.33137e+6 
        25954.3      1.31534e+6 
        26033.5      1.29955e+6 
        26112.7        1.284e+6 
        26191.8      1.26868e+6 
          26271      1.25358e+6 
        26350.1      1.23871e+6 
        26429.3      1.22406e+6 
        26508.4      1.20963e+6 
        26587.6       1.1954e+6 
        26666.8      1.18139e+6 
        26745.9      1.16758e+6 
        26825.1      1.15397e+6 
        26904.2      1.14056e+6 
        26983.4      1.12734e+6 
        27062.6      1.11432e+6 
        27141.7      1.10148e+6 
        27220.9      1.08883e+6 
        27299.2      1.07648e+6 
        27377.5      1.06432e+6 
        27455.8      1.05233e+6 
        27534.2      1.04051e+6 
        27612.5      1.02886e+6 
        27690.8      1.01736e+6 
        27769.1      1.00603e+6 
        27847.5          994851 
        27925.8          983831 
        28004.1          972961 
        28082.4          962242 
        28160.8          951670 
        28239.1          941243 
        28317.4          930961 
        28395.7          920813 
          28474          910807 
        28552.4          900937 
        28630.7          891198 
          28709          881594 
        28787.3          872116 
        28865.7          862763 
          28944          853539 
        29022.3          844435 
        29100.6          835453 
          29179          826591 
        29257.3          817848 
        29335.6          809218 
        29413.9          800701 
        29492.3          792297 
        29570.6          784003 
        29648.9          775816 
        29727.2          767736 
        29805.5          759760 
        29883.9          751890 
        29932.6          747042 
        29962.2          744121 
        29991.8          741209 
