# Koester WD models
# teff = 35000 K (value for the effective temperature for the model. Temperatures are given in K)
# logg = 7.75 log(cm/s2) (value for Log(G) for the model.)
#
# column 1: WAVELENGTH (ANGSTROM), Wavelength in Angstrom
# column 2: FLUX (ERG/CM2/S/A), Flux in erg/cm2/s/A
         899.23     1.43304e+10 
        909.241     1.43519e+10 
        919.251      1.4812e+10 
        929.261     1.44585e+10 
        939.271     2.73269e+10 
         949.28     1.02674e+10 
        959.281     8.19111e+10 
        969.297     2.93023e+10 
        979.305      7.3621e+10 
        989.312     1.19091e+11 
        999.319      1.2695e+11 
        1009.33     1.11368e+11 
        1019.33     5.27043e+10 
        1029.34     4.08115e+10 
        1039.34     1.02884e+11 
        1049.35     1.22944e+11 
        1059.36     1.26719e+11 
        1069.36     1.25869e+11 
        1079.36     1.23525e+11 
        1089.37     1.20646e+11 
        1099.37     1.17576e+11 
        1109.38     1.14456e+11 
        1119.38     1.11343e+11 
        1129.38     1.08256e+11 
        1139.39     1.05189e+11 
        1149.39     1.02117e+11 
        1159.39     9.89724e+10 
        1169.39     9.55924e+10 
         1179.4     9.15623e+10 
         1189.4     8.56059e+10 
         1199.4     7.30747e+10 
         1209.4     3.96057e+10 
        1219.41     3.26386e+10 
        1229.41     6.62917e+10 
        1239.41     7.52672e+10 
        1249.41     7.65999e+10 
        1259.41     7.58902e+10 
        1269.41     7.45412e+10 
        1279.42     7.29695e+10 
        1289.42     7.13251e+10 
        1299.42     6.96711e+10 
        1309.42      6.8034e+10 
        1319.42      6.6429e+10 
        1329.42     6.48613e+10 
        1339.42     6.33336e+10 
        1349.42     6.18473e+10 
        1359.42     6.04021e+10 
        1369.42     5.89975e+10 
        1379.42     5.76319e+10 
        1389.42     5.63043e+10 
        1399.42      5.5014e+10 
        1409.42     5.37599e+10 
        1419.42     5.25428e+10 
        1429.42     5.13603e+10 
        1439.42     5.02111e+10 
        1454.42     4.85477e+10 
        1464.42     4.74773e+10 
        1474.42     4.64365e+10 
        1489.42     4.49289e+10 
        1504.42     4.34834e+10 
        1514.42     4.25526e+10 
        1529.42     4.12036e+10 
        1544.42     3.99083e+10 
        1559.42     3.86645e+10 
        1570.19     3.78015e+10 
        1584.41     3.66985e+10 
        1599.41     3.55798e+10 
        1614.41     3.45035e+10 
        1629.41     3.34683e+10 
        1644.41     3.24724e+10 
        1659.41     3.15146e+10 
        1670.17     3.08487e+10 
         1684.4     2.99962e+10 
         1699.4     2.91303e+10 
         1714.4     2.82958e+10 
         1729.4     2.74913e+10 
         1744.4     2.67154e+10 
        1759.39     2.59671e+10 
         1771.7     2.53729e+10 
        1784.39     2.47783e+10 
        1799.39     2.40981e+10 
           1824      2.3032e+10 
        1834.77     2.25843e+10 
        1845.54     2.21478e+10 
           1864     2.14239e+10 
        1876.29     2.09586e+10 
        1888.59     2.05062e+10 
        1906.98     1.98522e+10 
        1919.37     1.94264e+10 
        1931.76     1.90125e+10 
        1944.47     1.85991e+10 
        1956.53     1.82175e+10 
         1967.6     1.78757e+10 
        1992.71      1.7131e+10 
        2017.81      1.6425e+10 
        2042.92     1.57557e+10 
        2067.03     1.51448e+10 
        2091.15     1.45639e+10 
        2114.28      1.4033e+10 
        2126.36     1.37654e+10 
        2145.92     1.33458e+10 
        2165.47     1.29422e+10 
        2194.48     1.23717e+10 
        2204.59     1.21803e+10 
         2214.7     1.19927e+10 
        2234.91     1.16285e+10 
        2263.91     1.11299e+10 
        2292.92     1.06582e+10 
        2313.13     1.03442e+10 
        2344.77      9.87619e+9 
        2362.35      9.62757e+9 
        2379.94      9.38686e+9 
        2409.27      9.00179e+9 
        2432.73      8.70824e+9 
        2451.59      8.48089e+9 
        2466.76      8.30351e+9 
        2488.39      8.05859e+9 
        2510.01      7.82263e+9 
         2547.3      7.43606e+9 
        2559.23       7.3174e+9 
        2571.17      7.20122e+9 
        2595.04      6.97575e+9 
        2618.91      6.75904e+9 
        2642.78      6.55072e+9 
        2657.67      6.42481e+9 
        2687.45      6.18218e+9 
        2717.24      5.95093e+9 
        2737.93      5.79665e+9 
        2756.11       5.6652e+9 
        2774.29      5.53759e+9 
        2810.65      5.29299e+9 
        2839.47      5.10867e+9 
        2854.55      5.01543e+9 
        2869.63      4.92438e+9 
        2899.79      4.74842e+9 
        2926.39      4.59973e+9 
        2952.93       4.4571e+9 
        2965.73      4.39041e+9 
        2978.53      4.32494e+9 
        3004.12      4.19764e+9 
        3051.42      3.97446e+9 
        3098.72      3.76611e+9 
        3142.18       3.5866e+9 
        3157.53      3.52581e+9 
        3172.87      3.46631e+9 
        3203.56      3.35107e+9 
        3248.29      3.19151e+9 
        3293.03      3.04144e+9 
        3328.79      2.92778e+9 
        3346.73      2.87276e+9 
        3364.67      2.81907e+9 
        3400.55       2.7154e+9 
        3445.17      2.59307e+9 
        3489.78      2.47759e+9 
        3525.18       2.3905e+9 
         3543.6      2.34669e+9 
        3562.02      2.30391e+9 
        3591.28      2.23791e+9 
        3635.88      2.14179e+9 
        3647.12      2.11839e+9 
        3658.96      2.09408e+9 
        3671.11      2.06938e+9 
        3682.58      2.04646e+9 
         3693.5       2.0249e+9 
        3703.57      2.00524e+9 
        3713.83      1.98546e+9 
        3724.38      1.96542e+9 
        3734.43      1.94646e+9 
        3744.62      1.92786e+9 
        3754.84      1.90962e+9 
        3765.07       1.8908e+9 
         3775.5      1.87336e+9 
        3786.22      1.85571e+9 
        3796.45      1.83067e+9 
        3807.84      1.82419e+9 
        3818.92      1.80691e+9 
        3830.45      1.76485e+9 
        3840.76      1.75606e+9 
        3851.98      1.77321e+9 
        3862.01      1.76446e+9 
        3872.59      1.72355e+9 
         3884.4      1.63498e+9 
        3894.46      1.63187e+9 
        3908.89       1.7082e+9 
        3919.07      1.72417e+9 
        3929.34      1.71634e+9 
        3939.89      1.68222e+9 
        3951.72      1.60104e+9 
        3961.86      1.48334e+9 
        3972.06      1.38982e+9 
        3982.23       1.5084e+9 
        3992.62      1.58765e+9 
        4003.87       1.6329e+9 
         4015.8      1.64504e+9 
        4028.86      1.63847e+9 
        4043.86      1.61594e+9 
        4058.85      1.57091e+9 
        4071.35       1.5006e+9 
        4082.28      1.40881e+9 
        4093.69      1.25467e+9 
        4103.79      1.13939e+9 
        4114.69      1.30287e+9 
        4125.26      1.39523e+9 
        4135.54       1.4449e+9 
        4146.66      1.47426e+9 
        4158.83      1.48264e+9 
        4173.82      1.47658e+9 
        4188.82       1.4635e+9 
        4203.81      1.44755e+9 
        4216.52      1.43288e+9 
        4228.81       1.4178e+9 
        4243.81      1.39806e+9 
         4258.8      1.37553e+9 
         4273.8      1.34721e+9 
        4288.79      1.30696e+9 
        4303.79      1.24818e+9 
        4314.07      1.18846e+9 
        4326.14       1.0796e+9 
        4336.17      9.34369e+8 
        4346.17      9.51105e+8 
        4357.43      1.08028e+9 
        4367.98      1.14518e+9 
        4378.77      1.18117e+9 
        4393.77      1.20295e+9 
        4408.76      1.20729e+9 
        4423.76      1.20138e+9 
        4438.75      1.19076e+9 
        4453.75      1.17821e+9 
        4468.74      1.16489e+9 
        4483.74      1.15126e+9 
        4498.74      1.13758e+9 
        4513.73      1.12396e+9 
        4527.19      1.11183e+9 
        4538.73       1.1015e+9 
        4553.72      1.08821e+9 
        4568.72      1.07507e+9 
        4583.72      1.06209e+9 
        4596.53      1.05112e+9 
        4608.71      1.04082e+9 
         4623.7      1.02826e+9 
         4638.7      1.01583e+9 
         4653.7      1.00355e+9 
        4668.69      9.91361e+8 
        4683.69      9.79219e+8 
        4698.68      9.67089e+8 
        4713.68      9.54875e+8 
        4724.83      9.45651e+8 
        4738.67      9.33904e+8 
        4753.67      9.20738e+8 
        4768.67      9.06447e+8 
        4783.66      8.90227e+8 
        4798.66      8.70224e+8 
        4813.65      8.43034e+8 
        4828.65      8.02476e+8 
        4839.16      7.58516e+8 
        4849.39      6.93717e+8 
        4859.47      5.90365e+8 
        4869.58      6.54755e+8 
        4879.92       7.1999e+8 
        4891.06      7.58641e+8 
        4903.34       7.8023e+8 
        4913.63      7.88603e+8 
        4925.16        7.922e+8 
        4938.62      7.91449e+8 
        4953.62      7.87205e+8 
        4968.61      7.81135e+8 
        4983.61      7.74035e+8 
         4998.6      7.66489e+8 
         5013.6      7.58635e+8 
         5028.6      7.50633e+8 
        5043.59      7.42585e+8 
        5058.59      7.34551e+8 
        5073.58       7.2655e+8 
        5088.58      7.18627e+8 
        5103.58      7.10785e+8 
        5118.57      7.03038e+8 
        5133.57      6.95382e+8 
        5148.56      6.87823e+8 
        5163.56      6.80359e+8 
        5178.56      6.72992e+8 
        5193.55      6.65722e+8 
        5208.55      6.58547e+8 
        5223.54      6.51463e+8 
        5238.54      6.44476e+8 
        5253.54      6.37577e+8 
        5268.53      6.30769e+8 
        5283.53      6.24052e+8 
        5298.52       6.1742e+8 
        5313.52       6.1088e+8 
        5328.52      6.04424e+8 
        5343.51      5.98049e+8 
        5358.51       5.9176e+8 
         5373.5      5.85583e+8 
         5388.5      5.79454e+8 
         5403.5      5.73407e+8 
        5418.49      5.67434e+8 
        5433.49      5.61541e+8 
        5448.48      5.55726e+8 
        5463.48      5.49983e+8 
        5478.48      5.44315e+8 
        5493.47       5.3872e+8 
        5508.47      5.33197e+8 
        5523.46      5.27744e+8 
        5538.46      5.22362e+8 
        5553.46      5.17046e+8 
        5568.45        5.118e+8 
        5583.45       5.0662e+8 
        5598.44      5.01502e+8 
        5613.44       4.9645e+8 
        5628.44      4.91464e+8 
        5643.43      4.86538e+8 
        5658.43      4.81675e+8 
        5673.42      4.76875e+8 
         5686.2      4.72832e+8 
        5698.42      4.69002e+8 
        5708.88      4.65754e+8 
        5723.41      4.61293e+8 
        5738.41       4.5674e+8 
         5753.4      4.52245e+8 
         5768.4      4.47787e+8 
        5783.39      4.43401e+8 
        5798.39      4.39069e+8 
        5813.39       4.3479e+8 
        5828.38      4.30562e+8 
        5843.38      4.26386e+8 
        5858.37      4.22258e+8 
        5873.37      4.18184e+8 
        5888.37      4.14156e+8 
        5903.36      4.10179e+8 
        5918.36      4.06246e+8 
        5933.35      4.02363e+8 
        5948.35      3.98524e+8 
        5963.35      3.94729e+8 
        5978.34      3.90981e+8 
        5993.34      3.87277e+8 
        6008.33      3.83617e+8 
        6023.33      3.79998e+8 
        6038.32      3.76422e+8 
        6053.32      3.72888e+8 
        6068.32      3.69395e+8 
        6083.31      3.65942e+8 
        6098.31      3.62527e+8 
        6113.31      3.59153e+8 
         6128.3      3.55817e+8 
         6143.3      3.52518e+8 
        6158.29      3.49254e+8 
        6173.29      3.46028e+8 
        6188.28      3.42839e+8 
        6203.28      3.39682e+8 
        6218.28      3.36556e+8 
        6233.27      3.33464e+8 
        6244.38      3.31196e+8 
        6256.04      3.28831e+8 
        6266.59      3.26713e+8 
        6278.26      3.24382e+8 
        6290.52      3.21954e+8 
        6302.31      3.19635e+8 
        6312.59      3.17628e+8 
        6323.25      3.15554e+8 
        6338.24      3.12659e+8 
        6353.24      3.09782e+8 
        6368.24      3.06919e+8 
        6383.23      3.04064e+8 
        6398.23      3.01204e+8 
        6413.22      2.98323e+8 
        6428.22      2.95395e+8 
        6443.22      2.92377e+8 
        6458.21      2.89188e+8 
        6473.21      2.85708e+8 
         6488.2      2.81739e+8 
         6503.2      2.76834e+8 
         6518.2      2.70039e+8 
        6532.67      2.59798e+8 
        6543.19       2.4796e+8 
        6556.02      2.23917e+8 
        6566.09      2.13633e+8 
        6577.95      2.37232e+8 
        6588.18      2.48061e+8 
        6603.34      2.55767e+8 
        6613.66      2.57934e+8 
        6623.98      2.58756e+8 
         6634.3      2.58775e+8 
        6644.62      2.58298e+8 
        6654.94      2.57516e+8 
        6665.26       2.5654e+8 
         6685.9      2.54211e+8 
        6711.48      2.50978e+8 
        6762.62      2.44191e+8 
        6802.75      2.38866e+8 
        6813.77      2.37419e+8 
        6824.78      2.35979e+8 
        6846.81      2.33125e+8 
        6890.86      2.27526e+8 
        6978.98      2.16782e+8 
        7025.03      2.11406e+8 
        7067.09      2.06639e+8 
        7109.15      2.02003e+8 
        7193.26      1.93115e+8 
        7277.38      1.84707e+8 
        7329.48      1.79728e+8 
         7361.5      1.76751e+8 
        7393.51      1.73838e+8 
        7457.55      1.68185e+8 
        7521.58       1.6276e+8 
        7585.61      1.57551e+8 
        7621.41      1.54731e+8 
        7649.65       1.5255e+8 
        7677.88      1.50408e+8 
        7734.35      1.46235e+8 
        7790.83      1.42206e+8 
         7847.3      1.38315e+8 
        7903.77      1.34555e+8 
        7958.24      1.31049e+8 
        7974.27       1.3004e+8 
         7990.3      1.29039e+8 
        8022.35      1.27068e+8 
        8082.55      1.23466e+8 
        8142.75      1.19992e+8 
        8200.85      1.16753e+8 
        8216.85       1.1588e+8 
        8232.84      1.15016e+8 
        8264.83      1.13312e+8 
        8289.72      1.12008e+8 
        8328.82      1.09996e+8 
        8343.44      1.09255e+8 
        8367.92      1.08029e+8 
        8388.68      1.07004e+8 
        8408.65      1.06028e+8 
        8432.02      1.04901e+8 
        8467.25      1.03228e+8 
        8502.48      1.01589e+8 
        8516.58      1.00942e+8 
        8530.98      1.00286e+8 
        8545.38      9.96425e+7 
        8574.18      9.83686e+7 
        8598.39      9.73127e+7 
         8628.6      9.60171e+7 
        8646.81      9.52427e+7 
        8665.01      9.44743e+7 
        8685.59      9.36223e+7 
        8701.43      9.29695e+7 
        8750.47      9.09504e+7 
        8767.92      9.02636e+7 
        8815.35       8.8395e+7 
        8862.78      8.65672e+7 
        8900.38      8.52609e+7 
        8957.65      8.31602e+7 
        8986.28      8.20483e+7 
        9014.91      8.09513e+7 
        9043.54      8.01194e+7 
        9072.17      7.92885e+7 
        9099.72      7.84299e+7 
        9154.81       7.6516e+7 
         9190.8       7.5075e+7 
         9209.9      7.42685e+7 
        9229.01      7.35331e+7 
        9248.11      7.31206e+7 
        9267.22      7.28045e+7 
        9305.43      7.20713e+7 
        9343.64      7.11596e+7 
        9379.63      7.01725e+7 
        9397.45      6.96397e+7 
        9415.28      6.90855e+7 
        9450.94      6.78474e+7 
        9468.76      6.71738e+7 
        9486.59      6.64067e+7 
        9498.52      6.58506e+7 
        9522.24      6.44916e+7 
         9534.1      6.37297e+7 
        9545.97      6.30461e+7 
        9557.83      6.31344e+7 
        9569.68      6.33138e+7 
        9581.55      6.34363e+7 
        9593.41      6.34683e+7 
         9611.2      6.33772e+7 
        9634.92      6.31071e+7 
        9668.45      6.25846e+7 
        9701.98      6.19095e+7 
        9735.52      6.11728e+7 
        9802.58      5.96117e+7 
        9836.12      5.87958e+7 
        9869.65      5.79624e+7 
        9903.19      5.69995e+7 
        9920.62      5.64701e+7 
        9936.72      5.59367e+7 
        9952.82      5.53357e+7 
        9968.92      5.47071e+7 
        9985.02       5.3992e+7 
        10001.1      5.31781e+7 
        10017.2      5.22293e+7 
        10033.3      5.11753e+7 
        10049.4      5.04964e+7 
        10061.4      5.04587e+7 
        10073.5      5.07791e+7 
        10085.5      5.10647e+7 
        10097.6      5.12856e+7 
        10109.6      5.14056e+7 
        10125.7      5.14857e+7 
        10141.8      5.14433e+7 
        10173.9      5.12614e+7 
        10205.6      5.08995e+7 
        10237.2      5.04446e+7 
        10300.4      4.93796e+7 
        10363.7      4.82643e+7 
          10427      4.71581e+7 
        10490.2      4.60454e+7 
        10553.5      4.49857e+7 
        10616.7      4.39245e+7 
          10680      4.28567e+7 
        10743.2      4.17254e+7 
        10774.9       4.1103e+7 
        10806.5      4.04031e+7 
        10822.3      4.00157e+7 
        10838.1      3.95772e+7 
        10853.9      3.90874e+7 
        10869.7      3.85254e+7 
        10885.6      3.78596e+7 
        10901.4      3.70604e+7 
        10917.2      3.61208e+7 
        10927.9      3.53897e+7 
        10938.1      3.43301e+7 
        10952.1      3.53172e+7 
        10962.2      3.57256e+7 
        10972.4      3.60733e+7 
        10982.5       3.6341e+7 
        10992.7      3.65411e+7 
        11002.9      3.66951e+7 
          11013      3.68063e+7 
        11023.2      3.68647e+7 
        11043.5      3.69096e+7 
        11063.8      3.68603e+7 
        11084.1      3.67494e+7 
        11124.8      3.64334e+7 
        11151.3      3.61739e+7 
        11165.4       3.6025e+7 
        11206.1      3.55782e+7 
        11260.9      3.49474e+7 
        11315.7       3.4309e+7 
        11370.6      3.36763e+7 
        11425.4      3.30549e+7 
        11480.2      3.24545e+7 
          11535      3.18561e+7 
        11589.9      3.12715e+7 
        11644.7      3.07001e+7 
        11699.5      3.01417e+7 
        11754.3      2.95959e+7 
        11809.2      2.90624e+7 
          11864      2.85408e+7 
        11918.8      2.80309e+7 
        11973.6      2.75323e+7 
        12028.5       2.7039e+7 
        12083.3      2.65612e+7 
        12138.1      2.60935e+7 
          12193      2.56355e+7 
        12210.9      2.54873e+7 
        12247.8      2.51866e+7 
        12284.6      2.48896e+7 
        12358.3      2.43052e+7 
          12432      2.37306e+7 
        12505.7      2.31587e+7 
        12579.4      2.25702e+7 
        12616.3      2.22561e+7 
        12653.1      2.19114e+7 
        12671.5      2.17182e+7 
          12690      2.15061e+7 
        12708.4      2.12652e+7 
        12726.8      2.09796e+7 
        12745.2      2.06443e+7 
        12763.7      2.02237e+7 
        12782.1      1.96948e+7 
        12800.5      1.90144e+7 
        12811.5      1.85403e+7 
        12822.2      1.83933e+7 
        12837.6      1.88797e+7 
        12855.1      1.93019e+7 
        12872.7      1.95845e+7 
        12890.2       1.9763e+7 
        12907.8      1.98598e+7 
        12925.4      1.99066e+7 
        12942.9      1.99109e+7 
        12960.5      1.98868e+7 
        12995.6      1.97856e+7 
        13030.8      1.96404e+7 
        13065.9      1.94734e+7 
        13136.2      1.91093e+7 
        13206.4      1.87323e+7 
          13245      1.85251e+7 
        13276.7      1.83558e+7 
        13308.4      1.81876e+7 
        13371.7      1.78553e+7 
          13435      1.75291e+7 
        13498.4      1.72097e+7 
        13561.7      1.68972e+7 
        13625.1      1.65935e+7 
        13688.4      1.62942e+7 
        13751.7      1.60015e+7 
        13815.1      1.57154e+7 
        13878.4      1.54356e+7 
        13941.8      1.51621e+7 
        14005.1      1.48945e+7 
        14068.4      1.46328e+7 
        14131.8      1.43769e+7 
        14195.1      1.41265e+7 
        14258.5      1.38816e+7 
        14311.5      1.36804e+7 
        14321.8      1.36419e+7 
        14332.1      1.36035e+7 
        14352.6      1.35271e+7 
        14393.7      1.33761e+7 
        14457.6      1.31449e+7 
        14521.6      1.29188e+7 
        14581.2      1.27124e+7 
        14597.2      1.26577e+7 
        14613.2      1.26033e+7 
        14645.2      1.24954e+7 
        14709.2      1.22831e+7 
        14773.2      1.20752e+7 
        14837.1      1.18717e+7 
        14901.1      1.16725e+7 
        14965.1      1.14775e+7 
        15029.1      1.12865e+7 
        15093.1      1.10994e+7 
        15157.1      1.09162e+7 
          15221      1.07368e+7 
          15285       1.0561e+7 
          15349      1.03889e+7 
          15413      1.02202e+7 
        15471.6      1.00687e+7 
        15482.4      1.00411e+7 
        15493.1      1.00137e+7 
        15514.7       9.9591e+6 
        15557.9      9.85106e+6 
        15644.2      9.63935e+6 
        15730.5      9.43329e+6 
        15816.8       9.2327e+6 
        15903.1      9.03742e+6 
        15989.4      8.84729e+6 
        16075.8      8.66212e+6 
        16162.1       8.4818e+6 
        16248.4      8.30612e+6 
        16289.9      8.22328e+6 
        16334.7      8.13497e+6 
        16379.5      8.04782e+6 
        16469.1      7.87798e+6 
        16558.8      7.71261e+6 
        16648.4      7.55154e+6 
          16738      7.39468e+6 
        16827.7      7.24184e+6 
        16917.3      7.09296e+6 
        17006.9      6.94785e+6 
        17096.6      6.80648e+6 
        17186.2      6.66866e+6 
        17275.8      6.53429e+6 
        17327.7      6.45811e+6 
        17365.5      6.40332e+6 
        17403.2      6.34913e+6 
        17478.8       6.2425e+6 
        17554.3      6.13811e+6 
        17629.9      6.03591e+6 
        17705.4      5.93579e+6 
          17781      5.83777e+6 
        17856.5      5.74176e+6 
        17932.1       5.6477e+6 
        18007.6      5.55346e+6 
        18083.2       5.4626e+6 
        18158.7      5.37332e+6 
        18234.3      5.28538e+6 
        18309.8      5.19842e+6 
        18343.7       5.1595e+6 
        18385.3      5.11165e+6 
          18427      5.06343e+6 
        18510.2      4.96252e+6 
        18551.8      4.90679e+6 
        18593.4      4.84286e+6 
        18614.2      4.80554e+6 
          18635       4.7625e+6 
        18655.8      4.71098e+6 
        18676.6      4.64817e+6 
        18697.4      4.56863e+6 
          18710       4.5101e+6 
        18726.4       4.4205e+6 
        18738.8      4.33816e+6 
        18749.1      4.17326e+6 
        18759.1      4.28642e+6 
        18775.1      4.37307e+6 
        18787.8      4.42063e+6 
        18800.6      4.45858e+6 
        18813.4       4.4872e+6 
        18826.2      4.50837e+6 
          18839      4.52283e+6 
        18851.8      4.53247e+6 
        18877.4      4.54007e+6 
          18903      4.53696e+6 
        18928.6      4.52716e+6 
        18979.8      4.49615e+6 
          19031      4.45742e+6 
        19082.2      4.41538e+6 
        19133.4      4.37203e+6 
        19184.5      4.32817e+6 
        19235.7      4.28432e+6 
        19286.9      4.24062e+6 
        19338.1      4.19723e+6 
        19389.3      4.15429e+6 
        19430.3       4.1202e+6 
        19440.5      4.11175e+6 
        19450.7      4.10333e+6 
        19471.1      4.08652e+6 
        19511.9      4.05309e+6 
        19593.5      3.98803e+6 
        19675.1      3.92316e+6 
        19756.8      3.85964e+6 
        19838.4      3.79737e+6 
          19920      3.73636e+6 
        20001.6      3.67654e+6 
        20083.3      3.61795e+6 
        20164.9      3.56049e+6 
        20246.5       3.5042e+6 
        20328.1      3.44897e+6 
        20345.2      3.43762e+6 
        20409.8      3.39487e+6 
        20474.4      3.35277e+6 
          20539      3.31127e+6 
        20603.6      3.27043e+6 
        20668.2      3.23019e+6 
        20732.9      3.19057e+6 
        20797.5      3.15158e+6 
        20862.1      3.11317e+6 
        20926.7      3.07534e+6 
        20991.3      3.03809e+6 
          21056      3.00139e+6 
        21120.6      2.96525e+6 
        21185.2      2.92965e+6 
        21249.8      2.89458e+6 
        21314.4      2.86004e+6 
          21379        2.826e+6 
        21443.7      2.79248e+6 
        21508.3      2.75944e+6 
        21572.9       2.7269e+6 
        21630.6      2.69824e+6 
        21688.3      2.66993e+6 
          21746        2.642e+6 
        21803.8      2.61443e+6 
        21861.5      2.58722e+6 
        21919.2      2.56037e+6 
        21976.9      2.53386e+6 
        22034.6      2.50769e+6 
        22092.3      2.48186e+6 
          22150      2.45636e+6 
        22207.7      2.43118e+6 
        22265.4      2.40633e+6 
        22323.2       2.3818e+6 
        22380.9      2.35758e+6 
        22438.6      2.33366e+6 
        22496.3      2.31004e+6 
          22554      2.28673e+6 
        22611.7      2.26371e+6 
        22669.4      2.24097e+6 
        22727.1      2.21852e+6 
        22782.8      2.19711e+6 
        22800.8      2.19026e+6 
        22816.8      2.18418e+6 
        22848.8      2.17209e+6 
        22912.8      2.14816e+6 
        22976.8      2.12456e+6 
        23040.8      2.10129e+6 
        23104.8      2.07833e+6 
        23168.7      2.05568e+6 
        23232.7      2.03334e+6 
        23296.7       2.0113e+6 
        23360.7      1.98956e+6 
        23424.7      1.96812e+6 
        23488.6      1.94696e+6 
        23552.6      1.92608e+6 
        23616.6      1.90549e+6 
        23680.6      1.88517e+6 
        23744.6      1.86511e+6 
        23808.6      1.84533e+6 
        23872.5       1.8258e+6 
        23936.5      1.80654e+6 
        24000.5      1.78752e+6 
        24064.5      1.76876e+6 
        24128.5      1.75024e+6 
        24192.5      1.73196e+6 
        24256.4      1.71392e+6 
        24320.4      1.69612e+6 
        24384.4      1.67855e+6 
        24448.4       1.6612e+6 
        24512.4      1.64407e+6 
        24576.3      1.62717e+6 
        24640.3      1.61048e+6 
        24704.3      1.59401e+6 
        24768.3      1.57774e+6 
        24832.3      1.56169e+6 
        24896.3      1.54583e+6 
        24960.2      1.53018e+6 
        25004.4      1.51948e+6 
        25024.2      1.51472e+6 
          25044      1.50998e+6 
        25083.6      1.50056e+6 
        25162.8      1.48194e+6 
        25241.9      1.46361e+6 
        25321.1      1.44557e+6 
        25400.2      1.42779e+6 
        25479.4       1.4103e+6 
        25558.5      1.39306e+6 
        25637.7       1.3761e+6 
        25716.9      1.35938e+6 
          25796      1.34292e+6 
        25875.2      1.32672e+6 
        25954.3      1.31075e+6 
        26033.5      1.29502e+6 
        26112.7      1.27953e+6 
        26191.8      1.26427e+6 
          26271      1.24924e+6 
        26350.1      1.23443e+6 
        26429.3      1.21983e+6 
        26508.4      1.20545e+6 
        26587.6      1.19129e+6 
        26666.8      1.17733e+6 
        26745.9      1.16358e+6 
        26825.1      1.15002e+6 
        26904.2      1.13666e+6 
        26983.4       1.1235e+6 
        27062.6      1.11052e+6 
        27141.7      1.09774e+6 
        27220.9      1.08513e+6 
        27299.2      1.07284e+6 
        27377.5      1.06073e+6 
        27455.8      1.04879e+6 
        27534.2      1.03702e+6 
        27612.5      1.02542e+6 
        27690.8      1.01397e+6 
        27769.1      1.00269e+6 
        27847.5          991559 
        27925.8          980585 
        28004.1          969763 
        28082.4          959087 
        28160.8          948560 
        28239.1          938177 
        28317.4          927935 
        28395.7          917832 
          28474          907867 
        28552.4          898037 
        28630.7          888339 
          28709          878773 
        28787.3          869332 
        28865.7          860020 
          28944          850831 
        29022.3          841768 
        29100.6          832821 
          29179          823996 
        29257.3          815284 
        29335.6          806689 
        29413.9          798206 
        29492.3          789834 
        29570.6          781575 
        29648.9          773419 
        29727.2          765371 
        29805.5          757429 
        29883.9          749587 
        29932.6          744759 
        29962.2          741846 
        29991.8          738950 
