# Koester WD models
# teff = 36000 K (value for the effective temperature for the model. Temperatures are given in K)
# logg = 8.75 log(cm/s2) (value for Log(G) for the model.)
#
# column 1: WAVELENGTH (ANGSTROM), Wavelength in Angstrom
# column 2: FLUX (ERG/CM2/S/A), Flux in erg/cm2/s/A
         899.23     1.89792e+10 
        909.241     1.89473e+10 
        919.251     1.89308e+10 
        929.257     1.76111e+10 
        939.271     2.55334e+10 
         949.28     1.25689e+10 
        959.289     6.29761e+10 
        969.297     2.61236e+10 
        979.305     5.73265e+10 
        989.312     9.72194e+10 
        999.319     1.07629e+11 
        1009.33     9.16792e+10 
        1019.33     4.30254e+10 
        1029.34     3.45823e+10 
        1039.34     8.71305e+10 
        1049.35     1.17406e+11 
        1059.36     1.29193e+11 
        1069.36       1.324e+11 
        1079.36     1.31983e+11 
        1089.37     1.29981e+11 
        1099.37     1.27242e+11 
        1109.38     1.24145e+11 
        1119.38     1.20857e+11 
        1129.38     1.17442e+11 
        1139.39       1.139e+11 
        1149.39     1.10166e+11 
        1159.39     1.06072e+11 
        1169.39     1.01246e+11 
         1179.4     9.48042e+10 
         1189.4     8.46562e+10 
         1199.4      6.6117e+10 
         1209.4     3.42628e+10 
        1219.41     2.89588e+10 
        1229.41      5.9673e+10 
        1239.41     7.46395e+10 
        1249.41     7.97807e+10 
        1259.41     8.08671e+10 
        1269.41     8.03393e+10 
        1279.42      7.9132e+10 
        1289.42     7.76256e+10 
        1299.42     7.59901e+10 
        1309.42     7.43068e+10 
        1319.42     7.26189e+10 
        1329.42     7.09463e+10 
        1339.42     6.93013e+10 
        1349.42      6.7691e+10 
        1359.42     6.61183e+10 
        1369.42     6.45852e+10 
        1379.42     6.30913e+10 
        1389.42     6.16365e+10 
        1399.42     6.02215e+10 
        1409.42     5.88455e+10 
        1419.42     5.75084e+10 
        1429.42     5.62084e+10 
        1439.42     5.49443e+10 
        1454.42     5.31133e+10 
        1464.42     5.19352e+10 
        1474.42     5.07898e+10 
        1489.42     4.91307e+10 
        1504.42     4.75402e+10 
        1514.42      4.6516e+10 
        1529.42     4.50306e+10 
        1544.42     4.36047e+10 
        1559.42     4.22353e+10 
        1570.19     4.12859e+10 
        1584.41     4.00726e+10 
        1599.41      3.8842e+10 
        1614.41     3.76583e+10 
        1629.41     3.65194e+10 
        1644.41     3.54243e+10 
        1659.41     3.43706e+10 
        1670.17     3.36386e+10 
         1684.4     3.27018e+10 
         1699.4     3.17505e+10 
         1714.4     3.08339e+10 
         1729.4       2.995e+10 
         1744.4     2.90977e+10 
        1759.39     2.82761e+10 
         1771.7     2.76237e+10 
        1784.39     2.69709e+10 
        1799.39     2.62245e+10 
           1824     2.50553e+10 
        1834.77     2.45642e+10 
        1845.54     2.40855e+10 
           1864     2.32918e+10 
        1876.29     2.27817e+10 
        1888.59     2.22859e+10 
        1906.98     2.15692e+10 
        1919.37     2.11027e+10 
        1931.76     2.06495e+10 
        1944.47     2.01968e+10 
        1956.53      1.9779e+10 
         1967.6     1.94049e+10 
        1992.71     1.85898e+10 
        2017.81     1.78174e+10 
        2042.92     1.70854e+10 
        2067.03     1.64176e+10 
        2091.15     1.57828e+10 
        2114.28     1.52028e+10 
        2126.36     1.49105e+10 
        2145.92     1.44523e+10 
        2165.47     1.40116e+10 
        2194.48      1.3389e+10 
        2204.59     1.31802e+10 
         2214.7     1.29756e+10 
        2234.91     1.25784e+10 
        2263.91     1.20348e+10 
        2292.92     1.15206e+10 
        2313.13     1.11785e+10 
        2344.77     1.06687e+10 
        2362.35      1.0398e+10 
        2379.94      1.0136e+10 
        2409.27      9.71691e+9 
        2432.73      9.39748e+9 
        2451.59       9.1502e+9 
        2466.76      8.95731e+9 
        2488.39      8.69103e+9 
        2510.01      8.43461e+9 
         2547.3      8.01461e+9 
        2559.23      7.88571e+9 
        2571.17      7.75955e+9 
        2595.04      7.51469e+9 
        2618.91      7.27945e+9 
        2642.78      7.05335e+9 
        2657.67      6.91675e+9 
        2687.45      6.65361e+9 
        2717.24      6.40288e+9 
        2737.93      6.23559e+9 
        2756.11      6.09315e+9 
        2774.29      5.95486e+9 
        2810.65       5.6899e+9 
        2839.47      5.49028e+9 
        2854.55      5.38934e+9 
        2869.63      5.29082e+9 
        2899.79      5.10038e+9 
        2926.39      4.93953e+9 
        2952.93      4.78524e+9 
        2965.73      4.71308e+9 
        2978.53       4.6423e+9 
        3004.12      4.50467e+9 
        3051.42      4.26349e+9 
        3098.72      4.03845e+9 
        3142.18      3.84459e+9 
        3157.53      3.77899e+9 
        3172.87      3.71478e+9 
        3203.56       3.5904e+9 
        3248.29       3.4183e+9 
        3293.03      3.25651e+9 
        3328.79      3.13399e+9 
        3346.73       3.0747e+9 
        3364.67      3.01684e+9 
        3400.55      2.90516e+9 
        3445.17      2.77342e+9 
        3489.78      2.64912e+9 
        3525.18       2.5554e+9 
         3543.6      2.50826e+9 
        3562.02      2.46224e+9 
        3591.28      2.39125e+9 
        3635.88      2.28786e+9 
        3647.12      2.26271e+9 
        3658.96      2.23658e+9 
        3671.11      2.21003e+9 
        3682.58      2.18542e+9 
         3693.5      2.16229e+9 
        3703.57      2.14121e+9 
        3713.83      2.11998e+9 
        3724.38       2.0984e+9 
        3734.43      2.07809e+9 
        3744.62      2.05774e+9 
        3754.84      2.03761e+9 
        3765.07      2.01763e+9 
         3775.5      1.99767e+9 
        3786.22      1.97738e+9 
        3796.45      1.95758e+9 
        3807.84      1.93802e+9 
        3818.92      1.91775e+9 
        3830.45      1.89418e+9 
        3840.76       1.8778e+9 
        3851.98      1.86406e+9 
        3862.01      1.84736e+9 
        3872.59      1.82356e+9 
         3884.4       1.7907e+9 
        3894.46      1.77914e+9 
        3908.89      1.78071e+9 
        3923.89      1.76778e+9 
        3935.81      1.74353e+9 
        3946.58      1.70778e+9 
        3957.31      1.65767e+9 
        3967.38      1.60581e+9 
        3977.86      1.61512e+9 
        3988.87      1.64788e+9 
        4003.87       1.6726e+9 
        4018.86      1.67293e+9 
        4032.38      1.65887e+9 
        4043.86      1.63811e+9 
        4058.85      1.59103e+9 
        4073.85      1.51548e+9 
        4085.65      1.43406e+9 
        4096.31      1.33968e+9 
        4106.79      1.32625e+9 
        4117.77      1.39938e+9 
        4128.84      1.45185e+9 
        4143.83      1.49698e+9 
        4158.83      1.51599e+9 
        4173.82      1.51574e+9 
        4188.82      1.50684e+9 
        4203.81      1.49305e+9 
        4216.52      1.47902e+9 
        4228.81      1.46349e+9 
        4243.81      1.44108e+9 
         4258.8      1.41284e+9 
         4273.8      1.37438e+9 
        4288.79      1.32322e+9 
        4303.79      1.25489e+9 
        4314.07      1.19449e+9 
        4326.14      1.10379e+9 
        4336.17      1.00764e+9 
        4346.17       1.0129e+9 
        4357.43      1.09719e+9 
        4367.98      1.15134e+9 
        4378.77      1.18965e+9 
        4393.77      1.22298e+9 
        4408.76      1.23856e+9 
        4423.76      1.24284e+9 
        4438.75      1.23823e+9 
        4453.75      1.22908e+9 
        4468.74      1.21756e+9 
        4483.74      1.20491e+9 
        4498.74      1.19174e+9 
        4513.73      1.17831e+9 
        4527.19      1.16615e+9 
        4538.73       1.1557e+9 
        4553.72      1.14214e+9 
        4568.72      1.12865e+9 
        4583.72      1.11522e+9 
        4596.53      1.10382e+9 
        4608.71      1.09307e+9 
         4623.7      1.07987e+9 
         4638.7      1.06672e+9 
         4653.7      1.05361e+9 
        4668.69      1.04048e+9 
        4683.69      1.02722e+9 
        4698.68      1.01369e+9 
        4713.68      9.99614e+8 
        4724.83       9.8865e+8 
        4738.67      9.74117e+8 
        4753.67      9.56882e+8 
        4768.67      9.37621e+8 
        4783.66      9.14593e+8 
        4798.66      8.86011e+8 
        4813.65      8.49364e+8 
        4828.65      8.01596e+8 
        4839.16      7.57058e+8 
        4849.42      7.00958e+8 
        4859.47      6.26961e+8 
        4870.86       6.7691e+8 
        4881.49      7.26192e+8 
        4892.34      7.60944e+8 
        4903.63      7.84424e+8 
        4915.55      8.00751e+8 
        4928.62      8.10716e+8 
        4943.62      8.15664e+8 
        4958.61      8.15429e+8 
        4973.61       8.1213e+8 
        4988.61      8.07012e+8 
         5003.6      8.00676e+8 
         5018.6      7.93494e+8 
         5033.6      7.85822e+8 
        5048.59      7.77849e+8 
        5063.59      7.69759e+8 
        5078.58      7.61619e+8 
        5093.58      7.53502e+8 
        5108.57      7.45428e+8 
        5123.57      7.37417e+8 
        5138.57      7.29475e+8 
        5153.56      7.21614e+8 
        5168.56      7.13842e+8 
        5183.56      7.06161e+8 
        5198.55      6.98571e+8 
        5213.55      6.91072e+8 
        5228.54      6.83664e+8 
        5243.54       6.7635e+8 
        5258.53      6.69131e+8 
        5273.53         6.62e+8 
        5288.53      6.54962e+8 
        5303.52      6.48013e+8 
        5318.52      6.41152e+8 
        5333.52      6.34382e+8 
        5348.51      6.27696e+8 
        5363.51        6.212e+8 
         5378.5      6.14678e+8 
         5393.5      6.08237e+8 
        5408.49      6.01885e+8 
        5423.49      5.95611e+8 
        5438.49      5.89422e+8 
        5453.48      5.83312e+8 
        5468.48       5.7728e+8 
        5483.48      5.71324e+8 
        5498.47      5.65446e+8 
        5513.47      5.59643e+8 
        5528.46      5.53913e+8 
        5543.46      5.48258e+8 
        5558.45      5.42672e+8 
        5573.45      5.37159e+8 
        5588.45      5.31718e+8 
        5603.44      5.26339e+8 
        5618.44      5.21033e+8 
        5633.43      5.15793e+8 
        5648.43      5.10616e+8 
        5663.43      5.05504e+8 
        5673.98      5.02092e+8 
         5686.2      4.98005e+8 
        5698.42      4.93962e+8 
        5708.88      4.90528e+8 
        5723.41      4.85813e+8 
        5738.41      4.81003e+8 
         5753.4      4.76253e+8 
         5768.4        4.715e+8 
        5783.39      4.66866e+8 
        5798.39      4.62289e+8 
        5813.39      4.57765e+8 
        5828.38        4.533e+8 
        5843.38      4.48886e+8 
        5858.37      4.44526e+8 
        5873.37      4.40222e+8 
        5888.37      4.35965e+8 
        5903.36      4.31762e+8 
        5918.36      4.27605e+8 
        5933.35      4.23499e+8 
        5948.35       4.1944e+8 
        5963.35      4.15432e+8 
        5978.34       4.1147e+8 
        5993.34      4.07553e+8 
        6008.33      4.03682e+8 
        6023.33      3.99859e+8 
        6038.32      3.96076e+8 
        6053.32      3.92338e+8 
        6068.32       3.8864e+8 
        6083.31      3.84983e+8 
        6098.31      3.81367e+8 
        6113.31      3.77792e+8 
         6128.3      3.74255e+8 
         6143.3      3.70755e+8 
        6158.29      3.67293e+8 
        6173.29      3.63866e+8 
        6188.28      3.60469e+8 
        6203.28      3.57108e+8 
        6218.28      3.53778e+8 
        6233.27      3.50473e+8 
        6244.38      3.48041e+8 
        6256.04      3.45509e+8 
        6266.59      3.43235e+8 
        6278.26      3.40728e+8 
        6290.52      3.38108e+8 
        6302.31      3.35604e+8 
        6312.59       3.3343e+8 
        6323.25      3.31177e+8 
        6338.24      3.28014e+8 
        6353.24      3.24847e+8 
        6368.24      3.21658e+8 
        6383.23      3.18441e+8 
        6398.23      3.15161e+8 
        6413.22      3.11783e+8 
        6428.22      3.08251e+8 
        6443.22      3.04472e+8 
        6458.21      3.00304e+8 
        6473.21       2.9556e+8 
         6488.2      2.89937e+8 
         6503.2         2.83e+8 
         6518.2      2.73898e+8 
        6532.67      2.61863e+8 
        6543.19      2.50059e+8 
        6554.43      2.33327e+8 
        6564.49      2.18752e+8 
        6575.67      2.37362e+8 
        6586.28      2.48351e+8 
        6598.17      2.56528e+8 
         6608.5      2.61085e+8 
        6618.82      2.63998e+8 
         6634.3      2.66247e+8 
        6644.62      2.66805e+8 
        6654.94      2.66858e+8 
        6665.26      2.66519e+8 
        6675.58      2.65895e+8 
        6696.23      2.64069e+8 
        6711.48      2.62404e+8 
        6741.98       2.5867e+8 
        6781.19      2.53521e+8 
        6802.98      2.50604e+8 
        6824.78      2.47682e+8 
        6868.37      2.41891e+8 
        6955.56      2.30653e+8 
        6976.35      2.28049e+8 
        7042.75      2.19957e+8 
        7109.15        2.122e+8 
        7175.54      2.04775e+8 
        7241.94      1.97667e+8 
        7308.33      1.90863e+8 
        7355.95      1.86162e+8 
        7374.73      1.84356e+8 
        7393.51      1.82562e+8 
        7431.08      1.79041e+8 
        7506.22      1.72248e+8 
        7581.35      1.65775e+8 
         7635.1       1.6133e+8 
        7656.49      1.59602e+8 
        7677.88      1.57897e+8 
        7720.67      1.54557e+8 
        7806.23      1.48136e+8 
        7821.36      1.47036e+8 
         7891.8      1.42044e+8 
        7962.25      1.37262e+8 
        7982.84      1.35903e+8 
        8032.69      1.32681e+8 
        8082.55      1.29553e+8 
        8161.68      1.24776e+8 
        8182.26      1.23569e+8 
        8200.85      1.22492e+8 
        8216.85      1.21575e+8 
        8232.84      1.20666e+8 
        8264.83      1.18874e+8 
        8289.72      1.17503e+8 
        8328.82      1.15388e+8 
        8343.44      1.14609e+8 
        8367.92       1.1332e+8 
        8388.68      1.12241e+8 
        8408.65      1.11216e+8 
        8432.02       1.1003e+8 
        8467.25      1.08272e+8 
        8502.48      1.06549e+8 
        8516.58      1.05869e+8 
        8530.98      1.05181e+8 
        8545.38      1.04499e+8 
        8574.18       1.0315e+8 
        8598.39      1.02035e+8 
         8628.6      1.00663e+8 
        8646.81       9.9847e+7 
        8665.01      9.90393e+7 
        8685.59      9.81368e+7 
        8701.43      9.74484e+7 
        8750.47       9.5348e+7 
        8767.92      9.46166e+7 
        8815.35        9.266e+7 
        8862.78      9.07669e+7 
        8900.38      8.93101e+7 
        8957.65      8.71129e+7 
        9014.91      8.49757e+7 
        9044.62      8.39192e+7 
        9072.17      8.29528e+7 
        9099.72      8.19899e+7 
        9154.81      8.00943e+7 
         9190.8      7.88562e+7 
         9209.9      7.82065e+7 
        9229.01      7.75772e+7 
        9267.22      7.63837e+7 
         9303.2      7.53241e+7 
        9343.64      7.41183e+7 
        9384.08      7.28915e+7 
        9464.96      7.03569e+7 
        9545.72      6.76922e+7 
        9561.21      6.73375e+7 
        9576.69      6.70438e+7 
        9607.66      6.64152e+7 
        9668.45      6.50834e+7 
        9729.24      6.36546e+7 
        9790.04      6.21658e+7 
        9850.83       6.0634e+7 
        9870.42      6.01119e+7 
        9911.62      5.89426e+7 
        9952.82      5.76938e+7 
        9994.02       5.6346e+7 
        10021.1      5.54202e+7 
        10035.2       5.4965e+7 
        10049.4      5.46521e+7 
        10063.5      5.43866e+7 
        10077.7      5.42591e+7 
        10091.8      5.41598e+7 
        10120.1      5.39323e+7 
        10176.7      5.32874e+7 
        10229.4      5.25416e+7 
          10245      5.22858e+7 
        10260.6      5.20301e+7 
        10291.9      5.14954e+7 
        10354.5      5.03833e+7 
          10417      4.92655e+7 
        10479.6      4.80896e+7 
        10542.2      4.69759e+7 
        10604.7       4.5877e+7 
        10667.3      4.47262e+7 
        10729.8      4.34834e+7 
        10761.1      4.28187e+7 
        10792.4      4.21046e+7 
        10823.7      4.13342e+7 
          10855      4.04992e+7 
        10886.2      3.95671e+7 
        10896.9      3.92171e+7 
        10907.2      3.88665e+7 
        10917.5      3.84933e+7 
        10927.8       3.8066e+7 
        10938.1      3.75109e+7 
        10948.4      3.77974e+7 
        10958.7      3.79511e+7 
        10977.9      3.81075e+7 
        10998.5      3.81955e+7 
        11019.1       3.8226e+7 
        11039.6      3.82109e+7 
        11080.8      3.80469e+7 
        11121.9      3.77761e+7 
        11147.5      3.75659e+7 
        11163.1      3.74302e+7 
        11204.2      3.70215e+7 
        11260.9      3.63982e+7 
        11317.6        3.574e+7 
        11374.3      3.50762e+7 
          11431       3.4418e+7 
        11487.7      3.37944e+7 
        11544.5      3.31513e+7 
        11601.2      3.25237e+7 
        11657.9      3.19107e+7 
        11714.6      3.13119e+7 
        11771.3      3.07272e+7 
          11828      3.01561e+7 
        11884.7      2.95981e+7 
        11941.4      2.90529e+7 
        11998.1      2.85202e+7 
        12054.8      2.79803e+7 
        12111.5      2.74675e+7 
        12168.2      2.69648e+7 
          12225      2.64711e+7 
        12278.7        2.601e+7 
        12290.6      2.59088e+7 
        12302.4      2.58077e+7 
        12326.2      2.56062e+7 
        12373.6       2.5204e+7 
        12468.6      2.43924e+7 
        12516.1      2.39717e+7 
        12563.5      2.35317e+7 
          12611      2.30494e+7 
        12658.5        2.251e+7 
        12682.2      2.22005e+7 
        12705.9      2.18619e+7 
        12729.7      2.14762e+7 
        12753.4      2.10376e+7 
        12777.1      2.05236e+7 
        12792.3      2.01586e+7 
        12805.2       1.9867e+7 
        12815.9      1.99111e+7 
        12826.1      1.97058e+7 
        12843.3      1.98475e+7 
        12860.5      2.00508e+7 
        12877.7      2.02038e+7 
        12894.9      2.03194e+7 
          12912      2.03986e+7 
        12929.2       2.0445e+7 
        12946.4      2.04605e+7 
        12963.6      2.04636e+7 
          12998      2.04155e+7 
        13032.3      2.03181e+7 
        13066.7      2.01916e+7 
        13135.4      1.98767e+7 
        13204.1      1.95258e+7 
        13237.4      1.93493e+7 
        13272.9      1.91593e+7 
        13308.4      1.89685e+7 
        13379.3      1.85884e+7 
        13450.2      1.82131e+7 
        13521.2       1.7845e+7 
        13592.1      1.74847e+7 
        13663.1      1.71383e+7 
          13734      1.67933e+7 
          13805       1.6457e+7 
        13875.9       1.6129e+7 
        13946.9      1.58092e+7 
        14017.8      1.54972e+7 
        14088.8      1.51929e+7 
        14159.7      1.48969e+7 
        14230.7      1.46072e+7 
        14271.2       1.4445e+7 
        14301.6      1.43245e+7 
        14332.1      1.42052e+7 
          14393      1.39701e+7 
        14450.2      1.37537e+7 
        14465.1      1.36979e+7 
          14480      1.36425e+7 
        14509.9      1.35323e+7 
          14556      1.33644e+7 
        14569.6      1.33153e+7 
        14581.2      1.32736e+7 
        14597.2      1.32164e+7 
        14613.2      1.31596e+7 
        14645.2      1.30468e+7 
        14709.2      1.28241e+7 
        14773.2      1.26076e+7 
        14837.1      1.23948e+7 
        14901.1      1.21866e+7 
        14965.1      1.19827e+7 
        15029.1      1.17831e+7 
        15093.1      1.15876e+7 
        15157.1      1.13962e+7 
          15221      1.12086e+7 
          15285      1.10249e+7 
          15349       1.0845e+7 
          15413      1.06687e+7 
        15471.6      1.05104e+7 
        15482.4      1.04816e+7 
        15493.1      1.04529e+7 
        15514.7      1.03957e+7 
        15557.9      1.02827e+7 
        15644.2       1.0061e+7 
        15730.5      9.84531e+6 
        15816.8      9.63536e+6 
        15903.1      9.43097e+6 
        15989.4      9.23198e+6 
        16075.8       9.0382e+6 
        16162.1      8.84949e+6 
        16248.4      8.66567e+6 
        16289.9        8.579e+6 
        16334.7       8.4866e+6 
        16379.5      8.39544e+6 
        16469.1      8.21715e+6 
        16558.8      8.04355e+6 
        16648.4      7.87453e+6 
          16738      7.70991e+6 
        16827.7      7.54956e+6 
        16917.3      7.39336e+6 
        17006.9      7.24121e+6 
        17096.6      7.09293e+6 
        17186.2      6.94845e+6 
        17275.8      6.80761e+6 
        17327.7      6.72775e+6 
        17365.5      6.67032e+6 
        17403.2      6.61349e+6 
        17478.8      6.50197e+6 
        17554.3       6.3928e+6 
        17629.9      6.28589e+6 
        17705.4      6.18124e+6 
          17781      6.07873e+6 
        17856.5      5.97836e+6 
        17932.1      5.88002e+6 
        18007.6      5.77761e+6 
        18083.2      5.68166e+6 
        18158.7      5.58698e+6 
        18234.3      5.49301e+6 
        18309.8      5.39892e+6 
        18343.7      5.35623e+6 
        18385.3       5.3031e+6 
          18427      5.24844e+6 
        18468.6      5.19123e+6 
        18510.2      5.12994e+6 
        18551.8      5.06177e+6 
        18593.4      4.98404e+6 
        18614.2      4.93934e+6 
          18635      4.88998e+6 
        18655.8      4.83425e+6 
        18676.6      4.77098e+6 
        18697.4      4.69813e+6 
          18710      4.64962e+6 
        18726.4      4.57717e+6 
        18738.8      4.50875e+6 
        18749.1      4.36323e+6 
        18761.5      4.47567e+6 
        18777.5      4.53555e+6 
        18796.6      4.58098e+6 
        18809.4      4.60265e+6 
        18822.2      4.62267e+6 
        18847.8      4.64931e+6 
        18873.4      4.66354e+6 
          18899        4.669e+6 
        18924.6      4.66721e+6 
        18950.2      4.65999e+6 
        18975.8      4.64924e+6 
          19027      4.61927e+6 
        19078.2      4.58242e+6 
        19129.4      4.54186e+6 
        19180.5      4.49933e+6 
        19231.7      4.45582e+6 
        19282.9      4.41186e+6 
        19334.1      4.36782e+6 
        19385.3       4.3239e+6 
        19422.3      4.29233e+6 
        19436.5      4.28026e+6 
        19450.7       4.2682e+6 
        19479.1      4.24417e+6 
        19535.9      4.19645e+6 
        19592.7      4.15168e+6 
        19649.5      4.10465e+6 
        19706.3      4.05825e+6 
        19763.1      4.01254e+6 
        19819.9      3.96742e+6 
        19876.7      3.92297e+6 
        19933.5      3.87914e+6 
        19990.4      3.83592e+6 
        20047.2      3.79328e+6 
          20104      3.75125e+6 
        20160.8      3.70978e+6 
        20217.6      3.66888e+6 
        20274.4      3.62857e+6 
        20331.2       3.5888e+6 
          20388      3.54956e+6 
        20415.2      3.53093e+6 
        20444.8      3.51086e+6 
        20474.4      3.49091e+6 
        20533.5      3.45142e+6 
        20592.7      3.41246e+6 
        20651.8      3.37407e+6 
          20711      3.33621e+6 
        20770.1      3.29889e+6 
        20829.3      3.26207e+6 
        20888.4      3.22576e+6 
        20947.5      3.18997e+6 
        21006.7      3.15466e+6 
        21065.8      3.11985e+6 
          21125      3.08552e+6 
        21184.1      3.05165e+6 
        21243.3      3.01824e+6 
        21302.4       2.9853e+6 
        21361.6       2.9528e+6 
        21420.7      2.92073e+6 
        21479.8      2.88911e+6 
          21539       2.8579e+6 
        21565.6      2.84398e+6 
        21598.1      2.82712e+6 
        21630.6      2.81039e+6 
        21695.6      2.77726e+6 
        21760.6      2.74461e+6 
        21825.6      2.71244e+6 
        21890.5      2.68075e+6 
        21955.5      2.64951e+6 
        22020.5      2.61872e+6 
        22085.5      2.58839e+6 
        22150.5      2.55848e+6 
        22215.4      2.52901e+6 
        22280.4      2.49997e+6 
        22345.4      2.47133e+6 
        22410.4      2.44311e+6 
        22475.4      2.41528e+6 
        22540.3      2.38786e+6 
        22605.3      2.36081e+6 
        22670.3      2.33415e+6 
        22683.7      2.32869e+6 
        22735.3      2.30787e+6 
        22784.8      2.28807e+6 
        22800.8      2.28172e+6 
        22816.8      2.27539e+6 
        22848.8       2.2628e+6 
        22912.8      2.23788e+6 
        22976.8       2.2133e+6 
        23040.8      2.18906e+6 
        23104.8      2.16515e+6 
        23168.7      2.14156e+6 
        23232.7       2.1183e+6 
        23296.7      2.09534e+6 
        23360.7      2.07271e+6 
        23424.7      2.05037e+6 
        23488.6      2.02833e+6 
        23552.6      2.00659e+6 
        23616.6      1.98514e+6 
        23680.6      1.96397e+6 
        23744.6      1.94309e+6 
        23808.6      1.92248e+6 
        23872.5      1.90215e+6 
        23936.5      1.88208e+6 
        24000.5      1.86227e+6 
        24064.5      1.84273e+6 
        24128.5      1.82344e+6 
        24192.5       1.8044e+6 
        24256.4      1.78562e+6 
        24320.4      1.76707e+6 
        24384.4      1.74876e+6 
        24448.4      1.73069e+6 
        24512.4      1.71285e+6 
        24576.3      1.69525e+6 
        24640.3      1.67786e+6 
        24704.3       1.6607e+6 
        24768.3      1.64376e+6 
        24832.3      1.62703e+6 
        24896.3      1.61052e+6 
        24960.2      1.59421e+6 
        25004.4      1.58307e+6 
        25024.2      1.57811e+6 
          25044      1.57317e+6 
        25083.6      1.56336e+6 
        25162.8      1.54396e+6 
        25241.9      1.52485e+6 
        25321.1      1.50605e+6 
        25400.2      1.48753e+6 
        25479.4      1.46929e+6 
        25558.5      1.45133e+6 
        25637.7      1.43365e+6 
        25716.9      1.41624e+6 
          25796      1.39908e+6 
        25875.2      1.38219e+6 
        25954.3      1.36555e+6 
        26033.5      1.34916e+6 
        26112.7      1.33302e+6 
        26191.8      1.31711e+6 
          26271      1.30144e+6 
        26350.1      1.28601e+6 
        26429.3       1.2708e+6 
        26508.4      1.25581e+6 
        26587.6      1.24105e+6 
        26666.8       1.2265e+6 
        26745.9      1.21217e+6 
        26825.1      1.19804e+6 
        26904.2      1.18412e+6 
        26983.4       1.1704e+6 
        27062.6      1.15688e+6 
        27141.7      1.14355e+6 
        27220.9      1.13041e+6 
        27299.2       1.1176e+6 
        27377.5      1.10497e+6 
        27455.8      1.09251e+6 
        27534.2      1.08023e+6 
        27612.5      1.06812e+6 
        27690.8      1.05618e+6 
        27769.1      1.04441e+6 
        27847.5       1.0328e+6 
        27925.8      1.02135e+6 
        28004.1      1.01006e+6 
        28082.4          998929 
        28160.8          987946 
        28239.1          977114 
        28317.4          966432 
        28395.7          955892 
          28474          945500 
        28552.4          935246 
        28630.7          925130 
          28709          915152 
        28787.3          905310 
        28865.7          895596 
          28944          886014 
        29022.3          876558 
        29100.6          867230 
          29179          858026 
        29257.3          848943 
        29335.6          839980 
        29413.9          831133 
        29492.3          822406 
        29570.6          813792 
        29648.9          805288 
        29727.2          796896 
        29805.5          788615 
        29883.9          780441 
        29932.6          775408 
        29962.2          772370 
        29991.8          769348 
