# Koester WD models
# teff = 36000 K (value for the effective temperature for the model. Temperatures are given in K)
# logg = 8 log(cm/s2) (value for Log(G) for the model.)
#
# column 1: WAVELENGTH (ANGSTROM), Wavelength in Angstrom
# column 2: FLUX (ERG/CM2/S/A), Flux in erg/cm2/s/A
         899.23     1.83751e+10 
        909.241     1.83548e+10 
        919.251     1.85981e+10 
        929.257     1.76818e+10 
        939.271     3.04044e+10 
         949.28     1.27118e+10 
        959.281     8.39556e+10 
        969.297     3.21721e+10 
        979.305     7.58255e+10 
        989.312      1.2213e+11 
        999.319     1.30957e+11 
        1009.33     1.14597e+11 
        1019.33     5.53555e+10 
        1029.34     4.35598e+10 
        1039.34     1.06588e+11 
        1049.35     1.29583e+11 
        1059.36     1.34747e+11 
        1069.36     1.34363e+11 
        1079.36     1.32107e+11 
        1089.37     1.29152e+11 
        1099.37     1.25929e+11 
        1109.38     1.22617e+11 
        1119.38      1.1929e+11 
        1129.38     1.15972e+11 
        1139.39     1.12659e+11 
        1149.39      1.0932e+11 
        1159.39     1.05869e+11 
        1169.39      1.0211e+11 
         1179.4     9.75373e+10 
         1189.4     9.06588e+10 
         1199.4     7.64648e+10 
         1209.4      4.1781e+10 
        1219.41     3.48136e+10 
        1229.41     6.93233e+10 
        1239.41     7.97336e+10 
        1249.41     8.16418e+10 
        1259.41     8.11008e+10 
        1269.41     7.97597e+10 
        1279.42     7.81289e+10 
        1289.42     7.63957e+10 
        1299.42     7.46386e+10 
        1309.42     7.28931e+10 
        1319.42     7.11781e+10 
        1329.42     6.94996e+10 
        1339.42     6.78625e+10 
        1349.42     6.62691e+10 
        1359.42     6.47187e+10 
        1369.42      6.3211e+10 
        1379.42     6.17449e+10 
        1389.42     6.03195e+10 
        1399.42     5.89341e+10 
        1409.42     5.75876e+10 
        1419.42     5.62807e+10 
        1429.42     5.50105e+10 
        1439.42     5.37765e+10 
        1454.42     5.19899e+10 
        1464.42     5.08404e+10 
        1474.42     4.97226e+10 
        1489.42     4.81038e+10 
        1504.42     4.65512e+10 
        1514.42     4.55518e+10 
        1529.42     4.41029e+10 
        1544.42     4.27118e+10 
        1559.42     4.13763e+10 
        1570.19     4.04502e+10 
        1584.41     3.92661e+10 
        1599.41     3.80648e+10 
        1614.41     3.69096e+10 
        1629.41     3.57981e+10 
        1644.41     3.47291e+10 
        1659.41     3.37008e+10 
        1670.17     3.29861e+10 
         1684.4     3.20713e+10 
         1699.4      3.1142e+10 
         1714.4     3.02466e+10 
         1729.4     2.93833e+10 
         1744.4     2.85507e+10 
        1759.39     2.77479e+10 
         1771.7     2.71106e+10 
        1784.39     2.64728e+10 
        1799.39     2.57431e+10 
           1824     2.45998e+10 
        1834.77     2.41197e+10 
        1845.54     2.36516e+10 
           1864     2.28755e+10 
        1876.29     2.23767e+10 
        1888.59     2.18917e+10 
        1906.98     2.11905e+10 
        1919.37     2.07342e+10 
        1931.76     2.02905e+10 
        1944.47     1.98475e+10 
        1956.53     1.94385e+10 
         1967.6     1.90723e+10 
        1992.71     1.82743e+10 
        2017.81      1.7518e+10 
        2042.92     1.68011e+10 
        2067.03     1.61468e+10 
        2091.15     1.55248e+10 
        2114.28     1.49563e+10 
        2126.36     1.46699e+10 
        2145.92     1.42207e+10 
        2165.47     1.37887e+10 
        2194.48     1.31782e+10 
        2204.59     1.29734e+10 
         2214.7     1.27727e+10 
        2234.91     1.23831e+10 
        2263.91     1.18497e+10 
        2292.92     1.13452e+10 
        2313.13     1.10095e+10 
        2344.77     1.05091e+10 
        2362.35     1.02434e+10 
        2379.94      9.98602e+9 
        2409.27      9.57451e+9 
        2432.73      9.26082e+9 
        2451.59      9.01791e+9 
        2466.76      8.82841e+9 
        2488.39      8.56681e+9 
        2510.01      8.31485e+9 
         2547.3      7.90208e+9 
        2559.23      7.77538e+9 
        2571.17      7.65135e+9 
        2595.04      7.41064e+9 
        2618.91      7.17936e+9 
        2642.78      6.95706e+9 
        2657.67      6.82275e+9 
        2687.45      6.56392e+9 
        2717.24      6.31727e+9 
        2737.93      6.15271e+9 
        2756.11      6.01257e+9 
        2774.29      5.87651e+9 
        2810.65      5.61575e+9 
        2839.47      5.41931e+9 
        2854.55      5.31994e+9 
        2869.63      5.22293e+9 
        2899.79      5.03544e+9 
        2926.39      4.87707e+9 
        2952.93      4.72514e+9 
        2965.73      4.65411e+9 
        2978.53       4.5844e+9 
        3004.12      4.44884e+9 
        3051.42      4.21127e+9 
        3098.72      3.98951e+9 
        3142.18       3.7985e+9 
        3157.53      3.73385e+9 
        3172.87      3.67057e+9 
        3203.56      3.54799e+9 
        3248.29      3.37831e+9 
        3293.03      3.21878e+9 
        3328.79      3.09797e+9 
        3346.73       3.0395e+9 
        3364.67      2.98244e+9 
        3400.55       2.8723e+9 
        3445.17      2.74234e+9 
        3489.78       2.6197e+9 
        3525.18      2.52722e+9 
         3543.6      2.48071e+9 
        3562.02      2.43528e+9 
        3591.28      2.36523e+9 
        3635.88      2.26321e+9 
        3647.12      2.23838e+9 
        3658.96      2.21259e+9 
        3671.11      2.18638e+9 
        3682.58      2.16207e+9 
         3693.5      2.13922e+9 
        3703.57      2.11838e+9 
        3713.83      2.09739e+9 
        3724.38      2.07609e+9 
        3734.43      2.05599e+9 
        3744.62      2.03606e+9 
        3754.84      2.01642e+9 
        3765.07      1.99661e+9 
         3775.5       1.9775e+9 
        3786.22      1.95808e+9 
        3796.45      1.93545e+9 
        3807.84      1.92227e+9 
        3818.92      1.90297e+9 
        3830.45      1.86905e+9 
        3840.76      1.85704e+9 
        3851.98      1.86051e+9 
        3862.01      1.84772e+9 
        3872.59      1.81229e+9 
         3884.4       1.7452e+9 
        3894.46      1.73906e+9 
        3908.89      1.78751e+9 
        3923.89      1.79278e+9 
        3935.81      1.76736e+9 
        3946.58      1.71459e+9 
        3957.31      1.62751e+9 
        3967.38      1.51769e+9 
        3977.86      1.55765e+9 
        3988.87      1.64082e+9 
        4003.87      1.69811e+9 
        4018.86      1.70784e+9 
        4032.38      1.69665e+9 
        4043.86      1.67683e+9 
        4058.85      1.62944e+9 
        4073.85      1.54136e+9 
        4085.65      1.43382e+9 
        4096.31      1.28747e+9 
        4106.79      1.27176e+9 
        4117.77      1.39728e+9 
        4128.11      1.46846e+9 
        4138.83      1.51238e+9 
           4151      1.53628e+9 
        4163.83      1.54092e+9 
        4178.82      1.53287e+9 
        4193.82      1.51876e+9 
        4208.81      1.50199e+9 
         4221.1      1.48701e+9 
        4233.81       1.4703e+9 
         4248.8      1.44847e+9 
         4263.8      1.42225e+9 
         4278.8      1.38764e+9 
        4293.79      1.33777e+9 
        4308.79      1.26425e+9 
        4320.85      1.17579e+9 
        4331.09      1.06339e+9 
         4341.1      9.26484e+8 
        4351.76      1.07085e+9 
        4363.77      1.16438e+9 
        4378.77      1.22395e+9 
        4393.77      1.24918e+9 
        4408.76      1.25604e+9 
        4423.76      1.25167e+9 
        4438.75      1.24167e+9 
        4453.75      1.22919e+9 
        4468.74      1.21564e+9 
        4483.74      1.20162e+9 
        4498.74      1.18748e+9 
        4513.73      1.17336e+9 
        4527.19      1.16075e+9 
        4538.73      1.15001e+9 
        4553.72      1.13616e+9 
        4568.72      1.12246e+9 
        4583.72      1.10892e+9 
        4596.53      1.09747e+9 
        4608.71      1.08671e+9 
         4623.7      1.07357e+9 
         4638.7      1.06057e+9 
         4653.7      1.04771e+9 
        4668.69      1.03493e+9 
        4683.69      1.02216e+9 
        4698.68      1.00937e+9 
        4713.68      9.96416e+8 
        4724.83      9.86583e+8 
        4738.67      9.73966e+8 
        4753.67      9.59725e+8 
        4768.67      9.44152e+8 
        4783.66      9.26185e+8 
        4798.66      9.03915e+8 
        4813.65      8.73784e+8 
        4828.65        8.302e+8 
        4839.16      7.84861e+8 
        4849.39      7.21278e+8 
        4859.47       6.2578e+8 
        4869.58      6.83501e+8 
        4879.92      7.45622e+8 
        4891.06      7.84757e+8 
        4903.34      8.08168e+8 
        4913.63      8.18124e+8 
        4925.16       8.2317e+8 
        4938.62      8.23556e+8 
        4953.62      8.20053e+8 
        4968.61      8.14279e+8 
        4983.61      8.07257e+8 
         4998.6      7.99661e+8 
         5013.6      7.91641e+8 
         5028.6      7.83397e+8 
        5043.59      7.75062e+8 
        5058.59      7.66721e+8 
        5073.58       7.5839e+8 
        5088.58      7.50134e+8 
        5103.58      7.41956e+8 
        5118.57      7.33873e+8 
        5133.57      7.25884e+8 
        5148.56      7.17992e+8 
        5163.56      7.10198e+8 
        5178.56      7.02504e+8 
        5193.55      6.94908e+8 
        5208.55      6.87412e+8 
        5223.54      6.80013e+8 
        5238.54      6.72709e+8 
        5253.54      6.65499e+8 
        5268.53      6.58387e+8 
        5283.53      6.51368e+8 
        5298.52      6.44438e+8 
        5313.52      6.37602e+8 
        5328.52      6.30854e+8 
        5343.51      6.24194e+8 
        5358.51      6.17621e+8 
         5373.5      6.11172e+8 
         5388.5      6.04766e+8 
         5403.5      5.98445e+8 
        5418.49      5.92203e+8 
        5433.49      5.86045e+8 
        5448.48      5.79963e+8 
        5463.48      5.73963e+8 
        5478.48      5.68038e+8 
        5493.47      5.62191e+8 
        5508.47      5.56417e+8 
        5523.46      5.50721e+8 
        5538.46      5.45095e+8 
        5553.46       5.3954e+8 
        5568.45      5.34055e+8 
        5583.45      5.28639e+8 
        5598.44      5.23295e+8 
        5613.44      5.18014e+8 
        5628.44      5.12802e+8 
        5643.43      5.07656e+8 
        5658.43      5.02573e+8 
        5673.42      4.97569e+8 
         5686.2       4.9334e+8 
        5698.42      4.89338e+8 
        5708.88      4.85945e+8 
        5723.41      4.81279e+8 
        5738.41      4.76523e+8 
         5753.4      4.71826e+8 
         5768.4      4.67161e+8 
        5783.39      4.62578e+8 
        5798.39       4.5805e+8 
        5813.39      4.53577e+8 
        5828.38       4.4916e+8 
        5843.38      4.44796e+8 
        5858.37      4.40486e+8 
        5873.37      4.36226e+8 
        5888.37      4.32016e+8 
        5903.36       4.2786e+8 
        5918.36      4.23751e+8 
        5933.35      4.19692e+8 
        5948.35       4.1568e+8 
        5963.35      4.11715e+8 
        5978.34      4.07801e+8 
        5993.34       4.0393e+8 
        6008.33      4.00104e+8 
        6023.33      3.96324e+8 
        6038.32      3.92586e+8 
        6053.32      3.88895e+8 
        6068.32      3.85244e+8 
        6083.31      3.81638e+8 
        6098.31      3.78069e+8 
        6113.31      3.74541e+8 
         6128.3      3.71054e+8 
         6143.3      3.67607e+8 
        6158.29      3.64195e+8 
        6173.29      3.60821e+8 
        6188.28      3.57485e+8 
        6203.28      3.54183e+8 
        6218.28      3.50916e+8 
        6233.27       3.4768e+8 
        6244.38      3.45305e+8 
        6256.04      3.42829e+8 
        6266.59      3.40611e+8 
        6278.26      3.38174e+8 
        6290.52      3.35632e+8 
        6302.31      3.33204e+8 
        6312.59      3.31099e+8 
        6323.25      3.28925e+8 
        6338.24      3.25887e+8 
        6353.24      3.22865e+8 
        6368.24      3.19852e+8 
        6383.23      3.16845e+8 
        6398.23      3.13823e+8 
        6413.22      3.10769e+8 
        6428.22      3.07653e+8 
        6443.22      3.04418e+8 
        6458.21      3.00969e+8 
        6473.21      2.97164e+8 
         6488.2      2.92774e+8 
         6503.2       2.8733e+8 
         6518.2       2.7985e+8 
        6532.67      2.68907e+8 
        6543.19      2.56821e+8 
        6556.02      2.33841e+8 
        6566.09       2.2433e+8 
        6577.95      2.46053e+8 
        6588.18      2.56755e+8 
        6603.34      2.64961e+8 
        6613.66      2.67508e+8 
        6623.98      2.68632e+8 
         6634.3      2.68873e+8 
        6644.62      2.68556e+8 
        6654.94      2.67883e+8 
        6675.58      2.65886e+8 
        6696.23      2.63401e+8 
        6711.48      2.61411e+8 
        6741.98       2.5727e+8 
        6781.19      2.51861e+8 
        6802.98      2.48867e+8 
        6824.78      2.45897e+8 
        6868.37      2.40052e+8 
        6955.56      2.28811e+8 
        6976.35       2.2622e+8 
        7042.75      2.18177e+8 
        7109.15      2.10479e+8 
        7175.54      2.03117e+8 
        7241.94      1.96071e+8 
        7308.33      1.89327e+8 
        7355.95      1.84668e+8 
        7374.73      1.82873e+8 
        7393.51      1.81096e+8 
        7431.08      1.77607e+8 
        7506.22      1.70877e+8 
        7581.35      1.64462e+8 
         7635.1      1.60058e+8 
        7656.49      1.58345e+8 
        7677.88      1.56656e+8 
        7720.67      1.53346e+8 
        7806.23      1.46982e+8 
        7821.36      1.45891e+8 
         7891.8      1.40944e+8 
        7962.25      1.36204e+8 
        7982.84      1.34857e+8 
        8032.69      1.31663e+8 
        8082.55      1.28562e+8 
        8161.68      1.23827e+8 
        8182.26       1.2263e+8 
        8200.85      1.21563e+8 
        8216.85      1.20653e+8 
        8232.84      1.19752e+8 
        8264.83      1.17976e+8 
        8289.72      1.16616e+8 
        8328.82       1.1452e+8 
        8343.44      1.13747e+8 
        8367.92      1.12469e+8 
        8388.68        1.114e+8 
        8408.65      1.10383e+8 
        8432.02      1.09208e+8 
        8467.25      1.07464e+8 
        8502.48      1.05756e+8 
        8516.58      1.05081e+8 
        8530.98      1.04398e+8 
        8545.38      1.03725e+8 
        8574.18      1.02393e+8 
        8598.39       1.0129e+8 
         8628.6      9.99347e+7 
        8646.81       9.9127e+7 
        8665.01      9.83262e+7 
        8685.59      9.74346e+7 
        8701.43      9.67535e+7 
        8750.47      9.46596e+7 
        8767.92      9.39386e+7 
        8815.35      9.19934e+7 
        8862.78      9.01087e+7 
        8900.38      8.87063e+7 
        8957.65      8.65204e+7 
        9014.91       8.4315e+7 
        9044.62      8.33414e+7 
        9072.17      8.24451e+7 
        9099.72      8.15196e+7 
        9154.81       7.9574e+7 
         9190.8      7.81996e+7 
         9209.9      7.74569e+7 
        9229.01      7.67661e+7 
        9248.11      7.62436e+7 
        9267.22       7.5806e+7 
        9305.43      7.48896e+7 
        9379.63      7.28165e+7 
        9397.45      7.22629e+7 
        9415.28      7.16933e+7 
        9450.94      7.04552e+7 
        9486.59      6.90839e+7 
        9498.52      6.85841e+7 
        9522.24      6.74377e+7 
         9534.1      6.68273e+7 
        9545.97        6.627e+7 
        9557.83      6.61974e+7 
        9569.68      6.61996e+7 
        9581.55      6.61714e+7 
        9593.41      6.60941e+7 
        9605.27      6.59615e+7 
        9628.99      6.56351e+7 
        9668.45      6.49323e+7 
        9707.91      6.40813e+7 
        9747.38      6.31605e+7 
        9826.31      6.12196e+7 
        9857.65      6.04282e+7 
        9905.23      5.90462e+7 
        9929.03      5.82913e+7 
        9952.82      5.74374e+7 
        9976.61      5.65163e+7 
        10000.4      5.54431e+7 
        10046.6      5.31859e+7 
        10057.6      5.30163e+7 
        10068.6      5.31111e+7 
        10079.6      5.32563e+7 
        10101.5      5.34564e+7 
        10123.5      5.34979e+7 
        10145.4      5.33983e+7 
        10167.4      5.32431e+7 
        10189.4      5.29971e+7 
        10229.4      5.24461e+7 
          10245      5.21938e+7 
        10260.5      5.19334e+7 
        10291.7      5.13877e+7 
        10353.9      5.02583e+7 
        10416.2      4.91304e+7 
        10478.4      4.79866e+7 
        10540.7      4.68876e+7 
        10602.9      4.58113e+7 
        10665.2      4.47149e+7 
        10727.4      4.35607e+7 
        10758.6      4.29405e+7 
        10789.7      4.22557e+7 
        10820.8      4.14948e+7 
        10836.4      4.10628e+7 
          10852      4.05809e+7 
        10867.5       4.0055e+7 
        10883.1      3.94326e+7 
        10898.6       3.8749e+7 
        10914.2      3.79643e+7 
        10926.1      3.72813e+7 
        10936.6       3.6423e+7 
        10948.5       3.6925e+7 
        10966.4      3.74569e+7 
        10978.4      3.77258e+7 
        10990.3      3.79288e+7 
        11002.2      3.80726e+7 
        11014.2       3.8176e+7 
        11038.1      3.82435e+7 
        11061.9      3.81961e+7 
        11085.8       3.8072e+7 
        11109.7      3.79014e+7 
        11149.4      3.75279e+7 
        11205.2      3.69203e+7 
        11260.9      3.62647e+7 
        11316.6      3.55958e+7 
        11372.4      3.49311e+7 
        11428.1      3.42773e+7 
        11483.8      3.36474e+7 
        11539.6      3.30172e+7 
        11595.3      3.24011e+7 
          11651      3.17995e+7 
        11706.8       3.1212e+7 
        11762.5      3.06378e+7 
        11818.2      3.00768e+7 
          11874      2.95285e+7 
        11929.7      2.89926e+7 
        11985.4      2.84688e+7 
        12041.1      2.79491e+7 
        12096.9      2.74471e+7 
        12152.6      2.69558e+7 
        12208.3      2.64746e+7 
        12243.5      2.61758e+7 
        12264.1      2.60027e+7 
        12284.6      2.58307e+7 
        12325.7      2.54896e+7 
          12408       2.4817e+7 
        12490.2      2.41481e+7 
        12572.4      2.34592e+7 
        12613.6      2.30873e+7 
        12654.7       2.2676e+7 
        12675.2       2.2442e+7 
        12695.8      2.21819e+7 
        12716.4      2.18831e+7 
        12736.9      2.15286e+7 
        12757.5      2.10952e+7 
          12778      2.05693e+7 
          12798      1.99283e+7 
        12808.1       1.9553e+7 
        12818.1      1.95513e+7 
        12828.1      1.94384e+7 
        12838.1      1.96949e+7 
        12848.1      1.99118e+7 
        12858.1      2.00884e+7 
        12868.1       2.0235e+7 
        12878.1      2.03439e+7 
        12888.1       2.0439e+7 
        12898.1      2.05053e+7 
        12917.8      2.05845e+7 
        12937.9      2.06099e+7 
        12957.9      2.05946e+7 
        12977.9      2.05524e+7 
        12997.9      2.04894e+7 
        13037.9      2.03244e+7 
          13078      2.01304e+7 
          13118      1.99204e+7 
        13198.1      1.94819e+7 
          13248      1.92059e+7 
        13278.2      1.90393e+7 
        13308.4      1.88735e+7 
        13368.7      1.85454e+7 
        13429.1      1.82229e+7 
        13489.5      1.79064e+7 
        13549.9      1.75962e+7 
        13610.2      1.72925e+7 
        13670.6      1.69973e+7 
          13731      1.67057e+7 
        13791.4      1.64204e+7 
        13851.8      1.61411e+7 
        13912.1      1.58677e+7 
        13972.5         1.56e+7 
        14032.9       1.5338e+7 
        14093.3      1.50815e+7 
        14153.6      1.48303e+7 
          14214      1.45842e+7 
        14274.4      1.43433e+7 
        14332.1      1.41178e+7 
        14389.7      1.38967e+7 
        14437.2       1.3718e+7 
        14447.4      1.36798e+7 
        14457.6      1.36418e+7 
        14478.1       1.3566e+7 
        14519.1      1.34161e+7 
        14581.2      1.31927e+7 
        14597.2       1.3136e+7 
        14613.2      1.30795e+7 
        14645.2      1.29675e+7 
        14709.2      1.27471e+7 
        14773.2      1.25313e+7 
        14837.1      1.23201e+7 
        14901.1      1.21133e+7 
        14965.1      1.19108e+7 
        15029.1      1.17125e+7 
        15093.1      1.15184e+7 
        15157.1      1.13282e+7 
          15221       1.1142e+7 
          15285      1.09595e+7 
          15349      1.07808e+7 
          15413      1.06057e+7 
        15471.6      1.04485e+7 
        15482.4      1.04198e+7 
        15493.1      1.03914e+7 
        15514.7      1.03346e+7 
        15557.9      1.02224e+7 
        15644.2      1.00025e+7 
        15730.5      9.78839e+6 
        15816.8      9.58004e+6 
        15903.1      9.37718e+6 
        15989.4      9.17967e+6 
        16075.8      8.98734e+6 
        16162.1      8.80001e+6 
        16248.4      8.61755e+6 
        16289.9       8.5315e+6 
        16334.7      8.43979e+6 
        16379.5      8.34929e+6 
        16469.1       8.1727e+6 
        16558.8      8.00073e+6 
        16648.4      7.83325e+6 
          16738      7.67014e+6 
        16827.7      7.51127e+6 
        16917.3      7.35648e+6 
        17006.9      7.20565e+6 
        17096.6      7.05869e+6 
        17186.2      6.91546e+6 
        17275.8      6.77582e+6 
        17327.7      6.69665e+6 
        17365.5      6.63972e+6 
        17403.2      6.58336e+6 
        17478.8      6.47272e+6 
        17554.3      6.36436e+6 
        17629.9      6.25827e+6 
        17705.4      6.15438e+6 
          17781      6.05262e+6 
        17856.5      5.95297e+6 
        17932.1      5.85536e+6 
        18007.6      5.75713e+6 
        18083.2      5.66272e+6 
        18158.7      5.56992e+6 
        18234.3      5.47843e+6 
        18309.8      5.38777e+6 
        18343.7      5.34712e+6 
        18385.3       5.2971e+6 
          18427      5.24646e+6 
        18510.2      5.13996e+6 
        18551.8      5.08068e+6 
        18593.4      5.01257e+6 
        18614.2      4.97289e+6 
          18635      4.92759e+6 
        18655.8      4.87418e+6 
        18676.6      4.81091e+6 
        18697.4      4.73341e+6 
          18710      4.67827e+6 
        18726.4      4.59364e+6 
        18738.8      4.51657e+6 
        18749.1        4.349e+6 
        18759.1       4.4643e+6 
        18775.1      4.54479e+6 
        18787.8      4.58732e+6 
        18800.6      4.62094e+6 
        18813.4      4.64645e+6 
        18826.2      4.66614e+6 
          18839       4.6799e+6 
        18864.6      4.69542e+6 
        18890.2      4.69803e+6 
        18915.8      4.69219e+6 
        18941.4      4.68072e+6 
          18967      4.66552e+6 
        18992.6       4.6478e+6 
        19043.8      4.60777e+6 
          19095      4.56451e+6 
        19146.2       4.5199e+6 
        19197.3      4.47479e+6 
        19248.5      4.42958e+6 
        19299.7      4.38453e+6 
        19350.9       4.3398e+6 
        19402.1      4.29547e+6 
        19450.7      4.25381e+6 
        19547.9       4.1716e+6 
          19645      4.09205e+6 
        19742.2      4.01323e+6 
        19839.4      3.93626e+6 
        19936.6      3.86114e+6 
        20033.8      3.78782e+6 
          20131      3.71622e+6 
        20228.2      3.64629e+6 
        20325.3      3.57799e+6 
        20370.7       3.5467e+6 
        20422.5       3.5113e+6 
        20474.4      3.47633e+6 
        20526.3      3.44177e+6 
        20578.1      3.40762e+6 
          20630      3.37391e+6 
        20681.9      3.34058e+6 
        20733.7      3.30769e+6 
        20785.6       3.2752e+6 
        20837.5      3.24313e+6 
        20889.3      3.21143e+6 
        20941.2      3.18011e+6 
        20993.1      3.14916e+6 
        21044.9       3.1186e+6 
        21096.8      3.08841e+6 
        21148.6      3.05859e+6 
        21200.5      3.02912e+6 
        21252.4          3.0e+6 
        21304.2      2.97124e+6 
        21356.1      2.94282e+6 
          21408      2.91473e+6 
        21459.8      2.88698e+6 
        21511.7      2.85956e+6 
        21563.6      2.83247e+6 
        21600.3      2.81349e+6 
        21615.4      2.80569e+6 
        21630.6      2.79791e+6 
          21661      2.78244e+6 
        21721.7       2.7518e+6 
        21782.4      2.72159e+6 
        21843.1      2.69178e+6 
        21903.8      2.66239e+6 
        21964.5      2.63339e+6 
        22025.2      2.60479e+6 
        22085.9      2.57657e+6 
        22146.6      2.54874e+6 
        22207.3      2.52128e+6 
          22268      2.49419e+6 
        22328.7      2.46746e+6 
        22389.4      2.44109e+6 
        22450.1      2.41507e+6 
        22510.8      2.38939e+6 
        22571.5      2.36406e+6 
        22632.2      2.33906e+6 
        22692.9      2.31439e+6 
        22720.3      2.30335e+6 
        22753.6      2.29004e+6 
        22784.8      2.27762e+6 
        22800.8       2.2713e+6 
        22816.8        2.265e+6 
        22848.8      2.25247e+6 
        22912.8      2.22766e+6 
        22976.8      2.20319e+6 
        23040.8      2.17905e+6 
        23104.8      2.15525e+6 
        23168.7      2.13177e+6 
        23232.7      2.10861e+6 
        23296.7      2.08576e+6 
        23360.7      2.06322e+6 
        23424.7      2.04098e+6 
        23488.6      2.01905e+6 
        23552.6       1.9974e+6 
        23616.6      1.97605e+6 
        23680.6      1.95498e+6 
        23744.6      1.93419e+6 
        23808.6      1.91367e+6 
        23872.5      1.89343e+6 
        23936.5      1.87345e+6 
        24000.5      1.85374e+6 
        24064.5      1.83428e+6 
        24128.5      1.81508e+6 
        24192.5      1.79613e+6 
        24256.4      1.77743e+6 
        24320.4      1.75897e+6 
        24384.4      1.74074e+6 
        24448.4      1.72276e+6 
        24512.4        1.705e+6 
        24576.3      1.68748e+6 
        24640.3      1.67017e+6 
        24704.3      1.65309e+6 
        24768.3      1.63623e+6 
        24832.3      1.61958e+6 
        24896.3      1.60314e+6 
        24960.2      1.58691e+6 
        25004.4      1.57582e+6 
        25024.2      1.57088e+6 
          25044      1.56597e+6 
        25083.6       1.5562e+6 
        25162.8      1.53689e+6 
        25241.9      1.51788e+6 
        25321.1      1.49916e+6 
        25400.2      1.48073e+6 
        25479.4      1.46258e+6 
        25558.5      1.44471e+6 
        25637.7      1.42711e+6 
        25716.9      1.40978e+6 
          25796      1.39271e+6 
        25875.2       1.3759e+6 
        25954.3      1.35934e+6 
        26033.5      1.34303e+6 
        26112.7      1.32696e+6 
        26191.8      1.31113e+6 
          26271      1.29554e+6 
        26350.1      1.28018e+6 
        26429.3      1.26505e+6 
        26508.4      1.25013e+6 
        26587.6      1.23544e+6 
        26666.8      1.22096e+6 
        26745.9       1.2067e+6 
        26825.1      1.19264e+6 
        26904.2      1.17879e+6 
        26983.4      1.16514e+6 
        27062.6      1.15168e+6 
        27141.7      1.13842e+6 
        27220.9      1.12534e+6 
        27299.2      1.11259e+6 
        27377.5      1.10003e+6 
        27455.8      1.08765e+6 
        27534.2      1.07544e+6 
        27612.5       1.0634e+6 
        27690.8      1.05153e+6 
        27769.1      1.03982e+6 
        27847.5      1.02828e+6 
        27925.8      1.01689e+6 
        28004.1      1.00566e+6 
        28082.4          994594 
        28160.8          983673 
        28239.1          972901 
        28317.4          962279 
        28395.7          951799 
          28474          941463 
        28552.4          931265 
        28630.7          921206 
          28709          911282 
        28787.3          901493 
        28865.7          891832 
          28944          882304 
        29022.3          872898 
        29100.6          863621 
          29179          854466 
        29257.3          845431 
        29335.6          836515 
        29413.9          827719 
        29492.3          819035 
        29570.6          810465 
        29648.9          802008 
        29727.2          793661 
        29805.5          785423 
        29883.9          777290 
        29932.6          772282 
        29962.2          769263 
        29991.8          766256 
