# Koester WD models
# teff = 38000 K (value for the effective temperature for the model. Temperatures are given in K)
# logg = 7 log(cm/s2) (value for Log(G) for the model.)
#
# column 1: WAVELENGTH (ANGSTROM), Wavelength in Angstrom
# column 2: FLUX (ERG/CM2/S/A), Flux in erg/cm2/s/A
         899.23     2.71095e+10 
        909.241     2.69828e+10 
        919.244     2.84573e+10 
        929.261     2.88137e+10 
        939.271     5.72263e+10 
         949.28     1.98596e+10 
        959.281     1.43364e+11 
        969.297     6.01125e+10 
        979.305     1.30429e+11 
        989.312     1.70643e+11 
        999.319     1.72402e+11 
        1009.33     1.59368e+11 
        1019.33     9.73118e+10 
        1029.34     7.79819e+10 
        1039.34     1.45594e+11 
        1049.35     1.54073e+11 
        1059.36     1.52785e+11 
        1069.36     1.49527e+11 
        1079.36      1.4577e+11 
        1089.37     1.41908e+11 
        1099.37      1.3807e+11 
        1109.38     1.34308e+11 
        1119.38     1.30638e+11 
        1129.38     1.27064e+11 
        1139.39     1.23578e+11 
        1149.39      1.2017e+11 
        1159.39     1.16813e+11 
        1169.39     1.13439e+11 
         1179.4     1.09873e+11 
         1189.4     1.05536e+11 
         1199.4     9.76617e+10 
         1209.4       6.669e+10 
        1219.41     5.65348e+10 
        1229.41     8.95615e+10 
        1239.41     9.27332e+10 
        1249.41     9.17241e+10 
        1259.41     8.98932e+10 
        1269.41     8.78612e+10 
        1279.42     8.57928e+10 
        1289.42     8.37432e+10 
        1299.42     8.17342e+10 
        1309.42     7.97738e+10 
        1319.42     7.78678e+10 
        1329.42     7.60149e+10 
        1339.42     7.42151e+10 
        1349.42     7.24681e+10 
        1359.42      7.0771e+10 
        1369.42     6.91232e+10 
        1379.42     6.75226e+10 
        1389.42     6.59672e+10 
        1399.42      6.4457e+10 
        1409.42     6.29892e+10 
        1419.42     6.15645e+10 
        1429.42     6.01803e+10 
        1439.42     5.88348e+10 
        1454.42     5.68867e+10 
        1464.42     5.56326e+10 
        1474.42     5.44133e+10 
        1489.42     5.26474e+10 
        1504.42     5.09541e+10 
        1514.42      4.9864e+10 
        1529.42     4.82831e+10 
        1544.42     4.67651e+10 
        1559.42     4.53068e+10 
        1570.19     4.42946e+10 
        1584.41     4.30009e+10 
        1599.41     4.16886e+10 
        1614.41     4.04263e+10 
        1629.41     3.92121e+10 
        1644.41     3.80434e+10 
        1659.41     3.69191e+10 
        1670.17     3.61374e+10 
         1684.4     3.51365e+10 
         1699.4     3.41196e+10 
         1714.4     3.31397e+10 
         1729.4      3.2195e+10 
         1744.4     3.12838e+10 
        1759.39      3.0405e+10 
         1771.7     2.97069e+10 
        1784.39     2.90082e+10 
        1799.39      2.8209e+10 
           1824     2.69566e+10 
        1834.77     2.64307e+10 
        1845.54     2.59178e+10 
           1864     2.50674e+10 
        1876.29     2.45208e+10 
        1888.59      2.3989e+10 
        1906.98     2.32202e+10 
        1919.37     2.27199e+10 
        1931.76     2.22334e+10 
        1944.47     2.17475e+10 
        1956.53     2.12991e+10 
         1967.6     2.08976e+10 
        1992.71     2.00225e+10 
        2017.81     1.91929e+10 
        2042.92     1.84063e+10 
        2067.03     1.76885e+10 
        2091.15     1.70061e+10 
        2114.28     1.63825e+10 
        2126.36     1.60682e+10 
        2145.92     1.55754e+10 
        2165.47     1.51013e+10 
        2194.48     1.44312e+10 
        2204.59     1.42065e+10 
         2214.7     1.39862e+10 
        2234.91     1.35586e+10 
        2263.91     1.29734e+10 
        2292.92     1.24197e+10 
        2313.13     1.20512e+10 
        2344.77      1.1502e+10 
        2362.35     1.12103e+10 
        2379.94     1.09279e+10 
        2409.27     1.04764e+10 
        2432.73     1.01321e+10 
        2451.59      9.86554e+9 
        2466.76       9.6576e+9 
        2488.39      9.37052e+9 
        2510.01      9.09406e+9 
         2547.3      8.64117e+9 
        2559.23      8.50219e+9 
        2571.17      8.36612e+9 
        2595.04      8.10204e+9 
        2618.91       7.8483e+9 
        2642.78      7.60444e+9 
        2657.67       7.4571e+9 
        2687.45       7.1732e+9 
        2717.24      6.90271e+9 
        2737.93      6.72225e+9 
        2756.11       6.5686e+9 
        2774.29      6.41937e+9 
        2810.65      6.13349e+9 
        2839.47       5.9181e+9 
        2854.55      5.80918e+9 
        2869.63      5.70281e+9 
        2899.79      5.49732e+9 
        2926.39      5.32374e+9 
        2952.93       5.1573e+9 
        2965.73      5.07942e+9 
        2978.53      5.00302e+9 
        3004.12      4.85451e+9 
        3051.42      4.59423e+9 
        3098.72      4.35136e+9 
        3142.18      4.14219e+9 
        3157.53      4.07138e+9 
        3172.87      4.00211e+9 
        3203.56       3.8679e+9 
        3248.29      3.68217e+9 
        3293.03      3.50756e+9 
        3328.79      3.37536e+9 
        3346.73       3.3114e+9 
        3364.67      3.24897e+9 
        3400.55      3.12848e+9 
        3445.17      2.98634e+9 
        3489.78      2.85222e+9 
        3525.18      2.75111e+9 
         3543.6      2.70027e+9 
        3562.02      2.65062e+9 
        3591.28      2.57407e+9 
        3635.88      2.46262e+9 
        3647.12      2.43549e+9 
        3658.96       2.4073e+9 
        3671.11       2.3787e+9 
        3682.58      2.35212e+9 
         3693.5      2.32715e+9 
        3703.57      2.30439e+9 
        3713.83      2.28162e+9 
        3724.38      2.25868e+9 
        3734.43      2.23659e+9 
        3744.62      2.21599e+9 
        3754.84      2.19606e+9 
        3765.07      2.17322e+9 
         3775.5      2.15501e+9 
        3786.22      2.13853e+9 
        3796.45      2.09045e+9 
        3807.84      2.10768e+9 
        3818.92      2.09341e+9 
        3830.45      2.00818e+9 
        3840.76        2.002e+9 
        3851.98      2.06329e+9 
        3862.01      2.06297e+9 
        3872.59      2.00431e+9 
         3884.4      1.84212e+9 
        3894.46       1.8423e+9 
        3906.64      1.97474e+9 
        3918.89      2.01347e+9 
        3929.56      2.00559e+9 
        3940.04      1.97026e+9 
        3950.65      1.88727e+9 
        3962.28        1.705e+9 
        3972.79      1.57577e+9 
        3983.56      1.77085e+9 
        3993.85      1.85894e+9 
        4003.87       1.8944e+9 
         4015.8        1.897e+9 
        4028.86      1.88333e+9 
        4043.86      1.85831e+9 
        4058.85       1.8186e+9 
        4071.35      1.75906e+9 
        4082.28      1.66718e+9 
        4093.69      1.48314e+9 
        4103.79      1.31723e+9 
        4114.23      1.53838e+9 
        4125.26      1.64126e+9 
        4135.54       1.6804e+9 
        4146.66      1.69299e+9 
        4158.83      1.68812e+9 
        4173.82      1.67191e+9 
        4188.82      1.65252e+9 
        4203.81      1.63209e+9 
        4216.52      1.61445e+9 
        4228.81      1.59721e+9 
        4243.81      1.57584e+9 
         4258.8      1.55343e+9 
         4273.8      1.52827e+9 
        4288.79      1.49675e+9 
        4303.79      1.45138e+9 
        4314.07      1.40153e+9 
        4326.14      1.29216e+9 
        4336.17      1.11379e+9 
        4346.88      1.15144e+9 
        4357.43      1.28824e+9 
        4368.77      1.34871e+9 
        4383.77      1.37124e+9 
        4398.76      1.36983e+9 
        4413.76      1.35996e+9 
        4428.76       1.3459e+9 
        4443.75      1.33029e+9 
        4458.75      1.31432e+9 
        4473.74      1.29833e+9 
        4488.74      1.28243e+9 
        4503.74      1.26671e+9 
        4514.12      1.25593e+9 
        4527.19       1.2425e+9 
        4538.73      1.23077e+9 
        4553.72      1.21571e+9 
        4568.72      1.20087e+9 
        4583.72      1.18624e+9 
        4596.53       1.1739e+9 
        4608.71      1.16232e+9 
         4623.7      1.14824e+9 
         4638.7      1.13434e+9 
         4653.7      1.12064e+9 
        4668.69      1.10711e+9 
        4683.69      1.09373e+9 
        4698.68      1.08049e+9 
        4713.68      1.06734e+9 
        4724.83       1.0576e+9 
        4738.67      1.04548e+9 
        4753.67       1.0322e+9 
        4768.67      1.01851e+9 
        4783.66      1.00408e+9 
        4798.66      9.87682e+8 
        4813.65       9.6697e+8 
        4828.65      9.35375e+8 
        4839.16       8.9684e+8 
        4849.39      8.29889e+8 
        4859.47      7.05435e+8 
        4870.47      7.92768e+8 
        4882.91      8.66241e+8 
        4893.63      8.90334e+8 
        4908.63       8.9941e+8 
         4921.7       8.9798e+8 
        4933.62      8.93588e+8 
        4948.62      8.85961e+8 
        4963.61      8.77353e+8 
        4978.61      8.68273e+8 
        4993.61      8.58993e+8 
         5008.6       8.4965e+8 
         5023.6      8.40329e+8 
        5038.59      8.31064e+8 
        5053.59      8.21888e+8 
        5068.59      8.12809e+8 
        5083.58      8.03842e+8 
        5098.58      7.94986e+8 
        5113.57      7.86243e+8 
        5128.57      7.77616e+8 
        5143.57      7.69103e+8 
        5158.56      7.60705e+8 
        5173.56      7.52418e+8 
        5188.55       7.4424e+8 
        5203.55      7.36176e+8 
        5218.55      7.28218e+8 
        5233.54      7.20364e+8 
        5248.54      7.12617e+8 
        5263.53      7.04973e+8 
        5278.53       6.9743e+8 
        5293.52      6.89991e+8 
        5308.52      6.82646e+8 
        5323.52      6.75402e+8 
        5338.51      6.68251e+8 
        5353.51      6.61195e+8 
        5368.51      6.54246e+8 
         5383.5      6.47372e+8 
         5398.5       6.4059e+8 
        5413.49      6.33898e+8 
        5428.49      6.27291e+8 
        5443.48      6.20769e+8 
        5458.48      6.14332e+8 
        5473.48       6.0798e+8 
        5488.47      6.01709e+8 
        5503.47       5.9552e+8 
        5518.47       5.8941e+8 
        5533.46      5.83375e+8 
        5548.46      5.77422e+8 
        5563.45      5.71541e+8 
        5578.45      5.65735e+8 
        5593.44      5.60005e+8 
        5608.44      5.54343e+8 
        5623.44      5.48758e+8 
        5638.43      5.43241e+8 
        5653.43       5.3779e+8 
        5668.43      5.32412e+8 
        5682.86      5.27294e+8 
        5693.42       5.2359e+8 
        5704.77      5.19648e+8 
        5715.23      5.16044e+8 
        5728.41      5.11549e+8 
         5743.4      5.06497e+8 
         5758.4      5.01502e+8 
         5773.4      4.96566e+8 
        5788.39      4.91694e+8 
        5803.39      4.86884e+8 
        5818.39      4.82134e+8 
        5833.38      4.77437e+8 
        5848.38        4.728e+8 
        5863.37       4.6822e+8 
        5878.37      4.63693e+8 
        5893.36      4.59222e+8 
        5908.36      4.54805e+8 
        5923.36      4.50442e+8 
        5938.35      4.46128e+8 
        5953.35      4.41868e+8 
        5968.34      4.37655e+8 
        5983.34      4.33496e+8 
        5998.34      4.29383e+8 
        6013.33      4.25321e+8 
        6028.33      4.21306e+8 
        6043.32      4.17339e+8 
        6058.32      4.13418e+8 
        6073.32      4.09541e+8 
        6088.31      4.05712e+8 
        6103.31      4.01926e+8 
         6118.3      3.98184e+8 
         6133.3      3.94484e+8 
         6148.3      3.90827e+8 
        6163.29      3.87214e+8 
        6178.29      3.83639e+8 
        6193.28      3.80104e+8 
        6208.28      3.76611e+8 
        6223.28      3.73158e+8 
        6238.27       3.6974e+8 
        6252.16      3.66611e+8 
        6262.16      3.64378e+8 
        6273.26      3.61915e+8 
        6284.63      3.59414e+8 
        6295.99      3.56935e+8 
        6306.09      3.54749e+8 
        6316.22      3.52568e+8 
        6328.25      3.50002e+8 
        6343.24      3.46829e+8 
        6358.24      3.43684e+8 
        6373.23      3.40571e+8 
        6388.23      3.37476e+8 
        6403.23      3.34401e+8 
        6418.22      3.31334e+8 
        6433.22      3.28262e+8 
        6448.22      3.25161e+8 
        6463.21      3.21991e+8 
        6478.21       3.1868e+8 
         6493.2      3.15083e+8 
         6508.2      3.10816e+8 
        6523.19      3.04915e+8 
         6536.1      2.96426e+8 
        6546.46      2.83984e+8 
        6556.87      2.60392e+8 
        6567.09      2.53958e+8 
        6577.95      2.77328e+8 
        6588.18      2.86912e+8 
        6603.34      2.91542e+8 
        6613.66      2.91976e+8 
        6623.98      2.91483e+8 
         6634.3      2.90509e+8 
        6654.94      2.87885e+8 
        6675.58      2.84892e+8 
        6711.48      2.79411e+8 
        6741.75      2.74752e+8 
        6783.26      2.68447e+8 
        6824.78      2.62289e+8 
        6907.81      2.50456e+8 
        6990.84      2.39263e+8 
         7038.6      2.33104e+8 
        7073.87      2.28682e+8 
        7109.15      2.24363e+8 
        7179.69      2.16028e+8 
        7250.24      2.08075e+8 
        7320.78      2.00485e+8 
        7389.14      1.93457e+8 
        7406.65      1.91707e+8 
        7424.15      1.89977e+8 
        7459.17      1.86574e+8 
         7529.2      1.79994e+8 
        7599.23      1.73702e+8 
        7660.63      1.68409e+8 
        7677.88      1.66958e+8 
        7695.14      1.65523e+8 
        7729.65      1.62699e+8 
        7798.67      1.57229e+8 
        7867.69      1.51986e+8 
        7911.17      1.48796e+8 
        7936.71      1.46961e+8 
        7962.25      1.45154e+8 
        8013.32      1.41623e+8 
        8046.24      1.39404e+8 
         8064.4      1.38199e+8 
        8082.55      1.37007e+8 
        8118.86      1.34661e+8 
        8180.09      1.30817e+8 
        8191.47      1.30118e+8 
        8202.85      1.29423e+8 
        8216.85      1.28576e+8 
        8232.84      1.27615e+8 
        8264.83      1.25721e+8 
        8289.72      1.24272e+8 
        8328.82      1.22036e+8 
        8343.44      1.21213e+8 
        8367.92      1.19851e+8 
        8388.68      1.18712e+8 
        8408.65       1.1763e+8 
        8432.02      1.16378e+8 
        8467.25       1.1452e+8 
        8502.48      1.12698e+8 
        8516.58      1.11979e+8 
        8530.98      1.11249e+8 
        8545.38       1.1054e+8 
        8574.18      1.09139e+8 
        8598.39       1.0797e+8 
         8628.6      1.06546e+8 
        8646.81      1.05683e+8 
        8665.01      1.04822e+8 
        8685.59      1.03894e+8 
        8701.43      1.03175e+8 
        8750.47       1.0088e+8 
        8767.92      1.00153e+8 
        8815.35      9.80931e+7 
        8839.07       9.7007e+7 
        8862.78      9.59056e+7 
         8886.5      9.51026e+7 
        8910.21      9.42698e+7 
        8933.93      9.33386e+7 
        8957.65      9.23072e+7 
        8995.25      9.04132e+7 
        9014.91      8.94226e+7 
        9034.57      8.89734e+7 
        9054.23      8.85521e+7 
        9087.39      8.76335e+7 
        9099.72      8.72351e+7 
        9112.05      8.67975e+7 
        9136.72       8.5834e+7 
        9161.38      8.47021e+7 
        9186.05      8.33942e+7 
        9207.53      8.20851e+7 
        9218.27       8.1376e+7 
        9229.01      8.07879e+7 
        9239.75      8.06814e+7 
        9250.49      8.06717e+7 
        9261.23      8.06425e+7 
        9271.97      8.05621e+7 
        9282.71      8.04669e+7 
        9304.19      8.01106e+7 
        9325.68       7.9629e+7 
         9353.2      7.88797e+7 
        9368.64      7.84211e+7 
        9384.08      7.79451e+7 
        9414.97      7.69184e+7 
        9445.86      7.57815e+7 
         9461.3      7.51441e+7 
        9476.75      7.44171e+7 
        9492.19      7.35764e+7 
        9507.64      7.24963e+7 
        9523.08      7.10952e+7 
        9538.52      6.94945e+7 
        9549.68      6.89265e+7 
        9560.85      6.94396e+7 
        9572.01      6.99422e+7 
        9586.89      7.03783e+7 
        9601.77      7.05168e+7 
        9616.65      7.04424e+7 
        9631.53      7.02598e+7 
        9654.14      6.98489e+7 
        9668.45      6.95414e+7 
        9682.77      6.92017e+7 
         9711.4       6.8487e+7 
        9768.67      6.69938e+7 
        9825.93      6.54862e+7 
         9883.2      6.39481e+7 
        9928.11      6.25956e+7 
        9940.47      6.21718e+7 
        9952.82      6.17207e+7 
        9965.17      6.12359e+7 
        9977.53      6.06861e+7 
        9989.88      6.00515e+7 
        10002.2      5.92963e+7 
        10014.6      5.83997e+7 
        10026.9      5.73033e+7 
        10038.2      5.61136e+7 
        10049.4      5.53121e+7 
        10060.6      5.56451e+7 
        10071.8      5.63463e+7 
          10083      5.68477e+7 
        10094.2      5.71572e+7 
          10111      5.74142e+7 
        10122.2      5.74538e+7 
        10144.7       5.7335e+7 
        10167.1       5.7084e+7 
        10189.5      5.67375e+7 
        10231.6      5.59738e+7 
        10242.8      5.57542e+7 
          10254      5.55317e+7 
        10276.5      5.50812e+7 
        10321.5      5.41755e+7 
        10411.4      5.23927e+7 
        10501.3      5.06613e+7 
        10591.2      4.90026e+7 
        10681.1      4.73824e+7 
          10726      4.65713e+7 
          10771      4.57281e+7 
        10793.4      4.52804e+7 
        10815.9      4.48023e+7 
        10838.4      4.42559e+7 
        10849.6      4.39446e+7 
        10860.8      4.35987e+7 
        10872.1      4.31909e+7 
        10883.3      4.27144e+7 
        10894.6      4.21187e+7 
        10905.8      4.14206e+7 
          10917      4.05539e+7 
        10928.3      3.95165e+7 
        10938.7      3.82263e+7 
        10951.6      3.95011e+7 
        10971.2      4.05391e+7 
        10990.8      4.10792e+7 
        11010.5       4.1279e+7 
        11030.1      4.12768e+7 
        11049.7      4.11734e+7 
        11069.3      4.10028e+7 
        11108.6      4.05655e+7 
        11147.8      4.00738e+7 
        11191.8      3.94961e+7 
        11226.3      3.90368e+7 
        11260.9      3.85788e+7 
        11330.1      3.76743e+7 
        11399.2      3.67921e+7 
        11468.4      3.59376e+7 
        11537.5      3.51026e+7 
        11606.7      3.42921e+7 
        11675.8      3.35045e+7 
        11744.9      3.27395e+7 
        11814.1      3.19959e+7 
        11883.2      3.12736e+7 
        11952.4      3.05715e+7 
        12021.5      2.98869e+7 
        12090.7      2.92229e+7 
        12159.8       2.8577e+7 
        12173.3      2.84529e+7 
          12229      2.79484e+7 
        12284.6      2.74545e+7 
        12340.3      2.69707e+7 
        12395.9      2.64963e+7 
        12451.6      2.60299e+7 
        12507.2      2.55699e+7 
        12562.8      2.51117e+7 
        12618.5      2.46468e+7 
        12646.3       2.4404e+7 
        12674.1      2.41458e+7 
        12701.9      2.38566e+7 
        12715.9      2.36903e+7 
        12729.8      2.35011e+7 
        12743.7      2.32792e+7 
        12757.6       2.3006e+7 
        12771.5      2.26604e+7 
        12785.4      2.22165e+7 
        12799.3      2.16423e+7 
        12813.2       2.0876e+7 
        12823.5      2.08518e+7 
        12836.2      2.13828e+7 
        12855.5      2.18895e+7 
        12874.9      2.21564e+7 
        12894.2      2.22651e+7 
        12923.2      2.22632e+7 
        12942.6       2.2205e+7 
        12981.3      2.20251e+7 
          13020       2.1808e+7 
        13097.3      2.13392e+7 
        13174.7      2.08639e+7 
        13195.8      2.07351e+7 
        13252.1      2.03951e+7 
        13308.4      2.00608e+7 
        13364.6      1.97326e+7 
        13420.9      1.94106e+7 
        13477.2      1.90949e+7 
        13533.4      1.87855e+7 
        13589.7      1.84823e+7 
          13646      1.81858e+7 
        13702.3      1.78944e+7 
        13758.5      1.76088e+7 
        13814.8      1.73288e+7 
        13871.1      1.70544e+7 
        13927.3      1.67854e+7 
        13983.6      1.65217e+7 
        14039.9      1.62632e+7 
        14096.2      1.60097e+7 
        14152.4      1.57611e+7 
        14208.7      1.55173e+7 
          14265      1.52782e+7 
        14310.4      1.50885e+7 
        14321.2      1.50437e+7 
        14332.1      1.49991e+7 
        14353.7      1.49104e+7 
          14397      1.47349e+7 
        14457.6      1.44937e+7 
        14518.3      1.42574e+7 
        14574.5      1.40423e+7 
        14585.2      1.40019e+7 
        14597.2      1.39567e+7 
        14613.2      1.38968e+7 
        14645.2      1.37779e+7 
        14709.2      1.35438e+7 
        14773.2      1.33148e+7 
        14837.1      1.30905e+7 
        14901.1       1.2871e+7 
        14965.1      1.26561e+7 
        15029.1      1.24456e+7 
        15093.1      1.22394e+7 
        15157.1      1.20375e+7 
          15221      1.18398e+7 
          15285      1.16461e+7 
          15349      1.14564e+7 
          15413      1.12705e+7 
        15471.6      1.11036e+7 
        15482.4      1.10731e+7 
        15493.1       1.1043e+7 
        15514.7       1.0983e+7 
        15557.9      1.08641e+7 
        15644.2      1.06313e+7 
        15730.5      1.04046e+7 
        15816.8       1.0184e+7 
        15903.1      9.96918e+6 
        15989.4      9.76002e+6 
        16075.8      9.55629e+6 
        16162.1      9.35786e+6 
        16248.4      9.16459e+6 
        16289.9      9.07342e+6 
        16334.7      8.97625e+6 
        16379.5      8.88037e+6 
        16469.1      8.69326e+6 
        16558.8      8.51105e+6 
        16648.4      8.33358e+6 
          16738       8.1607e+6 
        16827.7      7.99231e+6 
        16917.3      7.82822e+6 
        17006.9      7.66831e+6 
        17096.6      7.51249e+6 
        17186.2      7.36056e+6 
        17275.8       7.2125e+6 
        17327.7      7.12853e+6 
        17365.5      7.06811e+6 
        17403.2      7.00836e+6 
        17478.8      6.89036e+6 
        17554.3      6.77481e+6 
        17629.9      6.66168e+6 
        17705.4      6.55091e+6 
          17781       6.4424e+6 
        17856.5      6.33615e+6 
        17932.1      6.23207e+6 
        18007.6      6.12934e+6 
        18083.2      6.02922e+6 
        18158.7      5.93104e+6 
        18234.3      5.83466e+6 
        18309.8      5.73994e+6 
        18343.7      5.69781e+6 
        18385.3      5.64648e+6 
          18427      5.59533e+6 
        18510.2      5.49198e+6 
        18551.8      5.43829e+6 
        18593.4      5.38061e+6 
        18614.2      5.34872e+6 
          18635      5.31297e+6 
        18655.8      5.27068e+6 
        18676.6      5.21753e+6 
          18687      5.18466e+6 
        18697.4      5.14605e+6 
        18707.8      5.10025e+6 
        18718.2      5.04656e+6 
        18728.6      4.98228e+6 
          18739      4.90396e+6 
        18749.2      4.66979e+6 
        18761.7      4.86972e+6 
        18776.9      4.95055e+6 
          18795      5.01144e+6 
        18807.2      5.03701e+6 
        18819.3      5.05313e+6 
        18831.4      5.06186e+6 
        18843.5      5.06525e+6 
        18867.8      5.06129e+6 
          18892      5.04854e+6 
        18940.5        5.011e+6 
          18989       4.9668e+6 
        19085.9       4.8728e+6 
        19182.9      4.77814e+6 
        19279.9      4.68487e+6 
          19303      4.66291e+6 
        19376.8      4.59354e+6 
        19450.7      4.52537e+6 
        19524.5      4.45833e+6 
        19598.3      4.39276e+6 
        19672.2      4.32805e+6 
          19746      4.26452e+6 
        19819.8      4.20213e+6 
        19893.7       4.1409e+6 
        19967.5      4.08077e+6 
        20041.3      4.02174e+6 
        20115.2      3.96375e+6 
          20189      3.90682e+6 
        20262.9       3.8509e+6 
        20336.7      3.79599e+6 
        20410.5      3.74201e+6 
        20474.4      3.69612e+6 
        20538.3      3.65091e+6 
        20602.1      3.60639e+6 
          20666      3.56253e+6 
        20729.9      3.51937e+6 
        20793.8      3.47683e+6 
        20857.6      3.43495e+6 
        20921.5      3.39367e+6 
        20985.4      3.35305e+6 
        21049.3        3.313e+6 
        21113.1      3.27357e+6 
          21177      3.23471e+6 
        21240.9      3.19644e+6 
        21304.8      3.15871e+6 
        21368.6      3.12156e+6 
        21432.5      3.08495e+6 
        21496.4      3.04887e+6 
        21560.2      3.01331e+6 
        21617.6      2.98181e+6 
        21630.6      2.97473e+6 
        21643.6      2.96767e+6 
        21669.6      2.95362e+6 
        21721.6      2.92575e+6 
        21773.6      2.89822e+6 
        21825.6        2.871e+6 
        21877.6      2.84411e+6 
        21929.6      2.81753e+6 
        21981.6      2.79126e+6 
        22033.6       2.7653e+6 
        22085.6      2.73963e+6 
        22137.6      2.71427e+6 
        22189.6      2.68919e+6 
        22241.6      2.66441e+6 
        22293.6      2.63991e+6 
        22345.6      2.61569e+6 
        22397.6      2.59174e+6 
        22449.6      2.56808e+6 
        22501.6      2.54468e+6 
        22553.6      2.52155e+6 
        22605.6      2.49868e+6 
        22657.6      2.47606e+6 
        22709.6      2.45371e+6 
        22736.4       2.4423e+6 
        22761.6       2.4316e+6 
        22784.8       2.4218e+6 
        22800.8      2.41509e+6 
        22816.8       2.4084e+6 
        22848.8      2.39508e+6 
        22912.8      2.36872e+6 
        22976.8      2.34273e+6 
        23040.8      2.31709e+6 
        23104.8       2.2918e+6 
        23168.7      2.26686e+6 
        23232.7      2.24225e+6 
        23296.7      2.21798e+6 
        23360.7      2.19403e+6 
        23424.7      2.17041e+6 
        23488.6       2.1471e+6 
        23552.6      2.12411e+6 
        23616.6      2.10142e+6 
        23680.6      2.07903e+6 
        23744.6      2.05695e+6 
        23808.6      2.03515e+6 
        23872.5      2.01364e+6 
        23936.5      1.99242e+6 
        24000.5      1.97147e+6 
        24064.5       1.9508e+6 
        24128.5       1.9304e+6 
        24192.5      1.91027e+6 
        24256.4       1.8904e+6 
        24320.4      1.87078e+6 
        24384.4      1.85142e+6 
        24448.4      1.83231e+6 
        24512.4      1.81344e+6 
        24576.3      1.79482e+6 
        24640.3      1.77644e+6 
        24704.3      1.75829e+6 
        24768.3      1.74037e+6 
        24832.3      1.72268e+6 
        24896.3      1.70521e+6 
        24960.2      1.68797e+6 
        25004.4      1.67618e+6 
        25024.2      1.67094e+6 
          25044      1.66571e+6 
        25083.6      1.65534e+6 
        25162.8      1.63484e+6 
        25241.9      1.61465e+6 
        25321.1      1.59477e+6 
        25400.2       1.5752e+6 
        25479.4      1.55593e+6 
        25558.5      1.53695e+6 
        25637.7      1.51826e+6 
        25716.9      1.49985e+6 
          25796      1.48172e+6 
        25875.2      1.46387e+6 
        25954.3      1.44628e+6 
        26033.5      1.42895e+6 
        26112.7      1.41189e+6 
        26191.8      1.39507e+6 
          26271      1.37851e+6 
        26350.1       1.3622e+6 
        26429.3      1.34612e+6 
        26508.4      1.33028e+6 
        26587.6      1.31467e+6 
        26666.8      1.29929e+6 
        26745.9      1.28414e+6 
        26825.1       1.2692e+6 
        26904.2      1.25449e+6 
        26983.4      1.23998e+6 
        27062.6      1.22569e+6 
        27141.7       1.2116e+6 
        27220.9      1.19771e+6 
        27299.2      1.18416e+6 
        27377.5      1.17081e+6 
        27455.8      1.15765e+6 
        27534.2      1.14467e+6 
        27612.5      1.13187e+6 
        27690.8      1.11926e+6 
        27769.1      1.10681e+6 
        27847.5      1.09454e+6 
        27925.8      1.08244e+6 
        28004.1      1.07051e+6 
        28082.4      1.05874e+6 
        28160.8      1.04713e+6 
        28239.1      1.03568e+6 
        28317.4      1.02439e+6 
        28395.7      1.01324e+6 
          28474      1.00225e+6 
        28552.4          991414 
        28630.7          980717 
          28709          970168 
        28787.3          959760 
        28865.7          949487 
          28944          939355 
        29022.3          929355 
        29100.6          919491 
          29179          909755 
        29257.3          900151 
        29335.6          890670 
        29413.9          881314 
        29492.3          872081 
        29570.6          862967 
        29648.9          853973 
        29727.2          845098 
        29805.5          836336 
        29883.9          827687 
        29932.6          822362 
        29962.2          819148 
        29991.8          815953 
