# Koester WD models
# teff = 40000 K (value for the effective temperature for the model. Temperatures are given in K)
# logg = 8.75 log(cm/s2) (value for Log(G) for the model.)
#
# column 1: WAVELENGTH (ANGSTROM), Wavelength in Angstrom
# column 2: FLUX (ERG/CM2/S/A), Flux in erg/cm2/s/A
         899.23     3.74085e+10 
        909.241     3.70991e+10 
        919.251     3.67566e+10 
        929.261     3.42779e+10 
        939.271      4.5304e+10 
         949.28     2.43443e+10 
        959.289      9.5959e+10 
        969.297     4.45924e+10 
        979.305     8.78034e+10 
        989.312     1.35607e+11 
        999.319     1.46385e+11 
        1009.33     1.27998e+11 
        1019.33      6.7384e+10 
        1029.34     5.54494e+10 
        1039.34     1.21075e+11 
        1049.35     1.52514e+11 
        1059.36     1.62963e+11 
        1069.36     1.64762e+11 
        1079.36     1.63135e+11 
        1089.37     1.60071e+11 
        1099.37     1.56372e+11 
        1109.38     1.52391e+11 
        1119.38     1.48278e+11 
        1129.38     1.44094e+11 
        1139.39     1.39837e+11 
        1149.39     1.35449e+11 
        1159.39     1.30768e+11 
        1169.39     1.25451e+11 
         1179.4     1.18665e+11 
         1189.4     1.08276e+11 
         1199.4     8.88012e+10 
         1209.4     5.08907e+10 
        1219.41     4.37341e+10 
        1229.41     8.04763e+10 
        1239.41     9.52795e+10 
        1249.41     9.94704e+10 
        1259.41     9.97572e+10 
        1269.41     9.85763e+10 
        1279.42     9.68047e+10 
        1289.42     9.47884e+10 
        1299.42     9.26792e+10 
        1309.42     9.05495e+10 
        1319.42     8.84365e+10 
        1329.42     8.63567e+10 
        1339.42     8.43203e+10 
        1349.42     8.23323e+10 
        1359.42     8.03952e+10 
        1369.42     7.85093e+10 
        1379.42     7.66737e+10 
        1389.42     7.48883e+10 
        1399.42     7.31529e+10 
        1409.42     7.14659e+10 
        1419.42     6.98279e+10 
        1429.42     6.82354e+10 
        1439.42     6.66878e+10 
        1454.42     6.44469e+10 
        1464.42     6.30053e+10 
        1474.42     6.16035e+10 
        1489.42     5.95743e+10 
        1504.42     5.76287e+10 
        1514.42     5.63765e+10 
        1529.42     5.45619e+10 
        1544.42     5.28193e+10 
        1559.42     5.11461e+10 
        1570.19     4.99862e+10 
        1584.41      4.8504e+10 
        1599.41     4.70007e+10 
        1614.41     4.55556e+10 
        1629.41     4.41658e+10 
        1644.41     4.28293e+10 
        1659.41     4.15438e+10 
        1670.17      4.0651e+10 
         1684.4      3.9508e+10 
         1699.4     3.83475e+10 
         1714.4     3.72294e+10 
         1729.4     3.61516e+10 
         1744.4     3.51126e+10 
        1759.39     3.41114e+10 
         1771.7     3.33166e+10 
        1784.39     3.25215e+10 
        1799.39     3.16123e+10 
           1824     3.01887e+10 
        1834.77     2.95909e+10 
        1845.54     2.90081e+10 
           1864     2.80421e+10 
        1876.29     2.74215e+10 
        1888.59     2.68184e+10 
        1906.98     2.59467e+10 
        1919.37     2.53796e+10 
        1931.76     2.48286e+10 
        1944.47     2.42783e+10 
        1956.53     2.37705e+10 
         1967.6     2.33159e+10 
        1992.71     2.23258e+10 
        2017.81     2.13878e+10 
        2042.92     2.04995e+10 
        2067.03     1.96893e+10 
        2091.15     1.89194e+10 
        2114.28     1.82161e+10 
        2126.36     1.78619e+10 
        2145.92     1.73067e+10 
        2165.47     1.67729e+10 
        2194.48     1.60191e+10 
        2204.59     1.57665e+10 
         2214.7     1.55187e+10 
        2234.91     1.50381e+10 
        2263.91     1.43806e+10 
        2292.92      1.3759e+10 
        2313.13     1.33457e+10 
        2344.77     1.27299e+10 
        2362.35     1.24031e+10 
        2379.94     1.20868e+10 
        2409.27     1.15812e+10 
        2432.73     1.11959e+10 
        2451.59     1.08978e+10 
        2466.76     1.06653e+10 
        2488.39     1.03445e+10 
        2510.01     1.00357e+10 
         2547.3      9.53005e+9 
        2559.23      9.37495e+9 
        2571.17      9.22315e+9 
        2595.04      8.92859e+9 
        2618.91      8.64576e+9 
        2642.78      8.37404e+9 
        2657.67      8.20992e+9 
        2687.45      7.89385e+9 
        2717.24      7.59285e+9 
        2737.93      7.39214e+9 
        2756.11      7.22126e+9 
        2774.29      7.05542e+9 
        2810.65      6.73777e+9 
        2839.47      6.49864e+9 
        2854.55      6.37775e+9 
        2869.63      6.25972e+9 
        2899.79      6.03176e+9 
        2926.39      5.83931e+9 
        2952.93       5.6548e+9 
        2965.73      5.56854e+9 
        2978.53       5.4839e+9 
        3004.12      5.31941e+9 
        3051.42      5.03135e+9 
        3098.72      4.76275e+9 
        3142.18      4.53153e+9 
        3157.53       4.4533e+9 
        3172.87      4.37677e+9 
        3203.56      4.22855e+9 
        3248.29      4.02359e+9 
        3293.03      3.83098e+9 
        3328.79      3.68528e+9 
        3346.73      3.61475e+9 
        3364.67      3.54598e+9 
        3400.55      3.41325e+9 
        3445.17      3.25676e+9 
        3489.78      3.10919e+9 
        3525.18        2.998e+9 
         3543.6       2.9421e+9 
        3562.02      2.88753e+9 
        3591.28      2.80339e+9 
        3635.88       2.6809e+9 
        3647.12      2.65111e+9 
        3658.96      2.62017e+9 
        3671.11      2.58876e+9 
        3682.58      2.55963e+9 
         3693.5      2.53227e+9 
        3703.57      2.50733e+9 
        3713.83      2.48222e+9 
        3724.38      2.45672e+9 
        3734.43      2.43271e+9 
        3744.62      2.40866e+9 
        3754.84      2.38485e+9 
        3765.07      2.36125e+9 
         3775.5      2.33761e+9 
        3786.22       2.3136e+9 
        3796.45      2.29045e+9 
        3807.84      2.26672e+9 
        3818.92      2.24276e+9 
        3830.45      2.21609e+9 
        3840.76        2.196e+9 
        3851.98      2.17747e+9 
        3862.01      2.15741e+9 
        3872.59      2.13139e+9 
         3884.4      2.09756e+9 
        3894.46      2.08236e+9 
        3908.89      2.07549e+9 
        3923.89      2.05637e+9 
        3935.81       2.0291e+9 
        3946.58      1.99252e+9 
        3957.31      1.94373e+9 
        3967.38      1.89481e+9 
        3977.86      1.89823e+9 
        3988.87      1.92232e+9 
        4003.87      1.93841e+9 
        4018.86      1.93295e+9 
        4032.38       1.9149e+9 
        4043.86      1.89137e+9 
        4058.85      1.84163e+9 
        4073.85      1.76538e+9 
        4085.65      1.68499e+9 
        4096.31      1.59439e+9 
        4106.79      1.57887e+9 
        4117.77      1.64324e+9 
        4128.84      1.68971e+9 
        4143.83       1.7285e+9 
        4158.83      1.74266e+9 
        4173.82       1.7384e+9 
        4188.82      1.72597e+9 
        4203.81      1.70892e+9 
        4216.52      1.69226e+9 
        4228.81      1.67432e+9 
        4243.81      1.64913e+9 
         4258.8      1.61834e+9 
         4273.8      1.57753e+9 
        4288.79      1.52432e+9 
        4303.79      1.45376e+9 
        4314.07        1.392e+9 
        4326.14       1.3007e+9 
        4336.17       1.2068e+9 
        4346.17      1.20969e+9 
        4357.43      1.28828e+9 
        4367.98      1.33957e+9 
        4378.77      1.37558e+9 
        4393.77      1.40595e+9 
        4408.76      1.41836e+9 
        4423.76       1.4197e+9 
        4438.75      1.41236e+9 
        4453.75      1.40065e+9 
        4468.74      1.38671e+9 
        4483.74      1.37175e+9 
        4498.74      1.35634e+9 
        4513.73      1.34072e+9 
        4527.19      1.32663e+9 
        4538.73      1.31457e+9 
        4553.72      1.29895e+9 
        4568.72      1.28343e+9 
        4583.72      1.26802e+9 
        4596.53      1.25495e+9 
        4608.71      1.24264e+9 
         4623.7      1.22755e+9 
         4638.7      1.21256e+9 
         4653.7      1.19764e+9 
        4668.69      1.18274e+9 
        4683.69      1.16776e+9 
        4698.68      1.15256e+9 
        4713.68      1.13689e+9 
        4724.83      1.12478e+9 
        4738.67       1.1089e+9 
        4753.67      1.09026e+9 
        4768.67      1.06966e+9 
        4783.66      1.04536e+9 
        4798.66      1.01546e+9 
        4813.65      9.77343e+8 
        4828.65      9.27832e+8 
        4839.16      8.82071e+8 
        4849.42      8.25202e+8 
        4859.47      7.53398e+8 
        4870.86       7.9957e+8 
        4881.14      8.45638e+8 
        4892.33      8.80868e+8 
        4903.18      9.02727e+8 
        4913.63      9.16701e+8 
        4925.16      9.25636e+8 
        4938.62      9.30062e+8 
        4953.62      9.29594e+8 
        4968.61      9.25463e+8 
        4983.61      9.19403e+8 
         4998.6      9.11964e+8 
         5013.6      9.03616e+8 
         5028.6      8.94744e+8 
        5043.59      8.85552e+8 
        5058.59       8.7624e+8 
        5073.58      8.66882e+8 
        5088.58      8.57554e+8 
        5103.58      8.48283e+8 
        5118.57      8.39088e+8 
        5133.57      8.29987e+8 
        5148.56      8.20977e+8 
        5163.56       8.1207e+8 
        5178.56      8.03271e+8 
        5193.55      7.94578e+8 
        5208.55      7.85995e+8 
        5223.54      7.77519e+8 
        5238.54      7.69147e+8 
        5253.54      7.60884e+8 
        5268.53      7.52729e+8 
        5283.53      7.44677e+8 
        5298.52      7.36732e+8 
        5313.52      7.28887e+8 
        5328.52      7.21146e+8 
        5343.51      7.13506e+8 
        5358.51      7.05963e+8 
         5373.5      6.98605e+8 
         5388.5      6.91251e+8 
         5403.5      6.83991e+8 
        5418.49      6.76828e+8 
        5433.49      6.69756e+8 
        5448.48      6.62776e+8 
        5463.48      6.55886e+8 
        5478.48      6.49088e+8 
        5493.47      6.42374e+8 
        5508.47      6.35748e+8 
        5523.46      6.29204e+8 
        5538.46      6.22748e+8 
        5553.46      6.16374e+8 
        5568.45      6.10078e+8 
        5583.45      6.03864e+8 
        5598.44      5.97729e+8 
        5613.44      5.91672e+8 
        5628.44       5.8569e+8 
        5643.43      5.79784e+8 
        5658.43       5.7395e+8 
        5673.42      5.68333e+8 
         5686.2      5.63479e+8 
        5698.42      5.58883e+8 
        5708.88      5.54984e+8 
        5723.41      5.49628e+8 
        5738.41      5.44168e+8 
         5753.4      5.38774e+8 
         5768.4      5.33389e+8 
        5783.39      5.28127e+8 
        5798.39      5.22928e+8 
        5813.39      5.17794e+8 
        5828.38      5.12724e+8 
        5843.38      5.07713e+8 
        5858.37      5.02765e+8 
        5873.37      4.97876e+8 
        5888.37      4.93048e+8 
        5903.36      4.88276e+8 
        5918.36       4.8356e+8 
        5933.35      4.78901e+8 
        5948.35      4.74296e+8 
        5963.35      4.69747e+8 
        5978.34      4.65251e+8 
        5993.34      4.60809e+8 
        6008.33      4.56417e+8 
        6023.33      4.52078e+8 
        6038.32       4.4779e+8 
        6053.32      4.43552e+8 
        6068.32      4.39361e+8 
        6083.31      4.35214e+8 
        6098.31      4.31118e+8 
        6113.31      4.27065e+8 
         6128.3      4.23056e+8 
         6143.3      4.19092e+8 
        6158.29      4.15171e+8 
        6173.29      4.11291e+8 
        6188.28      4.07449e+8 
        6203.28      4.03648e+8 
        6218.28      3.99881e+8 
        6233.27      3.96145e+8 
        6244.38      3.93403e+8 
        6256.04      3.90541e+8 
        6266.59      3.87974e+8 
        6278.26       3.8515e+8 
        6290.52      3.82197e+8 
        6302.31      3.79376e+8 
        6312.59      3.76928e+8 
        6323.25      3.74399e+8 
        6338.24      3.70849e+8 
        6353.24      3.67299e+8 
        6368.24      3.63743e+8 
        6383.23      3.60162e+8 
        6398.23       3.5653e+8 
        6413.22       3.5281e+8 
        6428.22      3.48949e+8 
        6443.22      3.44862e+8 
        6458.21      3.40407e+8 
        6473.21      3.35396e+8 
         6488.2      3.29528e+8 
         6503.2      3.22349e+8 
         6518.2      3.13002e+8 
        6532.67      3.00747e+8 
        6543.19      2.88863e+8 
        6554.43      2.72463e+8 
        6564.49      2.57823e+8 
        6575.67      2.75694e+8 
        6586.28        2.861e+8 
        6598.17      2.93871e+8 
         6608.5      2.98118e+8 
        6623.98      3.01558e+8 
         6634.3      3.02519e+8 
        6644.62      3.02778e+8 
        6654.94      3.02539e+8 
        6665.26      3.01921e+8 
        6675.58       3.0103e+8 
        6696.23        2.987e+8 
        6711.48      2.96686e+8 
        6741.98      2.92289e+8 
        6781.19       2.8634e+8 
        6802.98      2.82997e+8 
        6824.78      2.79659e+8 
        6868.37      2.73062e+8 
        6955.56      2.60297e+8 
        6976.35      2.57346e+8 
        7042.75      2.48177e+8 
        7109.15      2.39394e+8 
        7175.54      2.30989e+8 
        7241.94      2.22947e+8 
        7308.33      2.15249e+8 
        7355.95      2.09932e+8 
        7374.73      2.07887e+8 
        7393.51      2.05858e+8 
        7431.08      2.01876e+8 
        7506.22      1.94195e+8 
        7581.35      1.86876e+8 
         7635.1      1.81852e+8 
        7656.49      1.79899e+8 
        7677.88      1.77972e+8 
        7720.67      1.74196e+8 
        7806.23      1.66939e+8 
        7821.36      1.65696e+8 
         7891.8      1.60056e+8 
        7962.25      1.54654e+8 
        7982.84      1.53118e+8 
        8032.69      1.49478e+8 
        8082.55      1.45946e+8 
        8161.68       1.4055e+8 
        8182.26      1.39187e+8 
        8200.85      1.37971e+8 
        8216.85      1.36935e+8 
        8232.84      1.35909e+8 
        8264.83      1.33885e+8 
        8289.72      1.32337e+8 
        8328.82      1.29949e+8 
        8343.44       1.2907e+8 
        8367.92      1.27616e+8 
        8388.68      1.26397e+8 
        8408.65      1.25239e+8 
        8432.02      1.23901e+8 
        8467.25      1.21917e+8 
        8502.48      1.19972e+8 
        8516.58      1.19205e+8 
        8530.98      1.18427e+8 
        8545.38      1.17657e+8 
        8574.18      1.16135e+8 
        8598.39      1.14875e+8 
         8628.6      1.13327e+8 
        8646.81      1.12406e+8 
        8665.01      1.11494e+8 
        8685.59      1.10475e+8 
        8701.43      1.09698e+8 
        8750.47       1.0733e+8 
        8767.92      1.06505e+8 
        8815.35      1.04298e+8 
        8862.78       1.0216e+8 
        8900.38      1.00511e+8 
        8957.65       9.8035e+7 
        9014.91      9.56301e+7 
        9044.62      9.44319e+7 
        9072.17      9.33364e+7 
        9099.72      9.22485e+7 
        9154.81      9.01141e+7 
         9190.8      8.87311e+7 
         9209.9      8.80061e+7 
        9229.01      8.72989e+7 
        9267.22      8.59358e+7 
         9303.2      8.47137e+7 
        9343.64      8.33367e+7 
        9384.08      8.19525e+7 
        9464.96      7.91471e+7 
        9545.72      7.62813e+7 
        9561.21      7.58531e+7 
        9576.69       7.5478e+7 
        9607.66      7.47014e+7 
        9668.45      7.31152e+7 
        9729.24      7.14675e+7 
        9790.04      6.97829e+7 
        9850.83      6.80736e+7 
        9870.42      6.75012e+7 
        9911.62      6.62411e+7 
        9952.82      6.49223e+7 
        10021.1      6.25878e+7 
        10035.2      6.21288e+7 
        10049.4      6.17785e+7 
        10063.5      6.14697e+7 
        10091.8      6.10933e+7 
        10120.1      6.07323e+7 
        10176.7      5.98602e+7 
        10229.4      5.89388e+7 
          10245      5.86372e+7 
        10260.6      5.83365e+7 
        10291.9       5.7717e+7 
        10354.5      5.64475e+7 
          10417      5.51821e+7 
        10479.6      5.38708e+7 
        10542.2      5.26239e+7 
        10604.7      5.13968e+7 
        10667.3      5.01298e+7 
        10729.8       4.8787e+7 
        10792.4      4.73315e+7 
        10823.7      4.65355e+7 
          10855      4.56898e+7 
        10886.2       4.4769e+7 
        10896.9      4.44275e+7 
        10907.2      4.40863e+7 
        10917.5      4.37228e+7 
        10927.8      4.33091e+7 
        10938.1      4.27813e+7 
        10948.4      4.30009e+7 
        10958.7      4.31027e+7 
        10976.7      4.31645e+7 
        10997.2      4.31642e+7 
        11038.4      4.30408e+7 
        11079.5      4.27643e+7 
        11120.6      4.23983e+7 
        11161.8       4.1967e+7 
        11227.2      4.11787e+7 
        11244.1      4.09632e+7 
        11260.9      4.07455e+7 
        11294.6      4.03016e+7 
          11362      3.94091e+7 
        11429.5      3.85266e+7 
        11496.9      3.76828e+7 
        11564.3      3.68317e+7 
        11631.7      3.60045e+7 
        11699.2      3.52003e+7 
        11766.6      3.44187e+7 
          11834      3.36584e+7 
        11901.4      3.29189e+7 
        11968.8      3.21998e+7 
        12036.3      3.14835e+7 
        12103.7      3.07984e+7 
        12171.1        3.013e+7 
        12192.4      2.99218e+7 
        12238.5      2.94765e+7 
        12284.6      2.90368e+7 
        12376.8      2.81682e+7 
          12469      2.73002e+7 
        12561.2      2.63952e+7 
        12607.3      2.59016e+7 
        12653.4      2.53607e+7 
        12676.4      2.50591e+7 
        12699.5      2.47296e+7 
        12722.5       2.4374e+7 
        12745.6      2.39692e+7 
        12765.2       2.3578e+7 
        12778.4      2.32932e+7 
        12791.6      2.29919e+7 
        12804.9      2.27112e+7 
        12816.4      2.27785e+7 
        12827.6      2.25295e+7 
        12840.4      2.25939e+7 
        12853.2      2.27093e+7 
        12878.8      2.28962e+7 
        12904.4      2.29977e+7 
          12930       2.3033e+7 
        12955.6      2.30168e+7 
        12981.2      2.29664e+7 
        13006.8      2.28831e+7 
        13032.4      2.27822e+7 
        13083.5      2.25357e+7 
        13134.7      2.22526e+7 
        13185.9      2.19534e+7 
        13237.1      2.16451e+7 
        13268.2      2.14561e+7 
        13288.3      2.13343e+7 
        13308.4      2.12125e+7 
        13348.5      2.09698e+7 
        13428.7      2.04902e+7 
          13509      2.00209e+7 
        13589.2      1.95633e+7 
        13669.5      1.91226e+7 
        13749.7       1.8688e+7 
          13830      1.82655e+7 
        13910.2       1.7855e+7 
        13990.5      1.74559e+7 
        14070.7      1.70679e+7 
          14151      1.66906e+7 
        14231.2      1.63237e+7 
        14290.9      1.60574e+7 
        14311.5      1.59667e+7 
        14332.1      1.58767e+7 
        14373.3      1.56984e+7 
        14453.6      1.53576e+7 
        14469.7      1.52907e+7 
        14485.7      1.52242e+7 
        14517.7      1.50923e+7 
        14580.5      1.48382e+7 
        14597.2      1.47715e+7 
        14613.2      1.47079e+7 
        14645.2      1.45818e+7 
        14709.2      1.43337e+7 
        14773.2      1.40909e+7 
        14837.1      1.38531e+7 
        14901.1      1.36204e+7 
        14965.1      1.33925e+7 
        15029.1      1.31694e+7 
        15093.1      1.29509e+7 
        15157.1      1.27369e+7 
          15221      1.25274e+7 
          15285       1.2322e+7 
          15349      1.21209e+7 
          15413      1.19239e+7 
        15471.6       1.1747e+7 
        15482.4      1.17148e+7 
        15493.1      1.16827e+7 
        15514.7      1.16188e+7 
        15557.9      1.14931e+7 
        15644.2      1.12446e+7 
        15730.5      1.10036e+7 
        15816.8      1.07689e+7 
        15903.1      1.05405e+7 
        15989.4       1.0318e+7 
        16075.8      1.01014e+7 
        16162.1      9.89052e+6 
        16248.4      9.68569e+6 
        16289.9       9.5888e+6 
        16334.7      9.48554e+6 
        16379.5      9.38362e+6 
        16469.1      9.18423e+6 
        16558.8      8.99008e+6 
        16648.4      8.80101e+6 
          16738      8.61692e+6 
        16827.7      8.43763e+6 
        16917.3      8.26295e+6 
        17006.9      8.09277e+6 
        17096.6      7.92699e+6 
        17186.2      7.76539e+6 
        17275.8      7.60793e+6 
        17327.7      7.51865e+6 
        17365.5      7.45443e+6 
        17403.2      7.39088e+6 
        17478.8       7.2661e+6 
        17554.3      7.14392e+6 
        17629.9      7.02432e+6 
        17705.4       6.9072e+6 
          17781      6.79253e+6 
        17856.5      6.68022e+6 
        17932.1       6.5702e+6 
        18007.6      6.45723e+6 
        18083.2      6.35032e+6 
        18158.7      6.24495e+6 
        18234.3      6.14075e+6 
        18309.8      6.03688e+6 
        18343.7      5.98998e+6 
        18385.3      5.93192e+6 
          18427      5.87267e+6 
        18510.2      5.74641e+6 
        18551.8      5.67548e+6 
        18593.4      5.59612e+6 
          18635      5.50212e+6 
        18657.9      5.44121e+6 
        18676.6      5.38563e+6 
        18695.2      5.32233e+6 
        18713.8      5.25199e+6 
        18727.8      5.19032e+6 
        18739.5      5.12036e+6 
        18749.9      4.89771e+6 
        18761.6      5.08888e+6 
        18780.2       5.1556e+6 
        18798.9      5.19035e+6 
        18817.5      5.21426e+6 
        18836.1      5.23069e+6 
        18854.7      5.24065e+6 
          18892      5.24451e+6 
        18929.3      5.23418e+6 
        18966.5      5.21435e+6 
        19041.1      5.15837e+6 
        19115.6      5.09145e+6 
        19190.1      5.02039e+6 
        19264.7      4.94801e+6 
        19339.2      4.87559e+6 
        19376.7      4.83928e+6 
        19413.7      4.80375e+6 
        19450.7      4.76843e+6 
        19524.6       4.6985e+6 
        19598.5      4.63162e+6 
        19672.5      4.56345e+6 
        19746.4       4.4965e+6 
        19820.3      4.43078e+6 
        19894.3      4.36625e+6 
        19968.2      4.30288e+6 
        20042.2      4.24068e+6 
        20116.1      4.17957e+6 
          20190      4.11957e+6 
          20264      4.06063e+6 
        20337.9      4.00277e+6 
        20349.3      3.99394e+6 
        20411.8       3.9459e+6 
        20474.4      3.89859e+6 
          20537      3.85194e+6 
        20599.5      3.80598e+6 
        20662.1      3.76067e+6 
        20724.6       3.7161e+6 
        20787.2      3.67214e+6 
        20849.8      3.62882e+6 
        20912.3      3.58616e+6 
        20974.9      3.54412e+6 
        21037.5      3.50269e+6 
          21100      3.46188e+6 
        21162.6      3.42163e+6 
        21225.1      3.38199e+6 
        21287.7      3.34291e+6 
        21350.3      3.30439e+6 
        21412.8      3.26644e+6 
        21475.4      3.22902e+6 
          21538      3.19214e+6 
        21570.4       3.1732e+6 
        21600.5      3.15576e+6 
        21630.6      3.13846e+6 
        21690.8      3.10418e+6 
          21751      3.07036e+6 
        21811.2        3.037e+6 
        21871.3       3.0041e+6 
        21931.5      2.97164e+6 
        21991.7      2.93961e+6 
        22051.9      2.90802e+6 
        22112.1      2.87685e+6 
        22172.3      2.84609e+6 
        22232.4      2.81575e+6 
        22292.6      2.78581e+6 
        22352.8      2.75626e+6 
          22413      2.72711e+6 
        22473.2      2.69834e+6 
        22533.4      2.66995e+6 
        22593.5      2.64193e+6 
        22653.7      2.61427e+6 
        22713.9      2.58698e+6 
        22761.3      2.56572e+6 
        22774.1      2.56004e+6 
        22784.8      2.55526e+6 
        22800.8      2.54818e+6 
        22816.8      2.54111e+6 
        22848.8      2.52706e+6 
        22912.8      2.49924e+6 
        22976.8       2.4718e+6 
        23040.8      2.44474e+6 
        23104.8      2.41805e+6 
        23168.7      2.39172e+6 
        23232.7      2.36575e+6 
        23296.7      2.34013e+6 
        23360.7      2.31485e+6 
        23424.7      2.28992e+6 
        23488.6      2.26532e+6 
        23552.6      2.24105e+6 
        23616.6       2.2171e+6 
        23680.6      2.19347e+6 
        23744.6      2.17016e+6 
        23808.6      2.14715e+6 
        23872.5      2.12445e+6 
        23936.5      2.10205e+6 
        24000.5      2.07994e+6 
        24064.5      2.05812e+6 
        24128.5      2.03659e+6 
        24192.5      2.01534e+6 
        24256.4      1.99436e+6 
        24320.4      1.97366e+6 
        24384.4      1.95322e+6 
        24448.4      1.93305e+6 
        24512.4      1.91314e+6 
        24576.3      1.89348e+6 
        24640.3      1.87408e+6 
        24704.3      1.85492e+6 
        24768.3      1.83601e+6 
        24832.3      1.81734e+6 
        24896.3       1.7989e+6 
        24960.2       1.7807e+6 
        25004.4      1.76826e+6 
        25024.2      1.76273e+6 
          25044      1.75721e+6 
        25083.6      1.74625e+6 
        25162.8      1.72459e+6 
        25241.9      1.70326e+6 
        25321.1      1.68226e+6 
        25400.2      1.66159e+6 
        25479.4      1.64122e+6 
        25558.5      1.62117e+6 
        25637.7      1.60143e+6 
        25716.9      1.58198e+6 
          25796      1.56283e+6 
        25875.2      1.54397e+6 
        25954.3      1.52539e+6 
        26033.5      1.50709e+6 
        26112.7      1.48906e+6 
        26191.8      1.47131e+6 
          26271      1.45381e+6 
        26350.1      1.43657e+6 
        26429.3      1.41959e+6 
        26508.4      1.40286e+6 
        26587.6      1.38638e+6 
        26666.8      1.37013e+6 
        26745.9      1.35413e+6 
        26825.1      1.33836e+6 
        26904.2      1.32281e+6 
        26983.4      1.30749e+6 
        27062.6      1.29239e+6 
        27141.7      1.27751e+6 
        27220.9      1.26284e+6 
        27299.2      1.24854e+6 
        27377.5      1.23443e+6 
        27455.8      1.22052e+6 
        27534.2      1.20681e+6 
        27612.5      1.19329e+6 
        27690.8      1.17996e+6 
        27769.1      1.16682e+6 
        27847.5      1.15385e+6 
        27925.8      1.14107e+6 
        28004.1      1.12846e+6 
        28082.4      1.11603e+6 
        28160.8      1.10376e+6 
        28239.1      1.09167e+6 
        28317.4      1.07974e+6 
        28395.7      1.06797e+6 
          28474      1.05637e+6 
        28552.4      1.04492e+6 
        28630.7      1.03362e+6 
          28709      1.02248e+6 
        28787.3      1.01149e+6 
        28865.7      1.00064e+6 
          28944          989944 
        29022.3          979388 
        29100.6          968971 
          29179          958692 
        29257.3          948547 
        29335.6          938538 
        29413.9          928661 
        29492.3          918913 
        29570.6          909293 
        29648.9          899799 
        29727.2          890428 
        29805.5          881179 
        29883.9          872046 
        29932.6          866426 
        29962.2          863036 
        29991.8          859662 
