# Koester WD models
# teff = 45000 K (value for the effective temperature for the model. Temperatures are given in K)
# logg = 7.25 log(cm/s2) (value for Log(G) for the model.)
#
# column 1: WAVELENGTH (ANGSTROM), Wavelength in Angstrom
# column 2: FLUX (ERG/CM2/S/A), Flux in erg/cm2/s/A
         899.23     6.70366e+10 
        909.241      6.6144e+10 
        919.251     6.63068e+10 
        929.257     6.32641e+10 
        939.271     1.03128e+11 
         949.28     4.57425e+10 
        959.281     2.09949e+11 
        969.297     1.05114e+11 
        979.305     1.92915e+11 
        989.312      2.3784e+11 
        999.319     2.38784e+11 
        1009.33     2.23096e+11 
        1019.33     1.50031e+11 
        1029.34     1.25084e+11 
        1039.34     2.04171e+11 
        1049.35      2.1262e+11 
        1059.36     2.09987e+11 
        1069.36     2.05146e+11 
        1079.36     1.99777e+11 
        1089.37     1.94327e+11 
        1099.37     1.88945e+11 
        1109.38     1.83686e+11 
        1119.38     1.78569e+11 
        1129.38     1.73597e+11 
        1139.39     1.68756e+11 
        1149.39     1.64036e+11 
        1159.39     1.59405e+11 
        1169.39     1.54788e+11 
         1179.4     1.49994e+11 
         1189.4     1.44382e+11 
         1199.4     1.34926e+11 
         1209.4     9.93233e+10 
        1219.41     8.66118e+10 
        1229.41     1.23791e+11 
        1239.41     1.26544e+11 
        1249.41     1.24751e+11 
        1259.41     1.22079e+11 
        1269.41     1.19209e+11 
        1279.42     1.16319e+11 
        1289.42      1.1347e+11 
        1299.42     1.10684e+11 
        1309.42     1.07973e+11 
        1319.42     1.05339e+11 
        1329.42     1.02781e+11 
        1339.42     1.00299e+11 
        1349.42     9.78914e+10 
        1359.42     9.55534e+10 
        1369.42     9.32839e+10 
        1379.42     9.10804e+10 
        1389.42     8.89404e+10 
        1399.42     8.68622e+10 
        1409.42     8.48444e+10 
        1419.42     8.28862e+10 
        1429.42     8.09849e+10 
        1439.42     7.91383e+10 
        1454.42     7.64661e+10 
        1464.42     7.47473e+10 
        1474.42     7.30766e+10 
        1489.42     7.06576e+10 
        1504.42     6.83388e+10 
        1514.42     6.68462e+10 
        1529.42     6.46832e+10 
        1544.42     6.26075e+10 
        1559.42     6.06151e+10 
        1570.19     5.92338e+10 
        1584.41     5.74688e+10 
        1599.41     5.56791e+10 
        1614.41     5.39581e+10 
        1629.41     5.23037e+10 
        1644.41     5.07132e+10 
        1659.41     4.91829e+10 
        1670.17     4.81201e+10 
         1684.4     4.67598e+10 
         1699.4     4.53781e+10 
         1714.4     4.40476e+10 
         1729.4     4.27652e+10 
         1744.4     4.15293e+10 
        1759.39      4.0338e+10 
         1771.7     3.93927e+10 
        1784.39     3.84471e+10 
        1799.39     3.73658e+10 
           1824     3.56722e+10 
        1834.77     3.49615e+10 
        1845.54     3.42685e+10 
           1864     3.31202e+10 
        1876.29     3.23826e+10 
        1888.59     3.16654e+10 
        1906.98     3.06294e+10 
        1919.37     2.99556e+10 
        1931.76     2.93006e+10 
        1944.47     2.86467e+10 
        1956.53     2.80434e+10 
         1967.6     2.75035e+10 
        1992.71     2.63274e+10 
        2017.81     2.52134e+10 
        2042.92     2.41587e+10 
        2067.03     2.31969e+10 
        2091.15     2.22832e+10 
        2114.28     2.14488e+10 
        2126.36     2.10285e+10 
        2145.92       2.037e+10 
        2165.47     1.97371e+10 
        2194.48     1.88431e+10 
        2204.59     1.85436e+10 
         2214.7       1.825e+10 
        2234.91     1.76803e+10 
        2263.91     1.69013e+10 
        2292.92      1.6165e+10 
        2313.13     1.56756e+10 
        2344.77     1.49464e+10 
        2362.35     1.45595e+10 
        2379.94     1.41852e+10 
        2409.27     1.35869e+10 
        2432.73     1.31313e+10 
        2451.59     1.27788e+10 
        2466.76     1.25039e+10 
        2488.39     1.21247e+10 
        2510.01     1.17597e+10 
         2547.3     1.11623e+10 
        2559.23     1.09791e+10 
        2571.17     1.07998e+10 
        2595.04      1.0452e+10 
        2618.91     1.01181e+10 
        2642.78       9.7975e+9 
        2657.67      9.60388e+9 
        2687.45        9.231e+9 
        2717.24      8.87604e+9 
        2737.93      8.63944e+9 
        2756.11      8.43804e+9 
        2774.29       8.2426e+9 
        2810.65       7.8684e+9 
        2839.47      7.58682e+9 
        2854.55      7.44448e+9 
        2869.63      7.30555e+9 
        2899.79      7.03726e+9 
        2926.39      6.81082e+9 
        2952.93      6.59383e+9 
        2965.73      6.49238e+9 
        2978.53      6.39286e+9 
        3004.12      6.19952e+9 
        3051.42      5.86111e+9 
        3098.72       5.5456e+9 
        3142.18       5.2742e+9 
        3157.53      5.18237e+9 
        3172.87      5.09255e+9 
        3203.56      4.91873e+9 
        3248.29       4.6784e+9 
        3293.03      4.45267e+9 
        3328.79      4.28193e+9 
        3346.73      4.19937e+9 
        3364.67      4.11882e+9 
        3400.55       3.9634e+9 
        3445.17      3.78028e+9 
        3489.78      3.60765e+9 
        3525.18      3.47765e+9 
         3543.6       3.4123e+9 
        3562.02      3.34853e+9 
        3591.28       3.2502e+9 
        3635.88      3.10718e+9 
        3647.12      3.07239e+9 
        3658.96      3.03626e+9 
        3671.11      2.99962e+9 
        3682.58       2.9656e+9 
         3693.5      2.93363e+9 
        3703.57      2.90449e+9 
        3713.83      2.87521e+9 
        3724.38      2.84555e+9 
        3734.43      2.81746e+9 
        3744.62      2.78998e+9 
        3754.84      2.76302e+9 
        3765.07      2.73506e+9 
         3775.5      2.70925e+9 
        3786.22      2.68354e+9 
        3796.45      2.64528e+9 
        3807.84      2.63657e+9 
        3818.92      2.61165e+9 
        3830.45      2.54878e+9 
        3840.76      2.53403e+9 
        3851.98      2.55712e+9 
        3862.01      2.54434e+9 
        3872.59       2.4892e+9 
         3884.4      2.36603e+9 
        3894.46      2.35755e+9 
        3904.96      2.43385e+9 
        3916.01      2.46367e+9 
        3928.22      2.45266e+9 
        3938.89      2.41508e+9 
        3950.65      2.32635e+9 
        3962.28      2.16423e+9 
        3972.79      2.05905e+9 
        3984.18      2.21042e+9 
        3996.36      2.29216e+9 
        4008.87      2.31245e+9 
        4023.86      2.29894e+9 
         4035.9      2.27754e+9 
        4048.86      2.24632e+9 
        4063.85      2.18874e+9 
        4075.42      2.11427e+9 
        4085.65      2.00437e+9 
        4096.31      1.81267e+9 
        4106.79      1.78933e+9 
        4117.77      1.95002e+9 
        4128.84      2.02498e+9 
        4143.83      2.05646e+9 
        4158.83      2.05067e+9 
        4173.82       2.0309e+9 
        4188.82       2.0072e+9 
        4203.81      1.98219e+9 
        4216.52      1.96058e+9 
        4228.81      1.93945e+9 
        4243.81      1.91324e+9 
         4258.8       1.8858e+9 
         4273.8      1.85517e+9 
        4288.79      1.81696e+9 
        4303.79      1.76331e+9 
        4314.07      1.70672e+9 
        4326.14      1.59083e+9 
        4336.17      1.42288e+9 
        4346.17      1.43945e+9 
        4357.43      1.57926e+9 
        4367.98      1.63768e+9 
        4378.77       1.6601e+9 
        4393.77      1.66386e+9 
        4408.76      1.65406e+9 
        4423.76      1.63792e+9 
        4438.75       1.6193e+9 
        4453.75      1.59989e+9 
        4468.74      1.58035e+9 
        4483.74      1.56087e+9 
        4498.74      1.54159e+9 
        4513.73      1.52253e+9 
        4527.19      1.50563e+9 
        4538.73      1.49131e+9 
        4553.72      1.47293e+9 
        4568.72       1.4548e+9 
        4583.72      1.43693e+9 
        4596.53      1.42187e+9 
        4608.71      1.40774e+9 
         4623.7      1.39054e+9 
         4638.7      1.37358e+9 
         4653.7      1.35686e+9 
        4668.69      1.34035e+9 
        4683.69      1.32402e+9 
        4698.68      1.30787e+9 
        4713.68      1.29183e+9 
        4724.83      1.27994e+9 
        4738.67      1.26514e+9 
        4753.67        1.249e+9 
        4768.67      1.23236e+9 
        4783.66      1.21482e+9 
        4798.66      1.19501e+9 
        4813.65      1.17024e+9 
        4828.65      1.13362e+9 
        4839.16      1.09098e+9 
        4849.39      1.02147e+9 
        4859.47      9.07085e+8 
        4870.86      9.85386e+8 
        4881.49      1.04837e+9 
        4892.34      1.07666e+9 
        4903.63      1.08673e+9 
        4915.55      1.08738e+9 
        4928.62       1.0828e+9 
        4943.62      1.07415e+9 
        4958.61      1.06391e+9 
        4973.61      1.05298e+9 
        4988.61      1.04172e+9 
         5003.6      1.03038e+9 
         5018.6      1.01902e+9 
         5033.6      1.00772e+9 
        5048.59      9.96519e+8 
        5063.59      9.85433e+8 
        5078.58      9.74478e+8 
        5093.58      9.63658e+8 
        5108.57      9.52977e+8 
        5123.57      9.42437e+8 
        5138.57      9.32038e+8 
        5153.56      9.21778e+8 
        5168.56      9.11656e+8 
        5183.56      9.01672e+8 
        5198.55      8.91823e+8 
        5213.55      8.82106e+8 
        5228.54      8.72518e+8 
        5243.54      8.63061e+8 
        5258.53      8.53731e+8 
        5273.53      8.44526e+8 
        5288.53      8.35447e+8 
        5303.52      8.26487e+8 
        5318.52      8.17647e+8 
        5333.52      8.08922e+8 
        5348.51      8.00318e+8 
        5363.51      7.91838e+8 
         5378.5      7.83457e+8 
         5393.5      7.75185e+8 
        5408.49      7.67023e+8 
        5423.49      7.58968e+8 
        5438.49       7.5102e+8 
        5453.48      7.43172e+8 
        5468.48      7.35431e+8 
        5483.48      7.27788e+8 
        5498.47      7.20245e+8 
        5513.47      7.12796e+8 
        5528.46      7.05448e+8 
        5543.46      6.98191e+8 
        5558.45      6.91028e+8 
        5573.45      6.83959e+8 
        5588.45      6.76979e+8 
        5603.44      6.70086e+8 
        5618.44      6.63281e+8 
        5633.43      6.56565e+8 
        5648.43      6.49933e+8 
        5663.43      6.43382e+8 
        5673.98      6.38821e+8 
         5686.2      6.33593e+8 
        5698.42      6.28419e+8 
        5708.88      6.24027e+8 
        5723.41      6.17995e+8 
        5738.41      6.11844e+8 
         5753.4      6.05771e+8 
         5768.4      5.99765e+8 
        5783.39       5.9384e+8 
        5798.39       5.8799e+8 
        5813.39      5.82209e+8 
        5828.38      5.76501e+8 
        5843.38      5.70862e+8 
        5858.37      5.65292e+8 
        5873.37      5.59791e+8 
        5888.37      5.54356e+8 
        5903.36      5.48984e+8 
        5918.36      5.43681e+8 
        5933.35      5.38441e+8 
        5948.35       5.3326e+8 
        5963.35      5.28146e+8 
        5978.34      5.23091e+8 
        5993.34      5.18096e+8 
        6008.33       5.1316e+8 
        6023.33      5.08285e+8 
        6038.32      5.03465e+8 
        6053.32      4.98706e+8 
        6068.32         4.94e+8 
        6083.31      4.89347e+8 
        6098.31      4.84751e+8 
        6113.31      4.80208e+8 
         6128.3      4.75719e+8 
         6143.3       4.7128e+8 
        6158.29      4.66894e+8 
        6173.29      4.62556e+8 
        6188.28       4.5827e+8 
        6203.28      4.54029e+8 
        6218.28      4.49838e+8 
        6233.27      4.45695e+8 
        6244.38      4.42657e+8 
        6256.04       4.3949e+8 
        6266.59      4.36653e+8 
        6278.26      4.33537e+8 
        6290.52      4.30291e+8 
        6302.31      4.27197e+8 
        6312.59       4.2452e+8 
        6323.25      4.21762e+8 
        6338.24      4.17917e+8 
        6353.24      4.14109e+8 
        6368.24      4.10339e+8 
        6383.23      4.06594e+8 
        6398.23      4.02878e+8 
        6413.22      3.99177e+8 
        6428.22      3.95479e+8 
        6443.22       3.9176e+8 
        6458.21       3.8798e+8 
        6473.21      3.84069e+8 
         6488.2      3.79913e+8 
         6503.2      3.75194e+8 
         6518.2      3.69162e+8 
        6532.67       3.6019e+8 
        6543.19      3.49056e+8 
        6554.43       3.2823e+8 
        6564.49       3.0733e+8 
        6575.67      3.33229e+8 
        6586.28      3.44576e+8 
        6598.17      3.49559e+8 
         6608.5       3.5069e+8 
        6623.98      3.49977e+8 
         6634.3      3.48748e+8 
        6644.62      3.47228e+8 
        6665.26      3.43753e+8 
        6701.62      3.37112e+8 
        6721.34      3.33442e+8 
         6736.2      3.30681e+8 
        6780.49       3.2255e+8 
        6824.78      3.14621e+8 
        6913.35      2.99433e+8 
        7001.93      2.85126e+8 
        7071.86      2.74424e+8 
         7090.5      2.71656e+8 
        7109.15      2.68922e+8 
        7146.44      2.63557e+8 
        7221.02      2.53221e+8 
         7295.6      2.43387e+8 
        7346.84      2.36906e+8 
        7370.18      2.34027e+8 
        7393.51       2.3119e+8 
        7440.19      2.25644e+8 
        7533.55      2.15043e+8 
        7575.92      2.10436e+8 
         7626.9      2.05057e+8 
        7677.88      1.99848e+8 
        7728.86      1.94805e+8 
        7779.84      1.89919e+8 
        7830.82      1.85186e+8 
         7881.8      1.80599e+8 
        7903.32      1.78706e+8 
        7932.78      1.76153e+8 
        7962.25      1.73646e+8 
        8021.18      1.68764e+8 
        8077.68      1.64244e+8 
        8097.18      1.62719e+8 
        8108.49      1.61842e+8 
        8155.67       1.5825e+8 
        8200.85      1.54903e+8 
        8216.85      1.53739e+8 
        8232.84      1.52586e+8 
        8264.83      1.50312e+8 
        8289.72      1.48573e+8 
        8328.82      1.45891e+8 
        8343.44      1.44903e+8 
        8367.92      1.43268e+8 
        8388.68        1.419e+8 
        8408.65        1.406e+8 
        8432.02      1.39097e+8 
        8467.25      1.36868e+8 
        8502.48      1.34684e+8 
        8516.58      1.33821e+8 
        8530.98      1.32947e+8 
        8545.38      1.32088e+8 
        8574.18       1.3039e+8 
        8598.39      1.28981e+8 
         8628.6      1.27254e+8 
        8646.81       1.2622e+8 
        8665.01      1.25195e+8 
        8685.59      1.24061e+8 
        8701.43      1.23192e+8 
        8750.47      1.20501e+8 
        8767.92      1.19591e+8 
        8815.35      1.17111e+8 
        8862.78      1.14643e+8 
        8900.38      1.12909e+8 
        8957.65      1.10124e+8 
        8986.28      1.08634e+8 
        9014.91      1.07146e+8 
        9043.54      1.06057e+8 
        9072.17      1.04956e+8 
        9099.72      1.03817e+8 
        9154.81      1.01288e+8 
         9190.8      9.93965e+7 
         9209.9      9.83171e+7 
        9229.01      9.73011e+7 
        9248.11      9.67843e+7 
        9264.99      9.63951e+7 
        9286.33       9.5839e+7 
        9324.54      9.46625e+7 
        9384.08      9.25111e+7 
        9413.86      9.13384e+7 
        9443.63      9.00877e+7 
        9460.39       8.9329e+7 
         9473.4      8.87066e+7 
        9503.18      8.70278e+7 
        9524.57      8.54768e+7 
        9535.27      8.46006e+7 
        9545.97      8.37992e+7 
        9556.66      8.38796e+7 
        9567.36      8.40367e+7 
        9578.06      8.41325e+7 
        9588.75      8.41152e+7 
        9607.47      8.39189e+7 
        9628.87      8.35048e+7 
        9668.45      8.24916e+7 
        9708.03      8.13145e+7 
        9747.61      8.00892e+7 
        9826.78      7.76143e+7 
        9859.06      7.66081e+7 
        9905.94       7.5042e+7 
        9929.38      7.42082e+7 
        9952.82      7.32789e+7 
        9976.26      7.22557e+7 
         9999.7      7.10148e+7 
        10023.1      6.94201e+7 
        10043.8      6.78229e+7 
        10057.7      6.75942e+7 
        10074.4      6.80321e+7 
        10096.7      6.83579e+7 
        10118.9      6.83431e+7 
        10141.2      6.81019e+7 
        10163.5      6.77704e+7 
        10178.8      6.74846e+7 
          10208      6.68735e+7 
        10237.2      6.62125e+7 
        10295.6      6.48233e+7 
          10354      6.34306e+7 
        10412.3       6.2064e+7 
        10470.7      6.07179e+7 
        10529.1      5.94125e+7 
        10587.5      5.81418e+7 
        10645.9      5.68886e+7 
        10704.3      5.56448e+7 
        10762.6      5.43747e+7 
        10791.8      5.36986e+7 
          10821      5.29757e+7 
        10850.2      5.21288e+7 
        10864.8      5.16396e+7 
        10879.4      5.10528e+7 
          10894       5.0366e+7 
        10908.6      4.95231e+7 
        10923.2      4.85257e+7 
        10934.2      4.75709e+7 
        10944.9      4.76476e+7 
        10958.5      4.82326e+7 
        10976.6      4.87371e+7 
        10994.7      4.89787e+7 
        11021.8      4.90123e+7 
        11039.9       4.8897e+7 
          11058       4.8722e+7 
        11094.3      4.82615e+7 
        11130.5      4.77352e+7 
        11144.9      4.75153e+7 
        11202.9      4.66077e+7 
        11260.9      4.56948e+7 
        11318.9      4.47931e+7 
        11376.9      4.39094e+7 
        11434.9      4.30461e+7 
        11492.9      4.22067e+7 
        11550.9      4.13826e+7 
        11608.9       4.0579e+7 
        11666.9      3.97946e+7 
        11724.9      3.90289e+7 
          11783      3.82816e+7 
          11841      3.75524e+7 
          11899      3.68402e+7 
          11957       3.6145e+7 
          12015      3.54658e+7 
          12073      3.48001e+7 
          12131      3.41516e+7 
          12189      3.35183e+7 
        12209.4      3.32993e+7 
          12247      3.28991e+7 
        12284.6      3.25045e+7 
        12359.9      3.17317e+7 
        12435.2      3.09783e+7 
        12510.4      3.02404e+7 
        12585.7      2.95068e+7 
        12623.4      2.91334e+7 
          12661      2.87418e+7 
        12698.6      2.83073e+7 
        12717.4      2.80556e+7 
        12736.3      2.77643e+7 
        12755.1      2.74078e+7 
        12773.9      2.69503e+7 
        12792.7      2.63437e+7 
          12805      2.58459e+7 
        12818.1      2.52178e+7 
        12829.5      2.55938e+7 
        12840.9      2.58983e+7 
          12854      2.61387e+7 
          12867      2.62966e+7 
        12880.1      2.63832e+7 
        12893.1      2.64214e+7 
        12906.2      2.64199e+7 
        12919.3      2.63934e+7 
        12945.4      2.62875e+7 
        12971.5      2.61399e+7 
        13023.7      2.57911e+7 
          13076      2.54153e+7 
        13128.2      2.50339e+7 
        13180.4      2.46536e+7 
        13232.7      2.42779e+7 
        13261.4      2.40732e+7 
        13284.9      2.39077e+7 
        13308.4      2.37434e+7 
        13355.3      2.34188e+7 
        13449.1       2.2785e+7 
        13542.9      2.21719e+7 
        13636.7      2.15799e+7 
        13730.5      2.10065e+7 
        13824.3       2.0452e+7 
        13918.1      1.99156e+7 
        14011.9      1.93968e+7 
        14105.7      1.88947e+7 
        14199.6      1.84088e+7 
        14254.7      1.81306e+7 
        14293.4      1.79384e+7 
        14332.1      1.77487e+7 
        14361.3      1.76071e+7 
        14409.5      1.73768e+7 
        14457.6      1.71503e+7 
        14524.7      1.68409e+7 
          14554      1.67083e+7 
        14581.2      1.65859e+7 
        14597.2      1.65145e+7 
        14613.2      1.64436e+7 
        14645.2      1.63028e+7 
        14709.2      1.60257e+7 
        14773.2      1.57545e+7 
        14837.1       1.5489e+7 
        14901.1      1.52291e+7 
        14965.1      1.49746e+7 
        15029.1      1.47254e+7 
        15093.1      1.44814e+7 
        15157.1      1.42424e+7 
          15221      1.40084e+7 
          15285      1.37791e+7 
          15349      1.35545e+7 
          15413      1.33344e+7 
        15471.6      1.31368e+7 
        15482.4      1.31008e+7 
        15493.1       1.3065e+7 
        15514.7      1.29938e+7 
        15557.9      1.28529e+7 
        15644.2      1.25765e+7 
        15730.5      1.23077e+7 
        15816.8      1.20459e+7 
        15903.1      1.17911e+7 
        15989.4       1.1543e+7 
        16075.8      1.13014e+7 
        16162.1      1.10661e+7 
        16248.4      1.08369e+7 
        16289.9      1.07288e+7 
        16334.7      1.06136e+7 
        16379.5      1.04999e+7 
        16469.1      1.02777e+7 
        16558.8      1.00614e+7 
        16648.4      9.85078e+6 
          16738      9.64563e+6 
        16827.7       9.4458e+6 
        16917.3      9.25111e+6 
        17006.9      9.06139e+6 
        17096.6      8.87654e+6 
        17186.2      8.69637e+6 
        17275.8      8.52075e+6 
        17327.7      8.42116e+6 
        17365.5      8.34954e+6 
        17403.2      8.27866e+6 
        17478.8      8.13908e+6 
        17554.3      8.00242e+6 
        17629.9      7.86862e+6 
        17705.4      7.73759e+6 
          17781      7.60928e+6 
        17856.5      7.48362e+6 
        17932.1      7.36053e+6 
        18007.6      7.23917e+6 
        18083.2      7.12083e+6 
        18158.7      7.00481e+6 
        18234.3      6.89096e+6 
        18309.8      6.77905e+6 
        18343.7      6.72939e+6 
        18385.3      6.66885e+6 
          18427      6.60862e+6 
        18510.2      6.48745e+6 
        18551.8      6.42509e+6 
        18593.4      6.35896e+6 
          18635      6.28356e+6 
        18657.9      6.23301e+6 
        18676.6       6.1836e+6 
        18695.2      6.12186e+6 
        18713.8      6.04263e+6 
        18727.8      5.96783e+6 
        18739.5      5.88122e+6 
        18749.9      5.49747e+6 
          18761       5.8395e+6 
        18779.6      5.92715e+6 
        18807.6        5.982e+6 
        18826.2      5.99485e+6 
        18844.8      5.99529e+6 
        18863.5        5.988e+6 
        18900.7      5.95988e+6 
          18938      5.92303e+6 
        19012.5      5.84013e+6 
        19087.1      5.75376e+6 
        19161.6      5.66746e+6 
        19236.1      5.58217e+6 
        19310.6      5.49816e+6 
        19385.2      5.41557e+6 
        19450.7      5.34419e+6 
        19516.2      5.27389e+6 
        19581.7      5.20502e+6 
        19647.2      5.13688e+6 
        19712.7      5.06984e+6 
        19778.2       5.0039e+6 
        19843.7      4.93902e+6 
        19909.2      4.87522e+6 
        19974.7      4.81242e+6 
        20040.2      4.75062e+6 
        20105.7      4.68983e+6 
        20171.1      4.62998e+6 
        20236.6      4.57111e+6 
        20302.1      4.51315e+6 
        20367.6      4.45613e+6 
        20391.9      4.43524e+6 
        20433.1      4.39999e+6 
        20474.4      4.36509e+6 
        20556.9      4.29629e+6 
        20639.4      4.22887e+6 
        20721.9      4.16274e+6 
        20804.4      4.09789e+6 
        20886.9      4.03431e+6 
        20969.5      3.97195e+6 
          21052      3.91081e+6 
        21134.5      3.85081e+6 
          21217        3.792e+6 
        21299.5      3.73425e+6 
          21382      3.67764e+6 
        21464.5       3.6221e+6 
          21547      3.56759e+6 
        21628.4      3.51478e+6 
        21645.9       3.5036e+6 
        21663.3      3.49248e+6 
        21698.2      3.47033e+6 
          21768      3.42654e+6 
        21837.8      3.38346e+6 
        21907.6      3.34105e+6 
        21977.4       3.2993e+6 
        22047.1      3.25821e+6 
        22116.9      3.21774e+6 
        22186.7      3.17791e+6 
        22256.5      3.13868e+6 
        22326.3      3.10007e+6 
        22396.1      3.06204e+6 
        22465.8       3.0246e+6 
        22535.6      2.98772e+6 
        22605.4      2.95141e+6 
        22675.2      2.91565e+6 
        22703.1      2.90149e+6 
          22745      2.88043e+6 
        22784.8      2.86055e+6 
        22800.8      2.85262e+6 
        22816.8      2.84472e+6 
        22848.8      2.82899e+6 
        22912.8      2.79787e+6 
        22976.8      2.76717e+6 
        23040.8       2.7369e+6 
        23104.8      2.70703e+6 
        23168.7      2.67758e+6 
        23232.7      2.64852e+6 
        23296.7      2.61986e+6 
        23360.7      2.59158e+6 
        23424.7      2.56369e+6 
        23488.6      2.53617e+6 
        23552.6      2.50901e+6 
        23616.6      2.48222e+6 
        23680.6      2.45579e+6 
        23744.6       2.4297e+6 
        23808.6      2.40397e+6 
        23872.5      2.37857e+6 
        23936.5      2.35351e+6 
        24000.5      2.32877e+6 
        24064.5      2.30436e+6 
        24128.5      2.28027e+6 
        24192.5      2.25649e+6 
        24256.4      2.23303e+6 
        24320.4      2.20986e+6 
        24384.4        2.187e+6 
        24448.4      2.16443e+6 
        24512.4      2.14215e+6 
        24576.3      2.12016e+6 
        24640.3      2.09845e+6 
        24704.3      2.07702e+6 
        24768.3      2.05586e+6 
        24832.3      2.03496e+6 
        24896.3      2.01434e+6 
        24960.2      1.99397e+6 
        25004.4      1.98005e+6 
        25024.2      1.97386e+6 
          25044      1.96769e+6 
        25083.6      1.95543e+6 
        25162.8       1.9312e+6 
        25241.9      1.90734e+6 
        25321.1      1.88385e+6 
        25400.2      1.86072e+6 
        25479.4      1.83795e+6 
        25558.5      1.81552e+6 
        25637.7      1.79343e+6 
        25716.9      1.77168e+6 
          25796      1.75026e+6 
        25875.2      1.72916e+6 
        25954.3      1.70838e+6 
        26033.5       1.6879e+6 
        26112.7      1.66774e+6 
        26191.8      1.64787e+6 
          26271       1.6283e+6 
        26350.1      1.60902e+6 
        26429.3      1.59003e+6 
        26508.4      1.57131e+6 
        26587.6      1.55287e+6 
        26666.8       1.5347e+6 
        26745.9      1.51679e+6 
        26825.1      1.49914e+6 
        26904.2      1.48175e+6 
        26983.4      1.46461e+6 
        27062.6      1.44772e+6 
        27141.7      1.43107e+6 
        27220.9      1.41467e+6 
        27299.2      1.39866e+6 
        27377.5      1.38288e+6 
        27455.8      1.36733e+6 
        27534.2      1.35199e+6 
        27612.5      1.33687e+6 
        27690.8      1.32196e+6 
        27769.1      1.30726e+6 
        27847.5      1.29276e+6 
        27925.8      1.27846e+6 
        28004.1      1.26437e+6 
        28082.4      1.25046e+6 
        28160.8      1.23674e+6 
        28239.1      1.22321e+6 
        28317.4      1.20987e+6 
        28395.7       1.1967e+6 
          28474      1.18372e+6 
        28552.4      1.17091e+6 
        28630.7      1.15827e+6 
          28709      1.14581e+6 
        28787.3      1.13351e+6 
        28865.7      1.12138e+6 
          28944       1.1094e+6 
        29022.3      1.09759e+6 
        29100.6      1.08594e+6 
          29179      1.07443e+6 
        29257.3      1.06308e+6 
        29335.6      1.05188e+6 
        29413.9      1.04083e+6 
        29492.3      1.02992e+6 
        29570.6      1.01915e+6 
        29648.9      1.00853e+6 
        29727.2          998040 
        29805.5          987688 
        29883.9          977472 
        29932.6          971183 
        29962.2          967387 
        29991.8          963608 
