# Koester WD models
# teff = 45000 K (value for the effective temperature for the model. Temperatures are given in K)
# logg = 7.5 log(cm/s2) (value for Log(G) for the model.)
#
# column 1: WAVELENGTH (ANGSTROM), Wavelength in Angstrom
# column 2: FLUX (ERG/CM2/S/A), Flux in erg/cm2/s/A
         899.23     6.65201e+10 
        909.241      6.5636e+10 
        919.251     6.53568e+10 
        929.261     6.13811e+10 
        939.271     9.58085e+10 
         949.28     4.47514e+10 
        959.281     1.97372e+11 
        969.297     9.73529e+10 
        979.305     1.81098e+11 
        989.312     2.31044e+11 
        999.319     2.34002e+11 
        1009.33     2.16983e+11 
        1019.33     1.40213e+11 
        1029.34     1.16443e+11 
        1039.34     1.99173e+11 
        1049.35     2.11265e+11 
        1059.36     2.09787e+11 
        1069.36     2.05359e+11 
        1079.36     2.00155e+11 
        1089.37      1.9477e+11 
        1099.37     1.89407e+11 
        1109.38     1.84144e+11 
        1119.38     1.79009e+11 
        1129.38     1.74006e+11 
        1139.39     1.69126e+11 
        1149.39     1.64352e+11 
        1159.39     1.59644e+11 
        1169.39     1.54904e+11 
         1179.4     1.49882e+11 
         1189.4     1.43751e+11 
         1199.4     1.32811e+11 
         1209.4     9.41925e+10 
        1219.41     8.18005e+10 
        1229.41     1.21649e+11 
        1239.41     1.25981e+11 
        1249.41     1.24658e+11 
        1259.41     1.22155e+11 
        1269.41     1.19353e+11 
        1279.42     1.16492e+11 
        1289.42     1.13653e+11 
        1299.42     1.10871e+11 
        1309.42     1.08157e+11 
        1319.42     1.05518e+11 
        1329.42     1.02954e+11 
        1339.42     1.00466e+11 
        1349.42     9.80504e+10 
        1359.42     9.57061e+10 
        1369.42     9.34297e+10 
        1379.42     9.12193e+10 
        1389.42     8.90726e+10 
        1399.42     8.69882e+10 
        1409.42     8.49637e+10 
        1419.42     8.29996e+10 
        1429.42      8.1092e+10 
        1439.42     7.92398e+10 
        1454.42     7.65597e+10 
        1464.42     7.48359e+10 
        1474.42     7.31605e+10 
        1489.42     7.07345e+10 
        1504.42     6.84094e+10 
        1514.42     6.69128e+10 
        1529.42     6.47445e+10 
        1544.42     6.26635e+10 
        1559.42      6.0666e+10 
        1570.19     5.92815e+10 
        1584.41     5.75122e+10 
        1599.41     5.57187e+10 
        1614.41     5.39942e+10 
        1629.41     5.23361e+10 
        1644.41     5.07424e+10 
        1659.41     4.92093e+10 
        1670.17     4.81443e+10 
         1684.4     4.67815e+10 
         1699.4     4.53973e+10 
         1714.4     4.40643e+10 
         1729.4       4.278e+10 
         1744.4     4.15422e+10 
        1759.39      4.0349e+10 
         1771.7     3.94022e+10 
        1784.39      3.8455e+10 
        1799.39     3.73724e+10 
           1824     3.56766e+10 
        1834.77      3.4965e+10 
        1845.54     3.42713e+10 
           1864     3.31215e+10 
        1876.29     3.23829e+10 
        1888.59     3.16651e+10 
        1906.98     3.06281e+10 
        1919.37     2.99536e+10 
        1931.76      2.9298e+10 
        1944.47     2.86435e+10 
        1956.53     2.80397e+10 
         1967.6     2.74993e+10 
        1992.71     2.63223e+10 
        2017.81     2.52076e+10 
        2042.92     2.41521e+10 
        2067.03     2.31898e+10 
        2091.15     2.22756e+10 
        2114.28     2.14408e+10 
        2126.36     2.10204e+10 
        2145.92     2.03616e+10 
        2165.47     1.97284e+10 
        2194.48     1.88342e+10 
        2204.59     1.85345e+10 
         2214.7     1.82408e+10 
        2234.91     1.76711e+10 
        2263.91     1.68919e+10 
        2292.92     1.61556e+10 
        2313.13     1.56661e+10 
        2344.77     1.49369e+10 
        2362.35       1.455e+10 
        2379.94     1.41757e+10 
        2409.27     1.35775e+10 
        2432.73     1.31219e+10 
        2451.59     1.27694e+10 
        2466.76     1.24946e+10 
        2488.39     1.21155e+10 
        2510.01     1.17505e+10 
         2547.3     1.11533e+10 
        2559.23     1.09701e+10 
        2571.17     1.07908e+10 
        2595.04     1.04432e+10 
        2618.91     1.01094e+10 
        2642.78      9.78892e+9 
        2657.67       9.5954e+9 
        2687.45      9.22265e+9 
        2717.24      8.86784e+9 
        2737.93      8.63134e+9 
        2756.11      8.43006e+9 
        2774.29      8.23468e+9 
        2810.65      7.86074e+9 
        2839.47      7.57931e+9 
        2854.55      7.43706e+9 
        2869.63       7.2982e+9 
        2899.79      7.03007e+9 
        2926.39      6.80378e+9 
        2952.93      6.58691e+9 
        2965.73      6.48554e+9 
        2978.53       6.3861e+9 
        3004.12       6.1929e+9 
        3051.42       5.8547e+9 
        3098.72      5.53941e+9 
        3142.18       5.2682e+9 
        3157.53      5.17647e+9 
        3172.87      5.08674e+9 
        3203.56      4.91301e+9 
        3248.29       4.6729e+9 
        3293.03      4.44736e+9 
        3328.79      4.27674e+9 
        3346.73      4.19425e+9 
        3364.67      4.11376e+9 
        3400.55      3.95847e+9 
        3445.17      3.77553e+9 
        3489.78      3.60306e+9 
        3525.18      3.47319e+9 
         3543.6      3.40791e+9 
        3562.02      3.34416e+9 
        3591.28      3.24592e+9 
        3635.88      3.10303e+9 
        3647.12      3.06828e+9 
        3658.96      3.03218e+9 
        3671.11      2.99558e+9 
        3682.58       2.9616e+9 
         3693.5      2.92967e+9 
        3703.57      2.90057e+9 
        3713.83      2.87129e+9 
        3724.38      2.84161e+9 
        3734.43      2.81357e+9 
        3744.62      2.78587e+9 
        3754.84      2.75861e+9 
        3765.07      2.73091e+9 
         3775.5      2.70449e+9 
        3786.22      2.67783e+9 
        3796.45      2.64449e+9 
        3807.84      2.62859e+9 
        3818.92      2.60231e+9 
        3830.45      2.55128e+9 
        3840.76       2.5345e+9 
        3851.98      2.54291e+9 
        3862.01      2.52651e+9 
        3872.59      2.47732e+9 
         3884.4      2.37893e+9 
        3894.46      2.36847e+9 
        3908.89      2.43502e+9 
        3923.89      2.43868e+9 
        3935.81      2.40711e+9 
        3946.58      2.34298e+9 
        3957.31      2.23472e+9 
        3967.38      2.08709e+9 
        3977.86      2.13867e+9 
        3988.87      2.23756e+9 
        4003.87      2.29197e+9 
        4018.86      2.29015e+9 
        4032.38      2.27018e+9 
        4043.86      2.24516e+9 
        4058.85        2.195e+9 
        4073.85      2.10509e+9 
        4085.65      1.98503e+9 
        4096.31      1.80884e+9 
        4106.79      1.78669e+9 
        4117.77      1.93156e+9 
        4128.84      2.00543e+9 
        4143.83      2.04274e+9 
        4158.83      2.04141e+9 
        4173.82      2.02402e+9 
        4188.82      2.00149e+9 
        4203.81      1.97711e+9 
        4216.52      1.95582e+9 
        4228.81      1.93477e+9 
        4243.81      1.90838e+9 
         4258.8      1.88027e+9 
         4273.8      1.84809e+9 
        4288.79      1.80649e+9 
        4303.79      1.74766e+9 
        4314.07        1.687e+9 
        4326.14      1.57084e+9 
        4336.17      1.41478e+9 
        4346.17      1.42775e+9 
        4357.43      1.55927e+9 
        4367.98      1.61961e+9 
        4378.77      1.64672e+9 
        4393.77      1.65561e+9 
        4408.76      1.64893e+9 
        4423.76      1.63434e+9 
        4438.75      1.61653e+9 
        4453.75      1.59758e+9 
        4468.74       1.5783e+9 
        4483.74      1.55899e+9 
        4498.74      1.53983e+9 
        4513.73      1.52086e+9 
        4527.19      1.50403e+9 
        4538.73      1.48975e+9 
        4553.72      1.47142e+9 
        4568.72      1.45334e+9 
        4583.72       1.4355e+9 
        4596.53      1.42046e+9 
        4608.71      1.40634e+9 
         4623.7      1.38917e+9 
         4638.7      1.37222e+9 
         4653.7      1.35549e+9 
        4668.69      1.33897e+9 
        4683.69      1.32261e+9 
        4698.68      1.30639e+9 
        4713.68      1.29024e+9 
        4724.83      1.27822e+9 
        4738.67      1.26321e+9 
        4753.67      1.24674e+9 
        4768.67       1.2296e+9 
        4783.66       1.2112e+9 
        4798.66      1.18996e+9 
        4813.65      1.16275e+9 
        4828.65      1.12258e+9 
        4839.16      1.07749e+9 
        4849.39      1.00831e+9 
        4859.47      9.01527e+8 
        4869.58      9.63266e+8 
        4879.92      1.02848e+9 
        4891.06      1.06351e+9 
        4903.34       1.0788e+9 
        4913.63      1.08191e+9 
        4925.16      1.08022e+9 
        4938.62       1.0743e+9 
        4953.62       1.0652e+9 
        4968.61      1.05493e+9 
        4983.61      1.04402e+9 
         4998.6      1.03291e+9 
         5013.6      1.02168e+9 
         5028.6      1.01044e+9 
        5043.59      9.99265e+8 
        5058.59      9.88188e+8 
        5073.58      9.77214e+8 
        5088.58       9.6637e+8 
        5103.58      9.55663e+8 
        5118.57      9.45092e+8 
        5133.57      9.34662e+8 
        5148.56      9.24367e+8 
        5163.56      9.14213e+8 
        5178.56      9.04191e+8 
        5193.55      8.94305e+8 
        5208.55      8.84553e+8 
        5223.54       8.7493e+8 
        5238.54       8.6544e+8 
        5253.54      8.56075e+8 
        5268.53      8.46835e+8 
        5283.53      8.37718e+8 
        5298.52      8.28727e+8 
        5313.52      8.19852e+8 
        5328.52      8.11096e+8 
        5343.51      8.02457e+8 
        5358.51      7.93934e+8 
         5373.5       7.8554e+8 
         5388.5      7.77236e+8 
         5403.5      7.69043e+8 
        5418.49      7.60957e+8 
        5433.49      7.52977e+8 
        5448.48      7.45101e+8 
        5463.48      7.37329e+8 
        5478.48      7.29657e+8 
        5493.47      7.22086e+8 
        5508.47      7.14612e+8 
        5523.46      7.07232e+8 
        5538.46       6.9995e+8 
        5553.46      6.92762e+8 
        5568.45      6.85665e+8 
        5583.45      6.78659e+8 
        5598.44      6.71742e+8 
        5613.44      6.64912e+8 
        5628.44       6.5817e+8 
        5643.43       6.5151e+8 
        5658.43      6.44938e+8 
        5673.42      6.38447e+8 
         5686.2      6.32984e+8 
        5698.42       6.2781e+8 
        5708.88      6.23424e+8 
        5723.41      6.17395e+8 
        5738.41      6.11247e+8 
         5753.4      6.05178e+8 
         5768.4      5.99171e+8 
        5783.39      5.93252e+8 
        5798.39      5.87402e+8 
        5813.39      5.81628e+8 
        5828.38      5.75923e+8 
        5843.38      5.70287e+8 
        5858.37       5.6472e+8 
        5873.37      5.59222e+8 
        5888.37      5.53791e+8 
        5903.36      5.48425e+8 
        5918.36      5.43122e+8 
        5933.35      5.37885e+8 
        5948.35       5.3271e+8 
        5963.35      5.27596e+8 
        5978.34      5.22544e+8 
        5993.34      5.17552e+8 
        6008.33       5.1262e+8 
        6023.33      5.07747e+8 
        6038.32      5.02931e+8 
        6053.32      4.98172e+8 
        6068.32      4.93469e+8 
        6083.31      4.88822e+8 
        6098.31      4.84226e+8 
        6113.31      4.79687e+8 
         6128.3        4.752e+8 
         6143.3      4.70761e+8 
        6158.29      4.66376e+8 
        6173.29       4.6204e+8 
        6188.28      4.57755e+8 
        6203.28      4.53517e+8 
        6218.28      4.49326e+8 
        6233.27      4.45183e+8 
        6244.38      4.42141e+8 
        6256.04      4.38975e+8 
        6266.59      4.36135e+8 
        6278.26      4.33018e+8 
        6290.52      4.29773e+8 
        6302.31      4.26675e+8 
        6312.59      4.23996e+8 
        6323.25      4.21234e+8 
        6338.24      4.17386e+8 
        6353.24      4.13569e+8 
        6368.24      4.09786e+8 
        6383.23      4.06029e+8 
        6398.23      4.02294e+8 
        6413.22      3.98564e+8 
        6428.22      3.94826e+8 
        6443.22      3.91053e+8 
        6458.21      3.87186e+8 
        6473.21      3.83142e+8 
         6488.2      3.78769e+8 
         6503.2      3.73705e+8 
         6518.2      3.67098e+8 
        6532.67      3.57303e+8 
        6543.19      3.45638e+8 
        6554.43      3.25243e+8 
        6564.49      3.05608e+8 
        6575.67      3.29908e+8 
        6586.28      3.41428e+8 
        6598.17      3.47146e+8 
         6608.5      3.48836e+8 
        6623.98      3.48682e+8 
         6634.3      3.47686e+8 
        6654.94      3.44755e+8 
        6675.58      3.41274e+8 
        6711.48      3.34768e+8 
        6741.75      3.29192e+8 
        6783.26      3.21624e+8 
        6824.78      3.14222e+8 
        6907.81      2.99986e+8 
        6990.84      2.86518e+8 
         7038.6      2.79107e+8 
        7073.87      2.73786e+8 
        7109.15       2.6859e+8 
        7179.69      2.58563e+8 
        7250.24      2.48999e+8 
        7320.78      2.39873e+8 
        7389.14      2.31426e+8 
        7406.65      2.29323e+8 
        7424.15      2.27243e+8 
        7459.17      2.23154e+8 
         7529.2      2.15249e+8 
        7599.23       2.0769e+8 
        7660.63      2.01334e+8 
        7677.88      1.99591e+8 
        7695.14      1.97868e+8 
        7729.65      1.94477e+8 
        7798.67      1.87909e+8 
        7867.69      1.81617e+8 
        7911.17      1.77787e+8 
        7936.71      1.75586e+8 
        7962.25      1.73418e+8 
        8013.32      1.69182e+8 
        8046.24       1.6652e+8 
         8064.4      1.65074e+8 
        8082.55      1.63644e+8 
        8118.86      1.60831e+8 
        8180.09      1.56221e+8 
        8191.47      1.55383e+8 
        8202.85       1.5455e+8 
        8216.85      1.53534e+8 
        8232.84      1.52382e+8 
        8264.83      1.50111e+8 
        8289.72      1.48374e+8 
        8328.82      1.45695e+8 
        8343.44      1.44708e+8 
        8367.92      1.43075e+8 
        8388.68      1.41709e+8 
        8408.65       1.4041e+8 
        8432.02      1.38909e+8 
        8467.25      1.36683e+8 
        8502.48        1.345e+8 
        8516.58      1.33639e+8 
        8530.98      1.32767e+8 
        8545.38      1.31907e+8 
        8574.18      1.30207e+8 
        8598.39      1.28797e+8 
         8628.6      1.27068e+8 
        8646.81      1.26036e+8 
        8665.01      1.25013e+8 
        8685.59      1.23876e+8 
        8701.43      1.23007e+8 
        8750.47      1.20331e+8 
        8767.92      1.19415e+8 
        8815.35      1.16935e+8 
        8862.78      1.14507e+8 
        8900.38      1.12728e+8 
        8957.65      1.09946e+8 
        9014.91      1.07088e+8 
        9044.62      1.05875e+8 
        9072.17      1.04752e+8 
        9099.72      1.03584e+8 
        9154.81      1.01091e+8 
         9190.8      9.93079e+7 
         9209.9      9.83249e+7 
        9229.01      9.73991e+7 
        9248.11      9.67849e+7 
        9267.22      9.62443e+7 
        9305.43       9.5074e+7 
        9379.63      9.24235e+7 
        9397.45      9.17301e+7 
        9415.28       9.1022e+7 
        9450.94      8.95062e+7 
        9486.59      8.78242e+7 
        9498.52      8.71958e+7 
        9522.24      8.57202e+7 
         9534.1      8.49006e+7 
        9545.97      8.41372e+7 
        9557.83      8.40976e+7 
        9569.68      8.41212e+7 
        9581.55      8.40879e+7 
        9605.27      8.37784e+7 
        9628.99      8.32905e+7 
        9652.71      8.27037e+7 
        9668.45      8.22783e+7 
        9699.94      8.13566e+7 
        9762.91      7.94251e+7 
        9825.88      7.74591e+7 
        9888.86      7.54328e+7 
        9950.84      7.31366e+7 
        9966.69      7.24665e+7 
        9982.54      7.17348e+7 
        10014.2      6.99815e+7 
        10042.5      6.81273e+7 
        10052.8      6.78044e+7 
        10066.4      6.78958e+7 
        10080.1      6.80965e+7 
        10107.4      6.81964e+7 
        10134.8      6.79875e+7 
        10162.1      6.76046e+7 
        10189.4      6.70953e+7 
        10237.2      6.60724e+7 
          10285      6.49553e+7 
        10380.5      6.26986e+7 
          10476      6.04951e+7 
        10571.5      5.83887e+7 
        10667.1      5.63313e+7 
        10714.8      5.53011e+7 
        10762.6      5.42383e+7 
        10778.2      5.38736e+7 
        10810.4       5.3075e+7 
        10838.1      5.22978e+7 
        10858.1      5.16569e+7 
        10878.1      5.08866e+7 
        10898.1       4.9967e+7 
        10918.1      4.88163e+7 
        10930.6      4.79577e+7 
        10941.2      4.74271e+7 
        10952.5      4.79724e+7 
        10972.4      4.84952e+7 
        11002.4      4.88141e+7 
        11022.4      4.88112e+7 
        11042.4         4.87e+7 
        11062.4      4.85159e+7 
        11102.4      4.80258e+7 
        11142.4      4.74531e+7 
        11183.8      4.68223e+7 
        11222.3      4.62223e+7 
        11260.9       4.5621e+7 
        11338.1      4.44309e+7 
        11415.2       4.3272e+7 
        11492.4      4.21533e+7 
        11569.5      4.10631e+7 
        11646.6      4.00082e+7 
        11723.8      3.89869e+7 
        11800.9      3.79979e+7 
        11878.1        3.704e+7 
        11955.2      3.61123e+7 
        12032.4        3.521e+7 
        12109.5      3.43382e+7 
        12186.7      3.34925e+7 
          12243      3.28909e+7 
        12263.8      3.26716e+7 
        12284.6      3.24542e+7 
        12326.2      3.20245e+7 
        12409.5      3.11825e+7 
        12492.7      3.03594e+7 
        12575.9      2.95408e+7 
        12617.6      2.91215e+7 
        12659.2      2.86773e+7 
          12680      2.84359e+7 
        12700.8      2.81725e+7 
        12721.6      2.78714e+7 
        12742.4       2.7518e+7 
        12763.2      2.70756e+7 
          12784       2.6508e+7 
          12801      2.59046e+7 
        12813.8      2.53084e+7 
        12824.5      2.53332e+7 
        12835.1      2.56431e+7 
        12845.7      2.58629e+7 
        12858.5        2.606e+7 
          12884      2.62614e+7 
        12901.1      2.62991e+7 
        12918.1      2.62857e+7 
        12935.1      2.62383e+7 
        12952.1      2.61656e+7 
        12986.2      2.59769e+7 
        13020.2      2.57559e+7 
        13054.3      2.55197e+7 
        13122.4      2.50312e+7 
        13190.5      2.45396e+7 
        13208.8      2.44082e+7 
        13258.6      2.40544e+7 
        13308.4      2.37056e+7 
        13407.9      2.30245e+7 
        13507.4      2.23664e+7 
        13606.9      2.17312e+7 
        13706.4       2.1119e+7 
          13806       2.0527e+7 
        13905.5      1.99557e+7 
          14005      1.94041e+7 
        14104.5      1.88715e+7 
          14204       1.8357e+7 
        14275.1      1.80005e+7 
        14303.6      1.78599e+7 
        14332.1      1.77207e+7 
        14389.1      1.74462e+7 
        14434.5      1.72312e+7 
        14446.1       1.7177e+7 
        14457.6       1.7123e+7 
        14470.9      1.70616e+7 
          14527      1.68036e+7 
        14581.2      1.65593e+7 
        14597.2      1.64881e+7 
        14613.2      1.64172e+7 
        14645.2      1.62766e+7 
        14709.2      1.59999e+7 
        14773.2      1.57291e+7 
        14837.1       1.5464e+7 
        14901.1      1.52044e+7 
        14965.1      1.49502e+7 
        15029.1      1.47014e+7 
        15093.1      1.44577e+7 
        15157.1       1.4219e+7 
          15221      1.39852e+7 
          15285      1.37563e+7 
          15349       1.3532e+7 
          15413      1.33122e+7 
        15471.6      1.31149e+7 
        15482.4       1.3079e+7 
        15493.1      1.30432e+7 
        15514.7       1.2972e+7 
        15557.9      1.28312e+7 
        15644.2      1.25551e+7 
        15730.5      1.22865e+7 
        15816.8       1.2025e+7 
        15903.1      1.17704e+7 
        15989.4      1.15225e+7 
        16075.8      1.12812e+7 
        16162.1      1.10461e+7 
        16248.4      1.08171e+7 
        16289.9      1.07091e+7 
        16334.7       1.0594e+7 
        16379.5      1.04805e+7 
        16469.1      1.02585e+7 
        16558.8      1.00424e+7 
        16648.4      9.83199e+6 
          16738      9.62707e+6 
        16827.7      9.42742e+6 
        16917.3      9.23295e+6 
        17006.9      9.04345e+6 
        17096.6      8.85879e+6 
        17186.2      8.67884e+6 
        17275.8      8.50341e+6 
        17327.7      8.40395e+6 
        17365.5      8.33241e+6 
        17403.2      8.26163e+6 
        17478.8      8.12234e+6 
        17554.3      7.98599e+6 
        17629.9      7.85244e+6 
        17705.4      7.72172e+6 
          17781      7.59367e+6 
        17856.5      7.46829e+6 
        17932.1      7.34545e+6 
        18007.6      7.22409e+6 
        18083.2      7.10594e+6 
        18158.7      6.99008e+6 
        18234.3      6.87629e+6 
        18309.8      6.76441e+6 
        18343.7      6.71465e+6 
        18385.3      6.65399e+6 
          18427      6.59348e+6 
        18510.2      6.47112e+6 
        18551.8      6.40747e+6 
        18593.4      6.33907e+6 
          18635      6.25987e+6 
        18657.9       6.2065e+6 
        18676.6      6.15488e+6 
        18695.2      6.09161e+6 
        18713.8      6.01282e+6 
        18727.8      5.93997e+6 
        18739.5      5.85549e+6 
        18749.9      5.49078e+6 
        18762.2      5.82322e+6 
        18780.8      5.90198e+6 
        18799.4      5.94163e+6 
        18818.1      5.96265e+6 
        18836.7      5.97003e+6 
        18855.3      5.96827e+6 
        18892.6      5.94747e+6 
        18929.9      5.91465e+6 
        18967.1      5.87635e+6 
        19041.7      5.79316e+6 
        19116.2      5.70758e+6 
        19190.7      5.62219e+6 
        19265.2      5.53775e+6 
        19339.8      5.45462e+6 
        19377.9      5.41259e+6 
        19414.3      5.37285e+6 
        19450.7      5.33345e+6 
        19523.4      5.25563e+6 
        19596.2      5.17954e+6 
          19669      5.10437e+6 
        19741.8      5.03051e+6 
        19814.5        4.958e+6 
        19887.3      4.88678e+6 
        19960.1      4.81685e+6 
        20032.8      4.74814e+6 
        20105.6      4.68066e+6 
        20178.4       4.6144e+6 
        20251.2      4.54928e+6 
        20323.9      4.48531e+6 
        20396.7      4.42245e+6 
        20464.5      4.36487e+6 
        20484.3      4.34828e+6 
          20504      4.33179e+6 
        20543.4      4.29902e+6 
        20622.3      4.23443e+6 
        20701.2      4.17103e+6 
        20780.1      4.10883e+6 
          20859      4.04779e+6 
        20937.9      3.98784e+6 
        21016.8      3.92903e+6 
        21095.7      3.87129e+6 
        21174.5      3.81462e+6 
        21253.4      3.75898e+6 
        21332.3      3.70435e+6 
        21411.2      3.65069e+6 
        21490.1        3.598e+6 
        21507.4       3.5866e+6 
          21569      3.54626e+6 
        21630.6      3.50652e+6 
        21692.2      3.46728e+6 
        21753.9      3.42861e+6 
        21815.5       3.3905e+6 
        21877.1       3.3529e+6 
        21938.7      3.31579e+6 
        22000.4      3.27923e+6 
          22062      3.24316e+6 
        22123.6      3.20757e+6 
        22185.2      3.17247e+6 
        22246.9      3.13788e+6 
        22308.5      3.10373e+6 
        22370.1      3.07006e+6 
        22431.8      3.03684e+6 
        22493.4      3.00406e+6 
          22555      2.97173e+6 
        22616.6      2.93983e+6 
        22678.3      2.90836e+6 
        22692.9      2.90093e+6 
        22739.9      2.87731e+6 
        22784.8      2.85492e+6 
        22800.8      2.84701e+6 
        22816.8      2.83912e+6 
        22848.8      2.82342e+6 
        22912.8      2.79236e+6 
        22976.8      2.76173e+6 
        23040.8      2.73151e+6 
        23104.8       2.7017e+6 
        23168.7       2.6723e+6 
        23232.7       2.6433e+6 
        23296.7      2.61469e+6 
        23360.7      2.58647e+6 
        23424.7      2.55863e+6 
        23488.6      2.53116e+6 
        23552.6      2.50406e+6 
        23616.6      2.47732e+6 
        23680.6      2.45093e+6 
        23744.6       2.4249e+6 
        23808.6      2.39921e+6 
        23872.5      2.37386e+6 
        23936.5      2.34885e+6 
        24000.5      2.32416e+6 
        24064.5       2.2998e+6 
        24128.5      2.27575e+6 
        24192.5      2.25202e+6 
        24256.4       2.2286e+6 
        24320.4      2.20548e+6 
        24384.4      2.18266e+6 
        24448.4      2.16013e+6 
        24512.4       2.1379e+6 
        24576.3      2.11595e+6 
        24640.3      2.09428e+6 
        24704.3      2.07289e+6 
        24768.3      2.05176e+6 
        24832.3      2.03091e+6 
        24896.3      2.01032e+6 
        24960.2         1.99e+6 
        25004.4      1.97611e+6 
        25024.2      1.96993e+6 
          25044      1.96377e+6 
        25083.6      1.95153e+6 
        25162.8      1.92735e+6 
        25241.9      1.90353e+6 
        25321.1      1.88008e+6 
        25400.2      1.85699e+6 
        25479.4      1.83426e+6 
        25558.5      1.81187e+6 
        25637.7      1.78983e+6 
        25716.9      1.76811e+6 
          25796      1.74673e+6 
        25875.2      1.72567e+6 
        25954.3      1.70492e+6 
        26033.5      1.68449e+6 
        26112.7      1.66436e+6 
        26191.8      1.64453e+6 
          26271        1.625e+6 
        26350.1      1.60575e+6 
        26429.3      1.58679e+6 
        26508.4      1.56811e+6 
        26587.6       1.5497e+6 
        26666.8      1.53156e+6 
        26745.9      1.51369e+6 
        26825.1      1.49607e+6 
        26904.2      1.47872e+6 
        26983.4      1.46161e+6 
        27062.6      1.44475e+6 
        27141.7      1.42813e+6 
        27220.9      1.41175e+6 
        27299.2      1.39577e+6 
        27377.5      1.38003e+6 
        27455.8      1.36451e+6 
        27534.2       1.3492e+6 
        27612.5      1.33411e+6 
        27690.8      1.31923e+6 
        27769.1      1.30455e+6 
        27847.5      1.29008e+6 
        27925.8      1.27581e+6 
        28004.1      1.26174e+6 
        28082.4      1.24786e+6 
        28160.8      1.23417e+6 
        28239.1      1.22067e+6 
        28317.4      1.20735e+6 
        28395.7      1.19421e+6 
          28474      1.18125e+6 
        28552.4      1.16847e+6 
        28630.7      1.15585e+6 
          28709      1.14341e+6 
        28787.3      1.13114e+6 
        28865.7      1.11903e+6 
          28944      1.10708e+6 
        29022.3      1.09529e+6 
        29100.6      1.08366e+6 
          29179      1.07218e+6 
        29257.3      1.06085e+6 
        29335.6      1.04967e+6 
        29413.9      1.03864e+6 
        29492.3      1.02775e+6 
        29570.6      1.01701e+6 
        29648.9       1.0064e+6 
        29727.2          995935 
        29805.5          985602 
        29883.9          975405 
        29932.6          969128 
        29962.2          965339 
        29991.8          961569 
