# Koester WD models
# teff = 50000 K (value for the effective temperature for the model. Temperatures are given in K)
# logg = 7.75 log(cm/s2) (value for Log(G) for the model.)
#
# column 1: WAVELENGTH (ANGSTROM), Wavelength in Angstrom
# column 2: FLUX (ERG/CM2/S/A), Flux in erg/cm2/s/A
         899.23     9.96589e+10 
        909.241     9.79706e+10 
        919.251     9.65141e+10 
        929.261     8.94308e+10 
        939.271     1.25157e+11 
         949.28     6.55889e+10 
        959.289     2.35063e+11 
        969.297     1.24173e+11 
        979.305     2.16186e+11 
        989.312     2.71912e+11 
        999.319      2.7534e+11 
        1009.33     2.55602e+11 
        1019.33     1.69704e+11 
        1029.34     1.43078e+11 
        1039.34     2.35056e+11 
        1049.35     2.49366e+11 
        1059.36     2.47726e+11 
        1069.36     2.42487e+11 
        1079.36     2.36282e+11 
        1089.37     2.29847e+11 
        1099.37     2.23436e+11 
        1109.38     2.17143e+11 
        1119.38     2.11001e+11 
        1129.38     2.05015e+11 
        1139.39      1.9918e+11 
        1149.39     1.93472e+11 
        1159.39      1.8784e+11 
        1169.39     1.82169e+11 
         1179.4     1.76157e+11 
         1189.4     1.68823e+11 
         1199.4     1.55886e+11 
         1209.4     1.12512e+11 
        1219.41     9.87136e+10 
        1229.41     1.42649e+11 
        1239.41     1.47678e+11 
        1249.41     1.46134e+11 
        1259.41     1.43175e+11 
        1269.41     1.39854e+11 
        1279.42      1.3646e+11 
        1289.42     1.33093e+11 
        1299.42     1.29792e+11 
        1309.42     1.26573e+11 
        1319.42     1.23444e+11 
        1329.42     1.20404e+11 
        1339.42     1.17453e+11 
        1349.42     1.14589e+11 
        1359.42     1.11811e+11 
        1369.42     1.09115e+11 
        1379.42       1.065e+11 
        1389.42     1.03959e+11 
        1399.42     1.01494e+11 
        1409.42     9.91015e+10 
        1419.42     9.67793e+10 
        1429.42     9.45249e+10 
        1439.42     9.23361e+10 
        1454.42       8.917e+10 
        1464.42     8.71349e+10 
        1474.42     8.51576e+10 
        1489.42     8.22968e+10 
        1504.42     7.95567e+10 
        1514.42     7.77937e+10 
        1529.42     7.52393e+10 
        1544.42     7.27888e+10 
        1559.42     7.04376e+10 
        1570.19     6.88081e+10 
        1584.41     6.67271e+10 
        1599.41     6.46185e+10 
        1614.41     6.25928e+10 
        1629.41     6.06466e+10 
        1644.41     5.87761e+10 
        1659.41     5.69769e+10 
        1670.17     5.57281e+10 
         1684.4       5.413e+10 
         1699.4     5.25076e+10 
         1714.4      5.0946e+10 
         1729.4     4.94421e+10 
         1744.4     4.79932e+10 
        1759.39     4.65977e+10 
         1771.7     4.54906e+10 
        1784.39     4.43832e+10 
        1799.39     4.31177e+10 
           1824     4.11373e+10 
        1834.77     4.03066e+10 
        1845.54      3.9497e+10 
           1864     3.81556e+10 
        1876.29     3.72945e+10 
        1888.59     3.64576e+10 
        1906.98      3.5249e+10 
        1919.37     3.44633e+10 
        1931.76     3.36996e+10 
        1944.47     3.29377e+10 
        1956.53     3.22349e+10 
         1967.6      3.1606e+10 
        1992.71     3.02372e+10 
        2017.81     2.89418e+10 
        2042.92     2.77158e+10 
        2067.03     2.65986e+10 
        2091.15     2.55378e+10 
        2114.28     2.45696e+10 
        2126.36     2.40822e+10 
        2145.92     2.33188e+10 
        2165.47     2.25854e+10 
        2185.03     2.18809e+10 
        2204.59     2.12036e+10 
         2214.7     2.08639e+10 
        2234.91     2.02049e+10 
        2263.91     1.93041e+10 
        2292.92     1.84532e+10 
        2313.13     1.78879e+10 
        2344.77     1.70464e+10 
        2362.35     1.66002e+10 
        2379.94     1.61685e+10 
        2409.27     1.54789e+10 
        2432.73      1.4954e+10 
        2451.59      1.4548e+10 
        2466.76     1.42315e+10 
        2488.39     1.37951e+10 
        2510.01     1.33753e+10 
         2547.3     1.26885e+10 
        2559.23      1.2478e+10 
        2571.17      1.2272e+10 
        2595.04     1.18726e+10 
        2618.91     1.14893e+10 
        2642.78     1.11213e+10 
        2657.67     1.08992e+10 
        2687.45     1.04716e+10 
        2717.24     1.00648e+10 
        2737.93       9.7937e+9 
        2756.11      9.56307e+9 
        2774.29       9.3393e+9 
        2810.65      8.91103e+9 
        2839.47      8.58893e+9 
        2854.55      8.42616e+9 
        2869.63      8.26735e+9 
        2899.79      7.96076e+9 
        2926.39      7.70209e+9 
        2952.93      7.45431e+9 
        2965.73      7.33848e+9 
        2978.53      7.22494e+9 
        3004.12      7.00431e+9 
        3051.42       6.6183e+9 
        3098.72      6.25871e+9 
        3142.18      5.94958e+9 
        3157.53      5.84506e+9 
        3172.87      5.74283e+9 
        3203.56      5.54497e+9 
        3248.29      5.27162e+9 
        3293.03      5.01499e+9 
        3328.79      4.82096e+9 
        3346.73      4.72719e+9 
        3364.67      4.63567e+9 
        3400.55      4.45924e+9 
        3445.17      4.25142e+9 
        3489.78      4.05564e+9 
        3525.18      3.90824e+9 
         3543.6      3.83416e+9 
        3562.02      3.76187e+9 
        3591.28       3.6505e+9 
        3635.88      3.48852e+9 
        3647.12      3.44915e+9 
        3658.96      3.40825e+9 
        3671.11      3.36678e+9 
        3682.58       3.3283e+9 
         3693.5      3.29217e+9 
        3703.57      3.25921e+9 
        3713.83      3.22607e+9 
        3724.38      3.19242e+9 
        3734.43      3.16072e+9 
        3744.62      3.12914e+9 
        3754.84      3.09796e+9 
        3765.07       3.0668e+9 
         3775.5      3.03618e+9 
        3786.22      3.00515e+9 
        3796.45      2.97207e+9 
        3807.84       2.9462e+9 
        3818.92      2.91531e+9 
        3830.45      2.87108e+9 
        3840.76      2.84842e+9 
        3851.98      2.83883e+9 
        3862.01      2.81577e+9 
        3872.59      2.77092e+9 
         3884.4      2.69541e+9 
        3894.46      2.67951e+9 
        3908.89      2.71085e+9 
        3923.89      2.70092e+9 
        3935.81      2.66535e+9 
        3946.58      2.60452e+9 
        3957.31      2.50967e+9 
        3967.38       2.3937e+9 
        3977.86      2.42316e+9 
        3988.87      2.49485e+9 
        4003.87       2.5352e+9 
        4018.86      2.52922e+9 
        4032.38      2.50616e+9 
        4043.86      2.47798e+9 
        4058.85      2.42269e+9 
        4073.85      2.32822e+9 
        4085.65      2.21264e+9 
        4096.31      2.05532e+9 
        4106.79      2.03212e+9 
        4117.77      2.15277e+9 
        4128.84      2.21839e+9 
        4143.83       2.2549e+9 
        4158.83      2.25365e+9 
        4173.82      2.23522e+9 
        4188.82      2.21078e+9 
        4203.81      2.18404e+9 
        4216.52      2.16055e+9 
        4228.81      2.13721e+9 
        4243.81      2.10775e+9 
         4258.8      2.07612e+9 
         4273.8       2.0396e+9 
        4288.79      1.99236e+9 
        4303.79      1.92664e+9 
        4314.07       1.8612e+9 
        4326.14      1.74567e+9 
        4336.17      1.60289e+9 
        4346.17      1.60985e+9 
        4357.43      1.72767e+9 
        4367.98      1.78605e+9 
        4378.77      1.81496e+9 
        4393.77      1.82585e+9 
        4408.76      1.81959e+9 
        4423.76      1.80429e+9 
        4438.75      1.78507e+9 
        4453.75      1.76437e+9 
        4468.74      1.74317e+9 
        4483.74      1.72185e+9 
        4498.74      1.70067e+9 
        4513.73      1.67968e+9 
        4527.19      1.66105e+9 
        4538.73      1.64524e+9 
        4553.72      1.62494e+9 
        4568.72       1.6049e+9 
        4583.72      1.58514e+9 
        4596.53      1.56847e+9 
        4608.71      1.55283e+9 
         4623.7      1.53379e+9 
         4638.7        1.515e+9 
         4653.7      1.49645e+9 
        4668.69      1.47813e+9 
        4683.69      1.45996e+9 
        4698.68      1.44194e+9 
        4713.68      1.42397e+9 
        4724.83      1.41057e+9 
        4738.67      1.39379e+9 
        4753.67      1.37535e+9 
        4768.67       1.3561e+9 
        4783.66      1.33524e+9 
        4798.66      1.31107e+9 
        4813.65      1.28003e+9 
        4828.65      1.23534e+9 
        4839.16       1.1875e+9 
        4851.78      1.09847e+9 
        4861.84      9.93972e+8 
        4872.13      1.09236e+9 
        4882.71      1.14618e+9 
        4893.63      1.17534e+9 
        4903.92      1.18751e+9 
        4915.55      1.19128e+9 
        4928.62      1.18873e+9 
        4943.62      1.18095e+9 
        4958.61      1.17068e+9 
        4973.61      1.15921e+9 
        4988.61      1.14717e+9 
         5003.6      1.13492e+9 
         5018.6      1.12255e+9 
         5033.6      1.11017e+9 
        5048.59      1.09786e+9 
        5063.59      1.08566e+9 
        5078.58      1.07357e+9 
        5093.58      1.06163e+9 
        5108.57      1.04983e+9 
        5123.57      1.03819e+9 
        5138.57      1.02671e+9 
        5153.56      1.01537e+9 
        5168.56      1.00419e+9 
        5183.56      9.93155e+8 
        5198.55      9.82269e+8 
        5213.55      9.71531e+8 
        5228.54      9.60935e+8 
        5243.54      9.50486e+8 
        5258.53      9.40172e+8 
        5273.53      9.29999e+8 
        5288.53      9.19965e+8 
        5303.52      9.10063e+8 
        5318.52      9.00292e+8 
        5333.52      8.90654e+8 
        5348.51      8.81141e+8 
        5363.51      8.71783e+8 
         5378.5      8.62521e+8 
         5393.5      8.53379e+8 
        5408.49       8.4436e+8 
        5423.49      8.35459e+8 
        5438.49      8.26676e+8 
        5453.48      8.18008e+8 
        5468.48      8.09453e+8 
        5483.48      8.01009e+8 
        5498.47      7.92677e+8 
        5513.47      7.84449e+8 
        5528.46      7.76332e+8 
        5543.46      7.68317e+8 
        5558.45      7.60407e+8 
        5573.45      7.52597e+8 
        5588.45      7.44887e+8 
        5603.44      7.37275e+8 
        5618.44      7.29764e+8 
        5633.43      7.22343e+8 
        5648.43       7.1502e+8 
        5663.43      7.07788e+8 
        5673.98      7.02759e+8 
         5686.2      6.96987e+8 
        5698.42      6.91273e+8 
        5708.88      6.86425e+8 
        5723.41      6.79765e+8 
        5738.41      6.72976e+8 
         5753.4      6.66269e+8 
         5768.4      6.59634e+8 
        5783.39      6.53093e+8 
        5798.39      6.46634e+8 
        5813.39      6.40257e+8 
        5828.38      6.33955e+8 
        5843.38      6.27731e+8 
        5858.37      6.21586e+8 
        5873.37      6.15513e+8 
        5888.37      6.09513e+8 
        5903.36      6.03588e+8 
        5918.36      5.97735e+8 
        5933.35      5.91951e+8 
        5948.35       5.8624e+8 
        5963.35      5.80595e+8 
        5978.34      5.75018e+8 
        5993.34      5.69508e+8 
        6008.33      5.64064e+8 
        6023.33      5.58685e+8 
        6038.32       5.5337e+8 
        6053.32      5.48117e+8 
        6068.32      5.42927e+8 
        6083.31      5.37797e+8 
        6098.31      5.32726e+8 
        6113.31      5.27715e+8 
         6128.3      5.22761e+8 
         6143.3      5.17866e+8 
        6158.29      5.13025e+8 
        6173.29      5.08241e+8 
        6188.28      5.03509e+8 
        6203.28      4.98832e+8 
        6218.28      4.94207e+8 
        6233.27       4.8963e+8 
        6244.38      4.86275e+8 
        6256.04      4.82778e+8 
        6266.59      4.79646e+8 
        6278.26      4.76206e+8 
        6290.52      4.72621e+8 
        6302.31      4.69203e+8 
        6312.59      4.66247e+8 
        6323.25        4.632e+8 
        6338.24      4.58946e+8 
        6353.24      4.54733e+8 
        6368.24      4.50555e+8 
        6383.23      4.46401e+8 
        6398.23      4.42267e+8 
        6413.22      4.38142e+8 
        6428.22      4.34002e+8 
        6443.22      4.29811e+8 
        6458.21      4.25504e+8 
        6473.21       4.2098e+8 
         6488.2       4.1606e+8 
         6503.2      4.10352e+8 
         6518.2      4.02938e+8 
        6532.67      3.92247e+8 
        6543.19      3.80158e+8 
        6554.43      3.60457e+8 
        6564.49      3.41739e+8 
        6575.67      3.64095e+8 
        6586.28      3.75097e+8 
        6598.17      3.80978e+8 
         6608.5      3.82863e+8 
        6623.98      3.82838e+8 
         6634.3      3.81826e+8 
        6654.94      3.78722e+8 
        6675.58      3.74955e+8 
        6711.48       3.6784e+8 
        6741.75       3.6172e+8 
        6783.26      3.53398e+8 
        6824.78      3.45248e+8 
        6907.81      3.29575e+8 
        6990.84      3.14744e+8 
         7038.6      3.06583e+8 
        7073.87      3.00723e+8 
        7109.15      2.95002e+8 
        7179.69      2.83962e+8 
        7250.24      2.73432e+8 
        7320.78      2.63386e+8 
        7389.14       2.5409e+8 
        7406.65      2.51774e+8 
        7424.15      2.49485e+8 
        7459.17      2.44985e+8 
         7529.2      2.36286e+8 
        7599.23      2.27969e+8 
        7660.63      2.20976e+8 
        7677.88      2.19059e+8 
        7695.14      2.17163e+8 
        7729.65      2.13433e+8 
        7798.67      2.06209e+8 
        7867.69      1.99289e+8 
        7911.17      1.95077e+8 
        7936.71      1.92656e+8 
        7962.25      1.90272e+8 
        8013.32      1.85614e+8 
        8046.24      1.82687e+8 
         8064.4      1.81098e+8 
        8082.55      1.79526e+8 
        8118.86      1.76433e+8 
        8180.09      1.71365e+8 
        8191.47      1.70444e+8 
        8202.85      1.69529e+8 
        8216.85      1.68411e+8 
        8232.84      1.67145e+8 
        8264.83      1.64649e+8 
        8289.72       1.6274e+8 
        8328.82      1.59796e+8 
        8343.44      1.58711e+8 
        8367.92      1.56917e+8 
        8388.68      1.55415e+8 
        8408.65      1.53988e+8 
        8432.02      1.52338e+8 
        8467.25      1.49892e+8 
        8502.48      1.47494e+8 
        8516.58      1.46548e+8 
        8530.98       1.4559e+8 
        8545.38      1.44643e+8 
        8574.18       1.4277e+8 
        8598.39      1.41219e+8 
         8628.6      1.39314e+8 
        8646.81      1.38179e+8 
        8665.01      1.37056e+8 
        8685.59      1.35803e+8 
        8701.43      1.34847e+8 
        8750.47      1.31921e+8 
        8767.92      1.30908e+8 
        8815.35      1.28187e+8 
        8862.78      1.25541e+8 
        8900.38      1.23541e+8 
        8957.65       1.2049e+8 
        9014.91       1.1746e+8 
        9044.62      1.16042e+8 
        9072.17       1.1474e+8 
        9099.72      1.13422e+8 
        9154.81      1.10739e+8 
         9190.8      1.08922e+8 
         9209.9      1.07951e+8 
        9229.01      1.07021e+8 
        9267.22      1.05527e+8 
        9305.43       1.0407e+8 
        9379.63      1.01054e+8 
        9397.45      1.00296e+8 
        9415.28      9.95282e+7 
        9450.94      9.79244e+7 
        9498.52      9.56282e+7 
        9522.24      9.43141e+7 
         9534.1      9.36191e+7 
        9545.97      9.29594e+7 
        9557.83      9.27269e+7 
        9569.68      9.25435e+7 
        9581.55      9.23292e+7 
        9593.41      9.20735e+7 
        9617.13      9.14643e+7 
        9660.68      9.01778e+7 
        9676.22      8.96812e+7 
        9691.75      8.91697e+7 
        9722.81      8.81346e+7 
        9784.94      8.60218e+7 
        9847.07      8.39072e+7 
        9865.57       8.3255e+7 
        9909.19      8.16491e+7 
        9952.82       7.9902e+7 
        9974.63       7.8957e+7 
        9996.44      7.79087e+7 
        10018.3        7.674e+7 
        10030.8      7.60234e+7 
        10049.4      7.52188e+7 
        10067.9      7.49537e+7 
        10095.8      7.48701e+7 
          10133      7.44184e+7 
        10170.2      7.37341e+7 
        10207.3      7.29025e+7 
        10237.2      7.21762e+7 
        10296.9      7.06453e+7 
        10356.6      6.91018e+7 
        10416.3      6.75845e+7 
          10476      6.60815e+7 
        10535.7      6.46279e+7 
        10595.4       6.3211e+7 
        10655.1      6.18055e+7 
        10714.8      6.03943e+7 
        10774.5      5.89272e+7 
        10804.4      5.81333e+7 
        10834.2      5.72709e+7 
        10849.7       5.6767e+7 
        10864.1      5.62775e+7 
        10893.9      5.50633e+7 
          10905      5.45428e+7 
          10916      5.39754e+7 
          10927      5.33326e+7 
        10937.4       5.2359e+7 
        10947.7      5.28843e+7 
        10958.8      5.31237e+7 
        10969.8      5.32761e+7 
        10991.9      5.34159e+7 
          11014      5.34058e+7 
        11036.1      5.32591e+7 
        11058.2       5.3037e+7 
        11102.4      5.24442e+7 
        11146.6      5.17502e+7 
        11208.9      5.07088e+7 
        11234.9      5.02671e+7 
        11260.9      4.98253e+7 
        11312.9      4.89473e+7 
        11364.9      4.80824e+7 
        11416.9      4.72342e+7 
        11468.9      4.64098e+7 
        11520.9      4.55949e+7 
        11572.9      4.47972e+7 
        11624.9      4.40172e+7 
        11676.8      4.32541e+7 
        11728.8      4.25073e+7 
        11780.8      4.17769e+7 
        11832.8      4.10619e+7 
        11884.8      4.03622e+7 
        11936.8      3.96771e+7 
        11988.8      3.90066e+7 
        12040.8      3.83463e+7 
        12092.8      3.77029e+7 
        12144.8      3.70727e+7 
        12196.8      3.64554e+7 
        12212.9      3.62665e+7 
        12248.8      3.58503e+7 
        12284.6      3.54397e+7 
        12356.4      3.46335e+7 
        12428.1      3.38456e+7 
        12499.8      3.30709e+7 
        12571.5      3.22975e+7 
        12643.3      3.14923e+7 
        12679.1      3.10478e+7 
          12715      3.05364e+7 
        12732.9      3.02345e+7 
        12750.9       2.9888e+7 
        12768.8      2.94795e+7 
        12786.7       2.8989e+7 
        12802.4      2.84634e+7 
        12818.1      2.80827e+7 
        12829.8      2.81145e+7 
        12841.6      2.83364e+7 
        12853.3      2.84929e+7 
        12865.1      2.86036e+7 
        12876.8      2.86665e+7 
        12892.5      2.87159e+7 
        12908.1      2.87123e+7 
        12939.5      2.86197e+7 
        12970.8      2.84513e+7 
        13002.1      2.82439e+7 
        13064.8      2.77771e+7 
        13127.5      2.72868e+7 
        13190.1       2.6794e+7 
        13252.8      2.63067e+7 
        13308.4      2.58813e+7 
        13363.9      2.54632e+7 
        13419.4      2.50528e+7 
          13475      2.46502e+7 
        13530.5      2.42554e+7 
        13586.1      2.38683e+7 
        13641.6      2.34901e+7 
        13697.2      2.31178e+7 
        13752.7      2.27529e+7 
        13808.3      2.23952e+7 
        13863.8      2.20445e+7 
        13919.4      2.17006e+7 
        13974.9      2.13633e+7 
        14030.4      2.10326e+7 
          14086      2.07083e+7 
        14141.5      2.03903e+7 
        14197.1      2.00783e+7 
        14252.6      1.97722e+7 
        14284.3      1.96004e+7 
        14302.1      1.95045e+7 
        14332.1      1.93445e+7 
        14379.9      1.90928e+7 
        14457.6      1.86918e+7 
        14487.6        1.854e+7 
        14535.4      1.83013e+7 
        14581.2      1.80761e+7 
        14597.2      1.79983e+7 
        14613.2      1.79209e+7 
        14645.2      1.77673e+7 
        14709.2      1.74651e+7 
        14773.2      1.71693e+7 
        14837.1      1.68797e+7 
        14901.1      1.65962e+7 
        14965.1      1.63187e+7 
        15029.1      1.60469e+7 
        15093.1      1.57807e+7 
        15157.1        1.552e+7 
          15221      1.52647e+7 
          15285      1.50147e+7 
          15349      1.47697e+7 
          15413      1.45297e+7 
        15471.6      1.43142e+7 
        15482.4       1.4275e+7 
        15493.1      1.42359e+7 
        15514.7      1.41582e+7 
        15557.9      1.40042e+7 
        15644.2      1.37026e+7 
        15730.5       1.3409e+7 
        15816.8      1.31233e+7 
        15903.1      1.28452e+7 
        15989.4      1.25743e+7 
        16075.8      1.23106e+7 
        16162.1      1.20538e+7 
        16248.4      1.18036e+7 
        16289.9      1.16857e+7 
        16334.7      1.15599e+7 
        16379.5      1.14358e+7 
        16469.1      1.11932e+7 
        16558.8      1.09569e+7 
        16648.4      1.07268e+7 
          16738      1.05028e+7 
        16827.7      1.02846e+7 
        16917.3       1.0072e+7 
        17006.9      9.86485e+6 
        17096.6      9.66304e+6 
        17186.2      9.46634e+6 
        17275.8      9.27464e+6 
        17327.7      9.16597e+6 
        17365.5      9.08778e+6 
        17403.2      9.01046e+6 
        17478.8      8.85832e+6 
        17554.3      8.70941e+6 
        17629.9       8.5636e+6 
        17705.4      8.42085e+6 
          17781      8.28102e+6 
        17856.5      8.14411e+6 
        17932.1      8.01002e+6 
        18007.6      7.87742e+6 
        18083.2      7.74842e+6 
        18158.7      7.62188e+6 
        18234.3      7.49766e+6 
        18309.8      7.37545e+6 
        18343.7       7.3211e+6 
        18385.3      7.25482e+6 
          18427      7.18869e+6 
        18510.2      7.05495e+6 
        18551.8      6.98536e+6 
        18593.4      6.91078e+6 
          18635      6.82514e+6 
        18657.9      6.76853e+6 
        18676.6      6.71525e+6 
        18695.2      6.65185e+6 
        18713.8      6.57501e+6 
        18727.8       6.5041e+6 
        18739.5      6.41614e+6 
        18749.9      6.02966e+6 
        18762.2      6.38064e+6 
        18773.8      6.43986e+6 
        18787.8      6.47303e+6 
        18806.4      6.49857e+6 
        18825.1      6.50988e+6 
        18843.7       6.5107e+6 
          18881      6.49298e+6 
        18918.2      6.45993e+6 
        18955.5      6.41962e+6 
          19030      6.33021e+6 
        19104.5      6.23716e+6 
        19179.1      6.14401e+6 
        19253.6      6.05178e+6 
        19328.1      5.96089e+6 
        19354.6      5.92894e+6 
        19402.6      5.87151e+6 
        19450.7      5.81471e+6 
        19546.7        5.703e+6 
        19642.8      5.59427e+6 
        19738.9      5.48758e+6 
        19834.9       5.3834e+6 
          19931      5.28171e+6 
          20027       5.1824e+6 
        20123.1      5.08539e+6 
        20219.2      4.99067e+6 
        20315.2      4.89812e+6 
        20348.2      4.86689e+6 
        20411.3       4.8077e+6 
        20474.4      4.74946e+6 
        20537.5      4.69203e+6 
        20600.6      4.63551e+6 
        20663.7      4.57981e+6 
        20726.9      4.52496e+6 
          20790      4.47089e+6 
        20853.1      4.41768e+6 
        20916.2      4.36521e+6 
        20979.3      4.31356e+6 
        21042.4      4.26264e+6 
        21105.5      4.21247e+6 
        21168.7      4.16305e+6 
        21231.8      4.11436e+6 
        21294.9      4.06635e+6 
          21358      4.01907e+6 
        21421.1      3.97245e+6 
        21484.2      3.92652e+6 
        21547.3      3.88125e+6 
        21590.3      3.85081e+6 
        21610.5      3.83661e+6 
        21630.6       3.8225e+6 
        21670.9      3.79445e+6 
        21751.6      3.73912e+6 
        21832.2      3.68477e+6 
        21912.9      3.63143e+6 
        21993.5      3.57906e+6 
        22074.2       3.5276e+6 
        22154.8      3.47708e+6 
        22235.5      3.42748e+6 
        22316.1      3.37872e+6 
        22396.8      3.33084e+6 
        22477.4      3.28381e+6 
        22558.1      3.23763e+6 
        22638.7      3.19224e+6 
        22651.9      3.18488e+6 
        22719.4      3.14762e+6 
        22784.8      3.11199e+6 
        22800.8      3.10336e+6 
        22816.8      3.09476e+6 
        22848.8      3.07765e+6 
        22912.8      3.04378e+6 
        22976.8      3.01037e+6 
        23040.8      2.97742e+6 
        23104.8      2.94492e+6 
        23168.7      2.91286e+6 
        23232.7      2.88124e+6 
        23296.7      2.85005e+6 
        23360.7      2.81927e+6 
        23424.7      2.78891e+6 
        23488.6      2.75897e+6 
        23552.6      2.72942e+6 
        23616.6      2.70026e+6 
        23680.6      2.67149e+6 
        23744.6      2.64311e+6 
        23808.6       2.6151e+6 
        23872.5      2.58746e+6 
        23936.5      2.56018e+6 
        24000.5      2.53327e+6 
        24064.5      2.50671e+6 
        24128.5      2.48049e+6 
        24192.5      2.45461e+6 
        24256.4      2.42908e+6 
        24320.4      2.40387e+6 
        24384.4      2.37899e+6 
        24448.4      2.35443e+6 
        24512.4      2.33019e+6 
        24576.3      2.30625e+6 
        24640.3      2.28263e+6 
        24704.3       2.2593e+6 
        24768.3      2.23628e+6 
        24832.3      2.21354e+6 
        24896.3       2.1911e+6 
        24960.2      2.16893e+6 
        25004.4      2.15379e+6 
        25024.2      2.14705e+6 
          25044      2.14034e+6 
        25083.6        2.127e+6 
        25162.8      2.10062e+6 
        25241.9      2.07465e+6 
        25321.1      2.04909e+6 
        25400.2      2.02391e+6 
        25479.4      1.99912e+6 
        25558.5      1.97471e+6 
        25637.7      1.95067e+6 
        25716.9        1.927e+6 
          25796      1.90368e+6 
        25875.2      1.88072e+6 
        25954.3       1.8581e+6 
        26033.5      1.83582e+6 
        26112.7      1.81387e+6 
        26191.8      1.79225e+6 
          26271      1.77095e+6 
        26350.1      1.74997e+6 
        26429.3      1.72929e+6 
        26508.4      1.70893e+6 
        26587.6      1.68885e+6 
        26666.8      1.66908e+6 
        26745.9      1.64959e+6 
        26825.1      1.63039e+6 
        26904.2      1.61146e+6 
        26983.4      1.59281e+6 
        27062.6      1.57443e+6 
        27141.7      1.55631e+6 
        27220.9      1.53846e+6 
        27299.2      1.52104e+6 
        27377.5      1.50387e+6 
        27455.8      1.48695e+6 
        27534.2      1.47026e+6 
        27612.5      1.45381e+6 
        27690.8      1.43758e+6 
        27769.1      1.42158e+6 
        27847.5      1.40581e+6 
        27925.8      1.39025e+6 
        28004.1      1.37491e+6 
        28082.4      1.35977e+6 
        28160.8      1.34485e+6 
        28239.1      1.33013e+6 
        28317.4       1.3156e+6 
        28395.7      1.30129e+6 
          28474      1.28716e+6 
        28552.4      1.27322e+6 
        28630.7      1.25947e+6 
          28709      1.24591e+6 
        28787.3      1.23253e+6 
        28865.7      1.21933e+6 
          28944       1.2063e+6 
        29022.3      1.19345e+6 
        29100.6      1.18077e+6 
          29179      1.16826e+6 
        29257.3      1.15591e+6 
        29335.6      1.14373e+6 
        29413.9       1.1317e+6 
        29492.3      1.11983e+6 
        29570.6      1.10812e+6 
        29648.9      1.09656e+6 
        29727.2      1.08515e+6 
        29805.5      1.07389e+6 
        29883.9      1.06278e+6 
        29932.6      1.05594e+6 
        29962.2      1.05181e+6 
        29991.8       1.0477e+6 
