# Koester WD models
# teff = 50000 K (value for the effective temperature for the model. Temperatures are given in K)
# logg = 7 log(cm/s2) (value for Log(G) for the model.)
#
# column 1: WAVELENGTH (ANGSTROM), Wavelength in Angstrom
# column 2: FLUX (ERG/CM2/S/A), Flux in erg/cm2/s/A
         899.23     1.02913e+11 
        909.241     1.01152e+11 
        919.251     1.01037e+11 
        929.261     9.64312e+10 
        939.271     1.53327e+11 
         949.28     7.00198e+10 
        959.289     2.76735e+11 
        969.297     1.54165e+11 
        979.305      2.5557e+11 
        989.312     2.93091e+11 
        999.319     2.90269e+11 
        1009.33     2.74674e+11 
        1019.33      2.0377e+11 
        1029.34     1.74223e+11 
        1039.34     2.50689e+11 
        1049.35     2.53969e+11 
        1059.36     2.48963e+11 
        1069.36     2.42523e+11 
        1079.36     2.35837e+11 
        1089.37     2.29207e+11 
        1099.37     2.22729e+11 
        1109.38     2.16438e+11 
        1119.38     2.10339e+11 
        1129.38     2.04428e+11 
        1139.39     1.98698e+11 
        1149.39     1.93133e+11 
        1159.39     1.87712e+11 
        1169.39     1.82382e+11 
         1179.4     1.77008e+11 
         1189.4     1.71143e+11 
         1199.4     1.62541e+11 
         1209.4     1.29816e+11 
        1219.41     1.15514e+11 
        1229.41     1.49377e+11 
        1239.41     1.49758e+11 
        1249.41     1.46866e+11 
        1259.41     1.43427e+11 
        1269.41     1.39905e+11 
        1279.42     1.36422e+11 
        1289.42     1.33016e+11 
        1299.42     1.29701e+11 
        1309.42      1.2648e+11 
        1319.42     1.23356e+11 
        1329.42     1.20325e+11 
        1339.42     1.17386e+11 
        1349.42     1.14535e+11 
        1359.42      1.1177e+11 
        1369.42     1.09088e+11 
        1379.42     1.06483e+11 
        1389.42     1.03955e+11 
        1399.42     1.01502e+11 
        1409.42     9.91194e+10 
        1419.42     9.68079e+10 
        1429.42     9.45638e+10 
        1439.42     9.23842e+10 
        1454.42     8.92313e+10 
        1464.42     8.72043e+10 
        1474.42     8.52349e+10 
        1489.42     8.23848e+10 
        1504.42     7.96538e+10 
        1514.42     7.78958e+10 
        1529.42     7.53489e+10 
        1544.42     7.29051e+10 
        1559.42     7.05595e+10 
        1570.19     6.89341e+10 
        1584.41     6.68575e+10 
        1599.41     6.47536e+10 
        1614.41     6.27316e+10 
        1629.41     6.07886e+10 
        1644.41     5.89199e+10 
        1659.41     5.71233e+10 
        1670.17     5.58757e+10 
         1684.4     5.42789e+10 
         1699.4     5.26575e+10 
         1714.4     5.10967e+10 
         1729.4     4.95935e+10 
         1744.4     4.81452e+10 
        1759.39     4.67497e+10 
         1771.7     4.56423e+10 
        1784.39     4.45346e+10 
        1799.39     4.32688e+10 
           1824     4.12874e+10 
        1834.77     4.04562e+10 
        1845.54      3.9646e+10 
           1864     3.83036e+10 
        1876.29     3.74412e+10 
        1888.59     3.66036e+10 
        1906.98     3.53935e+10 
        1919.37     3.46065e+10 
        1931.76     3.38419e+10 
        1944.47     3.30788e+10 
        1956.53     3.23747e+10 
         1967.6     3.17449e+10 
        1992.71     3.03733e+10 
        2017.81     2.90752e+10 
        2042.92     2.78463e+10 
        2067.03     2.67265e+10 
        2091.15     2.56629e+10 
        2114.28     2.46922e+10 
        2126.36     2.42033e+10 
        2145.92     2.34376e+10 
        2165.47     2.27021e+10 
        2185.03     2.19953e+10 
        2204.59     2.13158e+10 
         2214.7     2.09749e+10 
        2234.91     2.03137e+10 
        2263.91     1.94097e+10 
        2292.92     1.85556e+10 
        2313.13     1.79882e+10 
        2344.77     1.71433e+10 
        2362.35     1.66952e+10 
        2379.94     1.62618e+10 
        2409.27     1.55694e+10 
        2432.73     1.50421e+10 
        2451.59     1.46343e+10 
        2466.76     1.43164e+10 
        2488.39      1.3878e+10 
        2510.01     1.34562e+10 
         2547.3     1.27662e+10 
        2559.23     1.25548e+10 
        2571.17     1.23477e+10 
        2595.04     1.19463e+10 
        2618.91     1.15611e+10 
        2642.78     1.11913e+10 
        2657.67     1.09681e+10 
        2687.45     1.05382e+10 
        2717.24     1.01293e+10 
        2737.93      9.85681e+9 
        2756.11      9.62496e+9 
        2774.29      9.39999e+9 
        2810.65       8.9694e+9 
        2839.47      8.64554e+9 
        2854.55      8.48189e+9 
        2869.63      8.32217e+9 
        2899.79      8.01383e+9 
        2926.39       7.7537e+9 
        2952.93      7.50454e+9 
        2965.73      7.38808e+9 
        2978.53      7.27386e+9 
        3004.12      7.05196e+9 
        3051.42       6.6637e+9 
        3098.72      6.30197e+9 
        3142.18      5.99099e+9 
        3157.53      5.88581e+9 
        3172.87      5.78295e+9 
        3203.56      5.58393e+9 
        3248.29      5.30888e+9 
        3293.03      5.05064e+9 
        3328.79      4.85543e+9 
        3346.73      4.76105e+9 
        3364.67      4.66897e+9 
        3400.55      4.49141e+9 
        3445.17      4.28224e+9 
        3489.78       4.0852e+9 
        3525.18      3.93682e+9 
         3543.6      3.86227e+9 
        3562.02      3.78951e+9 
        3591.28      3.67742e+9 
        3635.88      3.51437e+9 
        3647.12      3.47473e+9 
        3658.96      3.43357e+9 
        3671.11      3.39185e+9 
        3682.58      3.35308e+9 
         3693.5      3.31667e+9 
        3703.57       3.2835e+9 
        3713.83      3.25017e+9 
        3724.38      3.21646e+9 
        3734.43      3.18444e+9 
        3744.62      3.15331e+9 
        3754.84      3.12279e+9 
        3765.07      3.09077e+9 
         3775.5      3.06169e+9 
        3786.22      3.03311e+9 
        3796.45      2.98631e+9 
        3807.84      2.98032e+9 
        3818.92      2.95303e+9 
        3830.45      2.87601e+9 
        3840.76      2.85908e+9 
        3851.98      2.89016e+9 
        3862.01      2.87683e+9 
        3872.59      2.81496e+9 
         3884.4      2.66957e+9 
        3894.46      2.65938e+9 
        3904.96      2.74771e+9 
        3916.01      2.77799e+9 
        3928.22      2.76366e+9 
        3938.89      2.72433e+9 
        3950.65      2.63224e+9 
        3962.28      2.45548e+9 
        3972.79      2.33365e+9 
        3984.18      2.50312e+9 
        3996.36      2.58186e+9 
        4008.87      2.59471e+9 
        4023.86      2.57411e+9 
         4035.9      2.54882e+9 
        4048.86      2.51533e+9 
        4063.85      2.45866e+9 
        4075.42      2.38685e+9 
        4085.65      2.27654e+9 
        4096.31      2.07101e+9 
        4106.79      2.04421e+9 
        4117.77      2.21373e+9 
        4128.84      2.28278e+9 
        4143.83      2.30252e+9 
        4158.83      2.28839e+9 
        4173.82      2.26313e+9 
        4188.82      2.23519e+9 
        4203.81      2.20651e+9 
        4216.52      2.18204e+9 
        4228.81      2.15835e+9 
        4243.81      2.12932e+9 
         4258.8      2.09955e+9 
         4273.8      2.06757e+9 
        4288.79      2.02997e+9 
        4303.79      1.97938e+9 
        4314.07      1.92622e+9 
        4326.14      1.81137e+9 
        4336.17      1.63192e+9 
        4346.17      1.64953e+9 
        4357.43      1.79346e+9 
        4367.98      1.84576e+9 
        4378.77      1.86058e+9 
        4393.77      1.85634e+9 
        4408.76        1.841e+9 
        4423.76      1.82101e+9 
        4438.75      1.79933e+9 
        4453.75       1.7772e+9 
        4468.74      1.75514e+9 
        4483.74      1.73326e+9 
        4498.74      1.71165e+9 
        4513.73      1.69032e+9 
        4527.19      1.67144e+9 
        4538.73      1.65544e+9 
        4553.72      1.63492e+9 
        4568.72       1.6147e+9 
        4583.72      1.59477e+9 
        4596.53      1.57798e+9 
        4608.71      1.56222e+9 
         4623.7      1.54307e+9 
         4638.7      1.52419e+9 
         4653.7      1.50558e+9 
        4668.69      1.48722e+9 
        4683.69      1.46911e+9 
        4698.68      1.45121e+9 
        4713.68       1.4335e+9 
        4724.83      1.42042e+9 
        4738.67      1.40424e+9 
        4753.67      1.38668e+9 
        4768.67      1.36885e+9 
        4783.66      1.35047e+9 
        4798.66      1.33044e+9 
        4813.65      1.30656e+9 
        4828.65      1.27242e+9 
        4839.16      1.23209e+9 
        4849.39      1.16249e+9 
        4859.47      1.04089e+9 
        4870.86      1.12339e+9 
        4881.49      1.18513e+9 
        4892.34      1.20876e+9 
        4903.63      1.21434e+9 
        4915.55      1.21144e+9 
        4928.62      1.20396e+9 
        4943.62      1.19285e+9 
        4958.61      1.18064e+9 
        4973.61      1.16799e+9 
        4988.61      1.15517e+9 
         5003.6      1.14235e+9 
         5018.6      1.12959e+9 
         5033.6      1.11694e+9 
        5048.59      1.10443e+9 
        5063.59      1.09207e+9 
        5078.58      1.07986e+9 
        5093.58      1.06781e+9 
        5108.57      1.05593e+9 
        5123.57       1.0442e+9 
        5138.57      1.03263e+9 
        5153.56      1.02122e+9 
        5168.56      1.00997e+9 
        5183.56      9.98866e+8 
        5198.55      9.87918e+8 
        5213.55      9.77117e+8 
        5228.54      9.66461e+8 
        5243.54      9.55952e+8 
        5258.53      9.45582e+8 
        5273.53      9.35356e+8 
        5288.53      9.25265e+8 
        5303.52      9.15309e+8 
        5318.52      9.05489e+8 
        5333.52      8.95797e+8 
        5348.51      8.86237e+8 
        5363.51      8.76812e+8 
         5378.5      8.67501e+8 
         5393.5      8.58315e+8 
        5408.49      8.49251e+8 
        5423.49      8.40304e+8 
        5438.49      8.31476e+8 
        5453.48      8.22764e+8 
        5468.48      8.14166e+8 
        5483.48      8.05677e+8 
        5498.47      7.97302e+8 
        5513.47      7.89033e+8 
        5528.46      7.80874e+8 
        5543.46      7.72819e+8 
        5558.45      7.64868e+8 
        5573.45       7.5702e+8 
        5588.45       7.4927e+8 
        5603.44       7.4162e+8 
        5618.44      7.34068e+8 
        5633.43      7.26613e+8 
        5648.43      7.19252e+8 
        5663.43      7.11982e+8 
        5673.98      7.06921e+8 
         5686.2      7.01119e+8 
        5698.42      6.95376e+8 
        5708.88      6.90503e+8 
        5723.41      6.83808e+8 
        5738.41      6.76985e+8 
         5753.4      6.70246e+8 
         5768.4      6.63586e+8 
        5783.39      6.57011e+8 
        5798.39       6.5052e+8 
        5813.39      6.44108e+8 
        5828.38      6.37775e+8 
        5843.38       6.3152e+8 
        5858.37       6.2534e+8 
        5873.37      6.19239e+8 
        5888.37      6.13211e+8 
        5903.36      6.07254e+8 
        5918.36       6.0137e+8 
        5933.35      5.95558e+8 
        5948.35      5.89815e+8 
        5963.35      5.84141e+8 
        5978.34      5.78534e+8 
        5993.34      5.72995e+8 
        6008.33      5.67522e+8 
        6023.33      5.62116e+8 
        6038.32      5.56775e+8 
        6053.32      5.51497e+8 
        6068.32      5.46279e+8 
        6083.31      5.41124e+8 
        6098.31      5.36028e+8 
        6113.31      5.30995e+8 
         6128.3      5.26019e+8 
         6143.3      5.21099e+8 
        6158.29      5.16239e+8 
        6173.29      5.11432e+8 
        6188.28      5.06682e+8 
        6203.28      5.01986e+8 
        6218.28      4.97346e+8 
        6233.27      4.92756e+8 
        6244.38      4.89388e+8 
        6256.04      4.85885e+8 
        6266.59      4.82743e+8 
        6278.26      4.79294e+8 
        6290.52        4.757e+8 
        6302.31      4.72279e+8 
        6312.59      4.69319e+8 
        6323.25      4.66269e+8 
        6338.24      4.62021e+8 
        6353.24      4.57818e+8 
        6368.24      4.53652e+8 
        6383.23       4.4953e+8 
        6398.23      4.45437e+8 
        6413.22      4.41375e+8 
        6428.22      4.37332e+8 
        6443.22      4.33288e+8 
        6458.21      4.29217e+8 
        6473.21       4.2507e+8 
         6488.2      4.20757e+8 
         6503.2      4.16032e+8 
         6518.2      4.10276e+8 
        6532.67      4.02017e+8 
        6543.19      3.91578e+8 
        6554.43      3.70664e+8 
        6564.49      3.48443e+8 
        6575.67       3.7526e+8 
        6586.28      3.85643e+8 
        6598.17       3.8929e+8 
        6613.66      3.89146e+8 
        6623.98      3.87861e+8 
         6634.3      3.86171e+8 
        6654.94      3.82241e+8 
        6680.98      3.76909e+8 
        6696.23       3.7373e+8 
        6711.48      3.70545e+8 
        6741.98      3.64214e+8 
        6781.19      3.56219e+8 
        6802.98      3.51858e+8 
        6824.78      3.47561e+8 
        6868.37      3.39147e+8 
        6955.56      3.23059e+8 
        6976.35      3.19362e+8 
        7042.75      3.07901e+8 
        7109.15      2.96949e+8 
        7175.54      2.86481e+8 
        7241.94      2.76469e+8 
        7308.33      2.66891e+8 
        7355.95      2.60277e+8 
        7374.73      2.57725e+8 
        7393.51      2.55203e+8 
        7431.08      2.50252e+8 
        7506.22      2.40705e+8 
        7581.35      2.31609e+8 
         7635.1      2.25365e+8 
        7656.49      2.22938e+8 
        7677.88      2.20544e+8 
        7720.67      2.15852e+8 
        7806.23      2.06837e+8 
        7821.36      2.05293e+8 
         7891.8      1.98288e+8 
        7962.25      1.91579e+8 
        7982.84      1.89672e+8 
        8032.69      1.85152e+8 
        8082.55      1.80765e+8 
        8161.68      1.74067e+8 
        8182.26      1.72376e+8 
        8200.85      1.70866e+8 
        8216.85       1.6958e+8 
        8232.84      1.68306e+8 
        8264.83      1.65794e+8 
        8289.72      1.63873e+8 
        8328.82      1.60909e+8 
        8343.44      1.59818e+8 
        8367.92      1.58011e+8 
        8388.68      1.56501e+8 
        8408.65      1.55065e+8 
        8432.02      1.53405e+8 
        8467.25      1.50943e+8 
        8502.48      1.48529e+8 
        8516.58      1.47577e+8 
        8530.98      1.46611e+8 
        8545.38      1.45663e+8 
        8574.18      1.43789e+8 
        8598.39      1.42231e+8 
         8628.6      1.40326e+8 
        8646.81      1.39183e+8 
        8665.01      1.38048e+8 
        8685.59      1.36799e+8 
        8701.43      1.35841e+8 
        8750.47      1.32859e+8 
        8767.92      1.31863e+8 
        8815.35       1.2913e+8 
        8862.78      1.26368e+8 
        8900.38      1.24482e+8 
        8957.65      1.21413e+8 
        8986.28      1.19742e+8 
        9014.91      1.18054e+8 
        9043.54      1.16897e+8 
        9072.17      1.15708e+8 
        9099.72      1.14461e+8 
        9154.81      1.11674e+8 
         9190.8       1.0957e+8 
         9209.9      1.08344e+8 
        9229.01      1.07179e+8 
        9248.11      1.06649e+8 
        9267.22       1.0618e+8 
        9286.33       1.0563e+8 
        9324.54      1.04312e+8 
        9341.42      1.03661e+8 
        9362.75      1.02804e+8 
        9384.08      1.01923e+8 
        9426.75      1.00072e+8 
        9448.09      9.90836e+7 
        9469.42       9.8029e+7 
        9490.75      9.68339e+7 
        9512.09      9.53627e+7 
        9529.03      9.38805e+7 
        9541.73      9.27492e+7 
        9554.43      9.24935e+7 
        9567.14      9.26965e+7 
        9579.84      9.28121e+7 
        9592.54      9.27536e+7 
        9609.48      9.24828e+7 
        9626.42       9.2087e+7 
        9643.36      9.16085e+7 
        9668.45      9.08304e+7 
        9718.64      8.91289e+7 
        9768.82      8.73906e+7 
        9819.01      8.56618e+7 
        9869.19      8.39412e+7 
        9885.94      8.33509e+7 
        9919.38      8.21319e+7 
        9952.82      8.07952e+7 
        9969.54      8.00619e+7 
        9986.26      7.92269e+7 
          10003      7.82461e+7 
        10019.7      7.70636e+7 
        10034.5       7.5811e+7 
        10049.4      7.47413e+7 
        10064.2      7.49606e+7 
          10079      7.53388e+7 
        10101.3      7.55317e+7 
        10116.1      7.54441e+7 
        10130.9      7.52628e+7 
        10143.3      7.50445e+7 
        10160.6      7.47055e+7 
        10190.3      7.40181e+7 
        10237.2      7.28174e+7 
          10331      7.03224e+7 
        10424.9       6.7893e+7 
        10518.7      6.55506e+7 
        10612.6      6.33081e+7 
        10706.4      6.11288e+7 
        10753.3      6.00399e+7 
        10800.2      5.89074e+7 
        10823.7       5.8301e+7 
        10847.2      5.76225e+7 
        10870.6      5.68242e+7 
        10883.1       5.6308e+7 
        10894.1      5.57639e+7 
        10905.1      5.51412e+7 
        10916.1      5.43976e+7 
        10927.1      5.35271e+7 
          10938      5.20298e+7 
          10954      5.33345e+7 
        10966.8      5.37596e+7 
        10979.6      5.40291e+7 
        10992.4      5.41629e+7 
        11005.2      5.41774e+7 
          11018      5.41196e+7 
        11043.6      5.38592e+7 
        11069.2      5.35001e+7 
        11120.4      5.26613e+7 
        11171.6       5.1769e+7 
        11184.6        5.154e+7 
        11222.8      5.08706e+7 
        11260.9      5.02061e+7 
        11337.2       4.8902e+7 
        11413.5      4.76363e+7 
        11489.8      4.64126e+7 
        11566.1      4.52245e+7 
        11642.4      4.40743e+7 
        11718.7      4.29603e+7 
          11795      4.18812e+7 
        11871.3       4.0836e+7 
        11947.6      3.98231e+7 
        12023.9      3.88398e+7 
        12100.2      3.78879e+7 
        12176.5      3.69649e+7 
          12221      3.64393e+7 
        12252.8      3.60693e+7 
        12284.6      3.57039e+7 
        12348.2      3.49857e+7 
        12411.9      3.42845e+7 
        12475.5      3.35981e+7 
        12539.1      3.29236e+7 
        12602.7      3.22538e+7 
        12666.3      3.15655e+7 
        12698.1      3.11914e+7 
        12729.9      3.07559e+7 
        12745.8      3.04925e+7 
        12761.7      3.01711e+7 
        12777.6      2.97626e+7 
        12793.5      2.92333e+7 
        12805.8      2.87065e+7 
          12818      2.78975e+7 
        12829.2      2.84605e+7 
          12842      2.87948e+7 
        12854.8      2.90042e+7 
        12867.6      2.91268e+7 
        12880.4      2.91793e+7 
        12893.2      2.91839e+7 
        12918.8      2.91004e+7 
        12944.4      2.89517e+7 
          12970      2.87711e+7 
        13021.2      2.83721e+7 
        13072.3      2.79566e+7 
        13123.5      2.75401e+7 
        13174.7      2.71272e+7 
        13225.9      2.67202e+7 
        13245.8      2.65634e+7 
        13277.1      2.63196e+7 
        13308.4      2.60783e+7 
        13370.9      2.56036e+7 
        13433.4      2.51393e+7 
        13495.9      2.46853e+7 
        13558.4      2.42413e+7 
        13620.9      2.38078e+7 
        13683.5      2.33833e+7 
          13746      2.29682e+7 
        13808.5      2.25623e+7 
          13871      2.21653e+7 
        13933.5       2.1777e+7 
        13996.1      2.13972e+7 
        14058.6      2.10256e+7 
        14121.1       2.0662e+7 
        14183.6      2.03063e+7 
        14246.1      1.99582e+7 
        14285.2      1.97443e+7 
        14300.2      1.96633e+7 
        14332.1      1.94918e+7 
        14378.9      1.92433e+7 
        14457.6      1.88345e+7 
        14489.5       1.8672e+7 
        14536.4      1.84365e+7 
        14581.2      1.82145e+7 
        14597.2      1.81362e+7 
        14613.2      1.80583e+7 
        14645.2      1.79036e+7 
        14709.2      1.75993e+7 
        14773.2      1.73014e+7 
        14837.1      1.70098e+7 
        14901.1      1.67244e+7 
        14965.1      1.64449e+7 
        15029.1      1.61712e+7 
        15093.1      1.59031e+7 
        15157.1      1.56406e+7 
          15221      1.53836e+7 
          15285      1.51317e+7 
          15349       1.4885e+7 
          15413      1.46433e+7 
        15471.6      1.44263e+7 
        15482.4      1.43868e+7 
        15493.1      1.43475e+7 
        15514.7      1.42692e+7 
        15557.9      1.41144e+7 
        15644.2      1.38109e+7 
        15730.5      1.35156e+7 
        15816.8      1.32281e+7 
        15903.1      1.29483e+7 
        15989.4      1.26758e+7 
        16075.8      1.24105e+7 
        16162.1       1.2152e+7 
        16248.4      1.19003e+7 
        16289.9      1.17816e+7 
        16334.7       1.1655e+7 
        16379.5      1.15302e+7 
        16469.1       1.1286e+7 
        16558.8      1.10483e+7 
        16648.4      1.08168e+7 
          16738      1.05913e+7 
        16827.7      1.03717e+7 
        16917.3      1.01577e+7 
        17006.9       9.9492e+6 
        17096.6      9.74607e+6 
        17186.2      9.54805e+6 
        17275.8      9.35507e+6 
        17327.7      9.24561e+6 
        17365.5      9.16692e+6 
        17403.2      9.08904e+6 
        17478.8      8.93557e+6 
        17554.3      8.78534e+6 
        17629.9      8.63825e+6 
        17705.4      8.49421e+6 
          17781      8.35315e+6 
        17856.5      8.21504e+6 
        17932.1      8.07974e+6 
        18007.6      7.94669e+6 
        18083.2      7.81675e+6 
        18158.7      7.68936e+6 
        18234.3      7.56445e+6 
        18309.8      7.44184e+6 
        18343.7      7.38746e+6 
        18385.3      7.32132e+6 
          18427      7.25567e+6 
        18510.2      7.12469e+6 
        18551.8      7.05837e+6 
        18593.4      6.98967e+6 
          18635      6.91421e+6 
        18657.9      6.86542e+6 
        18676.6      6.81836e+6 
        18695.2      6.75958e+6 
        18713.8      6.68292e+6 
        18727.8      6.60812e+6 
        18739.5      6.51752e+6 
        18749.9      6.06186e+6 
        18760.4      6.46537e+6 
        18772.1      6.53596e+6 
          18786       6.5756e+6 
        18804.7      6.60215e+6 
        18823.3      6.60947e+6 
        18841.9      6.60419e+6 
        18879.2      6.57435e+6 
        18916.5      6.53297e+6 
          18991      6.43995e+6 
        19065.5      6.34379e+6 
          19140      6.24803e+6 
        19214.6      6.15356e+6 
        19289.1      6.06063e+6 
        19363.6      5.96931e+6 
        19425.6       5.8946e+6 
        19438.2      5.87965e+6 
        19450.7      5.86476e+6 
        19475.7       5.8351e+6 
        19525.8      5.77632e+6 
        19575.8      5.71848e+6 
        19625.9      5.66112e+6 
        19675.9      5.60448e+6 
          19726      5.54856e+6 
          19776      5.49329e+6 
        19826.1      5.43873e+6 
        19876.1      5.38485e+6 
        19926.2      5.33163e+6 
        19976.2      5.27907e+6 
        20026.3      5.22717e+6 
        20076.3       5.1759e+6 
        20126.4      5.12526e+6 
        20176.4      5.07521e+6 
        20226.5      5.02579e+6 
        20276.5      4.97697e+6 
        20326.6      4.92872e+6 
        20376.7      4.88109e+6 
        20426.7        4.834e+6 
        20474.4      4.78967e+6 
        20569.8      4.70252e+6 
        20665.2      4.61736e+6 
        20760.5       4.5341e+6 
        20855.9       4.4527e+6 
        20951.3      4.37313e+6 
        21046.7      4.29534e+6 
          21142      4.21925e+6 
        21237.4      4.14486e+6 
        21332.8       4.0721e+6 
        21428.2      4.00091e+6 
        21523.6      3.93129e+6 
        21607.3      3.87145e+6 
        21618.9      3.86319e+6 
        21630.6      3.85495e+6 
          21654      3.83855e+6 
        21700.6      3.80601e+6 
          21794      3.74195e+6 
        21887.3      3.67924e+6 
        21980.7      3.61786e+6 
          22074      3.55773e+6 
        22167.4      3.49885e+6 
        22260.7      3.44117e+6 
        22354.1      3.38469e+6 
        22447.4      3.32937e+6 
        22540.8      3.27517e+6 
        22634.1      3.22205e+6 
        22668.1      3.20298e+6 
        22727.5      3.17002e+6 
        22784.8      3.13859e+6 
        22800.8      3.12988e+6 
        22816.8      3.12121e+6 
        22848.8      3.10396e+6 
        22912.8      3.06981e+6 
        22976.8      3.03613e+6 
        23040.8      3.00291e+6 
        23104.8      2.97015e+6 
        23168.7      2.93783e+6 
        23232.7      2.90594e+6 
        23296.7      2.87449e+6 
        23360.7      2.84347e+6 
        23424.7      2.81286e+6 
        23488.6      2.78266e+6 
        23552.6      2.75287e+6 
        23616.6      2.72347e+6 
        23680.6      2.69447e+6 
        23744.6      2.66585e+6 
        23808.6      2.63761e+6 
        23872.5      2.60974e+6 
        23936.5      2.58224e+6 
        24000.5       2.5551e+6 
        24064.5      2.52832e+6 
        24128.5      2.50189e+6 
        24192.5       2.4758e+6 
        24256.4      2.45005e+6 
        24320.4      2.42464e+6 
        24384.4      2.39955e+6 
        24448.4      2.37479e+6 
        24512.4      2.35034e+6 
        24576.3      2.32622e+6 
        24640.3      2.30239e+6 
        24704.3      2.27888e+6 
        24768.3      2.25566e+6 
        24832.3      2.23274e+6 
        24896.3      2.21011e+6 
        24960.2      2.18776e+6 
        25004.4       2.1725e+6 
        25024.2       2.1657e+6 
          25044      2.15893e+6 
        25083.6      2.14548e+6 
        25162.8       2.1189e+6 
        25241.9      2.09272e+6 
        25321.1      2.06695e+6 
        25400.2      2.04157e+6 
        25479.4      2.01659e+6 
        25558.5      1.99198e+6 
        25637.7      1.96775e+6 
        25716.9      1.94388e+6 
          25796      1.92038e+6 
        25875.2      1.89723e+6 
        25954.3      1.87442e+6 
        26033.5      1.85196e+6 
        26112.7      1.82984e+6 
        26191.8      1.80804e+6 
          26271      1.78657e+6 
        26350.1      1.76542e+6 
        26429.3      1.74458e+6 
        26508.4      1.72404e+6 
        26587.6      1.70381e+6 
        26666.8      1.68387e+6 
        26745.9      1.66422e+6 
        26825.1      1.64486e+6 
        26904.2      1.62577e+6 
        26983.4      1.60697e+6 
        27062.6      1.58844e+6 
        27141.7      1.57017e+6 
        27220.9      1.55216e+6 
        27299.2       1.5346e+6 
        27377.5      1.51729e+6 
        27455.8      1.50022e+6 
        27534.2      1.48339e+6 
        27612.5      1.46679e+6 
        27690.8      1.45043e+6 
        27769.1      1.43429e+6 
        27847.5      1.41839e+6 
        27925.8      1.40269e+6 
        28004.1      1.38722e+6 
        28082.4      1.37196e+6 
        28160.8       1.3569e+6 
        28239.1      1.34205e+6 
        28317.4      1.32741e+6 
        28395.7      1.31296e+6 
          28474      1.29872e+6 
        28552.4      1.28466e+6 
        28630.7      1.27079e+6 
          28709      1.25711e+6 
        28787.3      1.24361e+6 
        28865.7      1.23029e+6 
          28944      1.21716e+6 
        29022.3      1.20419e+6 
        29100.6       1.1914e+6 
          29179      1.17878e+6 
        29257.3      1.16633e+6 
        29335.6      1.15403e+6 
        29413.9       1.1419e+6 
        29492.3      1.12993e+6 
        29570.6      1.11812e+6 
        29648.9      1.10646e+6 
        29727.2      1.09495e+6 
        29805.5      1.08359e+6 
        29883.9      1.07237e+6 
        29932.6      1.06547e+6 
        29962.2      1.06131e+6 
        29991.8      1.05716e+6 
