# Koester WD models
# teff = 60000 K (value for the effective temperature for the model. Temperatures are given in K)
# logg = 9 log(cm/s2) (value for Log(G) for the model.)
#
# column 1: WAVELENGTH (ANGSTROM), Wavelength in Angstrom
# column 2: FLUX (ERG/CM2/S/A), Flux in erg/cm2/s/A
         899.23     1.70768e+11 
        909.241     1.67051e+11 
        919.251     1.63201e+11 
        929.261     1.56563e+11 
        939.271     1.70212e+11 
         949.28     1.12817e+11 
        959.289     2.51303e+11 
        969.292     1.50657e+11 
        979.305      2.3229e+11 
        989.312     3.02978e+11 
        999.319     3.13593e+11 
        1009.33     2.85127e+11 
        1019.33     1.85604e+11 
        1029.34     1.60958e+11 
        1039.34     2.66374e+11 
        1049.35     3.02958e+11 
        1059.36     3.10679e+11 
        1069.36     3.08225e+11 
        1079.36     3.02158e+11 
        1089.37     2.94735e+11 
        1099.37     2.86822e+11 
        1109.38     2.78782e+11 
        1119.38     2.70767e+11 
        1129.38     2.62832e+11 
        1139.39     2.54971e+11 
        1149.39     2.47109e+11 
        1159.39     2.39093e+11 
        1169.39     2.30565e+11 
         1179.4     2.20641e+11 
         1189.4      2.0689e+11 
         1199.4     1.81931e+11 
         1209.4     1.25316e+11 
        1219.41     1.11819e+11 
        1229.41     1.65468e+11 
        1239.41     1.80606e+11 
        1249.41      1.8265e+11 
        1259.41     1.80581e+11 
        1269.41     1.77105e+11 
        1279.42     1.73131e+11 
        1289.42     1.68996e+11 
        1299.42     1.64846e+11 
        1309.42     1.60747e+11 
        1319.42     1.56733e+11 
        1329.42     1.52817e+11 
        1339.42     1.49006e+11 
        1349.42     1.45302e+11 
        1359.42     1.41707e+11 
        1369.42     1.38217e+11 
        1379.42     1.34829e+11 
        1389.42     1.31542e+11 
        1399.42     1.28351e+11 
        1409.42     1.25255e+11 
        1419.42     1.22253e+11 
        1429.42     1.19338e+11 
        1439.42     1.16509e+11 
        1454.42     1.12419e+11 
        1464.42     1.09792e+11 
        1474.42     1.07241e+11 
        1489.42     1.03553e+11 
        1504.42     1.00022e+11 
        1514.42     9.77522e+10 
        1529.42     9.44671e+10 
        1544.42     9.13186e+10 
        1559.42     8.83001e+10 
        1570.19       8.621e+10 
        1584.41     8.35425e+10 
        1599.41      8.0841e+10 
        1614.41     7.82473e+10 
        1629.41     7.57576e+10 
        1644.41     7.33672e+10 
        1659.41     7.10707e+10 
        1670.17     6.94773e+10 
         1684.4     6.74399e+10 
         1699.4     6.53737e+10 
         1714.4     6.33867e+10 
         1729.4     6.14744e+10 
         1744.4     5.96331e+10 
        1759.39     5.78606e+10 
         1771.7     5.64554e+10 
        1784.39     5.50508e+10 
        1799.39      5.3447e+10 
           1824       5.094e+10 
        1834.77     4.98891e+10 
        1845.54     4.88659e+10 
           1864     4.71716e+10 
        1876.29     4.60843e+10 
        1888.59     4.50288e+10 
        1906.98     4.35051e+10 
        1919.37     4.25152e+10 
        1931.76     4.15535e+10 
        1944.47     4.05947e+10 
        1956.53     3.97107e+10 
         1967.6     3.89199e+10 
        1992.71     3.72005e+10 
        2017.81     3.55748e+10 
        2042.92     3.40385e+10 
        2067.03     3.26402e+10 
        2091.15     3.13137e+10 
        2114.28      3.0104e+10 
        2126.36     2.94953e+10 
        2145.92     2.85425e+10 
        2165.47     2.76278e+10 
        2185.03     2.67496e+10 
        2204.59     2.59062e+10 
         2214.7     2.54834e+10 
        2234.91     2.46638e+10 
        2263.91     2.35445e+10 
        2292.92     2.24884e+10 
        2313.13     2.17872e+10 
        2344.77     2.07441e+10 
        2362.35     2.01912e+10 
        2379.94     1.96569e+10 
        2409.27     1.88041e+10 
        2421.03     1.84755e+10 
        2438.61     1.79973e+10 
        2451.59     1.76541e+10 
        2466.76     1.72636e+10 
        2488.39     1.67253e+10 
        2510.01     1.62078e+10 
         2547.3     1.53619e+10 
        2559.23     1.51029e+10 
        2571.17     1.48494e+10 
        2595.04     1.43581e+10 
        2618.91     1.38871e+10 
        2642.78     1.34352e+10 
        2657.67     1.31626e+10 
        2687.45      1.2638e+10 
        2717.24     1.21394e+10 
        2737.93     1.18073e+10 
        2756.11     1.15249e+10 
        2774.29     1.12511e+10 
        2810.65     1.07274e+10 
        2839.47     1.03338e+10 
        2854.55      1.0135e+10 
        2869.63      9.94107e+9 
        2899.79      9.56694e+9 
        2926.39      9.25152e+9 
        2952.93      8.94958e+9 
        2965.73      8.80849e+9 
        2978.53      8.67017e+9 
        3004.12      8.40162e+9 
        3051.42      7.93214e+9 
        3098.72      7.49524e+9 
        3142.18      7.11998e+9 
        3157.53      6.99315e+9 
        3172.87      6.86919e+9 
        3203.56      6.62933e+9 
        3248.29      6.29817e+9 
        3293.03      5.98756e+9 
        3328.79      5.75295e+9 
        3346.73      5.63957e+9 
        3364.67      5.52898e+9 
        3400.55      5.31589e+9 
        3445.17      5.06506e+9 
        3489.78      4.82888e+9 
        3525.18      4.65122e+9 
         3543.6        4.562e+9 
        3562.02      4.47495e+9 
        3591.28      4.34086e+9 
        3635.88      4.14593e+9 
        3647.12      4.09855e+9 
        3658.96      4.04942e+9 
        3671.11      3.99959e+9 
        3682.58      3.95338e+9 
         3693.5      3.90996e+9 
        3703.57      3.87044e+9 
        3713.83       3.8307e+9 
        3724.38      3.79033e+9 
        3734.43      3.75238e+9 
        3744.62      3.71434e+9 
        3754.84       3.6767e+9 
        3765.07      3.63944e+9 
         3775.5      3.60196e+9 
        3786.22      3.56395e+9 
        3796.45      3.52798e+9 
        3807.84      3.48893e+9 
        3818.92       3.4511e+9 
        3830.45      3.41171e+9 
        3840.76       3.3779e+9 
        3851.98      3.34262e+9 
        3862.01      3.31026e+9 
        3872.59      3.27508e+9 
         3884.4      3.23487e+9 
        3894.46      3.20571e+9 
        3908.89      3.16933e+9 
        3923.89      3.12757e+9 
        3935.81      3.08973e+9 
        3946.58      3.05089e+9 
        3957.31      3.00784e+9 
        3967.38      2.96773e+9 
        3977.86      2.94925e+9 
        3988.87      2.93939e+9 
        4003.87      2.91994e+9 
        4018.86      2.89082e+9 
        4032.38      2.85715e+9 
        4043.86      2.82344e+9 
        4058.85      2.76625e+9 
        4073.85      2.69452e+9 
           4084      2.63689e+9 
        4096.52       2.5581e+9 
        4106.79      2.53589e+9 
        4117.77      2.55855e+9 
        4128.84      2.57412e+9 
        4143.83      2.58211e+9 
        4158.83      2.57588e+9 
        4173.82      2.55654e+9 
        4188.82      2.53121e+9 
        4203.81      2.50232e+9 
        4216.52      2.47601e+9 
        4228.81        2.449e+9 
        4243.81      2.41289e+9 
         4258.8      2.37172e+9 
         4273.8        2.321e+9 
        4288.79      2.26006e+9 
        4303.79      2.18384e+9 
        4314.07      2.12219e+9 
        4326.14      2.04036e+9 
        4336.17      1.95888e+9 
        4346.17      1.95304e+9 
        4357.43      2.00302e+9 
        4367.98      2.03456e+9 
        4378.77      2.05761e+9 
        4393.77      2.07566e+9 
        4408.76      2.07765e+9 
        4423.76      2.07015e+9 
        4438.75      2.05436e+9 
        4453.75       2.0345e+9 
        4468.74      2.01247e+9 
        4483.74      1.98952e+9 
        4498.74       1.9662e+9 
        4513.73      1.94276e+9 
        4527.19      1.92176e+9 
        4538.73      1.90382e+9 
        4553.72      1.88066e+9 
        4568.72      1.85771e+9 
        4583.72      1.83498e+9 
        4596.53      1.81574e+9 
        4608.71      1.79763e+9 
         4623.7      1.77549e+9 
         4638.7      1.75355e+9 
         4653.7      1.73176e+9 
        4668.69      1.71008e+9 
        4683.69      1.68841e+9 
        4698.68       1.6666e+9 
        4713.68      1.64437e+9 
        4724.83      1.62745e+9 
        4738.67      1.60562e+9 
        4753.67      1.58038e+9 
        4768.67       1.5531e+9 
        4783.66      1.52235e+9 
        4798.66      1.48576e+9 
        4813.65       1.4414e+9 
        4828.65      1.38647e+9 
        4839.16      1.33917e+9 
        4851.78      1.26914e+9 
        4861.84      1.22126e+9 
        4872.13      1.25658e+9 
        4882.71      1.29345e+9 
        4893.63      1.31949e+9 
        4903.92      1.33503e+9 
        4915.55      1.34644e+9 
        4928.62      1.35098e+9 
        4943.62      1.34991e+9 
        4958.61       1.3435e+9 
        4973.61      1.33417e+9 
        4988.61      1.32298e+9 
         5003.6      1.31055e+9 
         5018.6      1.29741e+9 
         5033.6      1.28386e+9 
        5048.59      1.27009e+9 
        5063.59       1.2563e+9 
        5078.58      1.24255e+9 
        5093.58      1.22889e+9 
        5108.57      1.21534e+9 
        5123.57      1.20194e+9 
        5138.57      1.18868e+9 
        5153.56      1.17558e+9 
        5168.56      1.16264e+9 
        5183.56      1.14986e+9 
        5198.55      1.13725e+9 
        5213.55       1.1248e+9 
        5228.54      1.11251e+9 
        5243.54      1.10038e+9 
        5258.53      1.08841e+9 
        5273.53       1.0766e+9 
        5288.53      1.06495e+9 
        5303.52      1.05345e+9 
        5318.52       1.0421e+9 
        5333.52       1.0309e+9 
        5348.51      1.01985e+9 
        5363.51      1.00905e+9 
         5378.5      9.98279e+8 
         5393.5      9.87651e+8 
        5408.49      9.77164e+8 
        5423.49      9.66816e+8 
        5438.49      9.56602e+8 
        5453.48      9.46524e+8 
        5468.48      9.36578e+8 
        5483.48       9.2676e+8 
        5498.47      9.17072e+8 
        5513.47      9.07512e+8 
        5528.46      8.98071e+8 
        5543.46      8.88757e+8 
        5558.45      8.79561e+8 
        5573.45      8.70485e+8 
        5588.45      8.61525e+8 
        5603.44      8.52679e+8 
        5618.44      8.43948e+8 
        5633.43      8.35327e+8 
        5648.43      8.26814e+8 
        5663.43      8.18413e+8 
        5673.98      8.12774e+8 
         5686.2       8.0606e+8 
        5698.42      7.99416e+8 
        5708.88      7.93777e+8 
        5723.41      7.86033e+8 
        5738.41      7.78138e+8 
         5753.4      7.70344e+8 
         5768.4      7.62584e+8 
        5783.39      7.54981e+8 
        5798.39       7.4747e+8 
        5813.39      7.40056e+8 
        5828.38      7.32729e+8 
        5843.38      7.25494e+8 
        5858.37       7.1835e+8 
        5873.37      7.11291e+8 
        5888.37       7.0432e+8 
        5903.36      6.97434e+8 
        5918.36      6.90629e+8 
        5933.35      6.83906e+8 
        5948.35      6.77265e+8 
        5963.35      6.70705e+8 
        5978.34      6.64224e+8 
        5993.34      6.57818e+8 
        6008.33      6.51488e+8 
        6023.33      6.45236e+8 
        6038.32      6.39056e+8 
        6053.32      6.32949e+8 
        6068.32      6.26914e+8 
        6083.31      6.20948e+8 
        6098.31      6.15052e+8 
        6113.31      6.09221e+8 
         6128.3      6.03456e+8 
         6143.3      5.97757e+8 
        6158.29      5.92121e+8 
        6173.29      5.86548e+8 
        6188.28      5.81034e+8 
        6203.28      5.75577e+8 
        6218.28       5.7018e+8 
        6233.27      5.64833e+8 
        6244.38      5.60906e+8 
        6256.04      5.56813e+8 
        6266.59       5.5314e+8 
        6278.26        5.491e+8 
        6290.52      5.44884e+8 
        6302.31       5.4086e+8 
        6312.59      5.37376e+8 
        6323.25      5.33775e+8 
        6338.24      5.28733e+8 
        6353.24      5.23713e+8 
        6368.24      5.18699e+8 
        6383.23      5.13679e+8 
        6398.23      5.08618e+8 
        6413.22      5.03481e+8 
        6428.22      4.98213e+8 
        6443.22      4.92731e+8 
        6458.21      4.86893e+8 
        6473.21      4.80525e+8 
         6488.2      4.73315e+8 
         6503.2      4.64802e+8 
         6518.2      4.54237e+8 
        6532.67       4.4119e+8 
        6543.19      4.29226e+8 
        6554.43       4.1339e+8 
        6564.49      3.96211e+8 
        6575.67      4.14071e+8 
        6586.28       4.2255e+8 
        6598.17      4.28695e+8 
        6613.66      4.32937e+8 
        6623.98      4.34052e+8 
         6634.3      4.34212e+8 
        6644.62      4.33681e+8 
        6665.26      4.31246e+8 
         6685.9      4.27722e+8 
        6701.62       4.2463e+8 
        6721.34       4.2048e+8 
         6736.2      4.17238e+8 
        6780.49      4.07373e+8 
        6824.78      3.97515e+8 
        6913.35      3.78399e+8 
        7001.93      3.60262e+8 
        7071.86      3.46668e+8 
         7090.5       3.4315e+8 
        7109.15      3.39675e+8 
        7146.44      3.32855e+8 
        7221.02      3.19717e+8 
         7295.6      3.07218e+8 
        7346.84      2.98981e+8 
        7370.18       2.9533e+8 
        7393.51      2.91725e+8 
        7440.19      2.84679e+8 
        7533.55      2.71214e+8 
        7575.92      2.65365e+8 
         7626.9      2.58536e+8 
        7677.88      2.51925e+8 
        7728.86      2.45525e+8 
        7779.84      2.39327e+8 
        7830.82      2.33323e+8 
         7881.8      2.27507e+8 
        7903.32      2.25106e+8 
        7932.78       2.2187e+8 
        7962.25      2.18692e+8 
        8021.18      2.12505e+8 
        8077.68      2.06778e+8 
        8097.18      2.04846e+8 
        8108.49      2.03735e+8 
        8155.67      1.99185e+8 
        8200.85      1.94946e+8 
        8216.85      1.93472e+8 
        8232.84      1.92012e+8 
        8264.83      1.89133e+8 
        8289.72      1.86932e+8 
        8328.82      1.83536e+8 
        8343.44      1.82286e+8 
        8367.92      1.80218e+8 
        8388.68      1.78486e+8 
        8408.65       1.7684e+8 
        8432.02      1.74937e+8 
        8467.25      1.72118e+8 
        8502.48      1.69355e+8 
        8516.58      1.68264e+8 
        8530.98       1.6716e+8 
        8545.38      1.66065e+8 
        8574.18      1.63902e+8 
        8598.39      1.62111e+8 
         8628.6       1.5991e+8 
        8646.81      1.58601e+8 
        8665.01      1.57306e+8 
        8685.59      1.55858e+8 
        8701.43      1.54755e+8 
        8750.47      1.51398e+8 
        8767.92      1.50226e+8 
        8815.35      1.47097e+8 
        8862.78      1.44054e+8 
        8900.38      1.41699e+8 
        8957.65      1.38194e+8 
        9014.91      1.34797e+8 
        9044.62      1.33081e+8 
        9072.17      1.31515e+8 
        9099.72      1.29969e+8 
        9154.81      1.26947e+8 
         9190.8      1.25014e+8 
         9209.9      1.24002e+8 
        9229.01      1.23004e+8 
        9267.22      1.21035e+8 
         9303.2      1.19237e+8 
        9343.64      1.17245e+8 
        9384.08      1.15284e+8 
        9464.96      1.11447e+8 
        9545.72       1.0772e+8 
        9561.21      1.07045e+8 
        9576.69      1.06407e+8 
        9607.66      1.05133e+8 
        9668.45      1.02658e+8 
        9729.24      1.00221e+8 
        9790.04      9.78185e+7 
        9850.83      9.54532e+7 
        9870.42      9.46901e+7 
        9911.62      9.30769e+7 
        9952.82       9.1464e+7 
        10021.1      8.87959e+7 
        10035.2      8.82656e+7 
        10049.4      8.77862e+7 
        10077.7       8.6887e+7 
        10134.2      8.52581e+7 
        10144.5      8.49625e+7 
        10190.8      8.36144e+7 
        10237.2      8.22513e+7 
        10329.9      7.95106e+7 
        10422.6      7.68276e+7 
        10515.3      7.41664e+7 
          10608      7.16289e+7 
        10700.7      6.90915e+7 
        10793.4      6.64786e+7 
        10834.1      6.52989e+7 
        10886.1      6.37542e+7 
        10912.1      6.29333e+7 
        10925.1      6.24743e+7 
        10938.1      6.19286e+7 
        10951.1      6.19035e+7 
        10964.1      6.17879e+7 
        10977.1      6.16264e+7 
        10990.1      6.14527e+7 
        11003.1      6.12645e+7 
          11029      6.08655e+7 
          11081      6.00211e+7 
          11133      5.91166e+7 
          11185      5.81817e+7 
          11213      5.76586e+7 
          11237      5.72103e+7 
        11260.9      5.67595e+7 
        11308.8      5.58534e+7 
        11404.6      5.40674e+7 
        11500.4      5.23553e+7 
        11596.1      5.06802e+7 
        11691.9      4.90714e+7 
        11787.7       4.7526e+7 
        11883.5       4.6041e+7 
        11979.3      4.46131e+7 
          12075      4.32233e+7 
        12170.8      4.18957e+7 
        12248.5      4.08511e+7 
        12266.6      4.06126e+7 
        12284.6      4.03751e+7 
        12320.7      3.99039e+7 
        12392.9      3.89718e+7 
          12465      3.80497e+7 
        12537.2      3.71185e+7 
        12609.4      3.61556e+7 
        12681.5      3.51076e+7 
        12721.5      3.44611e+7 
        12753.7      3.38862e+7 
        12769.8      3.35707e+7 
        12785.9      3.32547e+7 
          12802      3.29635e+7 
          12814      3.29138e+7 
        12824.1      3.27722e+7 
        12840.2      3.26236e+7 
        12856.3      3.26132e+7 
        12888.5      3.25783e+7 
        12920.7      3.24797e+7 
        12952.9      3.23235e+7 
        12985.1      3.21294e+7 
        13017.3      3.19048e+7 
        13081.7      3.14054e+7 
        13146.1      3.08672e+7 
        13210.5      3.03143e+7 
        13241.3      3.00476e+7 
        13274.8      2.97595e+7 
        13308.4      2.94727e+7 
        13375.4       2.8905e+7 
        13442.4      2.83476e+7 
        13509.4      2.78016e+7 
        13576.4      2.72675e+7 
        13643.4      2.67506e+7 
        13710.4      2.62396e+7 
        13777.4      2.57407e+7 
        13844.4      2.52537e+7 
        13911.4      2.47781e+7 
        13978.5      2.43136e+7 
        14045.5        2.386e+7 
        14112.5      2.34169e+7 
        14179.5       2.2984e+7 
        14246.5      2.25611e+7 
        14294.9      2.22614e+7 
        14313.5      2.21479e+7 
        14332.1      2.20351e+7 
        14369.2      2.18115e+7 
        14429.2      2.14558e+7 
        14443.4      2.13728e+7 
        14457.6      2.12902e+7 
          14486      2.11261e+7 
        14502.4      2.10321e+7 
        14542.8      2.08027e+7 
        14581.2      2.05875e+7 
        14597.2      2.04987e+7 
        14613.2      2.04104e+7 
        14645.2      2.02352e+7 
        14709.2      1.98903e+7 
        14773.2      1.95528e+7 
        14837.1      1.92224e+7 
        14901.1      1.88989e+7 
        14965.1      1.85822e+7 
        15029.1      1.82722e+7 
        15093.1      1.79685e+7 
        15157.1      1.76712e+7 
          15221        1.738e+7 
          15285      1.70947e+7 
          15349      1.68153e+7 
          15413      1.65416e+7 
        15471.6      1.62958e+7 
        15482.4       1.6251e+7 
        15493.1      1.62064e+7 
        15514.7      1.61177e+7 
        15557.9       1.5942e+7 
        15644.2      1.55978e+7 
        15730.5      1.52628e+7 
        15816.8      1.49368e+7 
        15903.1      1.46194e+7 
        15989.4      1.43104e+7 
        16075.8      1.40096e+7 
        16162.1      1.37166e+7 
        16248.4      1.34312e+7 
        16289.9      1.32966e+7 
        16334.7      1.31532e+7 
        16379.5      1.30117e+7 
        16469.1      1.27345e+7 
        16558.8      1.24646e+7 
        16648.4      1.22018e+7 
          16738      1.19459e+7 
        16827.7      1.16967e+7 
        16917.3       1.1454e+7 
        17006.9      1.12175e+7 
        17096.6      1.09871e+7 
        17186.2      1.07626e+7 
        17275.8      1.05438e+7 
        17327.7      1.04197e+7 
        17365.5      1.03305e+7 
        17403.2      1.02423e+7 
        17478.8      1.00686e+7 
        17554.3      9.89872e+6 
        17629.9      9.73234e+6 
        17705.4      9.56945e+6 
          17781      9.40995e+6 
        17856.5      9.25438e+6 
        17932.1      9.10141e+6 
        18007.6      8.94719e+6 
        18083.2      8.79929e+6 
        18158.7      8.65389e+6 
        18234.3      8.51064e+6 
        18309.8      8.36879e+6 
        18343.7      8.30524e+6 
        18385.3      8.22723e+6 
          18427      8.14854e+6 
        18510.2      7.98593e+6 
        18551.8      7.89878e+6 
        18593.4      7.80544e+6 
          18635      7.70061e+6 
        18657.9      7.63633e+6 
        18676.6       7.5789e+6 
        18695.2      7.51422e+6 
        18713.8      7.43803e+6 
        18727.8        7.366e+6 
        18739.5      7.26927e+6 
        18749.9       6.9667e+6 
        18761.6      7.22328e+6 
        18780.2       7.3103e+6 
        18808.2      7.34181e+6 
        18826.8      7.34715e+6 
        18845.4      7.34511e+6 
        18882.7      7.32682e+6 
          18920       7.2971e+6 
        18957.2      7.25874e+6 
        19031.8      7.16852e+6 
        19106.3      7.06924e+6 
        19180.8      6.96692e+6 
        19255.3      6.86422e+6 
        19329.9      6.76222e+6 
        19358.1      6.72386e+6 
        19404.4      6.66143e+6 
        19450.7      6.59958e+6 
        19543.2      6.47774e+6 
        19635.8      6.35987e+6 
        19728.4      6.24278e+6 
        19820.9       6.1284e+6 
        19913.5      6.01662e+6 
        20006.1      5.90736e+6 
        20098.6      5.80057e+6 
        20191.2      5.69618e+6 
        20283.8      5.59414e+6 
        20376.3      5.49436e+6 
        20463.4      5.40253e+6 
        20474.4       5.3911e+6 
        20485.4      5.37969e+6 
        20507.3      5.35701e+6 
        20551.1      5.31193e+6 
        20638.9      5.22324e+6 
        20726.6      5.13638e+6 
        20814.3       5.0513e+6 
          20902      4.96799e+6 
        20989.7      4.88637e+6 
        21077.4      4.80645e+6 
        21165.2      4.72813e+6 
        21252.9      4.65141e+6 
        21340.6      4.57623e+6 
        21428.3      4.50259e+6 
          21516       4.4304e+6 
        21576.9      4.38117e+6 
        21603.7      4.35965e+6 
        21630.6      4.33826e+6 
        21684.4      4.29585e+6 
        21738.1      4.25394e+6 
        21791.9      4.21256e+6 
        21845.6      4.17169e+6 
        21899.4      4.13129e+6 
        21953.2      4.09139e+6 
        22006.9      4.05196e+6 
        22060.7      4.01301e+6 
        22114.4      3.97452e+6 
        22168.2      3.93651e+6 
          22222      3.89894e+6 
        22275.7      3.86183e+6 
        22329.5      3.82514e+6 
        22383.2      3.78889e+6 
          22437      3.75307e+6 
        22490.7      3.71767e+6 
        22544.5       3.6827e+6 
        22598.3      3.64814e+6 
          22652      3.61396e+6 
        22705.8      3.58019e+6 
        22732.2      3.56373e+6 
        22759.5      3.54683e+6 
        22784.8      3.53124e+6 
        22800.8      3.52144e+6 
        22816.8      3.51167e+6 
        22848.8      3.49223e+6 
        22912.8      3.45377e+6 
        22976.8      3.41582e+6 
        23040.8      3.37837e+6 
        23104.8      3.34146e+6 
        23168.7      3.30505e+6 
        23232.7      3.26914e+6 
        23296.7       3.2337e+6 
        23360.7      3.19874e+6 
        23424.7      3.16427e+6 
        23488.6      3.13024e+6 
        23552.6      3.09668e+6 
        23616.6      3.06356e+6 
        23680.6      3.03089e+6 
        23744.6      2.99865e+6 
        23808.6      2.96684e+6 
        23872.5      2.93544e+6 
        23936.5      2.90447e+6 
        24000.5      2.87389e+6 
        24064.5      2.84373e+6 
        24128.5      2.81395e+6 
        24192.5      2.78457e+6 
        24256.4      2.75556e+6 
        24320.4      2.72693e+6 
        24384.4      2.69868e+6 
        24448.4      2.67079e+6 
        24512.4      2.64325e+6 
        24576.3      2.61608e+6 
        24640.3      2.58925e+6 
        24704.3      2.56276e+6 
        24768.3      2.53661e+6 
        24832.3       2.5108e+6 
        24896.3      2.48531e+6 
        24960.2      2.46014e+6 
        25004.4      2.44295e+6 
        25024.2      2.43529e+6 
          25044      2.42767e+6 
        25083.6      2.41252e+6 
        25162.8      2.38257e+6 
        25241.9      2.35308e+6 
        25321.1      2.32404e+6 
        25400.2      2.29545e+6 
        25479.4      2.26731e+6 
        25558.5      2.23959e+6 
        25637.7      2.21229e+6 
        25716.9      2.18541e+6 
          25796      2.15893e+6 
        25875.2      2.13286e+6 
        25954.3      2.10717e+6 
        26033.5      2.08187e+6 
        26112.7      2.05695e+6 
        26191.8      2.03241e+6 
          26271      2.00822e+6 
        26350.1       1.9844e+6 
        26429.3      1.96092e+6 
        26508.4       1.9378e+6 
        26587.6      1.91501e+6 
        26666.8      1.89256e+6 
        26745.9      1.87043e+6 
        26825.1      1.84863e+6 
        26904.2      1.82714e+6 
        26983.4      1.80596e+6 
        27062.6      1.78509e+6 
        27141.7      1.76452e+6 
        27220.9      1.74425e+6 
        27299.2      1.72447e+6 
        27377.5      1.70497e+6 
        27455.8      1.68575e+6 
        27534.2      1.66679e+6 
        27612.5       1.6481e+6 
        27690.8      1.62967e+6 
        27769.1       1.6115e+6 
        27847.5      1.59358e+6 
        27925.8      1.57591e+6 
        28004.1      1.55848e+6 
        28082.4       1.5413e+6 
        28160.8      1.52434e+6 
        28239.1      1.50763e+6 
        28317.4      1.49113e+6 
        28395.7      1.47487e+6 
          28474      1.45883e+6 
        28552.4        1.443e+6 
        28630.7      1.42739e+6 
          28709      1.41199e+6 
        28787.3      1.39679e+6 
        28865.7       1.3818e+6 
          28944      1.36701e+6 
        29022.3      1.35242e+6 
        29100.6      1.33802e+6 
          29179      1.32381e+6 
        29257.3      1.30979e+6 
        29335.6      1.29595e+6 
        29413.9       1.2823e+6 
        29492.3      1.26883e+6 
        29570.6      1.25553e+6 
        29648.9      1.24241e+6 
        29727.2      1.22946e+6 
        29805.5      1.21667e+6 
        29883.9      1.20405e+6 
        29932.6      1.19629e+6 
        29962.2       1.1916e+6 
        29991.8      1.18693e+6 
