# Koester WD models
# teff = 60000 K (value for the effective temperature for the model. Temperatures are given in K)
# logg = 8.75 log(cm/s2) (value for Log(G) for the model.)
#
# column 1: WAVELENGTH (ANGSTROM), Wavelength in Angstrom
# column 2: FLUX (ERG/CM2/S/A), Flux in erg/cm2/s/A
         899.23     1.71652e+11 
        909.241      1.6792e+11 
        919.251     1.64048e+11 
        929.261     1.56306e+11 
        939.271     1.74306e+11 
         949.28     1.12276e+11 
        959.289     2.66829e+11 
        969.292     1.57476e+11 
        979.305      2.4623e+11 
        989.312     3.17436e+11 
        999.319     3.26584e+11 
        1009.33      2.9872e+11 
        1019.33     1.96467e+11 
        1029.34     1.69749e+11 
        1039.34     2.77927e+11 
        1049.35     3.09496e+11 
        1059.36     3.13976e+11 
        1069.36     3.09979e+11 
        1079.36      3.0315e+11 
        1089.37     2.95333e+11 
        1099.37     2.87213e+11 
        1109.38      2.7907e+11 
        1119.38     2.71017e+11 
        1129.38     2.63096e+11 
        1139.39     2.55297e+11 
        1149.39      2.4756e+11 
        1159.39     2.39765e+11 
        1169.39     2.31623e+11 
         1179.4     2.22416e+11 
         1189.4     2.10073e+11 
         1199.4     1.87533e+11 
         1209.4     1.31201e+11 
        1219.41     1.16814e+11 
        1229.41     1.70764e+11 
        1239.41       1.833e+11 
        1249.41      1.8396e+11 
        1259.41     1.81245e+11 
        1269.41     1.77454e+11 
        1279.42     1.73313e+11 
        1289.42     1.69084e+11 
        1299.42     1.64878e+11 
        1309.42     1.60745e+11 
        1319.42     1.56709e+11 
        1329.42      1.5278e+11 
        1339.42     1.48961e+11 
        1349.42     1.45253e+11 
        1359.42     1.41655e+11 
        1369.42     1.38164e+11 
        1379.42     1.34777e+11 
        1389.42      1.3149e+11 
        1399.42     1.28301e+11 
        1409.42     1.25207e+11 
        1419.42     1.22205e+11 
        1429.42     1.19293e+11 
        1439.42     1.16466e+11 
        1454.42     1.12379e+11 
        1464.42     1.09754e+11 
        1474.42     1.07206e+11 
        1489.42     1.03521e+11 
        1504.42     9.99934e+10 
        1514.42     9.77255e+10 
        1529.42     9.44429e+10 
        1544.42     9.12969e+10 
        1559.42     8.82813e+10 
        1570.19     8.61924e+10 
        1584.41     8.35271e+10 
        1599.41     8.08275e+10 
        1614.41      7.8236e+10 
        1629.41     7.57485e+10 
        1644.41     7.33596e+10 
        1659.41     7.10647e+10 
        1670.17     6.94726e+10 
         1684.4     6.74365e+10 
         1699.4     6.53718e+10 
         1714.4     6.33863e+10 
         1729.4      6.1475e+10 
         1744.4     5.96347e+10 
        1759.39     5.78631e+10 
         1771.7     5.64588e+10 
        1784.39     5.50552e+10 
        1799.39      5.3452e+10 
           1824     5.09463e+10 
        1834.77      4.9896e+10 
        1845.54     4.88731e+10 
           1864     4.71798e+10 
        1876.29     4.60931e+10 
        1888.59     4.50379e+10 
        1906.98     4.35148e+10 
        1919.37     4.25252e+10 
        1931.76     4.15639e+10 
        1944.47     4.06051e+10 
        1956.53     3.97214e+10 
         1967.6     3.89312e+10 
        1992.71     3.72119e+10 
        2017.81     3.55867e+10 
        2042.92     3.40508e+10 
        2067.03     3.26528e+10 
        2091.15     3.13264e+10 
        2114.28     3.01168e+10 
        2126.36     2.95082e+10 
        2145.92     2.85554e+10 
        2165.47     2.76407e+10 
        2185.03     2.67626e+10 
        2204.59     2.59192e+10 
         2214.7     2.54964e+10 
        2234.91     2.46768e+10 
        2263.91     2.35575e+10 
        2292.92     2.25012e+10 
        2313.13        2.18e+10 
        2344.77     2.07566e+10 
        2362.35     2.02037e+10 
        2379.94     1.96693e+10 
        2409.27     1.88164e+10 
        2421.03     1.84878e+10 
        2438.61     1.80095e+10 
        2451.59     1.76662e+10 
        2466.76     1.72756e+10 
        2488.39     1.67372e+10 
        2510.01     1.62196e+10 
         2547.3     1.53735e+10 
        2559.23     1.51144e+10 
        2571.17     1.48608e+10 
        2595.04     1.43694e+10 
        2618.91     1.38982e+10 
        2642.78     1.34462e+10 
        2657.67     1.31735e+10 
        2687.45     1.26488e+10 
        2717.24     1.21499e+10 
        2737.93     1.18178e+10 
        2756.11     1.15353e+10 
        2774.29     1.12613e+10 
        2810.65     1.07374e+10 
        2839.47     1.03436e+10 
        2854.55     1.01447e+10 
        2869.63      9.95071e+9 
        2899.79      9.57639e+9 
        2926.39      9.26082e+9 
        2952.93      8.95866e+9 
        2965.73      8.81751e+9 
        2978.53      8.67912e+9 
        3004.12      8.41042e+9 
        3051.42      7.94069e+9 
        3098.72      7.50347e+9 
        3142.18      7.12796e+9 
        3157.53      7.00104e+9 
        3172.87      6.87695e+9 
        3203.56      6.63693e+9 
        3248.29      6.30552e+9 
        3293.03      5.99466e+9 
        3328.79      5.75983e+9 
        3346.73      5.64635e+9 
        3364.67      5.53567e+9 
        3400.55      5.32239e+9 
        3445.17      5.07132e+9 
        3489.78      4.83491e+9 
        3525.18      4.65707e+9 
         3543.6      4.56775e+9 
        3562.02       4.4806e+9 
        3591.28      4.34639e+9 
        3635.88      4.15127e+9 
        3647.12      4.10386e+9 
        3658.96      4.05467e+9 
        3671.11      4.00478e+9 
        3682.58       3.9585e+9 
         3693.5      3.91505e+9 
        3703.57       3.8755e+9 
        3713.83      3.83566e+9 
        3724.38      3.79526e+9 
        3734.43      3.75725e+9 
        3744.62      3.71917e+9 
        3754.84      3.68148e+9 
        3765.07      3.64415e+9 
         3775.5      3.60667e+9 
        3786.22      3.56863e+9 
        3796.45       3.5325e+9 
        3807.84       3.4937e+9 
        3818.92      3.45588e+9 
        3830.45      3.41601e+9 
        3840.76      3.38258e+9 
        3851.98      3.34831e+9 
        3862.01      3.31605e+9 
        3872.59      3.27982e+9 
         3884.4      3.23725e+9 
        3894.46      3.20904e+9 
        3908.89      3.17728e+9 
        3923.89      3.13763e+9 
        3935.81      3.09879e+9 
        3946.58      3.05637e+9 
        3957.31      3.00684e+9 
        3967.38      2.95959e+9 
        3977.86      2.94548e+9 
        3988.87      2.94432e+9 
        4003.87      2.93282e+9 
        4018.86      2.90719e+9 
        4032.38       2.8746e+9 
        4043.86      2.84075e+9 
        4058.85      2.78104e+9 
        4073.85       2.7014e+9 
           4084      2.63495e+9 
        4096.52       2.5397e+9 
        4106.79      2.51719e+9 
        4117.77      2.55418e+9 
        4128.84      2.57914e+9 
        4143.83      2.59442e+9 
        4158.83      2.59054e+9 
        4173.82      2.57148e+9 
        4188.82      2.54589e+9 
        4203.81      2.51664e+9 
        4216.52      2.49015e+9 
        4228.81      2.46312e+9 
        4243.81      2.42741e+9 
         4258.8      2.38692e+9 
         4273.8      2.33737e+9 
        4288.79      2.27679e+9 
        4303.79      2.19938e+9 
        4314.07      2.13421e+9 
        4326.14      2.04259e+9 
        4336.17      1.95122e+9 
        4346.17      1.94663e+9 
        4357.43       2.0077e+9 
        4367.98      2.04622e+9 
        4378.77      2.07189e+9 
        4393.77      2.08973e+9 
        4408.76       2.0901e+9 
        4423.76      2.08051e+9 
        4438.75      2.06311e+9 
        4453.75      2.04202e+9 
        4468.74      2.01914e+9 
        4483.74      1.99556e+9 
        4498.74      1.97175e+9 
        4513.73      1.94794e+9 
        4527.19      1.92666e+9 
        4538.73      1.90853e+9 
        4553.72      1.88515e+9 
        4568.72      1.86202e+9 
        4583.72      1.83914e+9 
        4596.53       1.8198e+9 
        4608.71      1.80162e+9 
         4623.7      1.77942e+9 
         4638.7      1.75745e+9 
         4653.7      1.73569e+9 
        4668.69       1.7141e+9 
        4683.69      1.69258e+9 
        4698.68      1.67102e+9 
        4713.68      1.64919e+9 
        4724.83      1.63268e+9 
        4738.67      1.61152e+9 
        4753.67      1.58738e+9 
        4768.67      1.56157e+9 
        4783.66      1.53242e+9 
        4798.66      1.49777e+9 
        4813.65      1.45488e+9 
        4828.65      1.40028e+9 
        4839.16      1.35128e+9 
        4851.78      1.27639e+9 
        4861.84      1.21485e+9 
        4874.75      1.27546e+9 
        4886.05      1.31472e+9 
        4898.63      1.34115e+9 
        4913.63      1.35677e+9 
        4925.16      1.36067e+9 
        4938.62      1.35934e+9 
        4953.62      1.35265e+9 
        4968.61      1.34268e+9 
        4983.61      1.33104e+9 
         4998.6      1.31826e+9 
         5013.6      1.30479e+9 
         5028.6      1.29099e+9 
        5043.59      1.27701e+9 
        5058.59      1.26303e+9 
        5073.58       1.2491e+9 
        5088.58      1.23529e+9 
        5103.58      1.22161e+9 
        5118.57      1.20809e+9 
        5133.57      1.19472e+9 
        5148.56      1.18151e+9 
        5163.56      1.16847e+9 
        5178.56       1.1556e+9 
        5193.55      1.14289e+9 
        5208.55      1.13035e+9 
        5223.54      1.11798e+9 
        5238.54      1.10577e+9 
        5253.54      1.09372e+9 
        5268.53      1.08184e+9 
        5283.53       1.0701e+9 
        5298.52      1.05853e+9 
        5313.52      1.04711e+9 
        5328.52      1.03585e+9 
        5343.51      1.02473e+9 
        5358.51      1.01376e+9 
         5373.5        1.003e+9 
         5388.5      9.92316e+8 
         5403.5      9.81767e+8 
        5418.49      9.71358e+8 
        5433.49      9.61089e+8 
        5448.48      9.50954e+8 
        5463.48      9.40951e+8 
        5478.48      9.31077e+8 
        5493.47      9.21335e+8 
        5508.47      9.11718e+8 
        5523.46      9.02231e+8 
        5538.46      8.92863e+8 
        5553.46      8.83617e+8 
        5568.45      8.74491e+8 
        5583.45      8.65481e+8 
        5598.44      8.56587e+8 
        5613.44      8.47806e+8 
        5628.44      8.39138e+8 
        5643.43      8.30584e+8 
        5658.43      8.22133e+8 
        5673.42      8.13924e+8 
         5686.2      8.06896e+8 
        5698.42      8.00245e+8 
        5708.88      7.94603e+8 
        5723.41      7.86853e+8 
        5738.41      7.78952e+8 
         5753.4      7.71151e+8 
         5768.4      7.63401e+8 
        5783.39      7.55792e+8 
        5798.39      7.48277e+8 
        5813.39      7.40857e+8 
        5828.38      7.33524e+8 
        5843.38      7.26286e+8 
        5858.37      7.19136e+8 
        5873.37      7.12073e+8 
        5888.37      7.05096e+8 
        5903.36      6.98203e+8 
        5918.36      6.91395e+8 
        5933.35      6.84669e+8 
        5948.35      6.78025e+8 
        5963.35      6.71459e+8 
        5978.34      6.64975e+8 
        5993.34      6.58566e+8 
        6008.33      6.52232e+8 
        6023.33      6.45977e+8 
        6038.32      6.39798e+8 
        6053.32      6.33688e+8 
        6068.32      6.27653e+8 
        6083.31      6.21683e+8 
        6098.31      6.15787e+8 
        6113.31      6.09956e+8 
         6128.3      6.04191e+8 
         6143.3      5.98492e+8 
        6158.29      5.92859e+8 
        6173.29      5.87289e+8 
        6188.28      5.81779e+8 
        6203.28      5.76328e+8 
        6218.28      5.70934e+8 
        6233.27      5.65597e+8 
        6244.38      5.61679e+8 
        6256.04      5.57595e+8 
        6266.59      5.53935e+8 
        6278.26      5.49908e+8 
        6290.52       5.4571e+8 
        6302.31      5.41705e+8 
        6312.59      5.38237e+8 
        6323.25      5.34658e+8 
        6338.24      5.29654e+8 
        6353.24      5.24677e+8 
        6368.24      5.19717e+8 
        6383.23      5.14766e+8 
        6398.23      5.09793e+8 
        6413.22      5.04775e+8 
        6428.22      4.99664e+8 
        6443.22      4.94383e+8 
        6458.21      4.88813e+8 
        6473.21      4.82778e+8 
         6488.2      4.75983e+8 
         6503.2      4.67953e+8 
         6518.2      4.57827e+8 
        6532.67      4.44884e+8 
        6543.19      4.32544e+8 
        6554.43       4.1589e+8 
        6564.44      3.97895e+8 
        6574.47      4.15733e+8 
        6586.28       4.2594e+8 
        6598.17      4.32223e+8 
        6613.66      4.36091e+8 
        6623.98      4.36848e+8 
         6634.3      4.36659e+8 
        6644.62      4.35814e+8 
        6665.26      4.32886e+8 
         6685.9      4.29019e+8 
        6701.62      4.25742e+8 
        6721.34      4.21429e+8 
         6736.2      4.18099e+8 
        6780.49      4.08071e+8 
        6824.78      3.98125e+8 
        6913.35      3.78917e+8 
        7001.93      3.60737e+8 
        7071.86      3.47121e+8 
         7090.5      3.43596e+8 
        7109.15      3.40118e+8 
        7146.44      3.33288e+8 
        7221.02      3.20135e+8 
         7295.6       3.0762e+8 
        7346.84      2.99374e+8 
        7370.18      2.95716e+8 
        7393.51      2.92107e+8 
        7440.19      2.85054e+8 
        7533.55      2.71575e+8 
        7575.92       2.6572e+8 
         7626.9      2.58883e+8 
        7677.88      2.52265e+8 
        7728.86      2.45858e+8 
        7779.84      2.39653e+8 
        7830.82      2.33642e+8 
         7881.8      2.27819e+8 
        7903.32      2.25416e+8 
        7932.78      2.22177e+8 
        7962.25      2.18994e+8 
        8021.18        2.128e+8 
        8077.68      2.07066e+8 
        8097.18      2.05132e+8 
        8108.49       2.0402e+8 
        8155.67      1.99464e+8 
        8200.85       1.9522e+8 
        8216.85      1.93745e+8 
        8232.84      1.92283e+8 
        8264.83      1.89401e+8 
        8289.72      1.87197e+8 
        8328.82      1.83797e+8 
        8343.44      1.82546e+8 
        8367.92      1.80474e+8 
        8388.68       1.7874e+8 
        8408.65      1.77093e+8 
        8432.02      1.75188e+8 
        8467.25      1.72365e+8 
        8502.48      1.69599e+8 
        8516.58      1.68507e+8 
        8530.98      1.67401e+8 
        8545.38      1.66305e+8 
        8574.18      1.64139e+8 
        8598.39      1.62346e+8 
         8628.6      1.60143e+8 
        8646.81      1.58832e+8 
        8665.01      1.57536e+8 
        8685.59      1.56087e+8 
        8701.43      1.54982e+8 
        8750.47       1.5162e+8 
        8767.92      1.50447e+8 
        8815.35      1.47314e+8 
        8862.78      1.44268e+8 
        8900.38      1.41913e+8 
        8957.65      1.38403e+8 
        9014.91      1.34999e+8 
        9044.62      1.33284e+8 
        9072.17      1.31718e+8 
        9099.72      1.30171e+8 
        9154.81      1.27144e+8 
         9190.8      1.25203e+8 
         9209.9      1.24187e+8 
        9229.01      1.23187e+8 
        9267.22      1.21224e+8 
         9303.2      1.19435e+8 
        9343.64      1.17448e+8 
        9384.08      1.15484e+8 
        9464.96      1.11618e+8 
        9545.72      1.07827e+8 
        9561.21      1.07169e+8 
        9576.69      1.06548e+8 
        9607.66        1.053e+8 
        9668.45      1.02859e+8 
        9729.24      1.00434e+8 
        9790.04      9.80321e+7 
        9850.83      9.56568e+7 
        9870.42      9.48871e+7 
        9911.62      9.32481e+7 
        9952.82      9.15953e+7 
        10021.1      8.88182e+7 
        10035.2      8.82599e+7 
        10049.4       8.7777e+7 
        10077.7      8.69096e+7 
        10134.2       8.5369e+7 
        10144.5      8.50841e+7 
        10190.8      8.37718e+7 
        10237.2      8.24266e+7 
        10329.9      7.96896e+7 
        10422.6      7.69995e+7 
        10515.3      7.43423e+7 
          10608      7.18036e+7 
        10700.7      6.92668e+7 
        10793.4      6.66313e+7 
        10834.1      6.54212e+7 
        10860.1      6.46163e+7 
        10886.1      6.37926e+7 
        10912.1      6.28991e+7 
        10925.1      6.23974e+7 
        10938.1      6.17659e+7 
        10951.1      6.18278e+7 
        10964.1      6.17549e+7 
        10977.1      6.16327e+7 
        10990.1      6.14898e+7 
        11012.8      6.11941e+7 
        11038.8      6.08231e+7 
        11090.8      5.99956e+7 
        11142.8      5.90864e+7 
        11194.7      5.81374e+7 
        11232.5      5.74252e+7 
        11246.7      5.71556e+7 
        11260.9      5.68858e+7 
        11289.3      5.63442e+7 
        11346.1      5.52685e+7 
        11402.9      5.42094e+7 
        11459.7      5.31897e+7 
        11516.5      5.21683e+7 
        11573.3      5.11715e+7 
        11630.1      5.01983e+7 
        11686.9      4.92479e+7 
        11743.7      4.83202e+7 
        11800.5      4.74142e+7 
        11857.3      4.65292e+7 
        11914.1      4.56646e+7 
        11970.8      4.48205e+7 
        12027.6      4.39842e+7 
        12084.4      4.31759e+7 
        12141.2      4.23851e+7 
          12198       4.1611e+7 
          12225      4.12488e+7 
        12254.8      4.08526e+7 
        12284.6      4.04606e+7 
        12344.2      3.96859e+7 
        12403.9      3.89224e+7 
        12463.5      3.81663e+7 
        12523.1      3.74079e+7 
        12582.7      3.66351e+7 
        12642.3      3.58179e+7 
        12672.1      3.53809e+7 
        12701.9      3.49084e+7 
        12731.8      3.43945e+7 
        12761.6      3.38161e+7 
        12775.7      3.35221e+7 
        12789.8      3.32088e+7 
        12803.9      3.29032e+7 
        12814.5      3.28353e+7 
        12827.6      3.26459e+7 
        12840.4      3.26276e+7 
        12859.6      3.26744e+7 
        12885.2      3.26817e+7 
        12910.8       3.2627e+7 
        12936.4       3.2523e+7 
        12987.6      3.22252e+7 
        13038.8      3.18466e+7 
        13089.9      3.14269e+7 
        13141.1      3.09884e+7 
        13192.3       3.0543e+7 
        13243.5      3.00961e+7 
          13281      2.97705e+7 
        13294.7      2.96525e+7 
        13308.4      2.95348e+7 
        13335.7      2.93006e+7 
        13390.3      2.88374e+7 
          13445      2.83818e+7 
        13499.6      2.79343e+7 
        13554.3       2.7495e+7 
          13609      2.70639e+7 
        13663.6      2.66443e+7 
        13718.3      2.62288e+7 
        13772.9      2.58214e+7 
        13827.6      2.54219e+7 
        13882.2        2.503e+7 
        13936.9      2.46457e+7 
        13991.6      2.42687e+7 
        14046.2      2.38989e+7 
        14100.9      2.35361e+7 
        14155.5      2.31801e+7 
        14210.2      2.28309e+7 
        14264.8      2.24882e+7 
        14306.9      2.22287e+7 
        14319.5       2.2152e+7 
        14332.1      2.20756e+7 
        14357.2      2.19236e+7 
        14407.5      2.16237e+7 
        14457.6      2.13293e+7 
        14507.8      2.10399e+7 
        14532.8      2.08977e+7 
          14558      2.07555e+7 
        14581.2      2.06255e+7 
        14597.2      2.05366e+7 
        14613.2      2.04481e+7 
        14645.2      2.02725e+7 
        14709.2      1.99271e+7 
        14773.2      1.95889e+7 
        14837.1       1.9258e+7 
        14901.1      1.89339e+7 
        14965.1      1.86167e+7 
        15029.1      1.83061e+7 
        15093.1      1.80019e+7 
        15157.1       1.7704e+7 
          15221      1.74123e+7 
          15285      1.71265e+7 
          15349      1.68467e+7 
          15413      1.65724e+7 
        15471.6      1.63262e+7 
        15482.4      1.62814e+7 
        15493.1      1.62367e+7 
        15514.7      1.61478e+7 
        15557.9      1.59718e+7 
        15644.2       1.5627e+7 
        15730.5      1.52915e+7 
        15816.8      1.49649e+7 
        15903.1      1.46469e+7 
        15989.4      1.43374e+7 
        16075.8       1.4036e+7 
        16162.1      1.37425e+7 
        16248.4      1.34566e+7 
        16289.9      1.33218e+7 
        16334.7      1.31781e+7 
        16379.5      1.30364e+7 
        16469.1      1.27587e+7 
        16558.8      1.24884e+7 
        16648.4      1.22252e+7 
          16738      1.19689e+7 
        16827.7      1.17192e+7 
        16917.3      1.14761e+7 
        17006.9      1.12392e+7 
        17096.6      1.10085e+7 
        17186.2      1.07836e+7 
        17275.8      1.05644e+7 
        17327.7      1.04401e+7 
        17365.5      1.03508e+7 
        17403.2      1.02624e+7 
        17478.8      1.00885e+7 
        17554.3      9.91829e+6 
        17629.9      9.75166e+6 
        17705.4      9.58852e+6 
          17781      9.42877e+6 
        17856.5      9.27235e+6 
        17932.1      9.11913e+6 
        18007.6      8.96582e+6 
        18083.2      8.81801e+6 
        18158.7      8.67281e+6 
        18234.3       8.5299e+6 
        18309.8      8.38877e+6 
        18343.7      8.32569e+6 
        18385.3      8.24838e+6 
          18427      8.17065e+6 
        18510.2      8.01097e+6 
        18551.8      7.92592e+6 
        18593.4      7.83476e+6 
          18635      7.73199e+6 
        18657.9      7.66803e+6 
        18676.6      7.61067e+6 
        18695.2      7.54466e+6 
        18713.8      7.46816e+6 
        18727.8      7.39547e+6 
        18739.5      7.29588e+6 
        18749.9      6.96535e+6 
        18761.6      7.24938e+6 
        18780.2      7.33961e+6 
        18808.2      7.37156e+6 
        18826.8      7.37794e+6 
        18845.4      7.37542e+6 
        18882.7      7.35573e+6 
          18920      7.32359e+6 
        18957.2      7.28297e+6 
        19031.8      7.18906e+6 
        19106.3      7.08746e+6 
        19180.8       6.9837e+6 
        19255.3      6.87999e+6 
        19329.9      6.77733e+6 
        19358.1      6.73875e+6 
        19404.4      6.67604e+6 
        19450.7      6.61393e+6 
        19543.2      6.49163e+6 
        19635.8      6.37303e+6 
        19728.4      6.25573e+6 
        19820.9      6.14109e+6 
        19913.5      6.02909e+6 
        20006.1      5.91964e+6 
        20098.6      5.81264e+6 
        20191.2      5.70805e+6 
        20283.8       5.6058e+6 
        20376.3      5.50583e+6 
        20463.4      5.41381e+6 
        20474.4      5.40238e+6 
        20485.4      5.39094e+6 
        20507.3       5.3682e+6 
        20551.1      5.32305e+6 
        20638.9      5.23414e+6 
        20726.6      5.14712e+6 
        20814.3      5.06186e+6 
          20902      4.97839e+6 
        20989.7      4.89661e+6 
        21077.4       4.8165e+6 
        21165.2      4.73806e+6 
        21252.9      4.66118e+6 
        21340.6      4.58585e+6 
        21428.3      4.51202e+6 
          21516       4.4397e+6 
        21576.9      4.39038e+6 
        21603.7      4.36879e+6 
        21630.6      4.34737e+6 
        21684.4      4.30486e+6 
        21738.1      4.26289e+6 
        21791.9      4.22139e+6 
        21845.6      4.18042e+6 
        21899.4      4.13996e+6 
        21953.2      4.09997e+6 
        22006.9      4.06048e+6 
        22060.7      4.02143e+6 
        22114.4      3.98288e+6 
        22168.2      3.94477e+6 
          22222      3.90714e+6 
        22275.7      3.86991e+6 
        22329.5      3.83315e+6 
        22383.2      3.79683e+6 
          22437      3.76096e+6 
        22490.7      3.72549e+6 
        22544.5      3.69043e+6 
        22598.3      3.65578e+6 
          22652      3.62153e+6 
        22705.8       3.5877e+6 
        22732.2      3.57121e+6 
        22759.5      3.55427e+6 
        22784.8      3.53866e+6 
        22800.8      3.52883e+6 
        22816.8      3.51902e+6 
        22848.8      3.49955e+6 
        22912.8        3.461e+6 
        22976.8      3.42299e+6 
        23040.8      3.38547e+6 
        23104.8      3.34872e+6 
        23168.7      3.31221e+6 
        23232.7      3.27621e+6 
        23296.7      3.24071e+6 
        23360.7      3.20568e+6 
        23424.7      3.17112e+6 
        23488.6      3.13704e+6 
        23552.6      3.10341e+6 
        23616.6      3.07022e+6 
        23680.6      3.03728e+6 
        23744.6      3.00497e+6 
        23808.6       2.9731e+6 
        23872.5      2.94164e+6 
        23936.5       2.9106e+6 
        24000.5      2.87997e+6 
        24064.5      2.84974e+6 
        24128.5      2.81991e+6 
        24192.5      2.79064e+6 
        24256.4      2.76158e+6 
        24320.4      2.73289e+6 
        24384.4      2.70458e+6 
        24448.4      2.67662e+6 
        24512.4      2.64903e+6 
        24576.3       2.6218e+6 
        24640.3      2.59491e+6 
        24704.3      2.56837e+6 
        24768.3      2.54216e+6 
        24832.3      2.51629e+6 
        24896.3      2.49075e+6 
        24960.2      2.46553e+6 
        25004.4      2.44829e+6 
        25024.2      2.44062e+6 
          25044      2.43299e+6 
        25083.6       2.4178e+6 
        25162.8      2.38778e+6 
        25241.9      2.35823e+6 
        25321.1      2.32913e+6 
        25400.2      2.30048e+6 
        25479.4      2.27227e+6 
        25558.5      2.24449e+6 
        25637.7      2.21713e+6 
        25716.9      2.19019e+6 
          25796      2.16365e+6 
        25875.2      2.13752e+6 
        25954.3      2.11178e+6 
        26033.5      2.08642e+6 
        26112.7      2.06145e+6 
        26191.8      2.03685e+6 
          26271      2.01261e+6 
        26350.1      1.98873e+6 
        26429.3      1.96521e+6 
        26508.4      1.94203e+6 
        26587.6      1.91919e+6 
        26666.8      1.89669e+6 
        26745.9      1.87452e+6 
        26825.1      1.85267e+6 
        26904.2      1.83113e+6 
        26983.4      1.80991e+6 
        27062.6        1.789e+6 
        27141.7      1.76838e+6 
        27220.9      1.74806e+6 
        27299.2      1.72824e+6 
        27377.5       1.7087e+6 
        27455.8      1.68944e+6 
        27534.2      1.67045e+6 
        27612.5      1.65172e+6 
        27690.8      1.63325e+6 
        27769.1      1.61505e+6 
        27847.5      1.59709e+6 
        27925.8      1.57938e+6 
        28004.1      1.56192e+6 
        28082.4       1.5447e+6 
        28160.8      1.52772e+6 
        28239.1      1.51096e+6 
        28317.4      1.49444e+6 
        28395.7      1.47814e+6 
          28474      1.46207e+6 
        28552.4      1.44621e+6 
        28630.7      1.43056e+6 
          28709      1.41513e+6 
        28787.3       1.3999e+6 
        28865.7      1.38488e+6 
          28944      1.37006e+6 
        29022.3      1.35544e+6 
        29100.6      1.34101e+6 
          29179      1.32677e+6 
        29257.3      1.31272e+6 
        29335.6      1.29886e+6 
        29413.9      1.28518e+6 
        29492.3      1.27168e+6 
        29570.6      1.25836e+6 
        29648.9      1.24521e+6 
        29727.2      1.23223e+6 
        29805.5      1.21942e+6 
        29883.9      1.20677e+6 
        29932.6      1.19899e+6 
        29962.2       1.1943e+6 
        29991.8      1.18962e+6 
