# Koester WD models
# teff = 60000 K (value for the effective temperature for the model. Temperatures are given in K)
# logg = 7 log(cm/s2) (value for Log(G) for the model.)
#
# column 1: WAVELENGTH (ANGSTROM), Wavelength in Angstrom
# column 2: FLUX (ERG/CM2/S/A), Flux in erg/cm2/s/A
         899.23     1.85714e+11 
        909.241     1.81622e+11 
        919.251     1.79035e+11 
        929.261     1.68475e+11 
        939.271     2.42665e+11 
         949.28     1.24301e+11 
        959.289     3.85734e+11 
        969.297     2.38892e+11 
        979.305     3.57218e+11 
        989.312     3.91534e+11 
        999.319     3.84974e+11 
        1009.33     3.66721e+11 
        1019.33     2.90818e+11 
        1029.34     2.54738e+11 
        1039.34     3.33926e+11 
        1049.35     3.33581e+11 
        1059.36     3.25705e+11 
        1069.36     3.16676e+11 
        1079.36     3.07558e+11 
        1089.37     2.98614e+11 
        1099.37     2.89925e+11 
        1109.38     2.81516e+11 
        1119.38     2.73382e+11 
        1129.38     2.65515e+11 
        1139.39     2.57906e+11 
        1149.39      2.5054e+11 
        1159.39     2.43389e+11 
        1169.39     2.36405e+11 
         1179.4     2.29468e+11 
         1189.4     2.22184e+11 
         1199.4     2.12554e+11 
         1209.4     1.78877e+11 
        1219.41     1.62098e+11 
        1229.41     1.95222e+11 
        1239.41     1.93785e+11 
        1249.41     1.89504e+11 
        1259.41     1.84809e+11 
        1269.41     1.80102e+11 
        1279.42     1.75483e+11 
        1289.42     1.70984e+11 
        1299.42     1.66614e+11 
        1309.42     1.62378e+11 
        1319.42     1.58273e+11 
        1329.42     1.54295e+11 
        1339.42      1.5044e+11 
        1349.42     1.46704e+11 
        1359.42     1.43084e+11 
        1369.42     1.39573e+11 
        1379.42     1.36168e+11 
        1389.42     1.32866e+11 
        1399.42     1.29662e+11 
        1409.42     1.26554e+11 
        1419.42      1.2354e+11 
        1429.42     1.20614e+11 
        1439.42     1.17774e+11 
        1454.42     1.13669e+11 
        1464.42     1.11032e+11 
        1474.42     1.08472e+11 
        1489.42     1.04768e+11 
        1504.42     1.01221e+11 
        1514.42     9.89397e+10 
        1529.42     9.56373e+10 
        1544.42     9.24722e+10 
        1559.42     8.94364e+10 
        1570.19     8.73331e+10 
        1584.41     8.46483e+10 
        1599.41     8.19296e+10 
        1614.41     7.93186e+10 
        1629.41     7.68113e+10 
        1644.41     7.44027e+10 
        1659.41     7.20879e+10 
        1670.17     7.04819e+10 
         1684.4     6.84283e+10 
         1699.4     6.63448e+10 
         1714.4     6.43401e+10 
         1729.4     6.24099e+10 
         1744.4     6.05514e+10 
        1759.39     5.87616e+10 
         1771.7     5.73425e+10 
        1784.39     5.59238e+10 
        1799.39     5.43034e+10 
           1824     5.17694e+10 
        1834.77     5.07075e+10 
        1845.54      4.9673e+10 
           1864     4.79599e+10 
        1876.29     4.68603e+10 
        1888.59     4.57922e+10 
        1906.98       4.425e+10 
        1919.37     4.32481e+10 
        1931.76     4.22745e+10 
        1944.47     4.13035e+10 
        1956.53     4.04081e+10 
         1967.6     3.96076e+10 
        1992.71     3.78653e+10 
        2017.81     3.62182e+10 
        2042.92     3.46609e+10 
        2067.03     3.32431e+10 
        2091.15     3.18972e+10 
        2114.28     3.06701e+10 
        2126.36     3.00524e+10 
        2145.92     2.90853e+10 
        2165.47     2.81569e+10 
        2185.03     2.72654e+10 
        2204.59     2.64091e+10 
         2214.7     2.59797e+10 
        2234.91     2.51473e+10 
        2263.91     2.40102e+10 
        2292.92     2.29368e+10 
        2313.13      2.2224e+10 
        2344.77     2.11634e+10 
        2362.35     2.06013e+10 
        2379.94     2.00579e+10 
        2409.27     1.91906e+10 
        2421.03     1.88563e+10 
        2438.61     1.83699e+10 
        2451.59     1.80207e+10 
        2466.76     1.76233e+10 
        2488.39     1.70754e+10 
        2510.01     1.65487e+10 
         2547.3     1.56875e+10 
        2559.23     1.54237e+10 
        2571.17     1.51655e+10 
        2595.04     1.46652e+10 
        2618.91     1.41854e+10 
        2642.78      1.3725e+10 
        2657.67     1.34473e+10 
        2687.45     1.29128e+10 
        2717.24     1.24046e+10 
        2737.93     1.20662e+10 
        2756.11     1.17784e+10 
        2774.29     1.14992e+10 
        2810.65     1.09653e+10 
        2839.47     1.05639e+10 
        2854.55     1.03612e+10 
        2869.63     1.01634e+10 
        2899.79      9.78182e+9 
        2926.39      9.46006e+9 
        2952.93      9.15199e+9 
        2965.73      9.00805e+9 
        2978.53      8.86693e+9 
        3004.12      8.59288e+9 
        3051.42      8.11373e+9 
        3098.72      7.66775e+9 
        3142.18      7.28466e+9 
        3157.53      7.15517e+9 
        3172.87      7.02856e+9 
        3203.56      6.78364e+9 
        3248.29      6.44545e+9 
        3293.03      6.12815e+9 
        3328.79      5.88848e+9 
        3346.73      5.77265e+9 
        3364.67      5.65967e+9 
        3400.55      5.44193e+9 
        3445.17      5.18561e+9 
        3489.78      4.94427e+9 
        3525.18      4.76265e+9 
         3543.6      4.67145e+9 
        3562.02      4.58245e+9 
        3591.28      4.44539e+9 
        3635.88      4.24618e+9 
        3647.12      4.19773e+9 
        3658.96      4.14747e+9 
        3671.11      4.09654e+9 
        3682.58      4.04926e+9 
         3693.5      4.00484e+9 
        3703.57      3.96438e+9 
        3713.83      3.92372e+9 
        3724.38      3.88251e+9 
        3734.43      3.84352e+9 
        3744.62      3.80522e+9 
        3754.84      3.76752e+9 
        3765.07      3.72888e+9 
         3775.5      3.69244e+9 
        3786.22      3.65619e+9 
        3796.45      3.60664e+9 
        3807.84      3.58817e+9 
        3818.92      3.55283e+9 
        3830.45      3.47705e+9 
        3840.76      3.45264e+9 
        3851.98      3.46684e+9 
        3862.01      3.44526e+9 
        3872.59      3.38111e+9 
         3884.4       3.2441e+9 
        3894.46      3.22689e+9 
        3908.89      3.30803e+9 
        3923.89      3.30175e+9 
        3935.81      3.26217e+9 
        3946.58      3.19063e+9 
        3957.31      3.06717e+9 
        3967.38      2.87565e+9 
        3977.86       2.9414e+9 
        3988.87      3.04708e+9 
        4003.87      3.08328e+9 
        4018.86      3.06211e+9 
        4032.38      3.02933e+9 
        4043.86      2.99672e+9 
        4058.85      2.94274e+9 
        4073.85      2.85688e+9 
        4085.65      2.73395e+9 
        4096.31         2.53e+9 
        4106.79      2.49897e+9 
        4117.77      2.65732e+9 
        4128.84      2.71726e+9 
        4143.83      2.72762e+9 
        4158.83       2.7063e+9 
        4173.82      2.67476e+9 
        4188.82      2.64086e+9 
        4203.81      2.60642e+9 
        4216.52       2.5772e+9 
        4228.81        2.549e+9 
        4243.81       2.5146e+9 
         4258.8      2.47967e+9 
         4273.8      2.44284e+9 
        4288.79       2.4009e+9 
        4303.79      2.34691e+9 
        4314.07      2.29219e+9 
        4326.14      2.17624e+9 
        4336.17      1.99546e+9 
        4346.17      2.00925e+9 
        4357.43      2.14759e+9 
        4367.98      2.19397e+9 
        4378.77      2.20363e+9 
        4393.77      2.19337e+9 
        4408.76      2.17284e+9 
        4423.76      2.14813e+9 
        4438.75      2.12199e+9 
        4453.75      2.09555e+9 
        4468.74      2.06926e+9 
        4483.74      2.04324e+9 
        4498.74      2.01757e+9 
        4513.73      1.99225e+9 
        4527.19      1.96984e+9 
        4538.73      1.95087e+9 
        4553.72      1.92653e+9 
        4568.72      1.90255e+9 
        4583.72      1.87894e+9 
        4596.53      1.85904e+9 
        4608.71      1.84036e+9 
         4623.7      1.81768e+9 
         4638.7      1.79533e+9 
         4653.7       1.7733e+9 
        4668.69      1.75159e+9 
        4683.69      1.73017e+9 
        4698.68      1.70902e+9 
        4713.68      1.68812e+9 
        4724.83      1.67271e+9 
        4738.67      1.65368e+9 
        4753.67      1.63313e+9 
        4768.67      1.61241e+9 
        4783.66      1.59124e+9 
        4798.66      1.56866e+9 
        4813.65      1.54259e+9 
        4828.65      1.50693e+9 
        4839.16      1.46603e+9 
        4849.39      1.39559e+9 
        4859.47      1.27137e+9 
        4870.86      1.35249e+9 
        4881.49      1.41144e+9 
        4892.34      1.43163e+9 
        4903.63      1.43407e+9 
        4915.55      1.42838e+9 
        4928.62      1.41821e+9 
        4943.62      1.40428e+9 
        4958.61       1.3894e+9 
        4973.61      1.37419e+9 
        4988.61      1.35889e+9 
         5003.6      1.34364e+9 
         5018.6       1.3285e+9 
         5033.6      1.31352e+9 
        5048.59      1.29871e+9 
        5063.59      1.28409e+9 
        5078.58      1.26966e+9 
        5093.58      1.25542e+9 
        5108.57      1.24137e+9 
        5123.57      1.22751e+9 
        5138.57      1.21385e+9 
        5153.56      1.20036e+9 
        5168.56      1.18707e+9 
        5183.56      1.17396e+9 
        5198.55      1.16103e+9 
        5213.55      1.14828e+9 
        5228.54       1.1357e+9 
        5243.54      1.12329e+9 
        5258.53      1.11105e+9 
        5273.53      1.09898e+9 
        5288.53      1.08707e+9 
        5303.52      1.07532e+9 
        5318.52      1.06372e+9 
        5333.52      1.05229e+9 
        5348.51        1.041e+9 
        5363.51      1.02988e+9 
         5378.5       1.0189e+9 
         5393.5      1.00806e+9 
        5408.49      9.97368e+8 
        5423.49      9.86815e+8 
        5438.49      9.76404e+8 
        5453.48      9.66128e+8 
        5468.48      9.55987e+8 
        5483.48      9.45978e+8 
        5498.47        9.361e+8 
        5513.47      9.26352e+8 
        5528.46      9.16729e+8 
        5543.46      9.07232e+8 
        5558.45      8.97858e+8 
        5573.45      8.88603e+8 
        5588.45       8.7947e+8 
        5603.44      8.70451e+8 
        5618.44       8.6155e+8 
        5633.43       8.5276e+8 
        5648.43      8.44083e+8 
        5663.43      8.35516e+8 
        5673.98      8.29553e+8 
         5686.2      8.22714e+8 
        5698.42      8.15947e+8 
        5708.88      8.10207e+8 
        5723.41      8.02319e+8 
        5738.41      7.94279e+8 
         5753.4      7.86341e+8 
         5768.4      7.78493e+8 
        5783.39      7.70749e+8 
        5798.39      7.63102e+8 
        5813.39       7.5555e+8 
        5828.38      7.48092e+8 
        5843.38      7.40725e+8 
        5858.37      7.33449e+8 
        5873.37      7.26261e+8 
        5888.37      7.19161e+8 
        5903.36      7.12149e+8 
        5918.36      7.05222e+8 
        5933.35      6.98376e+8 
        5948.35      6.91615e+8 
        5963.35      6.84936e+8 
        5978.34      6.78339e+8 
        5993.34      6.71817e+8 
        6008.33      6.65377e+8 
        6023.33      6.59015e+8 
        6038.32      6.52729e+8 
        6053.32      6.46515e+8 
        6068.32      6.40376e+8 
        6083.31       6.3431e+8 
        6098.31      6.28315e+8 
        6113.31       6.2239e+8 
         6128.3      6.16534e+8 
         6143.3      6.10751e+8 
        6158.29       6.0503e+8 
        6173.29      5.99378e+8 
        6188.28      5.93792e+8 
        6203.28       5.8827e+8 
        6218.28      5.82809e+8 
        6233.27      5.77412e+8 
        6244.38      5.73454e+8 
        6256.04      5.69335e+8 
        6266.59      5.65641e+8 
        6278.26      5.61588e+8 
        6290.52      5.57366e+8 
        6302.31      5.53344e+8 
        6312.59      5.49867e+8 
        6323.25      5.46285e+8 
        6338.24      5.41296e+8 
        6353.24      5.36358e+8 
        6368.24      5.31473e+8 
        6383.23      5.26635e+8 
        6398.23      5.21841e+8 
        6413.22      5.17087e+8 
        6428.22      5.12362e+8 
        6443.22       5.0765e+8 
        6458.21      5.02931e+8 
        6473.21      4.98156e+8 
         6488.2      4.93249e+8 
         6503.2       4.8799e+8 
         6518.2      4.81817e+8 
        6532.67      4.73363e+8 
        6543.19      4.62945e+8 
        6554.43      4.41978e+8 
        6564.44      4.17929e+8 
        6574.47      4.43741e+8 
        6586.28      4.54994e+8 
        6598.17      4.57683e+8 
        6613.66      4.56568e+8 
        6623.98      4.54746e+8 
        6644.62      4.50203e+8 
        6665.26      4.45233e+8 
        6701.62      4.36254e+8 
        6721.34      4.31394e+8 
         6736.2      4.27759e+8 
        6780.49      4.17112e+8 
        6824.78      4.06767e+8 
        6913.35      3.86994e+8 
        7001.93      3.68393e+8 
        7071.86      3.54488e+8 
         7090.5      3.50891e+8 
        7109.15      3.47338e+8 
        7146.44       3.4037e+8 
        7221.02      3.26952e+8 
         7295.6      3.14184e+8 
        7346.84      3.05775e+8 
        7370.18      3.02039e+8 
        7393.51      2.98358e+8 
        7440.19      2.91165e+8 
        7533.55      2.77416e+8 
        7575.92      2.71444e+8 
         7626.9       2.6447e+8 
        7677.88      2.57719e+8 
        7728.86      2.51183e+8 
        7779.84      2.44852e+8 
        7830.82      2.38719e+8 
         7881.8      2.32778e+8 
        7903.32      2.30326e+8 
        7932.78       2.2702e+8 
        7962.25      2.23773e+8 
        8021.18      2.17452e+8 
        8077.68      2.11601e+8 
        8097.18      2.09627e+8 
        8108.49      2.08492e+8 
        8155.67      2.03843e+8 
        8200.85      1.99512e+8 
        8216.85      1.98006e+8 
        8232.84      1.96514e+8 
        8264.83      1.93573e+8 
        8289.72      1.91323e+8 
        8328.82      1.87853e+8 
        8343.44      1.86575e+8 
        8367.92      1.84461e+8 
        8388.68      1.82692e+8 
        8408.65      1.81011e+8 
        8432.02      1.79067e+8 
        8467.25      1.76185e+8 
        8502.48       1.7336e+8 
        8516.58      1.72246e+8 
        8530.98      1.71116e+8 
        8545.38      1.70003e+8 
        8574.18      1.67803e+8 
        8598.39      1.65977e+8 
         8628.6      1.63741e+8 
        8646.81      1.62403e+8 
        8665.01      1.61075e+8 
        8685.59      1.59609e+8 
        8701.43      1.58485e+8 
        8750.47      1.55013e+8 
        8767.92      1.53838e+8 
        8815.35      1.50641e+8 
        8862.78      1.47447e+8 
        8900.38      1.45178e+8 
        8957.65      1.41592e+8 
        8986.28      1.39705e+8 
        9014.91      1.37802e+8 
        9043.54       1.3635e+8 
        9072.17      1.34869e+8 
        9099.72      1.33369e+8 
        9154.81      1.30161e+8 
         9190.8      1.27856e+8 
         9209.9      1.26547e+8 
        9229.01      1.25267e+8 
        9248.11       1.2455e+8 
        9267.22      1.23864e+8 
        9305.43      1.22302e+8 
        9343.64       1.2055e+8 
        9379.63      1.18816e+8 
        9397.45      1.17935e+8 
        9415.28      1.17043e+8 
        9450.94      1.15188e+8 
        9468.76      1.14212e+8 
        9486.59      1.13154e+8 
        9498.52      1.12383e+8 
        9522.24      1.10547e+8 
         9534.1      1.09478e+8 
        9545.97      1.08452e+8 
        9557.83      1.08435e+8 
        9569.68      1.08455e+8 
        9581.55      1.08372e+8 
        9593.41      1.08163e+8 
        9605.27       1.0786e+8 
        9628.99      1.07107e+8 
        9668.45      1.05635e+8 
        9707.92      1.04052e+8 
        9786.84      1.00856e+8 
        9865.77       9.7712e+7 
        9936.58      9.47778e+7 
        9952.82      9.40426e+7 
        9969.06      9.32755e+7 
        9985.31      9.24285e+7 
        10001.6      9.14719e+7 
        10017.8      9.03487e+7 
          10034      8.90158e+7 
        10049.4       8.7909e+7 
        10064.7      8.79775e+7 
          10080      8.81779e+7 
        10095.3      8.81719e+7 
        10110.7       8.8013e+7 
          10126      8.77403e+7 
        10137.3      8.74808e+7 
        10156.6      8.69942e+7 
        10187.3      8.61283e+7 
        10237.2      8.46047e+7 
          10337      8.14989e+7 
        10436.9      7.84987e+7 
        10536.7      7.56197e+7 
        10636.6      7.28683e+7 
        10736.5      7.01983e+7 
        10786.4      6.88499e+7 
        10811.3      6.81521e+7 
        10836.3      6.74076e+7 
        10861.3      6.65754e+7 
        10873.7      6.60925e+7 
        10886.2      6.55478e+7 
        10898.7      6.48987e+7 
        10911.2      6.41077e+7 
        10923.7      6.32305e+7 
        10934.2      6.21765e+7 
        10944.8      6.22459e+7 
        10958.3      6.27684e+7 
        10973.8      6.30797e+7 
        10989.2      6.31828e+7 
        11004.6      6.31265e+7 
          11020      6.29742e+7 
        11050.9      6.25045e+7 
        11081.8      6.19293e+7 
        11143.5      6.06858e+7 
        11205.2      5.94147e+7 
        11260.9      5.82803e+7 
        11316.6      5.71672e+7 
        11372.3      5.60784e+7 
        11428.1      5.50146e+7 
        11483.8      5.39773e+7 
        11539.5      5.29619e+7 
        11595.2      5.19701e+7 
        11650.9      5.10016e+7 
        11706.6      5.00553e+7 
        11762.3      4.91311e+7 
        11818.1      4.82278e+7 
        11873.8      4.73457e+7 
        11929.5      4.64833e+7 
        11985.2      4.56404e+7 
        12040.9      4.48154e+7 
        12096.6      4.40099e+7 
        12152.4      4.32223e+7 
        12208.1      4.24523e+7 
        12242.9      4.19789e+7 
        12263.8       4.1699e+7 
        12284.6      4.14213e+7 
        12326.3      4.08727e+7 
        12409.7      3.98012e+7 
          12493       3.8761e+7 
        12576.4      3.77447e+7 
        12659.8      3.67271e+7 
        12705.7      3.61245e+7 
        12724.4      3.58478e+7 
        12743.2      3.55349e+7 
        12761.9      3.51529e+7 
        12780.6      3.46587e+7 
        12799.3      3.39883e+7 
        12813.4      3.31202e+7 
        12823.9      3.31184e+7 
        12834.5       3.3551e+7 
        12853.2      3.38607e+7 
        12871.9      3.39716e+7 
        12890.6       3.3959e+7 
        12909.4      3.38717e+7 
        12928.1       3.3746e+7 
        12965.5      3.34335e+7 
          13003      3.30882e+7 
        13040.5      3.27326e+7 
        13115.4      3.20182e+7 
        13190.3       3.1315e+7 
          13222      3.10216e+7 
        13265.2      3.06278e+7 
        13308.4      3.02399e+7 
        13394.7      2.94816e+7 
          13481      2.87466e+7 
        13567.3      2.80341e+7 
        13653.6      2.73439e+7 
        13739.9      2.66743e+7 
        13826.2      2.60252e+7 
        13912.5      2.53957e+7 
        13998.8      2.47852e+7 
        14085.1      2.41928e+7 
        14171.4      2.36181e+7 
        14183.4        2.354e+7 
        14257.7      2.30604e+7 
        14332.1       2.2593e+7 
        14355.2        2.245e+7 
        14406.4      2.21375e+7 
        14457.6      2.18304e+7 
        14508.9      2.15286e+7 
        14536.9      2.13655e+7 
        14560.1       2.1232e+7 
        14581.2       2.1111e+7 
        14597.2      2.10201e+7 
        14613.2      2.09297e+7 
        14645.2      2.07503e+7 
        14709.2      2.03972e+7 
        14773.2      2.00516e+7 
        14837.1      1.97132e+7 
        14901.1       1.9382e+7 
        14965.1      1.90577e+7 
        15029.1      1.87402e+7 
        15093.1      1.84293e+7 
        15157.1      1.81248e+7 
          15221      1.78266e+7 
          15285      1.75344e+7 
          15349      1.72482e+7 
          15413      1.69678e+7 
        15471.6      1.67161e+7 
        15482.4      1.66702e+7 
        15493.1      1.66246e+7 
        15514.7      1.65338e+7 
        15557.9      1.63541e+7 
        15644.2      1.60018e+7 
        15730.5      1.56591e+7 
        15816.8      1.53254e+7 
        15903.1      1.50006e+7 
        15989.4      1.46844e+7 
        16075.8      1.43765e+7 
        16162.1      1.40766e+7 
        16248.4      1.37845e+7 
        16289.9      1.36467e+7 
        16334.7      1.34999e+7 
        16379.5      1.33551e+7 
        16469.1      1.30716e+7 
        16558.8      1.27956e+7 
        16648.4      1.25268e+7 
          16738      1.22651e+7 
        16827.7      1.20102e+7 
        16917.3      1.17618e+7 
        17006.9      1.15199e+7 
        17096.6      1.12841e+7 
        17186.2      1.10544e+7 
        17275.8      1.08304e+7 
        17327.7      1.07034e+7 
        17365.5      1.06121e+7 
        17403.2      1.05218e+7 
        17478.8      1.03438e+7 
        17554.3      1.01696e+7 
        17629.9        9.999e+6 
        17705.4      9.83196e+6 
          17781      9.66844e+6 
        17856.5      9.50825e+6 
        17932.1      9.35142e+6 
        18007.6      9.19736e+6 
        18083.2      9.04675e+6 
        18158.7      8.89916e+6 
        18234.3      8.75446e+6 
        18309.8      8.61252e+6 
        18343.7      8.54959e+6 
        18385.3      8.47316e+6 
          18427      8.39732e+6 
        18510.2      8.24674e+6 
        18593.4      8.09384e+6 
        18639.3      8.00176e+6 
        18657.9      7.95926e+6 
        18676.6      7.91062e+6 
        18695.2      7.85115e+6 
        18713.8      7.77406e+6 
        18727.8      7.69637e+6 
        18739.5      7.58883e+6 
        18749.9       7.0584e+6 
        18760.4      7.52575e+6 
        18774.4      7.62207e+6 
        18788.4      7.65411e+6 
          18807      7.66982e+6 
        18825.6      7.66747e+6 
        18844.3      7.65424e+6 
        18881.5       7.6118e+6 
        18918.8      7.56024e+6 
        18993.3      7.44963e+6 
        19067.9      7.33732e+6 
        19142.4      7.22601e+6 
        19216.9      7.11643e+6 
        19291.4       7.0087e+6 
          19366      6.90296e+6 
        19430.3      6.81317e+6 
        19440.5       6.7991e+6 
        19450.7      6.78509e+6 
          19471      6.75709e+6 
        19511.8      6.70155e+6 
        19593.3      6.59232e+6 
        19674.7       6.4851e+6 
        19756.2      6.38004e+6 
        19837.7      6.27709e+6 
        19919.1      6.17625e+6 
        20000.6      6.07738e+6 
        20082.1      5.98049e+6 
        20163.6      5.88555e+6 
          20245      5.79247e+6 
        20326.5      5.70121e+6 
        20341.6      5.68452e+6 
          20408      5.61173e+6 
        20474.4      5.54014e+6 
        20540.8      5.46964e+6 
        20607.2      5.40027e+6 
        20673.6      5.33201e+6 
          20740      5.26481e+6 
        20806.4      5.19868e+6 
        20872.8      5.13355e+6 
        20939.2      5.06946e+6 
        21005.6      5.00638e+6 
          21072      4.94427e+6 
        21138.4       4.8831e+6 
        21204.8      4.82291e+6 
        21271.2      4.76363e+6 
        21337.6      4.70523e+6 
          21404      4.64777e+6 
        21470.4      4.59115e+6 
        21536.8      4.53539e+6 
        21575.9        4.503e+6 
        21603.2      4.48048e+6 
        21630.6      4.45808e+6 
        21685.4      4.41372e+6 
        21740.1      4.36992e+6 
        21794.8      4.32666e+6 
        21849.6      4.28391e+6 
        21904.3      4.24172e+6 
          21959      4.20003e+6 
        22013.8      4.15884e+6 
        22068.5      4.11816e+6 
        22123.2      4.07798e+6 
          22178       4.0383e+6 
        22232.7      3.99909e+6 
        22287.4      3.96035e+6 
        22342.2      3.92209e+6 
        22396.9      3.88427e+6 
        22451.6      3.84691e+6 
        22506.4      3.81003e+6 
        22561.1      3.77356e+6 
        22615.8      3.73752e+6 
        22670.6      3.70193e+6 
        22725.3      3.66674e+6 
        22773.2       3.6363e+6 
        22784.8      3.62895e+6 
        22800.8      3.61889e+6 
        22816.8      3.60884e+6 
        22848.8      3.58889e+6 
        22912.8      3.54937e+6 
        22976.8      3.51038e+6 
        23040.8      3.47196e+6 
        23104.8      3.43404e+6 
        23168.7      3.39663e+6 
        23232.7      3.35974e+6 
        23296.7      3.32333e+6 
        23360.7      3.28743e+6 
        23424.7      3.25202e+6 
        23488.6      3.21705e+6 
        23552.6      3.18259e+6 
        23616.6      3.14857e+6 
        23680.6      3.11501e+6 
        23744.6      3.08189e+6 
        23808.6      3.04921e+6 
        23872.5      3.01696e+6 
        23936.5      2.98514e+6 
        24000.5      2.95374e+6 
        24064.5      2.92275e+6 
        24128.5      2.89216e+6 
        24192.5      2.86198e+6 
        24256.4      2.83218e+6 
        24320.4      2.80278e+6 
        24384.4      2.77375e+6 
        24448.4       2.7451e+6 
        24512.4      2.71681e+6 
        24576.3      2.68889e+6 
        24640.3      2.66133e+6 
        24704.3      2.63412e+6 
        24768.3      2.60726e+6 
        24832.3      2.58073e+6 
        24896.3      2.55455e+6 
        24960.2       2.5287e+6 
        25004.4      2.51103e+6 
        25024.2      2.50317e+6 
          25044      2.49534e+6 
        25083.6      2.47977e+6 
        25162.8      2.44901e+6 
        25241.9      2.41872e+6 
        25321.1       2.3889e+6 
        25400.2      2.35953e+6 
        25479.4      2.33062e+6 
        25558.5      2.30214e+6 
        25637.7       2.2741e+6 
        25716.9      2.24649e+6 
          25796      2.21929e+6 
        25875.2      2.19251e+6 
        25954.3      2.16612e+6 
        26033.5      2.14014e+6 
        26112.7      2.11454e+6 
        26191.8      2.08932e+6 
          26271      2.06448e+6 
        26350.1      2.04001e+6 
        26429.3       2.0159e+6 
        26508.4      1.99214e+6 
        26587.6      1.96873e+6 
        26666.8      1.94567e+6 
        26745.9      1.92294e+6 
        26825.1      1.90055e+6 
        26904.2      1.87848e+6 
        26983.4      1.85673e+6 
        27062.6      1.83529e+6 
        27141.7      1.81416e+6 
        27220.9      1.79333e+6 
        27299.2      1.77302e+6 
        27377.5        1.753e+6 
        27455.8      1.73325e+6 
        27534.2      1.71379e+6 
        27612.5      1.69459e+6 
        27690.8      1.67567e+6 
        27769.1        1.657e+6 
        27847.5       1.6386e+6 
        27925.8      1.62045e+6 
        28004.1      1.60255e+6 
        28082.4       1.5849e+6 
        28160.8      1.56749e+6 
        28239.1      1.55032e+6 
        28317.4      1.53338e+6 
        28395.7      1.51668e+6 
          28474       1.5002e+6 
        28552.4      1.48394e+6 
        28630.7       1.4679e+6 
          28709      1.45208e+6 
        28787.3      1.43647e+6 
        28865.7      1.42107e+6 
          28944      1.40588e+6 
        29022.3      1.39089e+6 
        29100.6       1.3761e+6 
          29179       1.3615e+6 
        29257.3       1.3471e+6 
        29335.6      1.33288e+6 
        29413.9      1.31886e+6 
        29492.3      1.30502e+6 
        29570.6      1.29135e+6 
        29648.9      1.27787e+6 
        29727.2      1.26457e+6 
        29805.5      1.25143e+6 
        29883.9      1.23847e+6 
        29932.6      1.23048e+6 
        29962.2      1.22567e+6 
        29991.8      1.22087e+6 
