# Koester WD models
# teff = 60000 K (value for the effective temperature for the model. Temperatures are given in K)
# logg = 8.5 log(cm/s2) (value for Log(G) for the model.)
#
# column 1: WAVELENGTH (ANGSTROM), Wavelength in Angstrom
# column 2: FLUX (ERG/CM2/S/A), Flux in erg/cm2/s/A
         899.23     1.72733e+11 
        909.241     1.68978e+11 
        919.251     1.65095e+11 
        929.261     1.56093e+11 
        939.271     1.79441e+11 
         949.28     1.12374e+11 
        959.289     2.83288e+11 
        969.297     1.65273e+11 
        979.305     2.61192e+11 
        989.312      3.3146e+11 
        999.319     3.38727e+11 
        1009.33     3.11796e+11 
        1019.33     2.08203e+11 
        1029.34     1.79393e+11 
        1039.34     2.88878e+11 
        1049.35     3.15209e+11 
        1059.36     3.16798e+11 
        1069.36     3.11485e+11 
        1079.36     3.04024e+11 
        1089.37     2.95884e+11 
        1099.37     2.87594e+11 
        1109.38     2.79368e+11 
        1119.38     2.71284e+11 
        1129.38     2.63373e+11 
        1139.39     2.55623e+11 
        1149.39     2.47984e+11 
        1159.39     2.40365e+11 
        1169.39     2.32535e+11 
         1179.4     2.23917e+11 
         1189.4     2.12792e+11 
         1199.4     1.92671e+11 
         1209.4     1.37456e+11 
        1219.41     1.22228e+11 
        1229.41     1.75654e+11 
        1239.41     1.85603e+11 
        1249.41     1.85065e+11 
        1259.41     1.81824e+11 
        1269.41     1.77782e+11 
        1279.42     1.73509e+11 
        1289.42     1.69206e+11 
        1299.42     1.64956e+11 
        1309.42     1.60796e+11 
        1319.42     1.56744e+11 
        1329.42     1.52804e+11 
        1339.42     1.48978e+11 
        1349.42     1.45266e+11 
        1359.42     1.41666e+11 
        1369.42     1.38174e+11 
        1379.42     1.34786e+11 
        1389.42     1.31499e+11 
        1399.42      1.2831e+11 
        1409.42     1.25216e+11 
        1419.42     1.22215e+11 
        1429.42     1.19304e+11 
        1439.42     1.16477e+11 
        1454.42     1.12393e+11 
        1464.42     1.09769e+11 
        1474.42     1.07222e+11 
        1489.42     1.03538e+11 
        1504.42     1.00013e+11 
        1514.42     9.77456e+10 
        1529.42     9.44642e+10 
        1544.42     9.13198e+10 
        1559.42     8.83051e+10 
        1570.19     8.62172e+10 
        1584.41     8.35522e+10 
        1599.41     8.08539e+10 
        1614.41     7.82634e+10 
        1629.41     7.57765e+10 
        1644.41     7.33882e+10 
        1659.41     7.10939e+10 
        1670.17     6.95018e+10 
         1684.4     6.74663e+10 
         1699.4     6.54023e+10 
         1714.4     6.34168e+10 
         1729.4     6.15055e+10 
         1744.4     5.96658e+10 
        1759.39     5.78942e+10 
         1771.7     5.64899e+10 
        1784.39     5.50863e+10 
        1799.39     5.34831e+10 
           1824     5.09774e+10 
        1834.77     4.99271e+10 
        1845.54     4.89042e+10 
           1864     4.72109e+10 
        1876.29     4.61242e+10 
        1888.59     4.50687e+10 
        1906.98     4.35453e+10 
        1919.37     4.25554e+10 
        1931.76     4.15941e+10 
        1944.47     4.06352e+10 
        1956.53     3.97512e+10 
         1967.6     3.89608e+10 
        1992.71     3.72414e+10 
        2017.81     3.56159e+10 
        2042.92     3.40794e+10 
        2067.03      3.2681e+10 
        2091.15     3.13541e+10 
        2114.28     3.01441e+10 
        2126.36     2.95352e+10 
        2145.92     2.85821e+10 
        2165.47      2.7667e+10 
        2185.03     2.67886e+10 
        2204.59     2.59449e+10 
         2214.7      2.5522e+10 
        2234.91      2.4702e+10 
        2263.91     2.35821e+10 
        2292.92     2.25253e+10 
        2313.13     2.18236e+10 
        2344.77     2.07797e+10 
        2362.35     2.02265e+10 
        2379.94     1.96917e+10 
        2409.27     1.88382e+10 
        2421.03     1.85094e+10 
        2438.61     1.80309e+10 
        2451.59     1.76874e+10 
        2466.76     1.72965e+10 
        2488.39     1.67576e+10 
        2510.01     1.62396e+10 
         2547.3     1.53928e+10 
        2559.23     1.51335e+10 
        2571.17     1.48797e+10 
        2595.04     1.43879e+10 
        2618.91     1.39163e+10 
        2642.78     1.34638e+10 
        2657.67     1.31909e+10 
        2687.45     1.26657e+10 
        2717.24     1.21663e+10 
        2737.93     1.18338e+10 
        2756.11     1.15511e+10 
        2774.29     1.12768e+10 
        2810.65     1.07524e+10 
        2839.47     1.03581e+10 
        2854.55     1.01591e+10 
        2869.63      9.96482e+9 
        2899.79      9.59012e+9 
        2926.39      9.27417e+9 
        2952.93      8.97167e+9 
        2965.73      8.83036e+9 
        2978.53      8.69181e+9 
        3004.12       8.4228e+9 
        3051.42       7.9525e+9 
        3098.72      7.51475e+9 
        3142.18      7.13877e+9 
        3157.53      7.01169e+9 
        3172.87      6.88744e+9 
        3203.56      6.64711e+9 
        3248.29      6.31526e+9 
        3293.03      6.00399e+9 
        3328.79      5.76884e+9 
        3346.73      5.65521e+9 
        3364.67      5.54441e+9 
        3400.55      5.33081e+9 
        3445.17      5.07942e+9 
        3489.78       4.8427e+9 
        3525.18      4.66461e+9 
         3543.6      4.57516e+9 
        3562.02      4.48789e+9 
        3591.28      4.35349e+9 
        3635.88      4.15812e+9 
        3647.12      4.11065e+9 
        3658.96      4.06136e+9 
        3671.11      4.01141e+9 
        3682.58      3.96507e+9 
         3693.5      3.92156e+9 
        3703.57      3.88191e+9 
        3713.83      3.84204e+9 
        3724.38      3.80155e+9 
        3734.43      3.76347e+9 
        3744.62      3.72533e+9 
        3754.84      3.68757e+9 
        3765.07      3.65022e+9 
         3775.5      3.61271e+9 
        3786.22      3.57466e+9 
        3796.45      3.53831e+9 
        3807.84      3.49995e+9 
        3818.92       3.4621e+9 
        3830.45      3.42141e+9 
        3840.76      3.38858e+9 
        3851.98      3.35594e+9 
        3862.01       3.3239e+9 
        3872.59      3.28601e+9 
         3884.4      3.23958e+9 
        3894.46      3.21259e+9 
        3908.89      3.18749e+9 
        3923.89      3.15086e+9 
        3935.81      3.11101e+9 
        3946.58      3.06416e+9 
        3957.31      3.00615e+9 
        3967.38      2.94899e+9 
        3977.86      2.94018e+9 
        3988.87      2.95015e+9 
        4003.87      2.94785e+9 
        4018.86      2.92585e+9 
        4032.38      2.89441e+9 
        4043.86      2.86058e+9 
        4058.85      2.79928e+9 
        4073.85      2.71233e+9 
           4084      2.63703e+9 
        4096.52      2.52311e+9 
        4106.79      2.50021e+9 
        4117.77      2.55346e+9 
        4128.84      2.58778e+9 
        4143.83      2.60924e+9 
        4158.83       2.6062e+9 
        4173.82      2.58663e+9 
        4188.82      2.56026e+9 
        4203.81       2.5304e+9 
        4216.52      2.50358e+9 
        4228.81      2.47645e+9 
        4243.81      2.44109e+9 
         4258.8      2.40159e+9 
         4273.8      2.35394e+9 
        4288.79      2.29478e+9 
        4303.79      2.21773e+9 
        4314.07      2.14996e+9 
        4326.14      2.04917e+9 
        4336.17      1.94646e+9 
        4346.17      1.94324e+9 
        4357.43      2.01651e+9 
        4367.98      2.06138e+9 
        4378.77      2.08869e+9 
        4393.77      2.10478e+9 
        4408.76      2.10272e+9 
        4423.76      2.09048e+9 
        4438.75      2.07133e+9 
        4453.75      2.04907e+9 
        4468.74      2.02543e+9 
        4483.74      2.00129e+9 
        4498.74      1.97706e+9 
        4513.73      1.95292e+9 
        4527.19      1.93141e+9 
        4538.73       1.9131e+9 
        4553.72      1.88955e+9 
        4568.72      1.86626e+9 
        4583.72      1.84326e+9 
        4596.53      1.82383e+9 
        4608.71      1.80557e+9 
         4623.7      1.78332e+9 
         4638.7      1.76132e+9 
         4653.7      1.73958e+9 
        4668.69      1.71803e+9 
        4683.69      1.69661e+9 
        4698.68      1.67523e+9 
        4713.68      1.65372e+9 
        4724.83      1.63752e+9 
        4738.67      1.61694e+9 
        4753.67      1.59378e+9 
        4768.67      1.56923e+9 
        4783.66      1.54175e+9 
        4798.66      1.50929e+9 
        4813.65      1.46851e+9 
        4828.65      1.41496e+9 
        4839.16      1.36461e+9 
        4851.78       1.2853e+9 
        4861.84      1.21075e+9 
        4874.75      1.28596e+9 
        4884.94       1.3248e+9 
        4896.24      1.35101e+9 
        4906.77      1.36372e+9 
        4918.24       1.3699e+9 
        4928.62      1.36996e+9 
        4943.62      1.36472e+9 
        4958.61      1.35521e+9 
        4973.61      1.34346e+9 
        4988.61      1.33056e+9 
         5003.6      1.31699e+9 
         5018.6      1.30303e+9 
         5033.6       1.2889e+9 
        5048.59      1.27473e+9 
        5063.59      1.26062e+9 
        5078.58      1.24662e+9 
        5093.58      1.23276e+9 
        5108.57      1.21907e+9 
        5123.57      1.20553e+9 
        5138.57      1.19217e+9 
        5153.56      1.17897e+9 
        5168.56      1.16595e+9 
        5183.56      1.15309e+9 
        5198.55      1.14041e+9 
        5213.55       1.1279e+9 
        5228.54      1.11555e+9 
        5243.54      1.10337e+9 
        5258.53      1.09135e+9 
        5273.53      1.07949e+9 
        5288.53      1.06779e+9 
        5303.52      1.05625e+9 
        5318.52      1.04486e+9 
        5333.52      1.03362e+9 
        5348.51      1.02254e+9 
        5363.51      1.01165e+9 
         5378.5      1.00085e+9 
         5393.5      9.90195e+8 
        5408.49      9.79681e+8 
        5423.49      9.69304e+8 
        5438.49      9.59062e+8 
        5453.48      9.48959e+8 
        5468.48      9.38984e+8 
        5483.48      9.29142e+8 
        5498.47      9.19428e+8 
        5513.47      9.09843e+8 
        5528.46       9.0038e+8 
        5543.46       8.9104e+8 
        5558.45      8.81823e+8 
        5573.45      8.72722e+8 
        5588.45       8.6374e+8 
        5603.44      8.54871e+8 
        5618.44      8.46119e+8 
        5633.43      8.37476e+8 
        5648.43      8.28944e+8 
        5663.43      8.20521e+8 
        5673.98      8.14731e+8 
         5686.2      8.08005e+8 
        5698.42      8.01348e+8 
        5708.88      7.95699e+8 
        5723.41       7.8794e+8 
        5738.41      7.80029e+8 
         5753.4      7.72219e+8 
         5768.4      7.64475e+8 
        5783.39      7.56857e+8 
        5798.39      7.49333e+8 
        5813.39      7.41903e+8 
        5828.38      7.34567e+8 
        5843.38       7.2732e+8 
        5858.37       7.2016e+8 
        5873.37      7.13091e+8 
        5888.37      7.06108e+8 
        5903.36      6.99205e+8 
        5918.36      6.92391e+8 
        5933.35      6.85659e+8 
        5948.35      6.79008e+8 
        5963.35      6.72436e+8 
        5978.34      6.65942e+8 
        5993.34      6.59527e+8 
        6008.33      6.53191e+8 
        6023.33      6.46932e+8 
        6038.32      6.40744e+8 
        6053.32       6.3463e+8 
        6068.32      6.28589e+8 
        6083.31       6.2262e+8 
        6098.31      6.16717e+8 
        6113.31      6.10883e+8 
         6128.3      6.05115e+8 
         6143.3      5.99416e+8 
        6158.29       5.9378e+8 
        6173.29      5.88207e+8 
        6188.28      5.82696e+8 
        6203.28      5.77249e+8 
        6218.28      5.71858e+8 
        6233.27      5.66523e+8 
        6244.38      5.62606e+8 
        6256.04      5.58528e+8 
        6266.59      5.54874e+8 
        6278.26      5.50856e+8 
        6290.52      5.46669e+8 
        6302.31      5.42676e+8 
        6312.59       5.3922e+8 
        6323.25      5.35654e+8 
        6338.24      5.30675e+8 
        6353.24      5.25727e+8 
        6368.24      5.20807e+8 
        6383.23      5.15906e+8 
        6398.23      5.11002e+8 
        6413.22      5.06073e+8 
        6428.22      5.01084e+8 
        6443.22      4.95973e+8 
        6458.21      4.90626e+8 
        6473.21      4.84892e+8 
         6488.2      4.78496e+8 
         6503.2      4.70972e+8 
         6518.2      4.61381e+8 
        6532.67      4.48723e+8 
        6543.19      4.36182e+8 
        6554.43       4.1863e+8 
        6564.49      4.00374e+8 
        6575.67      4.20097e+8 
        6586.28      4.29588e+8 
        6598.17      4.35814e+8 
        6613.66      4.39166e+8 
        6623.98      4.39525e+8 
         6634.3      4.38968e+8 
        6644.62      4.37815e+8 
        6660.33      4.35343e+8 
         6685.9      4.30285e+8 
        6711.48      4.24646e+8 
        6762.62       4.1294e+8 
        6802.75      4.03789e+8 
        6813.77      4.01304e+8 
        6824.78      3.98831e+8 
        6846.81      3.93937e+8 
        6890.86      3.84339e+8 
        6978.98      3.65942e+8 
        7025.03      3.56744e+8 
        7067.09      3.48591e+8 
        7109.15      3.40665e+8 
        7193.26      3.25478e+8 
        7277.38      3.11126e+8 
        7329.48      3.02631e+8 
         7361.5      2.97555e+8 
        7393.51      2.92588e+8 
        7457.55      2.82954e+8 
        7521.58      2.73714e+8 
        7585.61      2.64847e+8 
        7621.41      2.60047e+8 
        7649.65      2.56337e+8 
        7677.88      2.52693e+8 
        7734.35      2.45598e+8 
        7790.83      2.38751e+8 
         7847.3      2.32141e+8 
        7903.77      2.25758e+8 
        7958.24      2.19808e+8 
        7974.27      2.18094e+8 
         7990.3      2.16398e+8 
        8022.35      2.13054e+8 
        8082.55      2.06947e+8 
        8142.75      2.01057e+8 
        8200.85       1.9557e+8 
        8216.85      1.94092e+8 
        8232.84      1.92629e+8 
        8264.83      1.89742e+8 
        8289.72      1.87535e+8 
        8328.82       1.8413e+8 
        8343.44      1.82877e+8 
        8367.92      1.80803e+8 
        8388.68      1.79066e+8 
        8408.65      1.77416e+8 
        8432.02      1.75509e+8 
        8467.25      1.72681e+8 
        8502.48      1.69911e+8 
        8516.58      1.68818e+8 
        8530.98       1.6771e+8 
        8545.38      1.66613e+8 
        8574.18      1.64444e+8 
        8598.39      1.62648e+8 
         8628.6      1.60442e+8 
        8646.81       1.5913e+8 
        8665.01      1.57831e+8 
        8685.59       1.5638e+8 
        8701.43      1.55274e+8 
        8750.47      1.51906e+8 
        8767.92      1.50731e+8 
        8815.35      1.47592e+8 
        8862.78      1.44543e+8 
        8900.38      1.42188e+8 
        8957.65      1.38671e+8 
        9014.91      1.35256e+8 
        9044.62      1.33544e+8 
        9072.17       1.3198e+8 
        9099.72      1.30431e+8 
        9154.81      1.27394e+8 
         9190.8       1.2544e+8 
         9209.9      1.24416e+8 
        9229.01       1.2341e+8 
        9267.22      1.21462e+8 
         9303.2      1.19688e+8 
        9343.64      1.17709e+8 
        9384.08      1.15743e+8 
        9464.96      1.11836e+8 
        9545.72      1.07929e+8 
        9561.21        1.073e+8 
        9576.69       1.0671e+8 
        9607.66      1.05505e+8 
        9668.45      1.03109e+8 
        9729.24      1.00698e+8 
        9790.04      9.82963e+7 
        9850.83      9.59122e+7 
        9870.42      9.51356e+7 
        9911.62      9.34705e+7 
        9952.82      9.17719e+7 
        10021.1      8.88439e+7 
        10035.2      8.82455e+7 
        10049.4      8.77535e+7 
        10077.7      8.69348e+7 
          10106      8.62436e+7 
        10134.2      8.55154e+7 
        10144.5       8.5243e+7 
        10190.8      8.39694e+7 
        10237.2      8.26383e+7 
        10329.9      7.98982e+7 
        10422.6      7.71971e+7 
        10515.3      7.45415e+7 
          10608      7.20006e+7 
        10700.7      6.94688e+7 
        10793.4      6.68251e+7 
        10834.1      6.55892e+7 
        10860.1      6.47492e+7 
        10886.1      6.38661e+7 
        10899.1      6.33939e+7 
        10912.1      6.29016e+7 
        10925.1      6.23537e+7 
        10938.1      6.16176e+7 
        10951.1      6.17851e+7 
        10964.1      6.17581e+7 
        10986.8      6.15947e+7 
        11012.8      6.13138e+7 
        11064.8       6.0573e+7 
        11116.8      5.97195e+7 
        11168.7      5.87798e+7 
        11180.5      5.85602e+7 
        11220.7      5.77975e+7 
        11260.9      5.70268e+7 
        11341.3      5.54893e+7 
        11421.7       5.3987e+7 
          11502      5.25397e+7 
        11582.4      5.11238e+7 
        11662.8       4.9755e+7 
        11743.2      4.84317e+7 
        11823.5      4.71525e+7 
        11903.9      4.59147e+7 
        11984.3      4.47174e+7 
        12064.7      4.35497e+7 
          12145      4.24256e+7 
        12166.2       4.2135e+7 
        12225.4      4.13355e+7 
        12284.6      4.05526e+7 
        12343.8      3.97845e+7 
          12403      3.90289e+7 
        12462.2      3.82822e+7 
        12521.5      3.75367e+7 
        12580.7      3.67808e+7 
        12639.9      3.59857e+7 
        12669.5        3.556e+7 
        12699.1      3.50976e+7 
        12728.7      3.45899e+7 
        12758.3      3.40049e+7 
        12816.9      3.28827e+7 
        12827.5      3.26154e+7 
        12841.7      3.26785e+7 
        12860.6      3.27703e+7 
        12898.4      3.27847e+7 
        12936.3      3.26547e+7 
        12974.1      3.24366e+7 
        13011.9      3.21611e+7 
        13087.6      3.15384e+7 
        13163.2      3.08752e+7 
        13238.9      3.02074e+7 
        13308.4      2.96008e+7 
        13377.8      2.90054e+7 
        13447.3      2.84229e+7 
        13516.8      2.78538e+7 
        13586.3      2.72983e+7 
        13655.8      2.67588e+7 
        13725.3      2.62293e+7 
        13794.8      2.57128e+7 
        13864.3      2.52091e+7 
        13933.8      2.47175e+7 
        14003.3      2.42379e+7 
        14072.8      2.37699e+7 
        14142.3      2.33132e+7 
        14211.8      2.28673e+7 
        14230.5      2.27491e+7 
        14281.3      2.24321e+7 
        14332.1      2.21206e+7 
        14382.8      2.18144e+7 
        14409.6      2.16552e+7 
        14428.1      2.15459e+7 
        14457.6       2.1373e+7 
        14505.7      2.10954e+7 
        14581.2      2.06679e+7 
        14597.2      2.05788e+7 
        14613.2      2.04902e+7 
        14645.2      2.03143e+7 
        14709.2      1.99682e+7 
        14773.2      1.96295e+7 
        14837.1      1.92979e+7 
        14901.1      1.89732e+7 
        14965.1      1.86554e+7 
        15029.1      1.83442e+7 
        15093.1      1.80395e+7 
        15157.1       1.7741e+7 
          15221      1.74488e+7 
          15285      1.71625e+7 
          15349       1.6882e+7 
          15413      1.66073e+7 
        15471.6      1.63606e+7 
        15482.4      1.63157e+7 
        15493.1      1.62709e+7 
        15514.7      1.61818e+7 
        15557.9      1.60055e+7 
        15644.2      1.56601e+7 
        15730.5      1.53239e+7 
        15816.8      1.49967e+7 
        15903.1      1.46781e+7 
        15989.4       1.4368e+7 
        16075.8      1.40661e+7 
        16162.1       1.3772e+7 
        16248.4      1.34856e+7 
        16289.9      1.33505e+7 
        16334.7      1.32066e+7 
        16379.5      1.30646e+7 
        16469.1      1.27864e+7 
        16558.8      1.25156e+7 
        16648.4       1.2252e+7 
          16738      1.19952e+7 
        16827.7      1.17452e+7 
        16917.3      1.15016e+7 
        17006.9      1.12643e+7 
        17096.6      1.10331e+7 
        17186.2      1.08078e+7 
        17275.8      1.05882e+7 
        17327.7      1.04637e+7 
        17365.5      1.03742e+7 
        17403.2      1.02856e+7 
        17478.8      1.01114e+7 
        17554.3      9.94094e+6 
        17629.9        9.774e+6 
        17705.4      9.61057e+6 
          17781      9.45054e+6 
        17856.5       9.2938e+6 
        17932.1      9.14031e+6 
        18007.6      8.98756e+6 
        18083.2      8.83969e+6 
        18158.7      8.69451e+6 
        18234.3      8.55182e+6 
        18309.8      8.41114e+6 
        18343.7      8.34837e+6 
        18385.3      8.27162e+6 
          18427      8.19472e+6 
        18510.2      8.03767e+6 
        18551.8      7.95473e+6 
        18593.4      7.86598e+6 
          18635      7.76536e+6 
        18657.9      7.70158e+6 
        18676.6      7.64368e+6 
        18695.2      7.57762e+6 
        18713.8      7.50175e+6 
        18727.8      7.42729e+6 
        18739.5      7.32613e+6 
        18749.9      6.96695e+6 
        18761.6      7.27926e+6 
        18773.2      7.35183e+6 
        18787.2      7.38456e+6 
        18805.8      7.40269e+6 
        18824.5      7.40967e+6 
        18861.7      7.40071e+6 
          18899      7.37266e+6 
        18936.3      7.33358e+6 
        19010.8      7.23958e+6 
        19085.3      7.13685e+6 
        19159.8      7.03192e+6 
        19234.4      6.92715e+6 
        19308.9      6.82344e+6 
        19383.4      6.72125e+6 
        19450.7      6.63043e+6 
        19517.9      6.54102e+6 
        19585.2      6.45393e+6 
        19652.4      6.36713e+6 
        19719.7       6.2818e+6 
        19786.9      6.19789e+6 
        19854.1      6.11536e+6 
        19921.4      6.03421e+6 
        19988.6      5.95442e+6 
        20055.9      5.87591e+6 
        20123.1      5.79872e+6 
        20190.4      5.72279e+6 
        20257.6      5.64808e+6 
        20324.9      5.57457e+6 
        20392.1      5.50228e+6 
        20444.3      5.44699e+6 
        20459.3      5.43115e+6 
        20474.4      5.41538e+6 
        20504.5        5.384e+6 
        20564.7      5.32195e+6 
        20624.9      5.26079e+6 
        20685.1      5.20047e+6 
        20745.4      5.14103e+6 
        20805.6      5.08244e+6 
        20865.8      5.02469e+6 
          20926      4.96774e+6 
        20986.2       4.9116e+6 
        21046.4      4.85627e+6 
        21106.6       4.8017e+6 
        21166.9      4.74789e+6 
        21227.1      4.69483e+6 
        21287.3      4.64252e+6 
        21347.5      4.59094e+6 
        21407.7      4.54004e+6 
        21467.9      4.48987e+6 
        21528.1      4.44039e+6 
        21546.1      4.42575e+6 
        21588.4       4.3916e+6 
        21630.6      4.35773e+6 
        21715.1      4.29101e+6 
        21799.6      4.22554e+6 
        21884.1      4.16129e+6 
        21968.7       4.0983e+6 
        22053.2      4.03648e+6 
        22137.7      3.97581e+6 
        22222.2      3.91628e+6 
        22306.7      3.85788e+6 
        22391.2      3.80054e+6 
        22475.7      3.74428e+6 
        22560.2      3.68905e+6 
        22644.7      3.63482e+6 
        22671.7      3.61776e+6 
        22729.3       3.5816e+6 
        22784.8      3.54711e+6 
        22800.8      3.53728e+6 
        22816.8      3.52747e+6 
        22848.8      3.50793e+6 
        22912.8      3.46929e+6 
        22976.8      3.43118e+6 
        23040.8      3.39358e+6 
        23104.8      3.35651e+6 
        23168.7      3.31994e+6 
        23232.7      3.28388e+6 
        23296.7      3.24828e+6 
        23360.7      3.21319e+6 
        23424.7      3.17854e+6 
        23488.6      3.14439e+6 
        23552.6      3.11068e+6 
        23616.6      3.07742e+6 
        23680.6      3.04461e+6 
        23744.6      3.01223e+6 
        23808.6      2.98028e+6 
        23872.5      2.94876e+6 
        23936.5      2.91765e+6 
        24000.5      2.88694e+6 
        24064.5      2.85664e+6 
        24128.5      2.82674e+6 
        24192.5      2.79723e+6 
        24256.4       2.7681e+6 
        24320.4      2.73935e+6 
        24384.4      2.71097e+6 
        24448.4      2.68296e+6 
        24512.4      2.65531e+6 
        24576.3      2.62801e+6 
        24640.3      2.60107e+6 
        24704.3      2.57447e+6 
        24768.3      2.54821e+6 
        24832.3      2.52228e+6 
        24896.3      2.49668e+6 
        24960.2      2.47141e+6 
        25004.4      2.45414e+6 
        25024.2      2.44645e+6 
          25044       2.4388e+6 
        25083.6      2.42358e+6 
        25162.8      2.39349e+6 
        25241.9      2.36388e+6 
        25321.1      2.33471e+6 
        25400.2        2.306e+6 
        25479.4      2.27772e+6 
        25558.5      2.24988e+6 
        25637.7      2.22247e+6 
        25716.9      2.19546e+6 
          25796      2.16887e+6 
        25875.2      2.14268e+6 
        25954.3      2.11688e+6 
        26033.5      2.09147e+6 
        26112.7      2.06644e+6 
        26191.8      2.04178e+6 
          26271      2.01749e+6 
        26350.1      1.99356e+6 
        26429.3      1.96998e+6 
        26508.4      1.94675e+6 
        26587.6      1.92386e+6 
        26666.8      1.90131e+6 
        26745.9      1.87909e+6 
        26825.1      1.85719e+6 
        26904.2      1.83561e+6 
        26983.4      1.81434e+6 
        27062.6      1.79338e+6 
        27141.7      1.77272e+6 
        27220.9      1.75236e+6 
        27299.2      1.73249e+6 
        27377.5      1.71292e+6 
        27455.8      1.69361e+6 
        27534.2      1.67458e+6 
        27612.5      1.65581e+6 
        27690.8      1.63731e+6 
        27769.1      1.61906e+6 
        27847.5      1.60107e+6 
        27925.8      1.58332e+6 
        28004.1      1.56582e+6 
        28082.4      1.54857e+6 
        28160.8      1.53155e+6 
        28239.1      1.51476e+6 
        28317.4       1.4982e+6 
        28395.7      1.48187e+6 
          28474      1.46576e+6 
        28552.4      1.44986e+6 
        28630.7      1.43429e+6 
          28709      1.41882e+6 
        28787.3      1.40356e+6 
        28865.7      1.38851e+6 
          28944      1.37365e+6 
        29022.3      1.35899e+6 
        29100.6      1.34453e+6 
          29179      1.33026e+6 
        29257.3      1.31618e+6 
        29335.6      1.30228e+6 
        29413.9      1.28857e+6 
        29492.3      1.27504e+6 
        29570.6      1.26169e+6 
        29648.9       1.2485e+6 
        29727.2      1.23549e+6 
        29805.5      1.22265e+6 
        29883.9      1.20998e+6 
        29932.6      1.20218e+6 
        29962.2      1.19747e+6 
        29991.8      1.19278e+6 
