# Koester WD models
# teff = 70000 K (value for the effective temperature for the model. Temperatures are given in K)
# logg = 9 log(cm/s2) (value for Log(G) for the model.)
#
# column 1: WAVELENGTH (ANGSTROM), Wavelength in Angstrom
# column 2: FLUX (ERG/CM2/S/A), Flux in erg/cm2/s/A
         899.23      2.5409e+11 
        909.241     2.47764e+11 
        919.251      2.4134e+11 
        929.261     2.32245e+11 
        939.271     2.45805e+11 
         949.28     1.71172e+11 
        959.289     3.36857e+11 
        969.297     2.13475e+11 
        979.305     3.11675e+11 
        989.312     3.90371e+11 
        999.319     3.99648e+11 
        1009.33     3.66665e+11 
        1019.33     2.50526e+11 
        1029.34     2.19612e+11 
        1039.34     3.40577e+11 
        1049.35     3.76862e+11 
        1059.36      3.8182e+11 
        1069.36     3.76668e+11 
        1079.36     3.68119e+11 
        1089.37     3.58399e+11 
        1099.37     3.48327e+11 
        1109.38     3.38249e+11 
        1119.38      3.2829e+11 
        1129.38     3.18504e+11 
        1139.39     3.08884e+11 
        1149.39     2.99366e+11 
        1159.39     2.89788e+11 
        1169.39     2.79809e+11 
         1179.4     2.68574e+11 
         1189.4     2.53684e+11 
         1199.4      2.2716e+11 
         1209.4     1.63603e+11 
        1219.41     1.47173e+11 
        1229.41     2.06674e+11 
        1239.41     2.20761e+11 
        1249.41     2.21315e+11 
        1259.41     2.17913e+11 
        1269.41     2.13248e+11 
        1279.42     2.08173e+11 
        1289.42     2.03002e+11 
        1299.42     1.97864e+11 
        1309.42     1.92818e+11 
        1319.42     1.87894e+11 
        1329.42     1.83102e+11 
        1339.42     1.78446e+11 
        1349.42     1.73927e+11 
        1359.42     1.69544e+11 
        1369.42     1.65293e+11 
        1379.42     1.61172e+11 
        1389.42     1.57175e+11 
        1399.42       1.533e+11 
        1409.42     1.49543e+11 
        1419.42     1.45901e+11 
        1429.42     1.42368e+11 
        1439.42      1.3894e+11 
        1454.42     1.33989e+11 
        1464.42      1.3081e+11 
        1474.42     1.27724e+11 
        1489.42     1.23263e+11 
        1504.42     1.18996e+11 
        1514.42     1.16252e+11 
        1529.42     1.12285e+11 
        1544.42     1.08486e+11 
        1559.42     1.04847e+11 
        1570.19     1.02329e+11 
        1584.41     9.91157e+10 
        1599.41     9.58641e+10 
        1614.41     9.27452e+10 
        1629.41     8.97515e+10 
        1644.41     8.68776e+10 
        1659.41     8.41187e+10 
        1670.17     8.22054e+10 
         1684.4     7.97606e+10 
         1699.4     7.72826e+10 
         1714.4     7.49003e+10 
         1729.4     7.26091e+10 
         1744.4     7.04047e+10 
        1759.39     6.82838e+10 
         1771.7     6.66027e+10 
        1784.39     6.49235e+10 
        1799.39     6.30065e+10 
           1824     6.00113e+10 
        1834.77     5.87569e+10 
        1845.54     5.75354e+10 
           1864     5.55145e+10 
        1876.29     5.42179e+10 
        1888.59     5.29597e+10 
        1906.98     5.11445e+10 
        1919.37     4.99655e+10 
        1931.76      4.8821e+10 
        1944.47       4.768e+10 
        1956.53     4.66285e+10 
         1967.6     4.56888e+10 
        1992.71     4.36449e+10 
        2017.81     4.17144e+10 
        2042.92     3.98907e+10 
        2067.03     3.82319e+10 
        2091.15     3.66592e+10 
        2114.28     3.52261e+10 
        2126.36     3.45054e+10 
        2145.92     3.33779e+10 
        2165.47     3.22959e+10 
        2185.03     3.12577e+10 
        2204.59     3.02608e+10 
         2214.7     2.97612e+10 
        2234.91     2.87929e+10 
        2263.91     2.74712e+10 
        2292.92     2.62249e+10 
        2313.13     2.53979e+10 
        2333.35     2.46037e+10 
        2344.77     2.41686e+10 
        2362.35     2.35176e+10 
        2379.94     2.28886e+10 
        2409.27      2.1885e+10 
        2421.03     2.14985e+10 
        2438.61     2.09361e+10 
        2451.59     2.05325e+10 
        2466.76     2.00734e+10 
        2488.39     1.94408e+10 
        2510.01     1.88329e+10 
        2531.64     1.82487e+10 
         2547.3     1.78398e+10 
        2559.23     1.75359e+10 
        2571.17     1.72385e+10 
        2595.04     1.66625e+10 
        2618.91     1.61104e+10 
        2642.78     1.55809e+10 
        2657.67     1.52616e+10 
        2687.45     1.46474e+10 
        2717.24     1.40638e+10 
        2737.93     1.36754e+10 
        2756.11     1.33451e+10 
        2774.29     1.30249e+10 
        2810.65     1.24128e+10 
        2839.47      1.1953e+10 
        2854.55      1.1721e+10 
        2869.63     1.14946e+10 
        2899.79     1.10581e+10 
        2926.39     1.06901e+10 
        2952.93     1.03381e+10 
        2965.73     1.01736e+10 
        2978.53     1.00124e+10 
        3004.12      9.69942e+9 
        3051.42      9.15259e+9 
        3098.72      8.64403e+9 
        3142.18      8.20754e+9 
        3157.53      8.06007e+9 
        3172.87      7.91593e+9 
        3203.56      7.63718e+9 
        3248.29      7.25249e+9 
        3293.03      6.89184e+9 
        3328.79      6.61952e+9 
        3346.73      6.48799e+9 
        3364.67      6.35975e+9 
        3400.55      6.11263e+9 
        3445.17      5.82191e+9 
        3489.78       5.5483e+9 
        3525.18      5.34259e+9 
         3543.6       5.2393e+9 
        3562.02      5.13855e+9 
        3591.28      4.98338e+9 
        3635.88      4.75794e+9 
        3647.12      4.70318e+9 
        3658.96      4.64635e+9 
        3671.11      4.58877e+9 
        3682.58      4.53536e+9 
         3693.5      4.48519e+9 
        3703.57      4.43954e+9 
        3713.83      4.39361e+9 
        3724.38      4.34699e+9 
        3734.43      4.30317e+9 
        3744.62      4.25921e+9 
        3754.84      4.21577e+9 
        3765.07      4.17276e+9 
         3775.5       4.1295e+9 
        3786.22      4.08561e+9 
        3796.45      4.04414e+9 
        3807.84        3.999e+9 
        3818.92      3.95536e+9 
        3830.45      3.91009e+9 
        3840.76      3.87091e+9 
        3851.98      3.82973e+9 
        3862.01      3.79237e+9 
        3872.59      3.75229e+9 
         3884.4      3.70692e+9 
        3894.46      3.67265e+9 
        3908.89      3.62819e+9 
        3923.89      3.57897e+9 
        3935.81      3.53608e+9 
        3946.58      3.49361e+9 
        3957.31      3.44777e+9 
        3967.38      3.40524e+9 
        3977.86      3.38086e+9 
        3988.87      3.36345e+9 
        4003.87      3.33486e+9 
        4018.86      3.29817e+9 
        4032.38      3.25871e+9 
        4043.86      3.22073e+9 
        4058.85      3.15941e+9 
        4073.85       3.0855e+9 
           4084      3.02762e+9 
        4096.52      2.94976e+9 
        4106.79      2.92382e+9 
        4117.77      2.93746e+9 
        4128.84      2.94497e+9 
        4143.83       2.9437e+9 
        4158.83      2.92989e+9 
        4173.82      2.90431e+9 
        4188.82       2.8734e+9 
        4203.81      2.83937e+9 
        4216.52      2.80891e+9 
        4228.81      2.77807e+9 
        4243.81      2.73753e+9 
         4258.8      2.69236e+9 
         4273.8      2.63821e+9 
        4288.79       2.5745e+9 
        4303.79      2.49625e+9 
        4314.07      2.43389e+9 
        4326.14      2.35249e+9 
        4336.17      2.27092e+9 
        4346.17      2.26209e+9 
        4357.43       2.3055e+9 
        4367.98      2.33112e+9 
        4378.77      2.34915e+9 
        4393.77      2.36111e+9 
        4408.76      2.35779e+9 
        4423.76      2.34548e+9 
        4438.75      2.32542e+9 
        4453.75      2.30163e+9 
        4468.74      2.27585e+9 
        4483.74       2.2493e+9 
        4498.74      2.22246e+9 
        4513.73       2.1956e+9 
        4527.19      2.17157e+9 
        4538.73       2.1511e+9 
        4553.72      2.12469e+9 
        4568.72      2.09856e+9 
        4583.72       2.0727e+9 
        4596.53      2.05083e+9 
        4608.71      2.03026e+9 
         4623.7      2.00515e+9 
         4638.7      1.98029e+9 
         4653.7      1.95563e+9 
        4668.69      1.93115e+9 
        4683.69      1.90675e+9 
        4698.68      1.88227e+9 
        4713.68      1.85746e+9 
        4724.83      1.83869e+9 
        4738.67      1.81465e+9 
        4753.67      1.78711e+9 
        4768.67      1.75764e+9 
        4783.66      1.72493e+9 
        4798.66      1.68656e+9 
        4813.65      1.64064e+9 
        4828.65      1.58424e+9 
        4839.16      1.53599e+9 
        4851.78      1.46494e+9 
        4861.84       1.4186e+9 
        4872.13      1.44907e+9 
        4882.71      1.48352e+9 
        4893.63      1.50711e+9 
        4903.92      1.52044e+9 
        4915.55       1.5294e+9 
        4928.62      1.53136e+9 
        4943.62      1.52749e+9 
        4958.61      1.51851e+9 
        4973.61      1.50677e+9 
        4988.61      1.49331e+9 
         5003.6      1.47869e+9 
         5018.6      1.46345e+9 
         5033.6      1.44788e+9 
        5048.59      1.43213e+9 
        5063.59      1.41641e+9 
        5078.58      1.40076e+9 
        5093.58      1.38524e+9 
        5108.57      1.36987e+9 
        5123.57      1.35467e+9 
        5138.57      1.33964e+9 
        5153.56       1.3248e+9 
        5168.56      1.31014e+9 
        5183.56      1.29568e+9 
        5198.55       1.2814e+9 
        5213.55      1.26731e+9 
        5228.54       1.2534e+9 
        5243.54      1.23969e+9 
        5258.53      1.22614e+9 
        5273.53      1.21279e+9 
        5288.53      1.19961e+9 
        5303.52       1.1866e+9 
        5318.52      1.17377e+9 
        5333.52      1.16111e+9 
        5348.51      1.14862e+9 
        5363.51      1.13639e+9 
         5378.5      1.12422e+9 
         5393.5      1.11221e+9 
        5408.49      1.10036e+9 
        5423.49      1.08867e+9 
        5438.49      1.07713e+9 
        5453.48      1.06575e+9 
        5468.48      1.05451e+9 
        5483.48      1.04342e+9 
        5498.47      1.03248e+9 
        5513.47      1.02168e+9 
        5528.46      1.01102e+9 
        5543.46       1.0005e+9 
        5558.45      9.90117e+8 
        5573.45      9.79869e+8 
        5588.45       9.6975e+8 
        5603.44      9.59763e+8 
        5618.44      9.49905e+8 
        5633.43      9.40172e+8 
        5648.43      9.30565e+8 
        5663.43      9.21077e+8 
        5673.98      9.14672e+8 
         5686.2      9.07094e+8 
        5698.42      8.99592e+8 
        5708.88       8.9323e+8 
        5723.41      8.84493e+8 
        5738.41      8.75584e+8 
         5753.4      8.66787e+8 
         5768.4      8.58044e+8 
        5783.39      8.49465e+8 
        5798.39      8.40995e+8 
        5813.39      8.32626e+8 
        5828.38      8.24363e+8 
        5843.38      8.16201e+8 
        5858.37      8.08143e+8 
        5873.37      8.00182e+8 
        5888.37      7.92316e+8 
        5903.36       7.8455e+8 
        5918.36      7.76875e+8 
        5933.35      7.69294e+8 
        5948.35      7.61805e+8 
        5963.35      7.54406e+8 
        5978.34      7.47099e+8 
        5993.34      7.39876e+8 
        6008.33      7.32742e+8 
        6023.33      7.25695e+8 
        6038.32       7.1873e+8 
        6053.32      7.11847e+8 
        6068.32      7.05046e+8 
        6083.31      6.98323e+8 
        6098.31      6.91675e+8 
        6113.31      6.85109e+8 
         6128.3      6.78615e+8 
         6143.3      6.72194e+8 
        6158.29      6.65848e+8 
        6173.29      6.59574e+8 
        6188.28      6.53366e+8 
        6203.28      6.47228e+8 
        6218.28      6.41152e+8 
        6233.27      6.35139e+8 
        6244.38      6.30725e+8 
        6256.04      6.26126e+8 
        6266.59      6.22001e+8 
        6278.26      6.17461e+8 
        6290.52      6.12727e+8 
        6302.31      6.08212e+8 
        6312.59      6.04304e+8 
        6323.25      6.00267e+8 
        6338.24      5.94625e+8 
        6353.24      5.89011e+8 
        6368.24      5.83416e+8 
        6383.23      5.77824e+8 
        6398.23       5.7221e+8 
        6413.22      5.66536e+8 
        6428.22      5.60752e+8 
        6443.22      5.54777e+8 
        6458.21      5.48484e+8 
        6473.21      5.41699e+8 
         6488.2      5.34127e+8 
         6503.2      5.25296e+8 
         6518.2      5.14461e+8 
        6532.67       5.0115e+8 
        6543.19      4.89005e+8 
        6554.43      4.72778e+8 
        6564.49      4.53894e+8 
        6575.67        4.727e+8 
        6586.28      4.80723e+8 
        6598.17      4.86237e+8 
        6613.66      4.89661e+8 
        6623.98      4.90249e+8 
         6634.3      4.89913e+8 
        6644.62      4.88907e+8 
        6654.94      4.87421e+8 
        6675.58      4.83529e+8 
        6711.48      4.75241e+8 
        6747.37       4.6625e+8 
        6813.53      4.49477e+8 
        6824.78      4.46659e+8 
        6836.02       4.4386e+8 
        6858.51      4.38309e+8 
        6903.49       4.2742e+8 
        6993.45      4.06541e+8 
        7057.68      3.92375e+8 
        7083.41      3.86868e+8 
        7109.15      3.81455e+8 
        7160.61      3.70912e+8 
        7212.08      3.60727e+8 
        7263.54      3.50891e+8 
        7315.01      3.41381e+8 
        7339.44      3.36983e+8 
        7366.48      3.32205e+8 
        7393.51      3.27498e+8 
        7447.59      3.18341e+8 
        7501.66      3.09499e+8 
        7555.74      3.00963e+8 
        7609.82      2.92719e+8 
         7649.9      2.86789e+8 
        7663.89      2.84756e+8 
        7677.88      2.82739e+8 
        7705.86      2.78761e+8 
        7761.82      2.71012e+8 
        7817.78       2.6353e+8 
        7873.74      2.56305e+8 
        7897.16      2.53355e+8 
         7929.7      2.49326e+8 
        7962.25      2.45377e+8 
        8027.33       2.3771e+8 
        8082.55       2.3144e+8 
        8137.77      2.25375e+8 
        8183.11      2.20543e+8 
        8200.85      2.18688e+8 
        8216.85      2.17032e+8 
        8232.84      2.15391e+8 
        8264.83      2.12156e+8 
        8289.72      2.09682e+8 
        8328.82      2.05868e+8 
        8343.44      2.04463e+8 
        8367.92      2.02139e+8 
        8388.68      2.00193e+8 
        8408.65      1.98344e+8 
        8432.02      1.96206e+8 
        8467.25      1.93039e+8 
        8502.48      1.89935e+8 
        8516.58       1.8871e+8 
        8530.98       1.8747e+8 
        8545.38       1.8624e+8 
        8574.18      1.83809e+8 
        8598.39      1.81797e+8 
         8628.6      1.79325e+8 
        8646.81      1.77855e+8 
        8665.01        1.764e+8 
        8685.59      1.74774e+8 
        8701.43      1.73534e+8 
        8750.47      1.69765e+8 
        8767.92      1.68449e+8 
        8815.35      1.64935e+8 
        8862.78      1.61516e+8 
        8900.38      1.58871e+8 
        8957.65      1.54935e+8 
        9014.91      1.51122e+8 
        9044.62      1.49194e+8 
        9072.17      1.47434e+8 
        9099.72      1.45698e+8 
        9154.81      1.42304e+8 
         9190.8      1.40135e+8 
         9209.9         1.39e+8 
        9229.01      1.37879e+8 
        9267.22      1.35668e+8 
         9303.2      1.33644e+8 
        9343.64      1.31405e+8 
        9384.08      1.29203e+8 
        9464.96      1.24909e+8 
        9545.72      1.20751e+8 
        9561.21      1.19992e+8 
        9576.69      1.19264e+8 
        9607.66      1.17817e+8 
        9668.45      1.15014e+8 
        9729.24      1.12266e+8 
        9790.04      1.09568e+8 
        9850.83      1.06923e+8 
        9870.42      1.06074e+8 
        9911.62      1.04289e+8 
        9952.82      1.02512e+8 
        10021.1      9.95897e+7 
        10035.2      9.90045e+7 
        10049.4      9.84647e+7 
        10077.7      9.74396e+7 
        10134.2      9.55405e+7 
        10144.5      9.51972e+7 
        10190.8      9.36408e+7 
        10237.2      9.20817e+7 
        10329.9      8.89784e+7 
        10422.6       8.5959e+7 
        10515.3       8.2988e+7 
          10608      8.01533e+7 
        10700.7       7.7346e+7 
        10793.4      7.45007e+7 
        10834.1      7.32312e+7 
        10886.1      7.15824e+7 
        10912.1      7.07122e+7 
        10925.1      7.02363e+7 
        10938.1       6.9683e+7 
        10951.1      6.95922e+7 
        10964.1      6.94201e+7 
        10977.1      6.92115e+7 
        10990.1      6.89881e+7 
        11003.1      6.87522e+7 
          11029      6.82618e+7 
          11081      6.72436e+7 
          11133      6.61798e+7 
          11185      6.50969e+7 
          11213      6.44991e+7 
          11237      6.39889e+7 
        11260.9      6.34778e+7 
        11308.8      6.24555e+7 
        11404.6       6.0448e+7 
        11500.4      5.85228e+7 
        11596.1      5.66479e+7 
        11691.9      5.48478e+7 
        11787.7       5.3118e+7 
        11883.5      5.14565e+7 
        11979.3       4.9859e+7 
          12075       4.8308e+7 
        12170.8      4.68245e+7 
        12248.5      4.56583e+7 
        12266.6      4.53922e+7 
        12284.6      4.51274e+7 
        12320.7      4.46021e+7 
        12392.9       4.3566e+7 
          12465      4.25447e+7 
        12537.2      4.15212e+7 
        12609.4       4.0475e+7 
        12681.5       3.9356e+7 
        12721.5      3.86771e+7 
        12753.7      3.80796e+7 
        12769.8      3.77579e+7 
        12785.9      3.74324e+7 
          12802       3.7127e+7 
          12814      3.70573e+7 
        12824.1      3.69024e+7 
        12840.2      3.67368e+7 
        12856.3      3.66969e+7 
        12888.5      3.65964e+7 
        12952.9      3.62279e+7 
        13017.3      3.57111e+7 
        13081.7      3.51246e+7 
        13146.1      3.45069e+7 
        13210.5      3.38796e+7 
        13241.3      3.35786e+7 
        13274.8      3.32541e+7 
        13308.4      3.29317e+7 
        13375.4      3.22943e+7 
        13442.4      3.16698e+7 
        13509.4      3.10583e+7 
        13576.4      3.04605e+7 
        13643.4      2.98809e+7 
        13710.4      2.93096e+7 
        13777.4      2.87518e+7 
        13844.4      2.82073e+7 
        13911.4      2.76756e+7 
        13978.5      2.71564e+7 
        14045.5      2.66493e+7 
        14112.5       2.6154e+7 
        14179.5      2.56701e+7 
        14246.5      2.51974e+7 
        14294.9      2.48624e+7 
        14313.5      2.47355e+7 
        14332.1      2.46094e+7 
        14369.2      2.43596e+7 
        14429.2       2.3962e+7 
        14443.4      2.38692e+7 
        14457.6      2.37769e+7 
          14486      2.35935e+7 
        14502.4      2.34885e+7 
        14542.8      2.32321e+7 
        14581.2      2.29917e+7 
        14597.2      2.28924e+7 
        14613.2      2.27937e+7 
        14645.2      2.25979e+7 
        14709.2      2.22125e+7 
        14773.2      2.18353e+7 
        14837.1      2.14661e+7 
        14901.1      2.11046e+7 
        14965.1      2.07507e+7 
        15029.1      2.04042e+7 
        15093.1      2.00649e+7 
        15157.1      1.97327e+7 
          15221      1.94073e+7 
          15285      1.90885e+7 
          15349      1.87763e+7 
          15413      1.84705e+7 
        15471.6      1.81959e+7 
        15482.4      1.81458e+7 
        15493.1       1.8096e+7 
        15514.7      1.79968e+7 
        15557.9      1.78005e+7 
        15644.2       1.7416e+7 
        15730.5      1.70417e+7 
        15816.8      1.66774e+7 
        15903.1      1.63228e+7 
        15989.4      1.59776e+7 
        16075.8      1.56414e+7 
        16162.1      1.53141e+7 
        16248.4      1.49953e+7 
        16289.9      1.48449e+7 
        16334.7      1.46847e+7 
        16379.5      1.45266e+7 
        16469.1      1.42169e+7 
        16558.8      1.39153e+7 
        16648.4      1.36218e+7 
          16738      1.33359e+7 
        16827.7      1.30575e+7 
        16917.3      1.27863e+7 
        17006.9      1.25221e+7 
        17096.6      1.22647e+7 
        17186.2       1.2014e+7 
        17275.8      1.17695e+7 
        17327.7       1.1631e+7 
        17365.5      1.15313e+7 
        17403.2      1.14327e+7 
        17478.8      1.12387e+7 
        17554.3      1.10489e+7 
        17629.9       1.0863e+7 
        17705.4       1.0681e+7 
          17781      1.05029e+7 
        17856.5      1.03284e+7 
        17932.1      1.01575e+7 
        18007.6      9.98646e+6 
        18083.2      9.82156e+6 
        18158.7      9.65961e+6 
        18234.3      9.50021e+6 
        18309.8      9.34278e+6 
        18343.7      9.27244e+6 
        18385.3      9.18627e+6 
          18427      9.09975e+6 
        18510.2      8.92244e+6 
        18551.8      8.82879e+6 
        18593.4      8.72989e+6 
          18635      8.61952e+6 
        18657.9      8.55214e+6 
        18676.6      8.49176e+6 
        18695.2      8.42358e+6 
        18713.8      8.34231e+6 
        18727.8       8.2628e+6 
        18739.5      8.15454e+6 
        18749.9      7.82414e+6 
        18761.6      8.10273e+6 
        18780.2      8.19956e+6 
        18808.2      8.22953e+6 
        18826.8      8.23116e+6 
        18864.1      8.21316e+6 
        18901.3      8.17945e+6 
        18938.6      8.13594e+6 
        18975.9      8.08618e+6 
        19050.4      7.97745e+6 
        19124.9        7.863e+6 
        19199.4      7.74717e+6 
          19274      7.63181e+6 
        19348.5      7.51771e+6 
        19395.4      7.44674e+6 
          19423      7.40521e+6 
        19450.7      7.36396e+6 
          19506      7.28218e+6 
        19561.3      7.20298e+6 
        19616.6       7.1235e+6 
        19671.9      7.04464e+6 
        19727.2      6.96686e+6 
        19782.5       6.8897e+6 
        19837.8      6.81405e+6 
        19893.1      6.73944e+6 
        19948.4      6.66583e+6 
        20003.7      6.59326e+6 
          20059      6.52163e+6 
        20114.3      6.45101e+6 
        20169.6      6.38133e+6 
        20224.9      6.31256e+6 
        20280.2      6.24476e+6 
        20335.5      6.17785e+6 
        20390.8      6.11181e+6 
        20417.9      6.07986e+6 
        20446.1      6.04669e+6 
        20474.4      6.01373e+6 
        20530.9      5.94886e+6 
        20587.4      5.88449e+6 
          20644      5.82099e+6 
        20700.5      5.75832e+6 
          20757      5.69652e+6 
        20813.5      5.63555e+6 
        20870.1      5.57538e+6 
        20926.6      5.51601e+6 
        20983.1      5.45742e+6 
        21039.6      5.39961e+6 
        21096.1      5.34256e+6 
        21152.7       5.2863e+6 
        21209.2      5.23072e+6 
        21265.7       5.1759e+6 
        21322.2       5.1218e+6 
        21378.8      5.06839e+6 
        21435.3      5.01568e+6 
        21491.8      4.96365e+6 
        21548.3      4.91232e+6 
        21579.1      4.88464e+6 
        21604.8      4.86161e+6 
        21630.6      4.83871e+6 
        21682.2      4.79332e+6 
        21733.7      4.74845e+6 
        21785.2       4.7041e+6 
        21836.8      4.66027e+6 
        21888.3      4.61698e+6 
        21939.9      4.57416e+6 
        21991.4      4.53181e+6 
        22042.9         4.49e+6 
        22094.5      4.44865e+6 
          22146      4.40775e+6 
        22197.6      4.36735e+6 
        22249.1      4.32742e+6 
        22300.6      4.28793e+6 
        22352.2      4.24888e+6 
        22403.7      4.21027e+6 
        22455.3       4.1721e+6 
        22506.8      4.13437e+6 
        22558.3      4.09708e+6 
        22609.9      4.06019e+6 
        22661.4      4.02372e+6 
          22713      3.98765e+6 
        22742.2      3.96739e+6 
        22764.5        3.952e+6 
        22784.8      3.93805e+6 
        22800.8      3.92709e+6 
        22816.8      3.91618e+6 
        22848.8      3.89451e+6 
        22912.8      3.85156e+6 
        22976.8      3.80921e+6 
        23040.8      3.76746e+6 
        23104.8      3.72624e+6 
        23168.7      3.68562e+6 
        23232.7      3.64554e+6 
        23296.7      3.60601e+6 
        23360.7        3.567e+6 
        23424.7      3.52851e+6 
        23488.6      3.49056e+6 
        23552.6      3.45311e+6 
        23616.6      3.41614e+6 
        23680.6      3.37969e+6 
        23744.6      3.34372e+6 
        23808.6      3.30822e+6 
        23872.5      3.27319e+6 
        23936.5      3.23864e+6 
        24000.5      3.20452e+6 
        24064.5      3.17087e+6 
        24128.5      3.13763e+6 
        24192.5      3.10485e+6 
        24256.4      3.07249e+6 
        24320.4      3.04055e+6 
        24384.4      3.00902e+6 
        24448.4       2.9779e+6 
        24512.4      2.94718e+6 
        24576.3      2.91686e+6 
        24640.3      2.88692e+6 
        24704.3      2.85737e+6 
        24768.3       2.8282e+6 
        24832.3      2.79939e+6 
        24896.3      2.77096e+6 
        24960.2      2.74288e+6 
        25004.4      2.72369e+6 
        25024.2      2.71515e+6 
          25044      2.70665e+6 
        25083.6      2.68974e+6 
        25162.8      2.65633e+6 
        25241.9      2.62342e+6 
        25321.1      2.59103e+6 
        25400.2      2.55914e+6 
        25479.4      2.52773e+6 
        25558.5      2.49681e+6 
        25637.7      2.46635e+6 
        25716.9      2.43636e+6 
          25796      2.40682e+6 
        25875.2      2.37773e+6 
        25954.3      2.34908e+6 
        26033.5      2.32085e+6 
        26112.7      2.29305e+6 
        26191.8      2.26567e+6 
          26271      2.23869e+6 
        26350.1      2.21211e+6 
        26429.3      2.18592e+6 
        26508.4      2.16012e+6 
        26587.6      2.13471e+6 
        26666.8      2.10966e+6 
        26745.9      2.08498e+6 
        26825.1      2.06066e+6 
        26904.2      2.03669e+6 
        26983.4      2.01307e+6 
        27062.6      1.98979e+6 
        27141.7      1.96685e+6 
        27220.9      1.94423e+6 
        27299.2      1.92218e+6 
        27377.5      1.90043e+6 
        27455.8      1.87898e+6 
        27534.2      1.85784e+6 
        27612.5        1.837e+6 
        27690.8      1.81644e+6 
        27769.1      1.79618e+6 
        27847.5      1.77619e+6 
        27925.8      1.75648e+6 
        28004.1      1.73705e+6 
        28082.4      1.71788e+6 
        28160.8      1.69897e+6 
        28239.1      1.68033e+6 
        28317.4      1.66194e+6 
        28395.7       1.6438e+6 
          28474      1.62591e+6 
        28552.4      1.60826e+6 
        28630.7      1.59085e+6 
          28709      1.57367e+6 
        28787.3      1.55673e+6 
        28865.7      1.54001e+6 
          28944      1.52351e+6 
        29022.3      1.50724e+6 
        29100.6      1.49118e+6 
          29179      1.47534e+6 
        29257.3       1.4597e+6 
        29335.6      1.44427e+6 
        29413.9      1.42905e+6 
        29492.3      1.41402e+6 
        29570.6       1.3992e+6 
        29648.9      1.38456e+6 
        29727.2      1.37012e+6 
        29805.5      1.35586e+6 
        29883.9      1.34179e+6 
        29932.6      1.33313e+6 
        29962.2       1.3279e+6 
        29991.8       1.3227e+6 
