# Koester WD models
# teff = 80000 K (value for the effective temperature for the model. Temperatures are given in K)
# logg = 8.5 log(cm/s2) (value for Log(G) for the model.)
#
# column 1: WAVELENGTH (ANGSTROM), Wavelength in Angstrom
# column 2: FLUX (ERG/CM2/S/A), Flux in erg/cm2/s/A
         899.23     3.52041e+11 
        909.241     3.42446e+11 
        919.251     3.32773e+11 
        929.261     3.17216e+11 
        939.271      3.4227e+11 
         949.28     2.33555e+11 
        959.289      4.7034e+11 
        969.292     3.04426e+11 
        979.305     4.34391e+11 
        989.312     5.14122e+11 
        999.319     5.16362e+11 
        1009.33     4.82021e+11 
        1019.33     3.51378e+11 
        1029.34     3.09342e+11 
        1039.34      4.4276e+11 
        1049.35     4.64484e+11 
        1059.36     4.60224e+11 
        1069.36       4.496e+11 
        1079.36     4.37259e+11 
        1089.37     4.24539e+11 
        1099.37     4.11913e+11 
        1109.38     3.99551e+11 
        1119.38     3.87525e+11 
        1129.38     3.75844e+11 
        1139.39     3.64491e+11 
        1149.39     3.53423e+11 
        1159.39     3.42544e+11 
        1169.39     3.31661e+11 
         1179.4     3.20241e+11 
         1189.4     3.06675e+11 
         1199.4     2.84419e+11 
         1209.4     2.19474e+11 
        1219.41     1.98377e+11 
        1229.41     2.59342e+11 
        1239.41     2.66099e+11 
        1249.41     2.62646e+11 
        1259.41     2.56882e+11 
        1269.41     2.50529e+11 
        1279.42     2.44081e+11 
        1289.42     2.37707e+11 
        1299.42     2.31474e+11 
        1309.42     2.25409e+11 
        1319.42     2.19524e+11 
        1329.42     2.13818e+11 
        1339.42     2.08289e+11 
        1349.42     2.02931e+11 
        1359.42     1.97739e+11 
        1369.42     1.92709e+11 
        1379.42     1.87837e+11 
        1389.42     1.83115e+11 
        1399.42     1.78539e+11 
        1409.42     1.74105e+11 
        1419.42     1.69809e+11 
        1429.42     1.65645e+11 
        1439.42     1.61608e+11 
        1454.42      1.5578e+11 
        1464.42     1.52041e+11 
        1474.42     1.48413e+11 
        1489.42     1.43171e+11 
        1504.42     1.38159e+11 
        1514.42     1.34937e+11 
        1529.42     1.30279e+11 
        1544.42     1.25819e+11 
        1559.42     1.21549e+11 
        1570.19     1.18595e+11 
        1584.41     1.14828e+11 
        1599.41     1.11019e+11 
        1614.41     1.07368e+11 
        1629.41     1.03865e+11 
        1644.41     1.00505e+11 
        1659.41     9.72788e+10 
        1670.17     9.50432e+10 
         1684.4     9.21866e+10 
         1699.4     8.92913e+10 
         1714.4     8.65088e+10 
         1729.4      8.3834e+10 
         1744.4     8.12617e+10 
        1759.39      7.8788e+10 
         1771.7     7.68286e+10 
        1784.39     7.48717e+10 
        1799.39      7.2639e+10 
           1824     6.91524e+10 
        1834.77     6.76928e+10 
        1845.54     6.62719e+10 
           1864      6.3921e+10 
        1876.29     6.24137e+10 
        1888.59     6.09504e+10 
        1906.98     5.88405e+10 
        1919.37      5.7471e+10 
        1931.76     5.61415e+10 
        1944.47     5.48167e+10 
        1956.53     5.35965e+10 
         1967.6     5.25061e+10 
        1992.71     5.01357e+10 
        2017.81     4.78977e+10 
        2042.92     4.57853e+10 
        2067.03     4.38645e+10 
        2091.15     4.20439e+10 
        2114.28     4.03858e+10 
        2126.36      3.9552e+10 
        2145.92     3.82479e+10 
        2165.47     3.69976e+10 
        2185.03     3.57978e+10 
        2204.59     3.46464e+10 
         2214.7     3.40696e+10 
        2234.91     3.29519e+10 
        2263.91     3.14272e+10 
        2292.92     2.99897e+10 
        2313.13     2.90363e+10 
        2333.35     2.81207e+10 
        2344.77     2.76193e+10 
        2362.35     2.68693e+10 
        2379.94     2.61447e+10 
        2409.27     2.49891e+10 
        2421.03     2.45442e+10 
        2438.61      2.3897e+10 
        2451.59     2.34328e+10 
        2466.76     2.29048e+10 
        2488.39     2.21774e+10 
        2510.01     2.14788e+10 
        2531.64     2.08075e+10 
         2547.3     2.03377e+10 
        2559.23     1.99886e+10 
        2571.17      1.9647e+10 
        2595.04     1.89854e+10 
        2618.91     1.83516e+10 
        2642.78     1.77439e+10 
        2657.67     1.73775e+10 
        2687.45      1.6673e+10 
        2717.24     1.60039e+10 
        2737.93     1.55587e+10 
        2756.11     1.51804e+10 
        2774.29     1.48136e+10 
        2810.65     1.41126e+10 
        2839.47     1.35862e+10 
        2854.55     1.33205e+10 
        2869.63     1.30614e+10 
        2899.79     1.25618e+10 
        2926.39      1.2141e+10 
        2952.93     1.17383e+10 
        2965.73     1.15503e+10 
        2978.53      1.1366e+10 
        3004.12     1.10084e+10 
        3051.42     1.03838e+10 
        3098.72      9.80306e+9 
        3142.18       9.3048e+9 
        3157.53      9.13651e+9 
        3172.87      8.97204e+9 
        3203.56      8.65402e+9 
        3248.29       8.2153e+9 
        3293.03      7.80419e+9 
        3328.79      7.49392e+9 
        3346.73      7.34407e+9 
        3364.67      7.19799e+9 
        3400.55      6.91656e+9 
        3445.17      6.58556e+9 
        3489.78      6.27417e+9 
        3525.18      6.04009e+9 
         3543.6      5.92259e+9 
        3562.02      5.80799e+9 
        3591.28      5.63156e+9 
        3635.88       5.3753e+9 
        3647.12      5.31306e+9 
        3658.96      5.24847e+9 
        3671.11      5.18306e+9 
        3682.58      5.12237e+9 
         3693.5      5.06538e+9 
        3703.57      5.01351e+9 
        3713.83      4.96133e+9 
        3724.38      4.90836e+9 
        3734.43      4.85857e+9 
        3744.62      4.80868e+9 
        3754.84      4.75932e+9 
        3765.07       4.7105e+9 
         3775.5      4.66143e+9 
        3786.22      4.61164e+9 
        3796.45      4.56442e+9 
        3807.84      4.51365e+9 
        3818.92       4.4642e+9 
        3830.45      4.41208e+9 
        3840.76      4.36835e+9 
        3851.98      4.32333e+9 
        3862.01      4.28121e+9 
        3872.59      4.23411e+9 
         3884.4      4.17885e+9 
        3894.46       4.1414e+9 
        3908.89      4.09808e+9 
        3923.89      4.04543e+9 
        3935.81      3.99563e+9 
        3946.58      3.94251e+9 
        3957.31      3.88109e+9 
        3967.38        3.822e+9 
        3977.86      3.80042e+9 
        3988.87      3.79284e+9 
        4003.87      3.77067e+9 
        4018.86      3.73309e+9 
        4032.38      3.68989e+9 
        4043.86      3.64739e+9 
        4058.85      3.57702e+9 
        4073.85      3.48522e+9 
           4084      3.40904e+9 
        4096.52      3.29823e+9 
        4106.79      3.26798e+9 
        4117.77      3.30232e+9 
        4128.84      3.32113e+9 
        4143.83      3.32506e+9 
        4158.83      3.30813e+9 
        4173.82      3.27681e+9 
        4188.82      3.23977e+9 
        4203.81       3.1999e+9 
        4216.52       3.1649e+9 
        4228.81      3.13017e+9 
        4243.81       3.0859e+9 
         4258.8      3.03804e+9 
         4273.8      2.98279e+9 
        4288.79      2.91717e+9 
        4303.79      2.83458e+9 
        4314.07        2.764e+9 
        4326.14      2.66191e+9 
        4336.17      2.55907e+9 
        4346.17      2.54992e+9 
        4357.43      2.61072e+9 
        4367.98       2.6456e+9 
        4378.77      2.66422e+9 
        4393.77      2.66973e+9 
        4408.76      2.65801e+9 
        4423.76      2.63709e+9 
        4438.75      2.60992e+9 
        4453.75      2.58008e+9 
        4468.74      2.54914e+9 
        4483.74      2.51793e+9 
        4498.74      2.48679e+9 
        4513.73      2.45588e+9 
        4527.19       2.4284e+9 
        4538.73      2.40507e+9 
        4553.72      2.37508e+9 
        4568.72      2.34547e+9 
        4583.72      2.31626e+9 
        4596.53      2.29161e+9 
        4608.71      2.26846e+9 
         4623.7      2.24028e+9 
         4638.7      2.21246e+9 
         4653.7      2.18499e+9 
        4668.69      2.15782e+9 
        4683.69      2.13091e+9 
        4698.68      2.10415e+9 
        4713.68       2.0774e+9 
        4724.83       2.0574e+9 
        4738.67      2.03225e+9 
        4753.67      2.00429e+9 
        4768.67      1.97518e+9 
        4783.66      1.94346e+9 
        4798.66      1.90703e+9 
        4813.65       1.8626e+9 
        4828.65      1.80541e+9 
        4839.16      1.75261e+9 
        4851.78      1.66996e+9 
        4861.84      1.59706e+9 
        4872.13      1.65205e+9 
        4882.71       1.6921e+9 
        4893.63      1.71654e+9 
        4903.92      1.72729e+9 
        4915.55      1.73116e+9 
        4928.62      1.72722e+9 
        4943.62      1.71686e+9 
        4958.61      1.70252e+9 
        4973.61      1.68623e+9 
        4988.61      1.66896e+9 
         5003.6      1.65118e+9 
         5018.6      1.63313e+9 
         5033.6      1.61503e+9 
        5048.59      1.59697e+9 
        5063.59      1.57905e+9 
        5078.58       1.5613e+9 
        5093.58      1.54376e+9 
        5108.57      1.52644e+9 
        5123.57      1.50934e+9 
        5138.57      1.49245e+9 
        5153.56       1.4758e+9 
        5168.56      1.45936e+9 
        5183.56      1.44315e+9 
        5198.55      1.42715e+9 
        5213.55      1.41137e+9 
        5228.54      1.39581e+9 
        5243.54      1.38045e+9 
        5258.53      1.36531e+9 
        5273.53      1.35037e+9 
        5288.53      1.33563e+9 
        5303.52      1.32109e+9 
        5318.52      1.30675e+9 
        5333.52       1.2926e+9 
        5348.51      1.27864e+9 
        5363.51      1.26492e+9 
         5378.5      1.25132e+9 
         5393.5      1.23791e+9 
        5408.49      1.22468e+9 
        5423.49      1.21162e+9 
        5438.49      1.19874e+9 
        5453.48      1.18603e+9 
        5468.48      1.17349e+9 
        5483.48      1.16111e+9 
        5498.47       1.1489e+9 
        5513.47      1.13684e+9 
        5528.46      1.12494e+9 
        5543.46       1.1132e+9 
        5558.45      1.10162e+9 
        5573.45      1.09018e+9 
        5588.45      1.07889e+9 
        5603.44      1.06775e+9 
        5618.44      1.05675e+9 
        5633.43      1.04589e+9 
        5648.43      1.03517e+9 
        5663.43      1.02459e+9 
        5673.98      1.01729e+9 
         5686.2      1.00884e+9 
        5698.42      1.00047e+9 
        5708.88      9.93384e+8 
        5723.41      9.83639e+8 
        5738.41      9.73708e+8 
         5753.4      9.63903e+8 
         5768.4      9.54193e+8 
        5783.39       9.4463e+8 
        5798.39      9.35189e+8 
        5813.39      9.25865e+8 
        5828.38      9.16657e+8 
        5843.38      9.07562e+8 
        5858.37       8.9858e+8 
        5873.37      8.89708e+8 
        5888.37      8.80947e+8 
        5903.36      8.72291e+8 
        5918.36      8.63743e+8 
        5933.35      8.55299e+8 
        5948.35      8.46958e+8 
        5963.35      8.38717e+8 
        5978.34      8.30577e+8 
        5993.34      8.22535e+8 
        6008.33       8.1459e+8 
        6023.33      8.06742e+8 
        6038.32      7.98989e+8 
        6053.32      7.91326e+8 
        6068.32      7.83758e+8 
        6083.31      7.76278e+8 
        6098.31      7.68883e+8 
        6113.31      7.61579e+8 
         6128.3      7.54356e+8 
         6143.3      7.47218e+8 
        6158.29      7.40166e+8 
        6173.29      7.33191e+8 
        6188.28      7.26295e+8 
        6203.28      7.19478e+8 
        6218.28      7.12739e+8 
        6233.27       7.0607e+8 
        6244.38      7.01178e+8 
        6256.04      6.96086e+8 
        6266.59      6.91521e+8 
        6278.26      6.86504e+8 
        6290.52      6.81279e+8 
        6302.31        6.763e+8 
        6312.59       6.7199e+8 
        6323.25      6.67551e+8 
        6338.24      6.61352e+8 
        6353.24      6.55207e+8 
        6368.24      6.49106e+8 
        6383.23      6.43046e+8 
        6398.23      6.37002e+8 
        6413.22      6.30961e+8 
        6428.22      6.24888e+8 
        6443.22      6.18727e+8 
        6458.21      6.12384e+8 
        6473.21      6.05724e+8 
         6488.2      5.98477e+8 
         6503.2      5.90198e+8 
         6518.2      5.79951e+8 
        6532.67      5.66702e+8 
        6543.19      5.53699e+8 
        6554.43      5.35651e+8 
        6564.44       5.1436e+8 
        6574.47      5.34316e+8 
        6586.28      5.43992e+8 
        6598.17      5.49044e+8 
        6613.66      5.50875e+8 
        6623.98      5.50278e+8 
         6634.3      5.48821e+8 
        6654.94       5.4446e+8 
        6675.58        5.391e+8 
        6711.48      5.28906e+8 
        6741.75      5.20081e+8 
        6783.26      5.08049e+8 
        6824.78      4.96252e+8 
        6907.81      4.73551e+8 
        6990.84      4.52069e+8 
         7038.6      4.40253e+8 
        7073.87      4.31768e+8 
        7109.15      4.23487e+8 
        7179.69      4.07509e+8 
        7250.24      3.92275e+8 
        7320.78      3.77748e+8 
        7389.14      3.64309e+8 
        7406.65      3.60963e+8 
        7424.15      3.57655e+8 
        7459.17      3.51155e+8 
         7529.2      3.38588e+8 
        7599.23      3.26578e+8 
        7660.63      3.16484e+8 
        7677.88      3.13718e+8 
        7695.14      3.10982e+8 
        7729.65      3.05599e+8 
        7798.67      2.95179e+8 
        7867.69        2.852e+8 
        7911.17      2.79129e+8 
        7936.71      2.75639e+8 
        7962.25      2.72203e+8 
        8013.32      2.65491e+8 
        8046.24      2.61274e+8 
         8064.4      2.58985e+8 
        8082.55       2.5672e+8 
        8118.86      2.52265e+8 
        8180.09      2.44968e+8 
        8191.47      2.43641e+8 
        8202.85      2.42323e+8 
        8216.85      2.40714e+8 
        8232.84      2.38892e+8 
        8264.83      2.35299e+8 
        8289.72      2.32551e+8 
        8328.82      2.28314e+8 
        8343.44      2.26754e+8 
        8367.92      2.24172e+8 
        8388.68      2.22011e+8 
        8408.65      2.19958e+8 
        8432.02      2.17584e+8 
        8467.25      2.14066e+8 
        8502.48      2.10619e+8 
        8516.58      2.09259e+8 
        8530.98      2.07881e+8 
        8545.38      2.06516e+8 
        8574.18      2.03817e+8 
        8598.39      2.01583e+8 
         8628.6      1.98838e+8 
        8646.81      1.97206e+8 
        8665.01      1.95591e+8 
        8685.59      1.93785e+8 
        8701.43      1.92409e+8 
        8750.47      1.88223e+8 
        8767.92      1.86763e+8 
        8815.35      1.82861e+8 
        8862.78      1.79066e+8 
        8900.38      1.76132e+8 
        8957.65      1.71764e+8 
        9014.91      1.67525e+8 
        9044.62       1.6539e+8 
        9072.17      1.63441e+8 
        9099.72      1.61515e+8 
        9154.81      1.57743e+8 
         9190.8      1.55325e+8 
         9209.9      1.54059e+8 
        9229.01      1.52812e+8 
        9267.22      1.50377e+8 
         9303.2      1.48147e+8 
        9343.64      1.45673e+8 
        9384.08      1.43231e+8 
        9464.96      1.38431e+8 
        9545.72      1.33718e+8 
        9561.21      1.32908e+8 
        9576.69      1.32129e+8 
        9607.66      1.30562e+8 
        9668.45      1.27498e+8 
        9729.24      1.24464e+8 
        9790.04      1.21475e+8 
        9850.83      1.18537e+8 
        9870.42      1.17591e+8 
        9911.62      1.15591e+8 
        9952.82      1.13583e+8 
        10021.1      1.10211e+8 
        10035.2       1.0952e+8 
        10049.4      1.08912e+8 
        10077.7      1.07825e+8 
        10134.2      1.05822e+8 
        10144.5      1.05451e+8 
        10190.8      1.03754e+8 
        10237.2      1.02033e+8 
        10329.9      9.85803e+7 
        10422.6      9.52176e+7 
        10515.3       9.1944e+7 
          10608      8.88119e+7 
        10700.7       8.5735e+7 
        10793.4      8.26167e+7 
        10834.1      8.12042e+7 
        10860.1      8.02686e+7 
        10886.1      7.93039e+7 
        10912.1      7.82659e+7 
        10925.1      7.76872e+7 
        10938.1       7.6931e+7 
        10951.1      7.69731e+7 
        10964.1      7.68324e+7 
        10977.1      7.66382e+7 
        10990.1      7.64221e+7 
        11012.8      7.59967e+7 
        11038.8      7.54683e+7 
        11090.8      7.43244e+7 
        11142.8      7.31108e+7 
        11194.7       7.1873e+7 
        11232.5      7.09623e+7 
        11246.7      7.06202e+7 
        11260.9      7.02787e+7 
        11289.3      6.95979e+7 
        11346.1       6.8252e+7 
        11402.9      6.69332e+7 
        11459.7      6.56543e+7 
        11516.5      6.43901e+7 
        11573.3      6.31564e+7 
        11630.1      6.19522e+7 
        11686.9      6.07763e+7 
        11743.7      5.96284e+7 
        11800.5      5.85075e+7 
        11857.3      5.74126e+7 
        11914.1      5.63432e+7 
        11970.8      5.52989e+7 
        12027.6       5.4272e+7 
        12084.4      5.32736e+7 
        12141.2      5.22978e+7 
          12198      5.13434e+7 
          12225      5.08969e+7 
        12254.8      5.04094e+7 
        12284.6      4.99271e+7 
        12344.2      4.89771e+7 
        12403.9      4.80453e+7 
        12463.5      4.71283e+7 
        12523.1      4.62194e+7 
        12582.7      4.53087e+7 
        12642.3      4.43709e+7 
        12701.9      4.33571e+7 
        12761.6       4.2157e+7 
        12789.8      4.14659e+7 
        12818.1      4.11184e+7 
        12832.2      4.07355e+7 
        12846.3      4.07612e+7 
        12860.4       4.0765e+7 
        12874.6      4.07336e+7 
        12902.8      4.06101e+7 
        12931.1      4.04163e+7 
        12959.3      4.01766e+7 
        13015.8       3.9618e+7 
        13072.3      3.90129e+7 
        13128.8      3.83881e+7 
        13185.3      3.77623e+7 
        13241.8      3.71418e+7 
        13288.3      3.66373e+7 
        13298.3      3.65295e+7 
        13308.4      3.64221e+7 
        13328.4      3.62084e+7 
        13368.4      3.57846e+7 
        13448.5      3.49543e+7 
        13528.6      3.41469e+7 
        13608.7      3.33621e+7 
        13688.8      3.26012e+7 
        13768.9      3.18595e+7 
          13849      3.11388e+7 
        13929.1      3.04384e+7 
        14009.2      2.97576e+7 
        14089.3      2.90957e+7 
        14169.4      2.84521e+7 
        14249.5      2.78262e+7 
        14327.1      2.72359e+7 
        14346.9      2.70884e+7 
        14366.6      2.69418e+7 
        14406.1      2.66517e+7 
        14457.6      2.62783e+7 
        14509.2      2.59115e+7 
        14538.4      2.57069e+7 
        14560.8       2.5551e+7 
        14581.2        2.541e+7 
        14597.2      2.53003e+7 
        14613.2      2.51911e+7 
        14645.2      2.49746e+7 
        14709.2      2.45485e+7 
        14773.2      2.41314e+7 
        14837.1      2.37231e+7 
        14901.1      2.33234e+7 
        14965.1      2.29321e+7 
        15029.1       2.2549e+7 
        15093.1      2.21739e+7 
        15157.1      2.18065e+7 
          15221      2.14467e+7 
          15285      2.10943e+7 
          15349      2.07492e+7 
          15413       2.0411e+7 
        15471.6      2.01074e+7 
        15482.4      2.00521e+7 
        15493.1       1.9997e+7 
        15514.7      1.98873e+7 
        15557.9      1.96703e+7 
        15644.2      1.92451e+7 
        15730.5      1.88313e+7 
        15816.8      1.84286e+7 
        15903.1      1.80366e+7 
        15989.4      1.76549e+7 
        16075.8      1.72833e+7 
        16162.1      1.69214e+7 
        16248.4       1.6569e+7 
        16289.9      1.64028e+7 
        16334.7      1.62257e+7 
        16379.5      1.60509e+7 
        16469.1      1.57086e+7 
        16558.8      1.53753e+7 
        16648.4      1.50508e+7 
          16738      1.47349e+7 
        16827.7      1.44272e+7 
        16917.3      1.41275e+7 
        17006.9      1.38355e+7 
        17096.6       1.3551e+7 
        17186.2      1.32739e+7 
        17275.8      1.30037e+7 
        17327.7      1.28506e+7 
        17365.5      1.27404e+7 
        17403.2      1.26315e+7 
        17478.8      1.24171e+7 
        17554.3      1.22073e+7 
        17629.9      1.20019e+7 
        17705.4      1.18008e+7 
          17781      1.16039e+7 
        17856.5      1.14111e+7 
        17932.1      1.12223e+7 
        18007.6      1.10355e+7 
        18083.2      1.08539e+7 
        18158.7      1.06758e+7 
        18234.3      1.05009e+7 
        18309.8       1.0329e+7 
        18343.7      1.02525e+7 
        18385.3      1.01592e+7 
          18427      1.00662e+7 
        18510.2      9.87868e+6 
        18593.4      9.68054e+6 
        18639.3      9.55688e+6 
        18657.9       9.5004e+6 
        18676.6      9.43813e+6 
        18695.2      9.36669e+6 
        18713.8      9.28133e+6 
        18727.8      9.19736e+6 
        18739.5      9.07832e+6 
        18749.9      8.71088e+6 
        18761.6      9.02099e+6 
        18780.2      9.12482e+6 
        18808.2      9.15011e+6 
        18826.8      9.14747e+6 
        18864.1      9.11766e+6 
        18901.3      9.07044e+6 
        18975.9       8.9531e+6 
        19050.4      8.82464e+6 
        19124.9       8.6936e+6 
        19199.4      8.56301e+6 
          19274      8.43398e+6 
        19348.5      8.30694e+6 
        19395.4      8.22811e+6 
          19423      8.18203e+6 
        19450.7      8.13622e+6 
          19506      8.04556e+6 
        19561.3      7.95684e+6 
        19616.6      7.86843e+6 
        19671.9      7.78129e+6 
        19727.2       7.6953e+6 
        19782.5      7.61054e+6 
        19837.8      7.52691e+6 
        19893.1      7.44444e+6 
        19948.4      7.36311e+6 
        20003.7      7.28287e+6 
          20059      7.20373e+6 
        20114.3      7.12567e+6 
        20169.6      7.04863e+6 
        20224.9      6.97267e+6 
        20280.2      6.89771e+6 
        20335.5      6.82376e+6 
        20390.8      6.75078e+6 
        20417.9      6.71547e+6 
        20446.1      6.67877e+6 
        20474.4      6.64236e+6 
        20530.9      6.57026e+6 
        20587.4      6.49911e+6 
          20644      6.42892e+6 
        20700.5      6.35971e+6 
          20757      6.29138e+6 
        20813.5        6.224e+6 
        20870.1      6.15752e+6 
        20926.6      6.09189e+6 
        20983.1      6.02718e+6 
        21039.6      5.96328e+6 
        21096.1      5.90026e+6 
        21152.7      5.83805e+6 
        21209.2      5.77667e+6 
        21265.7      5.71606e+6 
        21322.2      5.65628e+6 
        21378.8      5.59728e+6 
        21435.3      5.53904e+6 
        21491.8      5.48151e+6 
        21548.3      5.42478e+6 
        21579.1      5.39421e+6 
        21604.8      5.36876e+6 
        21630.6      5.34347e+6 
        21682.2       5.2933e+6 
        21733.7      5.24373e+6 
        21785.2      5.19472e+6 
        21836.8      5.14631e+6 
        21888.3      5.09843e+6 
        21939.9      5.05115e+6 
        21991.4      5.00437e+6 
        22042.9      4.95816e+6 
        22094.5      4.91245e+6 
          22146       4.8673e+6 
        22197.6      4.82266e+6 
        22249.1      4.77852e+6 
        22300.6      4.73488e+6 
        22352.2      4.69175e+6 
        22403.7      4.64909e+6 
        22455.3      4.60693e+6 
        22506.8      4.56524e+6 
        22558.3      4.52405e+6 
        22609.9      4.48327e+6 
        22661.4        4.443e+6 
          22713      4.40316e+6 
        22742.2      4.38076e+6 
        22764.5      4.36374e+6 
        22784.8      4.34834e+6 
        22800.8      4.33625e+6 
        22816.8      4.32421e+6 
        22848.8      4.30024e+6 
        22912.8      4.25281e+6 
        22976.8      4.20603e+6 
        23040.8      4.15991e+6 
        23104.8      4.11439e+6 
        23168.7      4.06952e+6 
        23232.7      4.02523e+6 
        23296.7      3.98156e+6 
        23360.7      3.93849e+6 
        23424.7      3.89598e+6 
        23488.6      3.85404e+6 
        23552.6       3.8127e+6 
        23616.6      3.77186e+6 
        23680.6      3.73162e+6 
        23744.6      3.69187e+6 
        23808.6      3.65267e+6 
        23872.5      3.61396e+6 
        23936.5      3.57579e+6 
        24000.5      3.53812e+6 
        24064.5      3.50093e+6 
        24128.5      3.46423e+6 
        24192.5      3.42804e+6 
        24256.4      3.39229e+6 
        24320.4      3.35701e+6 
        24384.4       3.3222e+6 
        24448.4      3.28783e+6 
        24512.4       3.2539e+6 
        24576.3      3.22042e+6 
        24640.3      3.18733e+6 
        24704.3      3.15469e+6 
        24768.3      3.12249e+6 
        24832.3      3.09067e+6 
        24896.3      3.05926e+6 
        24960.2      3.02825e+6 
        25004.4      3.00706e+6 
        25024.2      2.99763e+6 
          25044      2.98824e+6 
        25083.6      2.96957e+6 
        25162.8      2.93266e+6 
        25241.9      2.89632e+6 
        25321.1      2.86054e+6 
        25400.2      2.82531e+6 
        25479.4      2.79063e+6 
        25558.5      2.75647e+6 
        25637.7      2.72283e+6 
        25716.9      2.68971e+6 
          25796      2.65709e+6 
        25875.2      2.62496e+6 
        25954.3      2.59331e+6 
        26033.5      2.56214e+6 
        26112.7      2.53144e+6 
        26191.8      2.50119e+6 
          26271       2.4714e+6 
        26350.1      2.44204e+6 
        26429.3      2.41313e+6 
        26508.4      2.38463e+6 
        26587.6      2.35656e+6 
        26666.8       2.3289e+6 
        26745.9      2.30164e+6 
        26825.1      2.27478e+6 
        26904.2      2.24832e+6 
        26983.4      2.22223e+6 
        27062.6      2.19652e+6 
        27141.7      2.17119e+6 
        27220.9      2.14621e+6 
        27299.2      2.12185e+6 
        27377.5      2.09784e+6 
        27455.8      2.07416e+6 
        27534.2      2.05082e+6 
        27612.5      2.02781e+6 
        27690.8      2.00512e+6 
        27769.1      1.98274e+6 
        27847.5      1.96067e+6 
        27925.8      1.93892e+6 
        28004.1      1.91746e+6 
        28082.4       1.8963e+6 
        28160.8      1.87543e+6 
        28239.1      1.85484e+6 
        28317.4      1.83454e+6 
        28395.7      1.81451e+6 
          28474      1.79476e+6 
        28552.4      1.77528e+6 
        28630.7      1.75605e+6 
          28709      1.73709e+6 
        28787.3      1.71839e+6 
        28865.7      1.69993e+6 
          28944      1.68172e+6 
        29022.3      1.66375e+6 
        29100.6      1.64602e+6 
          29179      1.62853e+6 
        29257.3      1.61127e+6 
        29335.6      1.59424e+6 
        29413.9      1.57743e+6 
        29492.3      1.56084e+6 
        29570.6      1.54448e+6 
        29648.9      1.52832e+6 
        29727.2      1.51238e+6 
        29805.5      1.49664e+6 
        29883.9       1.4811e+6 
        29932.6      1.47154e+6 
        29962.2      1.46577e+6 
        29991.8      1.46003e+6 
