# Koester WD models
# teff = 80000 K (value for the effective temperature for the model. Temperatures are given in K)
# logg = 9 log(cm/s2) (value for Log(G) for the model.)
#
# column 1: WAVELENGTH (ANGSTROM), Wavelength in Angstrom
# column 2: FLUX (ERG/CM2/S/A), Flux in erg/cm2/s/A
         899.23     3.45424e+11 
        909.241     3.36025e+11 
        919.251     3.26587e+11 
        929.261     3.14436e+11 
        939.271     3.27118e+11 
         949.28     2.35651e+11 
        959.289      4.2502e+11 
        969.297     2.80656e+11 
        979.305     3.93513e+11 
        989.312     4.78307e+11 
        999.319     4.85734e+11 
        1009.33     4.48547e+11 
        1019.33     3.17722e+11 
        1029.34     2.80802e+11 
        1039.34     4.14772e+11 
        1049.35     4.50017e+11 
        1059.36     4.52163e+11 
        1069.36     4.44334e+11 
        1079.36     4.33329e+11 
        1089.37     4.21319e+11 
        1099.37     4.09089e+11 
        1109.38     3.96962e+11 
        1119.38     3.85059e+11 
        1129.38     3.73419e+11 
        1139.39     3.62028e+11 
        1149.39     3.50822e+11 
        1159.39     3.39656e+11 
        1169.39     3.28212e+11 
         1179.4     3.15639e+11 
         1189.4     2.99553e+11 
         1199.4     2.71666e+11 
         1209.4     2.02262e+11 
        1219.41      1.8307e+11 
        1229.41     2.47172e+11 
        1239.41      2.6005e+11 
        1249.41     2.59134e+11 
        1259.41     2.54459e+11 
        1269.41     2.48636e+11 
        1279.42      2.4248e+11 
        1289.42     2.36282e+11 
        1299.42     2.30166e+11 
        1309.42     2.24184e+11 
        1319.42     2.18362e+11 
        1329.42     2.12706e+11 
        1339.42     2.07219e+11 
        1349.42     2.01896e+11 
        1359.42     1.96736e+11 
        1369.42     1.91735e+11 
        1379.42     1.86888e+11 
        1389.42      1.8219e+11 
        1399.42     1.77637e+11 
        1409.42     1.73225e+11 
        1419.42     1.68949e+11 
        1429.42     1.64804e+11 
        1439.42     1.60785e+11 
        1454.42     1.54984e+11 
        1464.42      1.5126e+11 
        1474.42     1.47649e+11 
        1489.42     1.42432e+11 
        1504.42     1.37442e+11 
        1514.42     1.34235e+11 
        1529.42     1.29598e+11 
        1544.42     1.25159e+11 
        1559.42     1.20908e+11 
        1570.19     1.17967e+11 
        1584.41     1.14218e+11 
        1599.41     1.10427e+11 
        1614.41     1.06792e+11 
        1629.41     1.03306e+11 
        1644.41     9.99611e+10 
        1659.41      9.6751e+10 
        1670.17     9.45258e+10 
         1684.4      9.1683e+10 
         1699.4     8.88018e+10 
         1714.4     8.60328e+10 
         1729.4      8.3371e+10 
         1744.4     8.08112e+10 
        1759.39     7.83494e+10 
         1771.7     7.63998e+10 
        1784.39     7.44526e+10 
        1799.39     7.22312e+10 
           1824     6.87619e+10 
        1834.77     6.73096e+10 
        1845.54     6.58958e+10 
           1864     6.35569e+10 
        1876.29     6.20571e+10 
        1888.59     6.06016e+10 
        1906.98     5.85024e+10 
        1919.37     5.71396e+10 
        1931.76     5.58173e+10 
        1944.47     5.44991e+10 
        1956.53     5.32852e+10 
         1967.6     5.22004e+10 
        1992.71     4.98423e+10 
        2017.81     4.76162e+10 
        2042.92     4.55151e+10 
        2067.03     4.36044e+10 
        2091.15     4.17935e+10 
        2114.28     4.01442e+10 
        2126.36     3.93151e+10 
        2145.92      3.8018e+10 
        2165.47     3.67742e+10 
        2185.03     3.55814e+10 
        2204.59     3.44363e+10 
         2214.7     3.38623e+10 
        2234.91     3.27508e+10 
        2263.91     3.12343e+10 
        2292.92      2.9805e+10 
        2313.13     2.88569e+10 
        2333.35     2.79465e+10 
        2344.77     2.74479e+10 
        2362.35     2.67021e+10 
        2379.94     2.59816e+10 
        2409.27     2.48326e+10 
        2421.03     2.43902e+10 
        2438.61     2.37467e+10 
        2451.59     2.32851e+10 
        2466.76     2.27601e+10 
        2488.39      2.2037e+10 
        2510.01     2.13423e+10 
        2531.64     2.06749e+10 
         2547.3     2.02079e+10 
        2559.23     1.98608e+10 
        2571.17     1.95212e+10 
        2595.04     1.88636e+10 
        2618.91     1.82334e+10 
        2642.78     1.76293e+10 
        2657.67     1.72651e+10 
        2687.45     1.65648e+10 
        2717.24     1.58997e+10 
        2737.93     1.54572e+10 
        2756.11     1.50811e+10 
        2774.29     1.47165e+10 
        2810.65     1.40198e+10 
        2839.47     1.34966e+10 
        2854.55     1.32326e+10 
        2869.63     1.29751e+10 
        2899.79     1.24785e+10 
        2926.39     1.20603e+10 
        2952.93     1.16601e+10 
        2965.73     1.14733e+10 
        2978.53     1.12901e+10 
        3004.12     1.09347e+10 
        3051.42      1.0314e+10 
        3098.72      9.73699e+9 
        3142.18      9.24191e+9 
        3157.53      9.07468e+9 
        3172.87      8.91125e+9 
        3203.56      8.59527e+9 
        3248.29      8.15938e+9 
        3293.03      7.75091e+9 
        3328.79      7.44262e+9 
        3346.73      7.29377e+9 
        3364.67      7.14863e+9 
        3400.55      6.86903e+9 
        3445.17      6.54023e+9 
        3489.78      6.23094e+9 
        3525.18       5.9984e+9 
         3543.6      5.88169e+9 
        3562.02      5.76784e+9 
        3591.28       5.5926e+9 
        3635.88      5.33804e+9 
        3647.12      5.27624e+9 
        3658.96      5.21209e+9 
        3671.11      5.14712e+9 
        3682.58      5.08684e+9 
         3693.5      5.03026e+9 
        3703.57      4.97873e+9 
        3713.83       4.9269e+9 
        3724.38      4.87431e+9 
        3734.43      4.82489e+9 
        3744.62      4.77535e+9 
        3754.84      4.72634e+9 
        3765.07      4.67786e+9 
         3775.5      4.62911e+9 
        3786.22      4.57959e+9 
        3796.45      4.53288e+9 
        3807.84      4.48192e+9 
        3818.92      4.43272e+9 
        3830.45      4.38186e+9 
        3840.76       4.3376e+9 
        3851.98      4.29088e+9 
        3862.01      4.24878e+9 
        3872.59      4.20389e+9 
         3884.4      4.15341e+9 
        3894.46      4.11436e+9 
        3908.89      4.06268e+9 
        3923.89       4.0065e+9 
        3935.81      3.95872e+9 
        3946.58      3.91238e+9 
        3957.31      3.86325e+9 
        3967.38      3.81788e+9 
        3977.86      3.78823e+9 
        3988.87      3.76451e+9 
        4003.87      3.72807e+9 
        4018.86      3.68455e+9 
        4032.38      3.63966e+9 
        4043.86      3.59756e+9 
        4058.85      3.53181e+9 
        4073.85      3.45484e+9 
           4084      3.39559e+9 
        4096.52      3.31708e+9 
        4106.79      3.28758e+9 
        4117.77      3.29402e+9 
        4128.84      3.29506e+9 
        4143.83      3.28604e+9 
        4158.83      3.26569e+9 
        4173.82      3.23446e+9 
        4188.82      3.19839e+9 
        4203.81       3.1595e+9 
        4216.52       3.1251e+9 
        4228.81       3.0906e+9 
        4243.81      3.04581e+9 
         4258.8      2.99669e+9 
         4273.8      2.93901e+9 
        4288.79       2.8722e+9 
        4303.79      2.79119e+9 
        4314.07      2.72721e+9 
        4326.14      2.64499e+9 
        4336.17      2.56224e+9 
        4346.17      2.55078e+9 
        4357.43      2.58921e+9 
        4367.98      2.61023e+9 
        4378.77      2.62438e+9 
        4393.77      2.63131e+9 
        4408.76      2.62331e+9 
        4423.76      2.60671e+9 
        4438.75      2.58271e+9 
        4453.75       2.5552e+9 
        4468.74      2.52588e+9 
        4483.74       2.4959e+9 
        4498.74      2.46573e+9 
        4513.73       2.4356e+9 
        4527.19      2.40871e+9 
        4538.73      2.38583e+9 
        4553.72      2.35634e+9 
        4568.72      2.32717e+9 
        4583.72      2.29834e+9 
        4596.53      2.27398e+9 
        4608.71      2.25107e+9 
         4623.7      2.22313e+9 
         4638.7      2.19548e+9 
         4653.7       2.1681e+9 
        4668.69      2.14094e+9 
        4683.69      2.11392e+9 
        4698.68      2.08688e+9 
        4713.68      2.05958e+9 
        4724.83      2.03901e+9 
        4738.67      2.01281e+9 
        4753.67      1.98303e+9 
        4768.67       1.9514e+9 
        4783.66      1.91663e+9 
        4798.66      1.87625e+9 
        4813.65      1.82832e+9 
        4828.65      1.76964e+9 
        4839.16       1.7198e+9 
        4851.78      1.64716e+9 
        4861.84      1.60316e+9 
        4872.13      1.62819e+9 
        4882.71      1.66095e+9 
        4893.63      1.68294e+9 
        4903.92      1.69476e+9 
        4915.55      1.70192e+9 
        4928.62      1.70177e+9 
        4943.62      1.69547e+9 
        4958.61      1.68418e+9 
        4973.61      1.67025e+9 
        4988.61      1.65465e+9 
         5003.6      1.63798e+9 
         5018.6      1.62076e+9 
         5033.6      1.60326e+9 
        5048.59      1.58565e+9 
        5063.59       1.5681e+9 
        5078.58      1.55066e+9 
        5093.58      1.53337e+9 
        5108.57      1.51626e+9 
        5123.57      1.49935e+9 
        5138.57      1.48265e+9 
        5153.56      1.46615e+9 
        5168.56      1.44986e+9 
        5183.56      1.43379e+9 
        5198.55      1.41792e+9 
        5213.55      1.40227e+9 
        5228.54      1.38683e+9 
        5243.54      1.37159e+9 
        5258.53      1.35656e+9 
        5273.53      1.34173e+9 
        5288.53       1.3271e+9 
        5303.52      1.31266e+9 
        5318.52      1.29842e+9 
        5333.52      1.28437e+9 
        5348.51      1.27051e+9 
        5363.51      1.25692e+9 
         5378.5      1.24341e+9 
         5393.5      1.23009e+9 
        5408.49      1.21694e+9 
        5423.49      1.20397e+9 
        5438.49      1.19117e+9 
        5453.48      1.17854e+9 
        5468.48      1.16608e+9 
        5483.48      1.15378e+9 
        5498.47      1.14164e+9 
        5513.47      1.12966e+9 
        5528.46      1.11784e+9 
        5543.46      1.10617e+9 
        5558.45      1.09466e+9 
        5573.45      1.08329e+9 
        5588.45      1.07207e+9 
        5603.44        1.061e+9 
        5618.44      1.05007e+9 
        5633.43      1.03928e+9 
        5648.43      1.02863e+9 
        5663.43      1.01811e+9 
        5673.98      1.01098e+9 
         5686.2      1.00258e+9 
        5698.42      9.94267e+8 
        5708.88      9.87214e+8 
        5723.41      9.77529e+8 
        5738.41      9.67658e+8 
         5753.4      9.57909e+8 
         5768.4       9.4823e+8 
        5783.39      9.38724e+8 
        5798.39      9.29337e+8 
        5813.39      9.20069e+8 
        5828.38      9.10914e+8 
        5843.38      9.01873e+8 
        5858.37      8.92941e+8 
        5873.37      8.84123e+8 
        5888.37      8.75411e+8 
        5903.36      8.66806e+8 
        5918.36      8.58305e+8 
        5933.35      8.49911e+8 
        5948.35      8.41617e+8 
        5963.35      8.33424e+8 
        5978.34      8.25328e+8 
        5993.34      8.17329e+8 
        6008.33      8.09431e+8 
        6023.33      8.01624e+8 
        6038.32      7.93912e+8 
        6053.32      7.86294e+8 
        6068.32      7.78763e+8 
        6083.31      7.71321e+8 
        6098.31      7.63963e+8 
        6113.31      7.56693e+8 
         6128.3      7.49505e+8 
         6143.3      7.42402e+8 
        6158.29      7.35381e+8 
        6173.29      7.28438e+8 
        6188.28       7.2157e+8 
        6203.28      7.14781e+8 
        6218.28      7.08065e+8 
        6233.27       7.0142e+8 
        6244.38      6.96538e+8 
        6256.04      6.91458e+8 
        6266.59        6.869e+8 
        6278.26      6.81886e+8 
        6290.52      6.76661e+8 
        6302.31      6.71679e+8 
        6312.59      6.67362e+8 
        6323.25      6.62911e+8 
        6338.24       6.5669e+8 
        6353.24      6.50511e+8 
        6368.24      6.44356e+8 
        6383.23      6.38218e+8 
        6398.23      6.32066e+8 
        6413.22      6.25868e+8 
        6428.22      6.19575e+8 
        6443.22       6.1311e+8 
        6458.21      6.06346e+8 
        6473.21      5.99114e+8 
         6488.2      5.91119e+8 
         6503.2      5.81876e+8 
         6518.2      5.70623e+8 
        6532.67      5.56894e+8 
        6543.19      5.44451e+8 
        6554.43      5.27772e+8 
        6564.44      5.07455e+8 
        6574.47      5.26044e+8 
        6586.28      5.34715e+8 
        6598.17      5.39785e+8 
        6613.66      5.42622e+8 
        6623.98      5.42811e+8 
         6634.3      5.42076e+8 
        6644.62      5.40678e+8 
        6654.94      5.38811e+8 
        6675.58      5.34193e+8 
        6711.48      5.24737e+8 
        6747.37      5.14659e+8 
        6813.53      4.96001e+8 
        6824.78      4.92875e+8 
        6836.02      4.89771e+8 
        6858.51      4.83617e+8 
        6903.49      4.71556e+8 
        6993.45      4.48453e+8 
        7057.68      4.32789e+8 
        7083.41      4.26701e+8 
        7109.15      4.20719e+8 
        7160.61      4.09064e+8 
        7212.08      3.97804e+8 
        7263.54      3.86931e+8 
        7315.01      3.76426e+8 
        7339.44      3.71566e+8 
        7366.48      3.66281e+8 
        7393.51      3.61085e+8 
        7447.59      3.50966e+8 
        7501.66      3.41199e+8 
        7555.74      3.31768e+8 
        7609.82      3.22664e+8 
         7649.9      3.16113e+8 
        7663.89      3.13866e+8 
        7677.88       3.1164e+8 
        7705.86      3.07246e+8 
        7761.82      2.98688e+8 
        7817.78      2.90427e+8 
        7873.74      2.82449e+8 
        7897.16      2.79192e+8 
         7929.7      2.74743e+8 
        7962.25      2.70382e+8 
        8027.33      2.61919e+8 
        8082.55      2.54997e+8 
        8137.77      2.48302e+8 
        8183.11      2.42968e+8 
        8200.85      2.40921e+8 
        8216.85      2.39093e+8 
        8232.84      2.37282e+8 
        8264.83      2.33712e+8 
        8289.72      2.30982e+8 
        8328.82      2.26771e+8 
        8343.44      2.25221e+8 
        8367.92      2.22656e+8 
        8388.68      2.20509e+8 
        8408.65      2.18469e+8 
        8432.02       2.1611e+8 
        8467.25      2.12615e+8 
        8502.48       2.0919e+8 
        8516.58      2.07839e+8 
        8530.98       2.0647e+8 
        8545.38      2.05113e+8 
        8574.18      2.02431e+8 
        8598.39      2.00212e+8 
         8628.6      1.97484e+8 
        8646.81      1.95862e+8 
        8665.01      1.94257e+8 
        8685.59      1.92463e+8 
        8701.43      1.91096e+8 
        8750.47      1.86937e+8 
        8767.92      1.85486e+8 
        8815.35       1.8161e+8 
        8862.78      1.77838e+8 
        8900.38      1.74919e+8 
        8957.65      1.70579e+8 
        9014.91      1.66374e+8 
        9044.62      1.64247e+8 
        9072.17      1.62305e+8 
        9099.72      1.60391e+8 
        9154.81      1.56647e+8 
         9190.8      1.54256e+8 
         9209.9      1.53005e+8 
        9229.01      1.51769e+8 
        9267.22      1.49332e+8 
         9303.2      1.47096e+8 
        9343.64      1.44625e+8 
        9384.08      1.42199e+8 
        9464.96      1.37471e+8 
        9545.72      1.32907e+8 
        9561.21      1.32068e+8 
        9576.69      1.31259e+8 
        9607.66      1.29651e+8 
        9668.45      1.26545e+8 
        9729.24      1.23507e+8 
        9790.04      1.20533e+8 
        9850.83      1.17624e+8 
        9870.42      1.16693e+8 
        9911.62      1.14742e+8 
        9952.82      1.12807e+8 
        10021.1      1.09637e+8 
        10035.2         1.09e+8 
        10049.4      1.08404e+8 
        10077.7      1.07262e+8 
        10134.2      1.05119e+8 
        10144.5      1.04733e+8 
        10190.8      1.02989e+8 
        10237.2      1.01251e+8 
        10329.9      9.78129e+7 
        10422.6      9.44799e+7 
        10515.3      9.12171e+7 
          10608      8.81022e+7 
        10700.7      8.50363e+7 
        10793.4      8.19613e+7 
        10834.1       8.0601e+7 
        10886.1      7.88439e+7 
        10912.1      7.79247e+7 
        10925.1      7.74299e+7 
        10938.1      7.68562e+7 
        10951.1      7.67174e+7 
        10964.1      7.64962e+7 
        10977.1      7.62446e+7 
        10990.1      7.59782e+7 
        11003.1      7.57008e+7 
          11029      7.51299e+7 
          11081      7.39591e+7 
          11133      7.27536e+7 
          11185      7.15369e+7 
          11213      7.08712e+7 
          11237      7.03044e+7 
        11260.9      6.97377e+7 
        11308.8      6.86077e+7 
        11404.6      6.63941e+7 
        11500.4      6.42716e+7 
        11596.1      6.22101e+7 
        11691.9      6.02303e+7 
        11787.7       5.8329e+7 
        11883.5      5.65019e+7 
        11979.3      5.47457e+7 
          12075      5.30436e+7 
        12170.8       5.1414e+7 
        12248.5      5.01335e+7 
        12266.6      4.98417e+7 
        12284.6      4.95511e+7 
        12320.7      4.89752e+7 
        12392.9      4.78405e+7 
          12465      4.67252e+7 
        12537.2      4.56128e+7 
        12609.4      4.44846e+7 
        12681.5      4.32943e+7 
        12721.5      4.25818e+7 
        12753.7      4.19591e+7 
        12769.8      4.16255e+7 
        12785.9      4.12934e+7 
          12802       4.0973e+7 
          12814      4.08979e+7 
        12824.1      4.07289e+7 
        12838.2       4.0551e+7 
        12854.3      4.04757e+7 
        12886.5      4.03252e+7 
        12950.9      3.98634e+7 
        13015.3      3.92636e+7 
        13079.7      3.86007e+7 
          13144      3.79115e+7 
        13208.4      3.72162e+7 
        13237.3      3.69052e+7 
        13272.8      3.65251e+7 
        13308.4      3.61481e+7 
        13379.4      3.54048e+7 
        13450.4      3.46775e+7 
        13521.5      3.39672e+7 
        13592.5      3.32742e+7 
        13663.5      3.26019e+7 
        13734.6      3.19418e+7 
        13805.6      3.12984e+7 
        13876.6      3.06711e+7 
        13947.7      3.00595e+7 
        14018.7      2.94631e+7 
        14089.7      2.88814e+7 
        14160.8       2.8314e+7 
        14231.8      2.77605e+7 
        14273.6       2.7441e+7 
        14302.8      2.72204e+7 
        14332.1       2.7002e+7 
        14390.5      2.65715e+7 
        14440.3      2.62114e+7 
        14457.6      2.60878e+7 
        14474.9      2.59649e+7 
        14509.5      2.57213e+7 
        14574.3      2.52733e+7 
        14585.2      2.51984e+7 
        14597.2      2.51168e+7 
        14613.2      2.50084e+7 
        14645.2      2.47934e+7 
        14709.2      2.43702e+7 
        14773.2      2.39561e+7 
        14837.1      2.35507e+7 
        14901.1      2.31539e+7 
        14965.1      2.27653e+7 
        15029.1      2.23849e+7 
        15093.1      2.20124e+7 
        15157.1      2.16476e+7 
          15221      2.12904e+7 
          15285      2.09404e+7 
          15349      2.05977e+7 
          15413      2.02619e+7 
        15471.6      1.99604e+7 
        15482.4      1.99055e+7 
        15493.1      1.98508e+7 
        15514.7      1.97419e+7 
        15557.9      1.95264e+7 
        15644.2      1.91042e+7 
        15730.5      1.86933e+7 
        15816.8      1.82934e+7 
        15903.1      1.79042e+7 
        15989.4      1.75252e+7 
        16075.8      1.71562e+7 
        16162.1      1.67969e+7 
        16248.4       1.6447e+7 
        16289.9       1.6282e+7 
        16334.7      1.61061e+7 
        16379.5      1.59326e+7 
        16469.1      1.55926e+7 
        16558.8      1.52617e+7 
        16648.4      1.49394e+7 
          16738      1.46257e+7 
        16827.7      1.43201e+7 
        16917.3      1.40225e+7 
        17006.9      1.37326e+7 
        17096.6      1.34501e+7 
        17186.2      1.31748e+7 
        17275.8      1.29066e+7 
        17327.7      1.27545e+7 
        17365.5      1.26451e+7 
        17403.2      1.25369e+7 
        17478.8      1.23241e+7 
        17554.3      1.21157e+7 
        17629.9      1.19117e+7 
        17705.4       1.1712e+7 
          17781      1.15165e+7 
        17856.5       1.1325e+7 
        17932.1      1.11375e+7 
        18007.6      1.09506e+7 
        18083.2      1.07698e+7 
        18158.7      1.05924e+7 
        18234.3      1.04179e+7 
        18309.8      1.02458e+7 
        18343.7      1.01691e+7 
        18385.3      1.00752e+7 
          18427      9.98119e+6 
        18510.2      9.78983e+6 
        18593.4      9.58428e+6 
        18639.3      9.45607e+6 
        18657.9      9.39782e+6 
        18676.6      9.33524e+6 
        18695.2      9.26365e+6 
        18713.8      9.17763e+6 
        18727.8      9.09353e+6 
        18739.5      8.98065e+6 
        18749.9      8.66492e+6 
        18761.6      8.92504e+6 
        18780.2      9.02247e+6 
        18808.2      9.04964e+6 
        18826.8      9.04798e+6 
        18864.1      9.02199e+6 
        18901.3       8.9798e+6 
        18975.9      8.87186e+6 
        19050.4      8.74946e+6 
        19124.9      8.62226e+6 
        19199.4      8.49427e+6 
          19274      8.36716e+6 
        19348.5      8.24165e+6 
        19395.4      8.16368e+6 
          19423      8.11803e+6 
        19450.7       8.0727e+6 
          19506      7.98288e+6 
        19561.3      7.89561e+6 
        19616.6      7.80786e+6 
        19671.9      7.72137e+6 
        19727.2      7.63605e+6 
        19782.5      7.55192e+6 
        19837.8      7.46892e+6 
        19893.1      7.38708e+6 
        19948.4      7.30637e+6 
        20003.7      7.22673e+6 
          20059      7.14816e+6 
        20114.3      7.07069e+6 
        20169.6      6.99425e+6 
        20224.9      6.91882e+6 
        20280.2      6.84443e+6 
        20335.5      6.77104e+6 
        20390.8      6.69863e+6 
        20417.9      6.66357e+6 
        20446.1      6.62716e+6 
        20474.4      6.59103e+6 
        20530.9      6.51946e+6 
        20587.4      6.44887e+6 
          20644      6.37922e+6 
        20700.5      6.31052e+6 
          20757      6.24272e+6 
        20813.5      6.17587e+6 
        20870.1      6.10986e+6 
        20926.6      6.04477e+6 
        20983.1      5.98052e+6 
        21039.6      5.91713e+6 
        21096.1      5.85458e+6 
        21152.7      5.79288e+6 
        21209.2      5.73193e+6 
        21265.7      5.67183e+6 
        21322.2      5.61249e+6 
        21378.8      5.55393e+6 
        21435.3      5.49612e+6 
        21491.8      5.43907e+6 
        21548.3      5.38277e+6 
        21579.1      5.35243e+6 
        21604.8       5.3272e+6 
        21630.6      5.30207e+6 
        21682.2       5.2523e+6 
        21733.7      5.20311e+6 
        21785.2      5.15447e+6 
        21836.8      5.10644e+6 
        21888.3      5.05928e+6 
        21939.9      5.01232e+6 
        21991.4      4.96592e+6 
        22042.9      4.92005e+6 
        22094.5      4.87472e+6 
          22146      4.82988e+6 
        22197.6      4.78556e+6 
        22249.1      4.74176e+6 
        22300.6      4.69847e+6 
        22352.2      4.65565e+6 
        22403.7      4.61333e+6 
        22455.3      4.57149e+6 
        22506.8      4.53011e+6 
        22558.3      4.48921e+6 
        22609.9      4.44878e+6 
        22661.4      4.40879e+6 
          22713      4.36923e+6 
        22742.2      4.34702e+6 
        22764.5      4.33015e+6 
        22784.8      4.31485e+6 
        22800.8      4.30285e+6 
        22816.8      4.29088e+6 
        22848.8       4.2671e+6 
        22912.8      4.22004e+6 
        22976.8      4.17361e+6 
        23040.8      4.12783e+6 
        23104.8      4.08266e+6 
        23168.7      4.03811e+6 
        23232.7      3.99416e+6 
        23296.7       3.9508e+6 
        23360.7      3.90805e+6 
        23424.7      3.86589e+6 
        23488.6      3.82426e+6 
        23552.6       3.7832e+6 
        23616.6      3.74267e+6 
        23680.6      3.70271e+6 
        23744.6      3.66329e+6 
        23808.6      3.62436e+6 
        23872.5      3.58597e+6 
        23936.5      3.54808e+6 
        24000.5       3.5107e+6 
        24064.5      3.47378e+6 
        24128.5      3.43737e+6 
        24192.5      3.40143e+6 
        24256.4      3.36597e+6 
        24320.4      3.33094e+6 
        24384.4      3.29638e+6 
        24448.4      3.26226e+6 
        24512.4      3.22861e+6 
        24576.3      3.19538e+6 
        24640.3      3.16255e+6 
        24704.3      3.13016e+6 
        24768.3      3.09818e+6 
        24832.3       3.0666e+6 
        24896.3      3.03543e+6 
        24960.2      3.00466e+6 
        25004.4      2.98363e+6 
        25024.2      2.97427e+6 
          25044      2.96495e+6 
        25083.6      2.94641e+6 
        25162.8      2.90978e+6 
        25241.9      2.87372e+6 
        25321.1      2.83822e+6 
        25400.2      2.80326e+6 
        25479.4      2.76883e+6 
        25558.5      2.73493e+6 
        25637.7      2.70155e+6 
        25716.9      2.66868e+6 
          25796       2.6363e+6 
        25875.2      2.60441e+6 
        25954.3      2.57301e+6 
        26033.5      2.54208e+6 
        26112.7      2.51161e+6 
        26191.8      2.48159e+6 
          26271      2.45202e+6 
        26350.1      2.42289e+6 
        26429.3       2.3942e+6 
        26508.4      2.36592e+6 
        26587.6      2.33806e+6 
        26666.8      2.31061e+6 
        26745.9      2.28356e+6 
        26825.1       2.2569e+6 
        26904.2      2.23064e+6 
        26983.4      2.20475e+6 
        27062.6      2.17924e+6 
        27141.7       2.1541e+6 
        27220.9      2.12931e+6 
        27299.2      2.10514e+6 
        27377.5      2.08131e+6 
        27455.8      2.05781e+6 
        27534.2      2.03464e+6 
        27612.5       2.0118e+6 
        27690.8      1.98927e+6 
        27769.1      1.96706e+6 
        27847.5      1.94516e+6 
        27925.8      1.92357e+6 
        28004.1      1.90227e+6 
        28082.4      1.88126e+6 
        28160.8      1.86055e+6 
        28239.1      1.84012e+6 
        28317.4      1.81997e+6 
        28395.7      1.80009e+6 
          28474      1.78048e+6 
        28552.4      1.76114e+6 
        28630.7      1.74206e+6 
          28709      1.72324e+6 
        28787.3      1.70468e+6 
        28865.7      1.68636e+6 
          28944      1.66828e+6 
        29022.3      1.65045e+6 
        29100.6      1.63286e+6 
          29179       1.6155e+6 
        29257.3      1.59837e+6 
        29335.6      1.58147e+6 
        29413.9      1.56478e+6 
        29492.3      1.54832e+6 
        29570.6      1.53208e+6 
        29648.9      1.51604e+6 
        29727.2      1.50022e+6 
        29805.5       1.4846e+6 
        29883.9      1.46918e+6 
        29932.6      1.45969e+6 
        29962.2      1.45397e+6 
        29991.8      1.44827e+6 
